<?xml version='1.0' encoding='utf-8'?>
<!-- FreeCAD DocumentObject -->
<Document SchemaVersion="4" FileVersion="2">
<Object name="Pad">
  <Properties Count="46" TransientCount="2">
    <_Property name="_Body" type="App::PropertyLinkHidden" status="251658240"/>
    <_Property name="_ElementMapVersion" type="App::PropertyString" status="234881024"/>
    <Property name="AddSubShape" type="Part::PropertyPartShape">
      <Part HasherIndex="0" ElementMap="1.15.70200.4" brep="1">
<![CDATA[

CASCADE Topology V1, (c) Matra-Datavision
Locations 5
1
              1               0               0               0 
              0               1               0               0 
              0               0               1               0 
1
              0 -3.33066907387547e-16               1 1.23318306279666e-32 
              1 3.33066907387547e-16 1.10933564796705e-31 -2.73821645978924e-48 
-3.33066907387547e-16               1 3.33066907387547e-16 2.73821645978924e-48 
2  1 1 2 1 0
1
              1               0               0             -20 
              0               1               0 6.66133814775094e-15 
              0               0               1 -6.66133814775094e-15 
2  1 1 2 1 4 1 0
Curve2ds 0
Curves 12
1 1.0095554103515553e-15 1.749999999999039 -3.0310889132460903 -1 3.3306690738754681e-16 -3.3306690738754681e-16 
1 1.10537868780018e-27 3.5 -3.3199174067440964e-12 -1 3.3306690738754681e-16 -3.3306690738754681e-16 
1 1.7499999999990417 -3.0310889132460885 0 0.50000000000054756 0.86602540378412263 0 
1 -1.0095554103516385e-15 1.7499999999986011 3.0310889132463394 -1 3.3306690738754681e-16 -3.3306690738754681e-16 
1 3.5 -3.3188246799393839e-12 0 -0.49999999999978911 0.8660254037845605 0 
1 -1.0095554103514687e-15 -1.7499999999994789 3.0310889132458305 -1 3.3306690738754681e-16 -3.3306690738754681e-16 
1 1.7499999999986027 3.0310889132463417 0 -1 -1.4477308241119965e-13 0 
1 -9.3652845411122572e-28 -3.5 2.8130355572325265e-12 -1 3.3306690738754681e-16 -3.3306690738754681e-16 
1 -1.7499999999994813 3.031088913245835 0 -0.500000000000422 -0.86602540378419501 0 
1 1.0095554103515553e-15 -1.7499999999990412 -3.0310889132460894 -1 3.3306690738754681e-16 -3.3306690738754681e-16 
1 -3.5 2.8117667693490078e-12 0 0.49999999999978889 -0.8660254037845605 0 
1 -1.7499999999990423 -3.0310889132460885 0 1 0 0 
Polygon3D 0
PolygonOnTriangulations 0
Surfaces 7
1 1.0095554103515549e-15 1.7499999999990405 -3.031088913246089 4.5497785665138499e-16 0.86602540378412241 -0.5000000000005479 -2.8844440295742923e-16 0.5000000000005479 0.86602540378412241 1 -2.498001805404776e-16 4.7728910886641957e-16 
1 1.1054030041395034e-27 3.5 -3.3199904141152403e-12 1.21910949263872e-16 0.86602540378456061 0.49999999999978884 -2.8844440295757508e-16 -0.49999999999978884 0.86602540378456061 1 -2.4980018054073043e-16 1.8884470590882024e-16 
1 -1.0095554103516391e-15 1.7499999999986038 3.0310889132463412 -3.3306690738759493e-16 -1.4444001550381211e-13 1 4.8219122831660719e-29 -1 -1.4444001550381211e-13 1 1.1093356478975434e-31 3.3306690738759493e-16 
1 -1.0095554103514705e-15 -1.7499999999994802 3.0310889132458354 -4.5497785665136734e-16 -0.86602540378419479 0.50000000000042233 2.8844440295745334e-16 -0.50000000000042233 -0.86602540378419479 1 -2.4980018054051941e-16 4.7728910886639532e-16 
1 -9.3649413033151981e-28 -3.5 2.8129325035248642e-12 -1.219109492638721e-16 -0.86602540378456072 -0.49999999999978867 2.8844440295757512e-16 0.49999999999978867 -0.86602540378456072 1 -2.4980018054073053e-16 1.8884470590882024e-16 
1 1.0095554103515549e-15 -1.7499999999990434 -3.0310889132460881 3.3306690738754672e-16 -3.3306690738754681e-16 -1 0 1 -3.3306690738754681e-16 1 1.1093356479670465e-31 3.3306690738754672e-16 
1 6.9307065244417514e-30 -3.6584492049552802e-14 -2.0893339968183912e-14 1 1.2325951644078307e-31 3.3306690738754676e-16 -3.3306690738754676e-16 0 1 1.2325951644078307e-31 -1 4.1053665947016096e-47 
Triangulations 0

TShapes 34
Ve
1.00000000111022e-07
1.74999999999904 -3.03108891324609 0
0 0

0101101
*
Ed
 1.00000000111022e-07 1 1 0
1  1 0 0 20
0

0101000
+34 3 -34 5 *
Ve
1.00000000073007e-07
3.5 -3.31875167256824e-12 0
0 0

0101101
*
Ed
 1.00000000073007e-07 1 1 0
1  2 0 0 20
0

0101000
+32 3 -32 5 *
Ed
 1e-07 1 1 0
1  3 0 0 3.49999999999808
0

0101000
+34 0 -32 0 *
Wi

0101100
+33 0 -31 0 -30 3 +30 5 *
Fa
0  1e-07 1 0

0111000
+29 0 *
Ve
1e-07
1.7499999999986 3.03108891324634 0
0 0

0101101
*
Ed
 1e-07 1 1 0
1  4 0 0 20
0

0101000
+27 3 -27 5 *
Ed
 1e-07 1 1 0
1  5 0 0 3.50000000000427
0

0101000
+32 0 -27 0 *
Wi

0101100
+31 0 -26 0 -25 3 +25 5 *
Fa
0  1e-07 2 0

0111000
+24 0 *
Ve
1.00000000111022e-07
-1.74999999999948 3.03108891324583 0
0 0

0101101
*
Ed
 1.00000000111022e-07 1 1 0
1  6 0 0 20
0

0101000
+22 3 -22 5 *
Ed
 1e-07 1 1 0
1  7 0 0 3.49999999999808
0

0101000
+27 0 -22 0 *
Wi

0101100
+26 0 -21 0 -20 3 +20 5 *
Fa
0  1e-07 3 0

0111000
+19 0 *
Ve
1.00000000103054e-07
-3.5 2.81186982305667e-12 0
0 0

0101101
*
Ed
 1.00000000103054e-07 1 1 0
1  8 0 0 20
0

0101000
+17 3 -17 5 *
Ed
 1e-07 1 1 0
1  9 0 0 3.49999999999808
0

0101000
+22 0 -17 0 *
Wi

0101100
+21 0 -16 0 -15 3 +15 5 *
Fa
0  1e-07 4 0

0111000
+14 0 *
Ve
1e-07
-1.74999999999904 -3.03108891324609 0
0 0

0101101
*
Ed
 1e-07 1 1 0
1  10 0 0 20
0

0101000
+12 3 -12 5 *
Ed
 1e-07 1 1 0
1  11 0 0 3.50000000000339
0

0101000
+17 0 -12 0 *
Wi

0101100
+16 0 -11 0 -10 3 +10 5 *
Fa
0  1e-07 5 0

0111000
+9 0 *
Ed
 1e-07 1 1 0
1  12 0 0 3.49999999999808
0

0101000
+12 0 -34 0 *
Wi

0101100
+11 0 -33 0 -7 3 +7 5 *
Fa
0  1e-07 6 0

0111000
+6 0 *
Wi

0101100
+30 0 +25 0 +20 0 +15 0 +10 0 +7 0 *
Fa
0  1e-07 7 0

0111000
+4 3 *
Sh

0101100
+28 0 +23 0 +18 0 +13 0 +8 0 +5 0 +3 0 -3 4 *
So

1100000
+2 0 *

+1 0 ]]>
      </Part>
      <ElementMap new="1" count="1"><Element key="Dummy" value="Dummy"/></ElementMap>
      <ElementMap2 count="44">
<![CDATA[
3 PostfixCount 11
Edge
Face
Vertex
;:Hdd0,V
;:Hdd0,E
;:G;XTR;:Hdd0:7,F
;FAC;:Hdd0:4,F
;:G;XTR;:Hdd0:7,E
;:G0;XTR;:Hdd0:8,F
;:U;XTR;:Hdd0:7,E
;:U;XTR;:Hdd0:7,V

MapCount 1

ElementMap 1 3 3

Edge

ChildCount 0

NameCount 19
0
$#399.8 0
$#39a.8 0
$#390.5 0
$#3a5.a 0
$#39b.8 0
$#391.5 0
$#3a6.a 0
$#39c.8 0
$#392.5 0
$#3a7.a 0
$#39d.8 0
$#393.5 0
$#3a8.a 0
$#39e.8 0
$#394.5 0
$#3a9.a 0
$#395.5 0
$#3aa.a 0

Face

ChildCount 0

NameCount 9
0
$#397.6 0
$#39f.6 0
$#3a0.6 0
$#3a1.6 0
$#3a2.6 0
$#3a3.6 0
$#397.7 0
$#3a4.9 0

Vertex

ChildCount 0

NameCount 13
0
$#384.4 $#385.4 0
$#3ab.b 0
$#386.4 $#387.4 0
$#3ac.b 0
$#388.4 $#389.4 0
$#3ad.b 0
$#38a.4 $#38b.4 0
$#3ae.b 0
$#38c.4 $#38d.4 0
$#3af.b 0
$#38e.4 $#38f.4 0
$#3b0.b 0

EndMap
]]>
      </ElementMap2>
    </Property>
    <Property name="AddSubType" type="App::PropertyEnumeration">
      <Integer value="0"/>
    </Property>
    <Property name="AllowMultiFace" type="App::PropertyBool">
      <Bool value="true"/>
    </Property>
    <Property name="AlongSketchNormal" type="App::PropertyBool" status="4">
      <Bool value="false"/>
    </Property>
    <Property name="AutoTaperInnerAngle" type="App::PropertyBool">
      <Bool value="true"/>
    </Property>
    <Property name="BaseFeature" type="App::PropertyLink" status="8">
      <Link value=""/>
    </Property>
    <Property name="CheckUpToFaceLimits" type="App::PropertyBool">
      <Bool value="true"/>
    </Property>
    <Property name="ClaimChildren" type="App::PropertyBool" status="134217728">
      <Bool value="false"/>
    </Property>
    <Property name="ColoredElements" type="App::PropertyLinkSubHidden" status="218103808">
      <LinkSub value="" count="0">
      </LinkSub>
    </Property>
    <Property name="Direction" type="App::PropertyVector" status="4">
      <PropertyVector valueX="1" valueY="-3.33066907387547e-16" valueZ="3.33066907387547e-16"/>
    </Property>
    <Property name="ExpressionEngine" type="App::PropertyExpressionEngine" status="67108864">
      <ExpressionEngine count="0"></ExpressionEngine>
    </Property>
    <Property name="Fit" type="App::PropertyDistance">
      <Float value="0"/>
    </Property>
    <Property name="FitJoin" type="App::PropertyEnumeration">
      <Integer value="0"/>
    </Property>
    <Property name="FixShape" type="App::PropertyEnumeration">
      <Integer value="1"/>
    </Property>
    <Property name="InnerFit" type="App::PropertyDistance">
      <Float value="0"/>
    </Property>
    <Property name="InnerFitJoin" type="App::PropertyEnumeration">
      <Integer value="0"/>
    </Property>
    <Property name="InvalidShape" type="App::PropertyBool" status="67108864">
      <Bool value="false"/>
    </Property>
    <Property name="Label" type="App::PropertyString" status="134217728">
      <String value="Pad"/>
    </Property>
    <Property name="Label2" type="App::PropertyString" status="128">
      <String value=""/>
    </Property>
    <Property name="Length" type="App::PropertyLength">
      <Float value="20"/>
    </Property>
    <Property name="Length2" type="App::PropertyLength">
      <Float value="100"/>
    </Property>
    <Property name="Linearize" type="App::PropertyBool">
      <Bool value="true"/>
    </Property>
    <Property name="Midplane" type="App::PropertyBool" status="4">
      <Bool value="false"/>
    </Property>
    <Property name="NewSolid" type="App::PropertyBool">
      <Bool value="false"/>
    </Property>
    <Property name="Offset" type="App::PropertyLength">
      <Float value="0"/>
    </Property>
    <Property name="Placement" type="App::PropertyPlacement" status="8388620">
      <PropertyPlacement Px="0" Py="0" Pz="0" Q0="0" Q1="0" Q2="0" Q3="1" A="0" Ox="0" Oy="0" Oz="1"/>
    </Property>
    <Property name="Profile" type="App::PropertyLinkSub">
      <LinkSub value="Sketch003" count="0">
      </LinkSub>
    </Property>
    <Property name="ReferenceAxis" type="App::PropertyLinkSub">
      <LinkSub value="" count="0">
      </LinkSub>
    </Property>
    <Property name="Refine" type="App::PropertyBool">
      <Bool value="false"/>
    </Property>
    <Property name="Reversed" type="App::PropertyBool">
      <Bool value="true"/>
    </Property>
    <Property name="Shape" type="Part::PropertyPartShape">
      <Part HasherIndex="0" ElementMap="1.15.70200.4" brep="1">
<![CDATA[

CASCADE Topology V1, (c) Matra-Datavision
Locations 5
1
              1               0               0               0 
              0               1               0               0 
              0               0               1               0 
1
              0 -3.33066907387547e-16               1 1.23318306279666e-32 
              1 3.33066907387547e-16 1.10933564796705e-31 -2.73821645978924e-48 
-3.33066907387547e-16               1 3.33066907387547e-16 2.73821645978924e-48 
2  1 1 2 1 0
1
              1               0               0             -20 
              0               1               0 6.66133814775094e-15 
              0               0               1 -6.66133814775094e-15 
2  1 1 2 1 4 1 0
Curve2ds 0
Curves 12
1 1.0095554103515553e-15 1.749999999999039 -3.0310889132460903 -1 3.3306690738754681e-16 -3.3306690738754681e-16 
1 1.10537868780018e-27 3.5 -3.3199174067440964e-12 -1 3.3306690738754681e-16 -3.3306690738754681e-16 
1 1.7499999999990417 -3.0310889132460885 0 0.50000000000054756 0.86602540378412263 0 
1 -1.0095554103516385e-15 1.7499999999986011 3.0310889132463394 -1 3.3306690738754681e-16 -3.3306690738754681e-16 
1 3.5 -3.3188246799393839e-12 0 -0.49999999999978911 0.8660254037845605 0 
1 -1.0095554103514687e-15 -1.7499999999994789 3.0310889132458305 -1 3.3306690738754681e-16 -3.3306690738754681e-16 
1 1.7499999999986027 3.0310889132463417 0 -1 -1.4477308241119965e-13 0 
1 -9.3652845411122572e-28 -3.5 2.8130355572325265e-12 -1 3.3306690738754681e-16 -3.3306690738754681e-16 
1 -1.7499999999994813 3.031088913245835 0 -0.500000000000422 -0.86602540378419501 0 
1 1.0095554103515553e-15 -1.7499999999990412 -3.0310889132460894 -1 3.3306690738754681e-16 -3.3306690738754681e-16 
1 -3.5 2.8117667693490078e-12 0 0.49999999999978889 -0.8660254037845605 0 
1 -1.7499999999990423 -3.0310889132460885 0 1 0 0 
Polygon3D 0
PolygonOnTriangulations 0
Surfaces 7
1 1.0095554103515549e-15 1.7499999999990405 -3.031088913246089 4.5497785665138499e-16 0.86602540378412241 -0.5000000000005479 -2.8844440295742923e-16 0.5000000000005479 0.86602540378412241 1 -2.498001805404776e-16 4.7728910886641957e-16 
1 1.1054030041395034e-27 3.5 -3.3199904141152403e-12 1.21910949263872e-16 0.86602540378456061 0.49999999999978884 -2.8844440295757508e-16 -0.49999999999978884 0.86602540378456061 1 -2.4980018054073043e-16 1.8884470590882024e-16 
1 -1.0095554103516391e-15 1.7499999999986038 3.0310889132463412 -3.3306690738759493e-16 -1.4444001550381211e-13 1 4.8219122831660719e-29 -1 -1.4444001550381211e-13 1 1.1093356478975434e-31 3.3306690738759493e-16 
1 -1.0095554103514705e-15 -1.7499999999994802 3.0310889132458354 -4.5497785665136734e-16 -0.86602540378419479 0.50000000000042233 2.8844440295745334e-16 -0.50000000000042233 -0.86602540378419479 1 -2.4980018054051941e-16 4.7728910886639532e-16 
1 -9.3649413033151981e-28 -3.5 2.8129325035248642e-12 -1.219109492638721e-16 -0.86602540378456072 -0.49999999999978867 2.8844440295757512e-16 0.49999999999978867 -0.86602540378456072 1 -2.4980018054073053e-16 1.8884470590882024e-16 
1 1.0095554103515549e-15 -1.7499999999990434 -3.0310889132460881 3.3306690738754672e-16 -3.3306690738754681e-16 -1 0 1 -3.3306690738754681e-16 1 1.1093356479670465e-31 3.3306690738754672e-16 
1 6.9307065244417514e-30 -3.6584492049552802e-14 -2.0893339968183912e-14 1 1.2325951644078307e-31 3.3306690738754676e-16 -3.3306690738754676e-16 0 1 1.2325951644078307e-31 -1 4.1053665947016096e-47 
Triangulations 0

TShapes 34
Ve
1.00000000111022e-07
1.74999999999904 -3.03108891324609 0
0 0

0101101
*
Ed
 1.00000000111022e-07 1 1 0
1  1 0 0 20
0

0101000
+34 3 -34 5 *
Ve
1.00000000073007e-07
3.5 -3.31875167256824e-12 0
0 0

0101101
*
Ed
 1.00000000073007e-07 1 1 0
1  2 0 0 20
0

0101000
+32 3 -32 5 *
Ed
 1e-07 1 1 0
1  3 0 0 3.49999999999808
0

0101000
+34 0 -32 0 *
Wi

0101100
+33 0 -31 0 -30 3 +30 5 *
Fa
0  1e-07 1 0

0111000
+29 0 *
Ve
1e-07
1.7499999999986 3.03108891324634 0
0 0

0101101
*
Ed
 1e-07 1 1 0
1  4 0 0 20
0

0101000
+27 3 -27 5 *
Ed
 1e-07 1 1 0
1  5 0 0 3.50000000000427
0

0101000
+32 0 -27 0 *
Wi

0101100
+31 0 -26 0 -25 3 +25 5 *
Fa
0  1e-07 2 0

0111000
+24 0 *
Ve
1.00000000111022e-07
-1.74999999999948 3.03108891324583 0
0 0

0101101
*
Ed
 1.00000000111022e-07 1 1 0
1  6 0 0 20
0

0101000
+22 3 -22 5 *
Ed
 1e-07 1 1 0
1  7 0 0 3.49999999999808
0

0101000
+27 0 -22 0 *
Wi

0101100
+26 0 -21 0 -20 3 +20 5 *
Fa
0  1e-07 3 0

0111000
+19 0 *
Ve
1.00000000103054e-07
-3.5 2.81186982305667e-12 0
0 0

0101101
*
Ed
 1.00000000103054e-07 1 1 0
1  8 0 0 20
0

0101000
+17 3 -17 5 *
Ed
 1e-07 1 1 0
1  9 0 0 3.49999999999808
0

0101000
+22 0 -17 0 *
Wi

0101100
+21 0 -16 0 -15 3 +15 5 *
Fa
0  1e-07 4 0

0111000
+14 0 *
Ve
1e-07
-1.74999999999904 -3.03108891324609 0
0 0

0101101
*
Ed
 1e-07 1 1 0
1  10 0 0 20
0

0101000
+12 3 -12 5 *
Ed
 1e-07 1 1 0
1  11 0 0 3.50000000000339
0

0101000
+17 0 -12 0 *
Wi

0101100
+16 0 -11 0 -10 3 +10 5 *
Fa
0  1e-07 5 0

0111000
+9 0 *
Ed
 1e-07 1 1 0
1  12 0 0 3.49999999999808
0

0101000
+12 0 -34 0 *
Wi

0101100
+11 0 -33 0 -7 3 +7 5 *
Fa
0  1e-07 6 0

0111000
+6 0 *
Wi

0101100
+30 0 +25 0 +20 0 +15 0 +10 0 +7 0 *
Fa
0  1e-07 7 0

0111000
+4 3 *
Sh

0101100
+28 0 +23 0 +18 0 +13 0 +8 0 +5 0 +3 0 -3 4 *
So

1100000
+2 0 *

+1 0 ]]>
      </Part>
      <ElementMap new="1" count="1"><Element key="Dummy" value="Dummy"/></ElementMap>
      <ElementMap2 count="44">
<![CDATA[
3 PostfixCount 11
Edge
Face
Vertex
;:Hdd0,V
;:Hdd0,E
;:G;XTR;:Hdd0:7,F
;FAC;:Hdd0:4,F
;:G;XTR;:Hdd0:7,E
;:G0;XTR;:Hdd0:8,F
;:U;XTR;:Hdd0:7,E
;:U;XTR;:Hdd0:7,V

MapCount 1

ElementMap 1 3 3

Edge

ChildCount 0

NameCount 19
0
$#399.8 0
$#39a.8 0
$#390.5 0
$#3a5.a 0
$#39b.8 0
$#391.5 0
$#3a6.a 0
$#39c.8 0
$#392.5 0
$#3a7.a 0
$#39d.8 0
$#393.5 0
$#3a8.a 0
$#39e.8 0
$#394.5 0
$#3a9.a 0
$#395.5 0
$#3aa.a 0

Face

ChildCount 0

NameCount 9
0
$#397.6 0
$#39f.6 0
$#3a0.6 0
$#3a1.6 0
$#3a2.6 0
$#3a3.6 0
$#397.7 0
$#3a4.9 0

Vertex

ChildCount 0

NameCount 13
0
$#384.4 $#385.4 0
$#3ab.b 0
$#386.4 $#387.4 0
$#3ac.b 0
$#388.4 $#389.4 0
$#3ad.b 0
$#38a.4 $#38b.4 0
$#3ae.b 0
$#38c.4 $#38d.4 0
$#3af.b 0
$#38e.4 $#38f.4 0
$#3b0.b 0

EndMap
]]>
      </ElementMap2>
    </Property>
    <Property name="Suppress" type="App::PropertyBool">
      <Bool value="false"/>
    </Property>
    <Property name="SuppressedShape" type="Part::PropertyPartShape">
      <Part ElementMap="0.15.70200.4" brep="1">
<![CDATA[

CASCADE Topology V1, (c) Matra-Datavision
Locations 0
Curve2ds 0
Curves 0
Polygon3D 0
PolygonOnTriangulations 0
Surfaces 0
Triangulations 0

TShapes 0

*]]>
      </Part>
      <ElementMap/>
    </Property>
    <Property name="TaperAngle" type="App::PropertyAngle" status="4">
      <Float value="0"/>
    </Property>
    <Property name="TaperAngleRev" type="App::PropertyAngle" status="4">
      <Float value="0"/>
    </Property>
    <Property name="TaperInnerAngle" type="App::PropertyAngle">
      <Float value="0"/>
    </Property>
    <Property name="TaperInnerAngleRev" type="App::PropertyAngle">
      <Float value="0"/>
    </Property>
    <Property name="TreeRank" type="App::PropertyInteger" status="2184">
      <Integer value="19"/>
    </Property>
    <Property name="Type" type="App::PropertyEnumeration">
      <Integer value="0"/>
    </Property>
    <Property name="UpToFace" type="App::PropertyLinkSub">
      <LinkSub value="" count="0">
      </LinkSub>
    </Property>
    <Property name="UseCustomVector" type="App::PropertyBool">
      <Bool value="false"/>
    </Property>
    <Property name="UsePipeForDraft" type="App::PropertyBool">
      <Bool value="false"/>
    </Property>
    <Property name="ValidateShape" type="App::PropertyBool">
      <Bool value="false"/>
    </Property>
    <Property name="Visibility" type="App::PropertyBool" status="648">
      <Bool value="false"/>
    </Property>
    <Property name="_ProfileBasedVersion" type="App::PropertyInteger" status="67108864">
      <Integer value="1"/>
    </Property>
    <Property name="_Siblings" type="App::PropertyLinkList" status="218103808">
      <LinkList count="0">
      </LinkList>
    </Property>
  </Properties>
</Object>
</Document>
