<?xml version='1.0' encoding='utf-8'?>
<!-- FreeCAD DocumentObject -->
<Document SchemaVersion="4" FileVersion="2">
<Object name="Pad003">
  <Properties Count="46" TransientCount="2">
    <_Property name="_Body" type="App::PropertyLinkHidden" status="251658240"/>
    <_Property name="_ElementMapVersion" type="App::PropertyString" status="234881024"/>
    <Property name="AddSubShape" type="Part::PropertyPartShape">
      <Part HasherIndex="0" ElementMap="1.15.70200.4" brep="1">
<![CDATA[

CASCADE Topology V1, (c) Matra-Datavision
Locations 5
1
              1               0               0               0 
              0               1               0               0 
              0               0               1               0 
1
              0 -3.33066907387547e-16               1 1.23318306279666e-32 
              1 3.33066907387547e-16 1.10933564796705e-31 -2.73821645978924e-48 
-3.33066907387547e-16               1 3.33066907387547e-16 2.73821645978924e-48 
2  1 1 2 1 0
1
              1               0               0              80 
              0               1               0 -2.66453525910037e-14 
              0               0               1 2.66453525910037e-14 
2  1 1 2 1 4 1 0
Curve2ds 0
Curves 12
1 1.0095554103515553e-15 1.749999999999039 -3.0310889132460903 1 -3.3306690738754681e-16 3.3306690738754681e-16 
1 1.10537868780018e-27 3.5 -3.3199174067440964e-12 1 -3.3306690738754681e-16 3.3306690738754681e-16 
1 1.7499999999990417 -3.0310889132460885 0 0.50000000000054756 0.86602540378412263 0 
1 -1.0095554103516385e-15 1.7499999999986011 3.0310889132463394 1 -3.3306690738754681e-16 3.3306690738754681e-16 
1 3.5 -3.3188246799393839e-12 0 -0.49999999999978911 0.8660254037845605 0 
1 -1.0095554103514687e-15 -1.7499999999994789 3.0310889132458305 1 -3.3306690738754681e-16 3.3306690738754681e-16 
1 1.7499999999986027 3.0310889132463417 0 -1 -1.4477308241119965e-13 0 
1 -9.3652845411122572e-28 -3.5 2.8130355572325265e-12 1 -3.3306690738754681e-16 3.3306690738754681e-16 
1 -1.7499999999994813 3.031088913245835 0 -0.500000000000422 -0.86602540378419501 0 
1 1.0095554103515553e-15 -1.7499999999990412 -3.0310889132460894 1 -3.3306690738754681e-16 3.3306690738754681e-16 
1 -3.5 2.8117667693490078e-12 0 0.49999999999978889 -0.8660254037845605 0 
1 -1.7499999999990423 -3.0310889132460885 0 1 0 0 
Polygon3D 0
PolygonOnTriangulations 0
Surfaces 7
1 1.0095554103515549e-15 1.7499999999990405 -3.031088913246089 -4.5497785665138499e-16 -0.86602540378412241 0.5000000000005479 -2.8844440295742923e-16 0.5000000000005479 0.86602540378412241 -1 2.498001805404776e-16 -4.7728910886641957e-16 
1 1.1054030041395034e-27 3.5 -3.3199904141152403e-12 -1.21910949263872e-16 -0.86602540378456061 -0.49999999999978884 -2.8844440295757508e-16 -0.49999999999978884 0.86602540378456061 -1 2.4980018054073043e-16 -1.8884470590882024e-16 
1 -1.0095554103516391e-15 1.7499999999986038 3.0310889132463412 3.3306690738759493e-16 1.4444001550381211e-13 -1 4.8219122831660719e-29 -1 -1.4444001550381211e-13 -1 -1.1093356478975434e-31 -3.3306690738759493e-16 
1 -1.0095554103514705e-15 -1.7499999999994802 3.0310889132458354 4.5497785665136734e-16 0.86602540378419479 -0.50000000000042233 2.8844440295745334e-16 -0.50000000000042233 -0.86602540378419479 -1 2.4980018054051941e-16 -4.7728910886639532e-16 
1 -9.3649413033151981e-28 -3.5 2.8129325035248642e-12 1.219109492638721e-16 0.86602540378456072 0.49999999999978867 2.8844440295757512e-16 0.49999999999978867 -0.86602540378456072 -1 2.4980018054073053e-16 -1.8884470590882024e-16 
1 1.0095554103515549e-15 -1.7499999999990434 -3.0310889132460881 -3.3306690738754672e-16 3.3306690738754681e-16 1 0 1 -3.3306690738754681e-16 -1 -1.1093356479670465e-31 -3.3306690738754672e-16 
1 6.9307065244417514e-30 -3.6584492049552802e-14 -2.0893339968183912e-14 1 1.2325951644078307e-31 3.3306690738754676e-16 -3.3306690738754676e-16 0 1 1.2325951644078307e-31 -1 4.1053665947016096e-47 
Triangulations 0

TShapes 34
Ve
1.00000000111022e-07
1.74999999999904 -3.03108891324609 0
0 0

0101101
*
Ed
 1.00000000111022e-07 1 1 0
1  1 0 0 80
0

0101000
+34 3 -34 5 *
Ve
1.00000000073007e-07
3.5 -3.31875167256824e-12 0
0 0

0101101
*
Ed
 1.00000000073007e-07 1 1 0
1  2 0 0 80
0

0101000
+32 3 -32 5 *
Ed
 1e-07 1 1 0
1  3 0 0 3.49999999999808
0

0101000
+34 0 -32 0 *
Wi

0101100
+33 0 -31 0 -30 3 +30 5 *
Fa
0  1e-07 1 0

0101000
+29 0 *
Ve
1e-07
1.7499999999986 3.03108891324634 0
0 0

0101101
*
Ed
 1e-07 1 1 0
1  4 0 0 80
0

0101000
+27 3 -27 5 *
Ed
 1e-07 1 1 0
1  5 0 0 3.50000000000427
0

0101000
+32 0 -27 0 *
Wi

0101100
+31 0 -26 0 -25 3 +25 5 *
Fa
0  1e-07 2 0

0101000
+24 0 *
Ve
1.00000000111022e-07
-1.74999999999948 3.03108891324583 0
0 0

0101101
*
Ed
 1.00000000111022e-07 1 1 0
1  6 0 0 80
0

0101000
+22 3 -22 5 *
Ed
 1e-07 1 1 0
1  7 0 0 3.49999999999808
0

0101000
+27 0 -22 0 *
Wi

0101100
+26 0 -21 0 -20 3 +20 5 *
Fa
0  1e-07 3 0

0101000
+19 0 *
Ve
1.00000000103054e-07
-3.5 2.81186982305667e-12 0
0 0

0101101
*
Ed
 1.00000000103054e-07 1 1 0
1  8 0 0 80
0

0101000
+17 3 -17 5 *
Ed
 1e-07 1 1 0
1  9 0 0 3.49999999999808
0

0101000
+22 0 -17 0 *
Wi

0101100
+21 0 -16 0 -15 3 +15 5 *
Fa
0  1e-07 4 0

0101000
+14 0 *
Ve
1e-07
-1.74999999999904 -3.03108891324609 0
0 0

0101101
*
Ed
 1e-07 1 1 0
1  10 0 0 80
0

0101000
+12 3 -12 5 *
Ed
 1e-07 1 1 0
1  11 0 0 3.50000000000339
0

0101000
+17 0 -12 0 *
Wi

0101100
+16 0 -11 0 -10 3 +10 5 *
Fa
0  1e-07 5 0

0101000
+9 0 *
Ed
 1e-07 1 1 0
1  12 0 0 3.49999999999808
0

0101000
+12 0 -34 0 *
Wi

0101100
+11 0 -33 0 -7 3 +7 5 *
Fa
0  1e-07 6 0

0101000
+6 0 *
Wi

0101100
+30 0 +25 0 +20 0 +15 0 +10 0 +7 0 *
Fa
0  1e-07 7 0

0111000
+4 3 *
Sh

0101100
+28 0 +23 0 +18 0 +13 0 +8 0 +5 0 +3 0 -3 4 *
So

1100000
-2 0 *

+1 0 ]]>
      </Part>
      <ElementMap new="1" count="1"><Element key="Dummy" value="Dummy"/></ElementMap>
      <ElementMap2 count="44">
<![CDATA[
8 PostfixCount 11
Edge
Face
Vertex
;:G;XTR;:Hdd0:7,F
;FAC;:Hdd0:4,F
;:G;XTR;:Hdd0:7,E
;:G0;XTR;:Hdd0:8,F
;:U;XTR;:Hdd0:7,E
;:U;XTR;:Hdd0:7,V
;SKT;:Hdd0,E
;SKT;:Hdd0,V

MapCount 1

ElementMap 1 8 3

Edge

ChildCount 0

NameCount 19
0
$#235.6 0
$#236.6 0
;g5.a 0
$#241.8 0
$#237.6 0
;g6.a 0
$#242.8 0
$#238.6 0
;g7.a 0
$#243.8 0
$#239.6 0
;g8.a 0
$#244.8 0
$#23a.6 0
;g9.a 0
$#245.8 0
;g10.a 0
$#246.8 0

Face

ChildCount 0

NameCount 9
0
$#234.4 0
$#23b.4 0
$#23c.4 0
$#23d.4 0
$#23e.4 0
$#23f.4 0
$#234.5 0
$#240.7 0

Vertex

ChildCount 0

NameCount 13
0
;g5v1.b ;g10v2.b 0
$#247.9 0
;g5v2.b ;g6v1.b 0
$#248.9 0
;g6v2.b ;g7v1.b 0
$#249.9 0
;g7v2.b ;g8v1.b 0
$#24a.9 0
;g8v2.b ;g9v1.b 0
$#24b.9 0
;g9v2.b ;g10v1.b 0
$#24c.9 0

EndMap
]]>
      </ElementMap2>
    </Property>
    <Property name="AddSubType" type="App::PropertyEnumeration">
      <Integer value="0"/>
    </Property>
    <Property name="AllowMultiFace" type="App::PropertyBool">
      <Bool value="true"/>
    </Property>
    <Property name="AlongSketchNormal" type="App::PropertyBool" status="4">
      <Bool value="false"/>
    </Property>
    <Property name="AutoTaperInnerAngle" type="App::PropertyBool">
      <Bool value="true"/>
    </Property>
    <Property name="BaseFeature" type="App::PropertyLink" status="8">
      <Link value="Pad001"/>
    </Property>
    <Property name="CheckUpToFaceLimits" type="App::PropertyBool">
      <Bool value="true"/>
    </Property>
    <Property name="ClaimChildren" type="App::PropertyBool" status="134217728">
      <Bool value="false"/>
    </Property>
    <Property name="ColoredElements" type="App::PropertyLinkSubHidden" status="218103808">
      <LinkSub value="" count="0">
      </LinkSub>
    </Property>
    <Property name="Direction" type="App::PropertyVector" status="4">
      <PropertyVector valueX="1" valueY="-3.33066907387547e-16" valueZ="3.33066907387547e-16"/>
    </Property>
    <Property name="ExpressionEngine" type="App::PropertyExpressionEngine" status="67108864">
      <ExpressionEngine count="0"></ExpressionEngine>
    </Property>
    <Property name="Fit" type="App::PropertyDistance">
      <Float value="0"/>
    </Property>
    <Property name="FitJoin" type="App::PropertyEnumeration">
      <Integer value="0"/>
    </Property>
    <Property name="FixShape" type="App::PropertyEnumeration">
      <Integer value="1"/>
    </Property>
    <Property name="InnerFit" type="App::PropertyDistance">
      <Float value="0"/>
    </Property>
    <Property name="InnerFitJoin" type="App::PropertyEnumeration">
      <Integer value="0"/>
    </Property>
    <Property name="InvalidShape" type="App::PropertyBool" status="67108864">
      <Bool value="false"/>
    </Property>
    <Property name="Label" type="App::PropertyString" status="134217728">
      <String value="Pad003"/>
    </Property>
    <Property name="Label2" type="App::PropertyString" status="128">
      <String value=""/>
    </Property>
    <Property name="Length" type="App::PropertyLength">
      <Float value="80"/>
    </Property>
    <Property name="Length2" type="App::PropertyLength">
      <Float value="100"/>
    </Property>
    <Property name="Linearize" type="App::PropertyBool">
      <Bool value="true"/>
    </Property>
    <Property name="Midplane" type="App::PropertyBool">
      <Bool value="false"/>
    </Property>
    <Property name="NewSolid" type="App::PropertyBool">
      <Bool value="false"/>
    </Property>
    <Property name="Offset" type="App::PropertyLength">
      <Float value="0"/>
    </Property>
    <Property name="Placement" type="App::PropertyPlacement" status="8388620">
      <PropertyPlacement Px="0" Py="0" Pz="0" Q0="0" Q1="0" Q2="0" Q3="1" A="0" Ox="0" Oy="0" Oz="1"/>
    </Property>
    <Property name="Profile" type="App::PropertyLinkSub">
      <LinkSub value="Sketch003" count="1">
        <Sub value=""/>
      </LinkSub>
    </Property>
    <Property name="ReferenceAxis" type="App::PropertyLinkSub">
      <LinkSub value="" count="0">
      </LinkSub>
    </Property>
    <Property name="Refine" type="App::PropertyBool">
      <Bool value="false"/>
    </Property>
    <Property name="Reversed" type="App::PropertyBool">
      <Bool value="false"/>
    </Property>
    <Property name="Shape" type="Part::PropertyPartShape">
      <Part HasherIndex="0" ElementMap="1.15.70200.4" brep="1">
<![CDATA[

CASCADE Topology V1, (c) Matra-Datavision
Locations 18
1
              1               0               0               0 
              0               1               0               0 
              0               0               1               0 
1
              0 -3.33066907387547e-16               1 1.23318306279666e-32 
              1 3.33066907387547e-16 1.10933564796705e-31 -2.73821645978924e-48 
-3.33066907387547e-16               1 3.33066907387547e-16 2.73821645978924e-48 
1
              1               0               0             -20 
              0               1               0 6.66133814775094e-15 
              0               0               1 -6.66133814775094e-15 
2  1 1 2 1 3 1 0
2  1 1 2 1 0
2  2 -1 1 -1 0
1
              1               0               0               0 
              0               1               0               0 
              0               0               1               0 
1
              0 -3.33066907387547e-16               1               0 
              1 3.33066907387547e-16 1.10933564796705e-31               0 
-3.33066907387547e-16               1 3.33066907387547e-16               0 
2  7 1 8 1 0
2  8 -1 7 -1 0
1
              1               0               0              60 
              0               1               0 -1.99840144432528e-14 
              0               0               1 1.99840144432528e-14 
2  11 -1 8 -1 7 -1 0
2  7 1 8 1 11 1 0
1
              1               0               0               0 
              0               1               0               0 
              0               0               1               0 
1
              0 -3.33066907387547e-16               1 1.23318306279666e-32 
              1 3.33066907387547e-16 1.10933564796705e-31 -2.73821645978924e-48 
-3.33066907387547e-16               1 3.33066907387547e-16 2.73821645978924e-48 
1
              1               0               0              80 
              0               1               0 -2.66453525910037e-14 
              0               0               1 2.66453525910037e-14 
2  14 1 15 1 16 1 0
2  14 1 15 1 0
Curve2ds 16
1 0 0 1 0 
1 0 -60 1 0 
1 0 0 0 -1 
1 6.2831853071795898 0 0 -1 
8 -2.6250000000032117 0.8750000000010727
1 0.75777222830909086 -3.0624999999996523 -0.86602540378456061 -0.49999999999978884 
8 -2.6250000000032117 0.8750000000010727
1 0.8750000000010727 -60 -1 2.4651903288156619e-32 
8 -2.6249999999985789 0.87499999999953026
1 3.0310889132462147 -0.87499999999909239 1.4444001550381211e-13 -1 
8 -2.6249999999985789 0.87499999999953026
1 0.87499999999953026 -60 -1 -8.4719116926840826e-33 
8 -2.6249999999985714 0.87499999999952516
1 2.2733166849350845 2.1874999999996083 0.86602540378419479 -0.50000000000042233 
8 -2.6249999999985714 0.87499999999952516
1 0.87499999999952516 -60 -1 4.9303806576313238e-32 
8 -2.6250000000025517 0.87500000000085709
1 -0.75777222830941682 3.0624999999997593 0.86602540378456072 0.49999999999978867 
8 -2.6250000000025517 0.87500000000085709
1 0.87500000000084366 -60 -1 -2.4651903288156619e-32 
8 -2.6249999999985705 0.87499999999953848
1 -3.0310889132460885 0.87499999999951272 3.3306690738754681e-16 1 
8 -2.6249999999985705 0.87499999999953848
1 0.87499999999951183 -60 -1 8.4719116926920744e-33 
8 -2.6249999999985683 0.87499999999953149
1 -2.2733166849353927 -2.1874999999992824 -0.86602540378412241 0.5000000000005479 
8 -2.6249999999985683 0.87499999999953149
1 0.87499999999951616 -60 -1 4.9303806576313238e-32 
Curves 26
1 1.0095554103515553e-15 1.749999999999039 -3.0310889132460903 -1 3.3306690738754681e-16 -3.3306690738754681e-16 
1 1.10537868780018e-27 3.5 -3.3199174067440964e-12 -1 3.3306690738754681e-16 -3.3306690738754681e-16 
1 1.7499999999990417 -3.0310889132460885 0 0.50000000000054756 0.86602540378412263 0 
1 1.0095554103515553e-15 -1.7499999999990412 -3.0310889132460894 -1 3.3306690738754681e-16 -3.3306690738754681e-16 
1 -1.7499999999990423 -3.0310889132460885 0 1 0 0 
1 -1.0095554103516385e-15 1.7499999999986011 3.0310889132463394 -1 3.3306690738754681e-16 -3.3306690738754681e-16 
1 3.5 -3.3188246799393839e-12 0 -0.49999999999978911 0.8660254037845605 0 
2 0 0 0 0 0 1 1 0 0 0 1 0 3.8500000000000001
1 1.7499999999986027 3.0310889132463417 0 -1 -1.4477308241119965e-13 0 
1 -1.7499999999994813 3.031088913245835 0 -0.500000000000422 -0.86602540378419501 0 
1 -3.5 2.8117667693490078e-12 0 0.49999999999978889 -0.8660254037845605 0 
1 -9.3652845411122572e-28 -3.5 2.8130355572325265e-12 -1 3.3306690738754681e-16 -3.3306690738754681e-16 
1 -1.0095554103514687e-15 -1.7499999999994789 3.0310889132458305 -1 3.3306690738754681e-16 -3.3306690738754681e-16 
1 0 3.8500000000000001 -1.2823075934420553e-15 1 -3.3306690738754681e-16 3.3306690738754681e-16 
1 60 3.0624999999996336 0.75777222830911084 2.8844440295757508e-16 0.49999999999978884 -0.86602540378456061 
1 60 0.87499999999907352 3.0310889132462346 -4.8210650919968035e-29 1 1.4444001550381211e-13 
1 60 -2.187499999999627 2.2733166849351045 -2.8844440295745334e-16 0.50000000000042233 0.86602540378419479 
1 60 -3.062499999999778 -0.75777222830939683 -2.8844440295757512e-16 -0.49999999999978867 0.86602540378456072 
1 60 -0.8749999999995316 -3.0310889132460686 -8.4719116926920744e-33 -1 3.3306690738754681e-16 
1 60 2.1874999999992637 -2.2733166849353728 2.8844440295742923e-16 -0.5000000000005479 -0.86602540378412241 
1 -1.0095554103516385e-15 1.7499999999986011 3.0310889132463394 1 -3.3306690738754681e-16 3.3306690738754681e-16 
1 1.10537868780018e-27 3.5 -3.3199174067440964e-12 1 -3.3306690738754681e-16 3.3306690738754681e-16 
1 -1.0095554103514687e-15 -1.7499999999994789 3.0310889132458305 1 -3.3306690738754681e-16 3.3306690738754681e-16 
1 -9.3652845411122572e-28 -3.5 2.8130355572325265e-12 1 -3.3306690738754681e-16 3.3306690738754681e-16 
1 1.0095554103515553e-15 -1.7499999999990412 -3.0310889132460894 1 -3.3306690738754681e-16 3.3306690738754681e-16 
1 1.0095554103515553e-15 1.749999999999039 -3.0310889132460903 1 -3.3306690738754681e-16 3.3306690738754681e-16 
Polygon3D 0
PolygonOnTriangulations 0
Surfaces 16
1 1.0095554103515549e-15 1.7499999999990405 -3.031088913246089 4.5497785665138499e-16 0.86602540378412241 -0.5000000000005479 -2.8844440295742923e-16 0.5000000000005479 0.86602540378412241 1 -2.498001805404776e-16 4.7728910886641957e-16 
1 1.0095554103515549e-15 -1.7499999999990434 -3.0310889132460881 3.3306690738754672e-16 -3.3306690738754681e-16 -1 0 1 -3.3306690738754681e-16 1 1.1093356479670465e-31 3.3306690738754672e-16 
1 1.1054030041395034e-27 3.5 -3.3199904141152403e-12 1.21910949263872e-16 0.86602540378456061 0.49999999999978884 -2.8844440295757508e-16 -0.49999999999978884 0.86602540378456061 1 -2.4980018054073043e-16 1.8884470590882024e-16 
1 2.8579116486213639e-33 1.1543325794163959e-15 -4.4708897861678475e-17 1 1.0246165310401262e-31 3.3306690738754686e-16 -3.3306690738754686e-16 0 1 1.0246165310401262e-31 -1 3.4126585925169124e-47 
2 0 0 0 -1 -1.109335647967047e-31 -3.3306690738754681e-16 0 1 -3.3306690738754681e-16 -3.3306690738754681e-16 3.3306690738754681e-16 1 3.8500000000000001
1 6.9307065244417514e-30 -3.6584492049552802e-14 -2.0893339968183912e-14 1 1.2325951644078307e-31 3.3306690738754676e-16 -3.3306690738754676e-16 0 1 1.2325951644078307e-31 -1 4.1053665947016096e-47 
1 -9.3649413033151981e-28 -3.5 2.8129325035248642e-12 -1.219109492638721e-16 -0.86602540378456072 -0.49999999999978867 2.8844440295757512e-16 0.49999999999978867 -0.86602540378456072 1 -2.4980018054073053e-16 1.8884470590882024e-16 
1 -1.0095554103516391e-15 1.7499999999986038 3.0310889132463412 -3.3306690738759493e-16 -1.4444001550381211e-13 1 4.8219122831660719e-29 -1 -1.4444001550381211e-13 1 1.1093356478975434e-31 3.3306690738759493e-16 
1 -1.0095554103514705e-15 -1.7499999999994802 3.0310889132458354 -4.5497785665136734e-16 -0.86602540378419479 0.50000000000042233 2.8844440295745334e-16 -0.50000000000042233 -0.86602540378419479 1 -2.4980018054051941e-16 4.7728910886639532e-16 
1 1.1054030041395034e-27 3.5 -3.3199904141152403e-12 -1.21910949263872e-16 -0.86602540378456061 -0.49999999999978884 -2.8844440295757508e-16 -0.49999999999978884 0.86602540378456061 -1 2.4980018054073043e-16 -1.8884470590882024e-16 
1 -1.0095554103516391e-15 1.7499999999986038 3.0310889132463412 3.3306690738759493e-16 1.4444001550381211e-13 -1 4.8219122831660719e-29 -1 -1.4444001550381211e-13 -1 -1.1093356478975434e-31 -3.3306690738759493e-16 
1 -1.0095554103514705e-15 -1.7499999999994802 3.0310889132458354 4.5497785665136734e-16 0.86602540378419479 -0.50000000000042233 2.8844440295745334e-16 -0.50000000000042233 -0.86602540378419479 -1 2.4980018054051941e-16 -4.7728910886639532e-16 
1 -9.3649413033151981e-28 -3.5 2.8129325035248642e-12 1.219109492638721e-16 0.86602540378456072 0.49999999999978867 2.8844440295757512e-16 0.49999999999978867 -0.86602540378456072 -1 2.4980018054073053e-16 -1.8884470590882024e-16 
1 1.0095554103515549e-15 -1.7499999999990434 -3.0310889132460881 -3.3306690738754672e-16 3.3306690738754681e-16 1 0 1 -3.3306690738754681e-16 -1 -1.1093356479670465e-31 -3.3306690738754672e-16 
1 1.0095554103515549e-15 1.7499999999990405 -3.031088913246089 -4.5497785665138499e-16 -0.86602540378412241 0.5000000000005479 -2.8844440295742923e-16 0.5000000000005479 0.86602540378412241 -1 2.498001805404776e-16 -4.7728910886641957e-16 
1 6.9307065244417514e-30 -3.6584492049552802e-14 -2.0893339968183912e-14 1 1.2325951644078307e-31 3.3306690738754676e-16 -3.3306690738754676e-16 0 1 1.2325951644078307e-31 -1 4.1053665947016096e-47 
Triangulations 0

TShapes 88
Ve
1.00000000628037e-07
1.00955541035156e-15 1.74999999999904 -3.03108891324609
0 0

0101101
*
Ve
1.00000000111022e-07
1.74999999999904 -3.03108891324609 0
0 0

0101101
*
Ed
 1.00000000111022e-07 1 1 0
1  1 0 0 20
0

0101000
+88 0 -87 4 *
Ve
1.00000000628037e-07
1.10537868780018e-27 3.5 -3.3199174067441e-12
0 0

0101101
*
Ve
1.00000000073007e-07
3.5 -3.31875167256824e-12 0
0 0

0101101
*
Ed
 1.00000000073007e-07 1 1 0
1  2 0 0 20
0

0101000
+85 0 -84 4 *
Ed
 1.00000000628037e-07 1 1 0
1  3 0 0 3.49999999999808
0

0101000
+88 6 -85 6 *
Ed
 1e-07 1 1 0
1  3 0 0 3.49999999999808
0

0101000
+87 0 -84 0 *
Wi

0101100
+86 0 -83 0 -82 5 +81 4 *
Fa
0  1e-07 1 0

0111000
+80 0 *
Ve
1.00000000666134e-07
1.00955541035156e-15 -1.74999999999904 -3.03108891324609
0 0

0101101
*
Ve
1e-07
-1.74999999999904 -3.03108891324609 0
0 0

0101101
*
Ed
 1e-07 1 1 0
1  4 0 0 20
0

0101000
+78 0 -77 4 *
Ed
 1e-07 1 1 0
1  5 0 0 3.49999999999808
0

0101000
+78 6 -88 6 *
Ed
 1e-07 1 1 0
1  5 0 0 3.49999999999808
0

0101000
+77 0 -87 0 *
Wi

0101100
+76 0 -86 0 -75 5 +74 4 *
Fa
0  1e-07 2 0

0111000
+73 0 *
Ve
1.00000000628037e-07
-1.00955541035164e-15 1.7499999999986 3.03108891324634
0 0

0101101
*
Ve
1e-07
1.7499999999986 3.03108891324634 0
0 0

0101101
*
Ed
 1e-07 1 1 0
1  6 0 0 20
0

0101000
+71 0 -70 4 *
Ed
 1.00000000628037e-07 1 1 0
1  7 0 0 3.50000000000427
0

0101000
+85 6 -71 6 *
Ed
 1e-07 1 1 0
1  7 0 0 3.50000000000427
0

0101000
+84 0 -70 0 *
Wi

0101100
+83 0 -69 0 -68 5 +67 4 *
Fa
0  1e-07 3 0

0111000
+66 0 *
Ve
1e-07
3.85 0 0
0 0

0101101
*
Ed
 1e-07 1 1 0
1  8 0 0 6.28318530717959
2  1 5 10 0 6.28318530717959
2  2 5 12 0 6.28318530717959
0

0101100
+64 0 -64 0 *
Wi

0101100
+63 9 *
Ve
1.00000000888178e-07
-1.00955541035147e-15 -1.74999999999948 3.03108891324583
0 0

0101101
*
Ed
 1e-07 1 1 0
1  9 0 0 3.49999999999808
0

0101000
+71 6 -61 6 *
Ve
1.00000000444089e-07
-9.36528454111226e-28 -3.5 2.81303555723253e-12
0 0

0101101
*
Ed
 1.00000000444089e-07 1 1 0
1  10 0 0 3.49999999999808
0

0101000
+61 6 -59 6 *
Ed
 1.00000000444089e-07 1 1 0
1  11 0 0 3.50000000000339
0

0101000
+59 6 -78 6 *
Wi

0101100
-82 5 -68 5 -60 5 -58 5 -57 5 -75 5 *
Fa
0  1e-07 4 0

0111000
+62 0 +56 0 *
Ve
1.00000000111022e-07
-1.74999999999948 3.03108891324583 0
0 0

0101101
*
Ed
 1e-07 1 1 0
1  9 0 0 3.49999999999808
0

0101000
+70 0 -54 0 *
Ve
1.00000000103054e-07
-3.5 2.81186982305667e-12 0
0 0

0101101
*
Ed
 1e-07 1 1 0
1  10 0 0 3.49999999999808
0

0101000
+54 0 -52 0 *
Ed
 1e-07 1 1 0
1  11 0 0 3.50000000000339
0

0101000
+52 0 -77 0 *
Wi

0101100
+81 0 +67 0 +53 0 +51 0 +50 0 +74 0 *
Fa
0  1e-07 6 0

0111000
+49 5 *
Ed
 1.00000000103054e-07 1 1 0
1  12 0 0 20
0

0101000
+59 0 -52 4 *
Wi

0101100
+47 0 -76 0 -57 5 +50 4 *
Fa
0  1e-07 7 0

0111000
+46 0 *
Ed
 1.00000000111022e-07 1 1 0
1  13 0 0 20
0

0101000
+61 0 -54 4 *
Wi

0101100
+69 0 -44 0 -60 5 +53 4 *
Fa
0  1e-07 8 0

0111000
+43 0 *
Ed
 1e-07 1 1 0
1  14 0 0 60
3  3 4CN 5 0 0 60
0

0101000
+64 9 -64 13 *
Wi

0101100
+41 0 -41 0 -63 9 +63 13 *
Fa
0  1e-07 5 0

0111000
+40 0 *
Wi

0101100
+44 0 -47 0 -58 5 +51 4 *
Fa
0  1e-07 9 0

0111000
+38 0 *
Wi

0101100
+63 13 *
Ve
1.50000022718104e-07
60 1.74999999999858 3.03108891324636
0 0

0101101
*
Ve
1.50000010247861e-07
60 3.49999999999998 -3.29993339230084e-12
0 0

0101101
*
Ed
 1.5e-07 1 1 0
1  15 0 -2.62500000000321 0.875000000001073
2  5 4 11 -2.62500000000321 0.875000000001073
2  6 10 0 -2.62500000000321 0.875000000001073
0

0101000
+35 0 -34 0 *
Ve
1.50000013909282e-07
60 -1.7499999999995 3.03108891324585
0 0

0101101
*
Ed
 1.5e-07 1 1 0
1  16 0 -2.62499999999858 0.87499999999953
2  7 4 11 -2.62499999999858 0.87499999999953
2  8 11 0 -2.62499999999858 0.87499999999953
0

0101000
+32 0 -35 0 *
Ve
1.50000003525387e-07
60 -3.50000000000002 2.83301957167578e-12
0 0

0101101
*
Ed
 1.5e-07 1 1 0
1  17 0 -2.62499999999857 0.874999999999525
2  9 4 11 -2.62499999999857 0.874999999999525
2  10 12 0 -2.62499999999857 0.874999999999525
0

0101000
+30 0 -32 0 *
Ve
1.50000010329252e-07
60 -1.74999999999906 -3.03108891324607
0 0

0101101
*
Ed
 1.5e-07 1 1 0
1  18 0 -2.62500000000255 0.875000000000857
2  11 4 11 -2.62500000000255 0.875000000000857
2  12 13 0 -2.62500000000255 0.875000000000857
0

0101000
+28 0 -30 0 *
Ve
1.50000020003742e-07
60 1.74999999999902 -3.03108891324607
0 0

0101101
*
Ed
 1.5e-07 1 1 0
1  19 0 -2.62499999999857 0.874999999999538
2  13 4 11 -2.62499999999857 0.874999999999538
2  14 14 0 -2.62499999999857 0.874999999999538
0

0101000
+26 0 -28 0 *
Ed
 1.5e-07 1 1 0
1  20 0 -2.62499999999857 0.874999999999531
2  15 4 11 -2.62499999999857 0.874999999999531
2  16 15 0 -2.62499999999857 0.874999999999531
0

0101000
+34 0 -26 0 *
Wi

0101100
+33 0 +31 0 +29 0 +27 0 +25 0 +24 0 *
Fa
0  1e-07 4 11

0111000
+36 0 +23 0 *
Ed
 1e-07 1 1 0
1  21 0 60 80
0

0101000
+35 0 -70 17 *
Ed
 1.00000000073007e-07 1 1 0
1  22 0 60 80
0

0101000
+34 0 -84 17 *
Wi

0101100
+33 0 -21 0 +67 17 +20 0 *
Fa
0  1e-07 10 0

0111000
+19 0 *
Ed
 1.00000000111022e-07 1 1 0
1  23 0 60 80
0

0101000
+32 0 -54 17 *
Wi

0101100
+31 0 -17 0 +53 17 +21 0 *
Fa
0  1e-07 11 0

0101000
+16 0 *
Ed
 1.00000000103054e-07 1 1 0
1  24 0 60 80
0

0101000
+30 0 -52 17 *
Wi

0101100
+29 0 -14 0 +51 17 +17 0 *
Fa
0  1e-07 12 0

0111000
+13 0 *
Ed
 1e-07 1 1 0
1  25 0 60 80
0

0101000
+28 0 -77 17 *
Wi

0101100
+27 0 -11 0 +50 17 +14 0 *
Fa
0  1e-07 13 0

0111000
+10 0 *
Ed
 1.00000000111022e-07 1 1 0
1  26 0 60 80
0

0101000
+26 0 -87 17 *
Wi

0101100
+25 0 -8 0 +74 17 +11 0 *
Fa
0  1e-07 14 0

0101000
+7 0 *
Wi

0101100
+24 0 -20 0 +81 17 +8 0 *
Fa
0  1e-07 15 0

0111000
+5 0 *
Fa
0  1e-07 16 0

0111000
+49 18 *
Sh

0101100
+79 0 +72 0 +65 0 -55 0 -48 3 +45 0 +42 0 -39 0 +37 0 +22 0 
-18 0 -15 0 -12 0 -9 0 -6 0 -4 0 +3 16 *
So

0100000
+2 0 *

+1 0 ]]>
      </Part>
      <ElementMap new="1" count="1"><Element key="Dummy" value="Dummy"/></ElementMap>
      <ElementMap2 count="82">
<![CDATA[
9 PostfixCount 37
Edge
Face
Vertex
;:M#3d3;FUS;:H-dd3:b,E
;:M#3eb;FUS;:H-dd3:b,V
;:M#3ed;FUS;:H-dd3:b,V
;:M#3f1;FUS;:H-dd3:b,V
;:M#3f3;FUS;:H-dd3:b,V
;:M#3f5;FUS;:H-dd3:b,V
;:M#3ef;FUS;:H-dd3:b,V
;:M#3d9;FUS;:H-dd3:b,E
;:M#3db;FUS;:H-dd3:b,E
;:M#3dd;FUS;:H-dd3:b,E
;:M#3df;FUS;:H-dd3:b,E
;:M#3d6;FUS;:H-dd3:b,E
;:G#356;FUS;:H-dd3:b,E
;:M;FUS;:H-dd3:7,F
;:G#351;FUS;:H-dd3:b,E
;:G#352;FUS;:H-dd3:b,E
;:G#353;FUS;:H-dd3:b,E
;:G#354;FUS;:H-dd3:b,E
;:G#355;FUS;:H-dd3:b,E
;:G#35c;FUS;:H-dd3:b,V
;:M;FUS;:H-dd3:7,E
;:G#358;FUS;:H-dd3:b,V
;:G#357;FUS;:H-dd3:b,V
;:G#359;FUS;:H-dd3:b,V
;:G#35a;FUS;:H-dd3:b,V
;:G#35b;FUS;:H-dd3:b,V
;:H-dd3,V
;:H-dd3,E
;:H-dd3,F
;:Hdcd,V
;:Hdcd,E
;:Hdcd,F
;:M;FUS;:Hdcd:7,E
;:M;FUS;:Hdcd:7,F

MapCount 1

ElementMap 1 9 3

Edge

ChildCount 0

NameCount 40
0
$#3d0.24 0
$#3d1.24 0
$#234.4.397.3d2.3d3 0
$#3c5.22 0
$#3d4.24 0
$#23f.f.3a3.3d5.3d6 0
$#3c6.22 0
$#3d7.24 0
$#23b.b.39f.3d8.3d9 0
$#3c7.22 0
$#3c8.22 0
$#23c.c.3a0.3da.3db 0
$#23d.d.3a1.3dc.3dd 0
$#23e.e.3a2.3de.3df 0
$#3c9.22 0
$#3ca.22 0
$#3cb.22 0
$#3e0.24 0
$#3e1.24 0
$#3cc.22 0
$#7e.22 0
$#242.12.44.84.351 0
$#243.13.44.84.352 0
$#244.14.44.84.353 0
$#245.15.44.84.354 0
$#246.16.44.84.355 0
$#241.10.44.84.356 0
$#249.18 0
$#305.1f 0
$#248.18 0
$#24a.18 0
$#306.1f 0
$#24b.18 0
$#307.1f 0
$#24c.18 0
$#308.1f 0
$#247.18 0
$#309.1f 0
$#304.1f 0

Face

ChildCount 0

NameCount 18
0
$#3e2.25 0
$#3e3.25 0
$#3e4.25 0
$#3e5.25 0
$#3cd.23 0
$#3e6.25 0
$#3e7.25 0
$#3ce.23 0
$#3e8.25 0
$#84.25 0
$#242.11 0
$#243.11 0
$#244.11 0
$#245.11 0
$#246.11 0
$#241.11 0
$#30a.20 0

Vertex

ChildCount 0

NameCount 27
0
$#235.5.399.3ea.3eb 0
$#3be.21 0
$#236.6.39a.3ec.3ed 0
$#3bf.21 0
$#23a.a.39e.3ee.3ef 0
$#3c0.21 0
$#237.7.39b.3f0.3f1 0
$#3c1.21 0
$#3c2.21 0
$#238.8.39c.3f2.3f3 0
$#239.9.39d.3f4.3f5 0
$#3c3.21 0
$#3c4.21 0
$#70.21 0
$#249.1a.44.84.357 0
$#248.19.44.84.358 0
$#24a.1b.44.84.359 0
$#24b.1c.44.84.35a 0
$#24c.1d.44.84.35b 0
$#247.17.44.84.35c 0
$#300.1e 0
$#2ff.1e 0
$#301.1e 0
$#302.1e 0
$#303.1e 0
$#2fe.1e 0

EndMap
]]>
      </ElementMap2>
    </Property>
    <Property name="Suppress" type="App::PropertyBool">
      <Bool value="false"/>
    </Property>
    <Property name="SuppressedShape" type="Part::PropertyPartShape">
      <Part ElementMap="0.15.70200.4" brep="1">
<![CDATA[

CASCADE Topology V1, (c) Matra-Datavision
Locations 0
Curve2ds 0
Curves 0
Polygon3D 0
PolygonOnTriangulations 0
Surfaces 0
Triangulations 0

TShapes 0

*]]>
      </Part>
      <ElementMap/>
    </Property>
    <Property name="TaperAngle" type="App::PropertyAngle" status="4">
      <Float value="0"/>
    </Property>
    <Property name="TaperAngleRev" type="App::PropertyAngle" status="4">
      <Float value="0"/>
    </Property>
    <Property name="TaperInnerAngle" type="App::PropertyAngle">
      <Float value="0"/>
    </Property>
    <Property name="TaperInnerAngleRev" type="App::PropertyAngle">
      <Float value="0"/>
    </Property>
    <Property name="TreeRank" type="App::PropertyInteger" status="2184">
      <Integer value="25"/>
    </Property>
    <Property name="Type" type="App::PropertyEnumeration">
      <Integer value="0"/>
    </Property>
    <Property name="UpToFace" type="App::PropertyLinkSub">
      <LinkSub value="" count="0">
      </LinkSub>
    </Property>
    <Property name="UseCustomVector" type="App::PropertyBool">
      <Bool value="false"/>
    </Property>
    <Property name="UsePipeForDraft" type="App::PropertyBool">
      <Bool value="false"/>
    </Property>
    <Property name="ValidateShape" type="App::PropertyBool">
      <Bool value="false"/>
    </Property>
    <Property name="Visibility" type="App::PropertyBool" status="648">
      <Bool value="false"/>
    </Property>
    <Property name="_ProfileBasedVersion" type="App::PropertyInteger" status="67108864">
      <Integer value="1"/>
    </Property>
    <Property name="_Siblings" type="App::PropertyLinkList" status="218103808">
      <LinkList count="0">
      </LinkList>
    </Property>
  </Properties>
</Object>
</Document>
