<?xml version='1.0' encoding='utf-8'?>
<!-- FreeCAD DocumentObject -->
<Document SchemaVersion="4" FileVersion="2">
<Object name="Pad">
  <Properties Count="47" TransientCount="2">
    <_Property name="_Body" type="App::PropertyLinkHidden" status="251658241"/>
    <_Property name="_ElementMapVersion" type="App::PropertyString" status="234881024"/>
    <Property name="AddSubShape" type="Part::PropertyPartShape">
      <Part HasherIndex="0" ElementMap="1.15.70200.4" brep="1">
<![CDATA[

CASCADE Topology V1, (c) Matra-Datavision
Locations 5
1
              1               0               0               0 
              0               1               0               0 
              0               0               1               0 
1
2.22044604925031e-16 -3.33066907387547e-16               1               0 
              1 3.33066907387547e-16 -2.22044604925031e-16               0 
-3.33066907387547e-16               1 3.33066907387547e-16               0 
2  1 1 2 1 0
1
              1               0               0            2.45 
              0               1               0 -8.1601392309949e-16 
              0               0               1 9.52016243616072e-16 
2  1 1 2 1 4 1 0
Curve2ds 0
Curves 24
1 -1.330523868787845e-14 -40.256283787050414 13.110122806502995 1 -3.3306690738754696e-16 3.8857805861880479e-16 
1 -6.3861278863805499e-15 -20.099877071192676 5.7737907321674049 1 -3.3306690738754696e-16 3.8857805861880479e-16 
1 -40.256283787050421 13.11012280650298 0 0.93969262078590865 -0.34202014332566821 0 
1 -1.2357091537882807e-14 -41.624364360353091 9.3513523233593645 1 -3.3306690738754696e-16 3.8857805861880479e-16 
1 -40.256283787050421 13.11012280650298 0 -0.34202014332566799 -0.93969262078590865 0 
1 -5.2681125372052014e-15 -20.973106122531689 1.8349090246476698 1 -3.3306690738754696e-16 3.8857805861880479e-16 
1 -20.973106122531689 1.8349090246476629 0 -0.93969262078590865 0.34202014332566838 0 
1 -1.8838813763781028e-15 -7.5 0.65616497644442939 1 -3.3306690738754696e-16 3.8857805861880479e-16 
1 -20.973106122531689 1.8349090246476629 0 0.99619469809174555 -0.087155742747657763 0 
1 5.5466782398352382e-32 -5.5466782398352414e-32 -1.6653345369377348e-16 1 -3.3306690738754696e-16 3.8857805861880479e-16 
1 -7.5 0.65616497644442684 0 0.99619469809174555 -0.087155742747657763 0 
1 1.2248694207860942e-15 7.5 1.3224523553134853 1 -3.3306690738754696e-16 3.8857805861880479e-16 
1 7.5 1.322452355313487 0 -0.98480775301220813 -0.17364817766693036 0 
1 3.3860901499060835e-15 20.733374262864071 3.6558532836694106 1 -3.3306690738754696e-16 3.8857805861880479e-16 
1 20.733374262864071 3.6558532836694182 0 -0.98480775301220813 -0.17364817766693036 0 
1 4.7152486436872137e-15 40.650947029785335 12.943569996744225 1 -3.3306690738754696e-16 3.8857805861880479e-16 
1 40.650947029785328 12.943569996744239 0 -0.90630778703665005 -0.42261826174069927 0 
1 3.1324436967597501e-15 38.960473982822535 16.568801144890827 1 -3.3306690738754696e-16 3.8857805861880479e-16 
1 38.960473982822528 16.568801144890841 0 0.42261826174069983 -0.90630778703664983 0 
1 1.8351348896177541e-15 19.520171950886393 7.5036394305528455 1 -3.3306690738754696e-16 3.8857805861880479e-16 
1 38.960473982822528 16.568801144890841 0 -0.90630778703665016 -0.42261826174069894 0 
1 -1.381560849096161e-15 -0.17598310935777145 4.030675877214243 1 -3.3306690738754696e-16 3.8857805861880479e-16 
1 -0.1759831093577725 4.030675877214243 0 0.98480775301220813 0.17364817766693044 0 
1 -20.09987707119268 5.7737907321673978 0 0.99619469809174566 -0.087155742747657763 0 
Polygon3D 0
PolygonOnTriangulations 0
Surfaces 13
1 -1.330523868787845e-14 -40.256283787050414 13.110122806502995 -2.5122834288167905e-16 0.34202014332566855 0.93969262078590854 3.225692681351001e-16 0.93969262078590854 -0.34202014332566855 -1 2.1719080711900255e-16 -3.464026072582087e-16 
1 -1.330523868787845e-14 -40.256283787050414 13.110122806502995 4.4588203840207505e-16 0.93969262078590854 -0.34202014332566832 2.3703678749891097e-16 -0.34202014332566832 -0.93969262078590854 -1 3.3792070519357547e-16 -3.7524235874814295e-16 
1 -5.2681125372052014e-15 -20.973106122531689 1.8349090246476698 2.51228342881679e-16 -0.34202014332566871 -0.93969262078590854 -3.225692681351003e-16 -0.93969262078590854 0.34202014332566871 -1 2.171908071190027e-16 -3.4640260725820875e-16 
1 -5.2681125372052014e-15 -20.973106122531689 1.8349090246476698 -3.5807070809280973e-16 0.087155742747658096 0.99619469809174555 2.5022835186422034e-16 0.99619469809174555 -0.087155742747658096 -1 2.1806823891936339e-16 -3.7851697880726261e-16 
1 -1.8838813763781028e-15 -7.5 0.65616497644442939 -3.5807070809280973e-16 0.087155742747658096 0.99619469809174555 2.5022835186422034e-16 0.99619469809174555 -0.087155742747658096 -1 2.1806823891936339e-16 -3.7851697880726261e-16 
1 1.2248694207860944e-15 7.5 1.3224523553134846 4.4051114628723889e-16 0.17364817766693 -0.98480775301220813 -1.6083478693569576e-16 -0.98480775301220813 -0.17364817766693 -1 2.3488530292308924e-16 -4.0589012449513533e-16 
1 3.3860901499060835e-15 20.733374262864071 3.6558532836694111 4.4051114628723889e-16 0.17364817766693 -0.98480775301220813 -1.6083478693569576e-16 -0.98480775301220813 -0.17364817766693 -1 2.3488530292308924e-16 -4.0589012449513533e-16 
1 4.7152486436872137e-15 40.650947029785335 12.943569996744225 4.9293147784128217e-16 0.422618261740699 -0.90630778703665016 -6.0480597069557026e-17 -0.90630778703665016 -0.422618261740699 -1 2.6313588041132211e-16 -4.2118743204046216e-16 
1 3.1324436967597501e-15 38.960473982822535 16.568801144890827 1.3764094808549358e-16 0.90630778703664994 0.42261826174069955 3.957012367318656e-16 0.42261826174069955 -0.90630778703664994 -1 2.9197563190125621e-16 -3.0045753396588949e-16 
1 3.1324436967597501e-15 38.960473982822535 16.568801144890827 4.9293147784128217e-16 0.42261826174069872 -0.90630778703665038 -6.0480597069556964e-17 -0.90630778703665038 -0.42261826174069872 -1 2.6313588041132186e-16 -4.2118743204046221e-16 
1 -1.3815608490961608e-15 -0.17598310935777117 4.030675877214243 -4.4051114628723899e-16 -0.17364817766693011 0.98480775301220824 1.6083478693569579e-16 0.98480775301220824 0.17364817766693011 -1 2.3488530292308929e-16 -4.0589012449513533e-16 
1 -6.3861278863805499e-15 -20.099877071192676 5.7737907321674049 -3.5807070809280978e-16 0.087155742747658096 0.99619469809174566 2.502283518642195e-16 0.99619469809174566 -0.087155742747658096 -1 2.1806823891936248e-16 -3.7851697880726251e-16 
1 -2.210365351789324e-15 -0.28155615996142735 6.4486962764730862 1 0 3.3306690738754706e-16 -3.3306690738754706e-16 0 1 0 -1 0 
Triangulations 0

TShapes 64
Ve
1e-07
-40.2562837870504 13.110122806503 0
0 0

0101101
*
Ed
 1e-07 1 1 0
1  1 0 0 2.45
0

0101000
+64 3 -64 5 *
Ve
1e-07
-20.0998770711927 5.7737907321674 0
0 0

0101101
*
Ed
 1e-07 1 1 0
1  2 0 0 2.45
0

0101000
+62 3 -62 5 *
Ed
 1e-07 1 1 0
1  3 0 0 21.45
0

0101000
+64 0 -62 0 *
Wi

0101100
+63 0 -61 0 -60 3 +60 5 *
Fa
0  1e-07 1 0

0111000
+59 0 *
Ve
1e-07
-41.6243643603531 9.35135232335935 0
0 0

0101101
*
Ed
 1e-07 1 1 0
1  4 0 0 2.45
0

0101000
+57 3 -57 5 *
Ed
 1e-07 1 1 0
1  5 0 0 4
0

0101000
+64 0 -57 0 *
Wi

0101100
+63 0 -56 0 -55 3 +55 5 *
Fa
0  1e-07 2 0

0111000
+54 0 *
Ve
1e-07
-20.9731061225317 1.83490902464766 0
0 0

0101101
*
Ed
 1e-07 1 1 0
1  6 0 0 2.45
0

0101000
+52 3 -52 5 *
Ed
 1e-07 1 1 0
1  7 0 0 21.9766099903496
0

0101000
+52 0 -57 0 *
Wi

0101100
+51 0 -56 0 -50 3 +50 5 *
Fa
0  1e-07 3 0

0111000
+49 0 *
Ve
1e-07
-7.5 0.656164976444427 0
0 0

0101101
*
Ed
 1e-07 1 1 0
1  8 0 0 2.45
4 C2 4 0 5 0
0

0101000
+47 3 -47 5 *
Ed
 1e-07 1 1 0
1  9 0 0 13.524571199124
0

0101000
+52 0 -47 0 *
Wi

0101100
+51 0 -46 0 -45 3 +45 5 *
Fa
0  1e-07 4 0

0111000
+44 0 *
Ve
1.00000000055511e-07
0 -1.66533453693773e-16 0
0 0

0101101
*
Ed
 1.00000000055511e-07 1 1 0
1  10 0 0 2.45
0

0101000
+42 3 -42 5 *
Ed
 1e-07 1 1 0
1  11 0 0 7.52864878157511
0

0101000
+47 0 -42 0 *
Wi

0101100
+46 0 -41 0 -40 3 +40 5 *
Fa
0  1e-07 5 0

0111000
+39 0 *
Ve
1.00000000555112e-07
7.5 1.32245235531349 0
0 0

0101101
*
Ed
 1.00000000555112e-07 1 1 0
1  12 0 0 2.45
4 C2 6 0 7 0
0

0101000
+37 3 -37 5 *
Ed
 1e-07 1 1 0
1  13 0 0 7.61569958914309
0

0101000
+37 0 -42 0 *
Wi

0101100
+36 0 -41 0 -35 3 +35 5 *
Fa
0  1e-07 6 0

0111000
+34 0 *
Ve
1.00000000444089e-07
20.7333742628641 3.65585328366942 0
0 0

0101101
*
Ed
 1.00000000444089e-07 1 1 0
1  14 0 0 2.45
0

0101000
+32 3 -32 5 *
Ed
 1e-07 1 1 0
1  15 0 0 13.4375203915561
0

0101000
+32 0 -37 0 *
Wi

0101100
+31 0 -36 0 -30 3 +30 5 *
Fa
0  1e-07 7 0

0111000
+29 0 *
Ve
1e-07
40.6509470297853 12.9435699967442 0
0 0

0101101
*
Ed
 1e-07 1 1 0
1  16 0 0 2.45
0

0101000
+27 3 -27 5 *
Ed
 1e-07 1 1 0
1  17 0 0 21.9766099903496
0

0101000
+27 0 -32 0 *
Wi

0101100
+26 0 -31 0 -25 3 +25 5 *
Fa
0  1e-07 8 0

0111000
+24 0 *
Ve
1e-07
38.9604739828225 16.5688011448908 0
0 0

0101101
*
Ed
 1e-07 1 1 0
1  18 0 0 2.45
0

0101000
+22 3 -22 5 *
Ed
 1e-07 1 1 0
1  19 0 0 4
0

0101000
+22 0 -27 0 *
Wi

0101100
+21 0 -26 0 -20 3 +20 5 *
Fa
0  1e-07 9 0

0111000
+19 0 *
Ve
1e-07
19.5201719508864 7.50363943055285 0
0 0

0101101
*
Ed
 1e-07 1 1 0
1  20 0 0 2.45
0

0101000
+17 3 -17 5 *
Ed
 1e-07 1 1 0
1  21 0 0 21.45
0

0101000
+22 0 -17 0 *
Wi

0101100
+21 0 -16 0 -15 3 +15 5 *
Fa
0  1e-07 10 0

0111000
+14 0 *
Ve
1.00000000277556e-07
-0.175983109357773 4.03067587721424 0
0 0

0101101
*
Ed
 1.00000000277556e-07 1 1 0
1  22 0 0 2.45
0

0101000
+12 3 -12 5 *
Ed
 1e-07 1 1 0
1  23 0 0 20
0

0101000
+12 0 -17 0 *
Wi

0101100
+11 0 -16 0 -10 3 +10 5 *
Fa
0  1e-07 11 0

0111000
+9 0 *
Ed
 1e-07 1 1 0
1  24 0 0 20
0

0101000
+62 0 -12 0 *
Wi

0101100
+61 0 -11 0 -7 3 +7 5 *
Fa
0  1e-07 12 0

0111000
+6 0 *
Wi

0101100
-60 0 +55 0 -50 0 +45 0 +40 0 -35 0 -30 0 -25 0 -20 0 +15 0 
-10 0 -7 0 *
Fa
0  1e-07 13 0

0111000
+4 3 *
Sh

0101100
-58 0 +53 0 -48 0 +43 0 +38 0 -33 0 -28 0 -23 0 -18 0 +13 0 
-8 0 -5 0 +3 0 -3 4 *
So

1100000
-2 0 *

+1 0 ]]>
      </Part>
      <ElementMap new="1" count="1"><Element key="Dummy" value="Dummy"/></ElementMap>
      <ElementMap2 count="86">
<![CDATA[
6 PostfixCount 11
Edge
Face
Vertex
;:G;XTR;:Heda:7,E
;:G;XTR;:Heda:7,F
;:U;XTR;:Heda:7,E
;:U;XTR;:Heda:7,V
;FAC;:Heda:4,F
;:G0;XTR;:Heda:8,F
;SKT;:Heda,E
;SKT;:Heda,V

MapCount 1

ElementMap 1 6 3

Edge

ChildCount 0

NameCount 37
0
$#cc3.4 0
$#cc4.4 0
;g66.a 0
$#cdd.6 0
$#cc5.4 0
;g57.a 0
$#cde.6 0
$#cc6.4 0
;g58.a 0
$#cdf.6 0
$#cc7.4 0
;g67.a 0
$#ce0.6 0
$#1090.4 0
;g68.a 0
$#1093.6 0
$#cca.4 0
;g59.a 0
$#1094.6 0
$#ccb.4 0
;g69.a 0
$#ce4.6 0
$#ccc.4 0
;g61.a 0
$#ce5.6 0
$#ccd.4 0
;g62.a 0
$#ce6.6 0
$#cce.4 0
;g63.a 0
$#ce7.6 0
$#ccf.4 0
;g64.a 0
$#ce8.6 0
;g65.a 0
$#ce9.6 0

Face

ChildCount 0

NameCount 15
0
$#cd0.5 0
$#cc1.5 0
$#cd1.5 0
$#cd2.5 0
$#1091.5 0
$#1092.5 0
$#cd6.5 0
$#cd7.5 0
$#cd8.5 0
$#cd9.5 0
$#cda.5 0
$#cdb.5 0
$#cc1.8 0
$#cdc.9 0

Vertex

ChildCount 0

NameCount 25
0
;g57v1.b ;g66v1.b 0
$#cea.7 0
;g66v2.b ;g65v1.b 0
$#ceb.7 0
;g57v2.b ;g58v2.b 0
$#cec.7 0
;g58v1.b ;g67v1.b 0
$#ced.7 0
;g67v2.b ;g68v1.b 0
$#cee.7 0
;g68v2.b ;g59v2.b 0
$#1095.7 0
;g69v2.b ;g59v1.b 0
$#cf1.7 0
;g61v2.b ;g69v1.b 0
$#cf2.7 0
;g62v2.b ;g61v1.b 0
$#cf3.7 0
;g63v1.b ;g62v1.b 0
$#cf4.7 0
;g64v2.b ;g63v2.b 0
$#cf5.7 0
;g65v2.b ;g64v1.b 0
$#cf6.7 0

EndMap
]]>
      </ElementMap2>
    </Property>
    <Property name="AddSubType" type="App::PropertyEnumeration">
      <Integer value="0"/>
    </Property>
    <Property name="AllowMultiFace" type="App::PropertyBool">
      <Bool value="true"/>
    </Property>
    <Property name="AlongSketchNormal" type="App::PropertyBool">
      <Bool value="false"/>
    </Property>
    <Property name="AutoTaperInnerAngle" type="App::PropertyBool">
      <Bool value="true"/>
    </Property>
    <Property name="BaseFeature" type="App::PropertyLink" status="8">
      <Link value=""/>
    </Property>
    <Property name="CheckUpToFaceLimits" type="App::PropertyBool">
      <Bool value="true"/>
    </Property>
    <Property name="ClaimChildren" type="App::PropertyBool" status="134217728">
      <Bool value="false"/>
    </Property>
    <Property name="ColoredElements" type="App::PropertyLinkSubHidden" status="218103808">
      <LinkSub value="" count="0">
      </LinkSub>
    </Property>
    <Property name="Direction" type="App::PropertyVector" status="4">
      <PropertyVector valueX="1" valueY="-3e-16" valueZ="4e-16"/>
    </Property>
    <Property name="ExpressionEngine" type="App::PropertyExpressionEngine" status="67108864">
      <ExpressionEngine count="0"></ExpressionEngine>
    </Property>
    <Property name="Fit" type="App::PropertyDistance">
      <Float value="0"/>
    </Property>
    <Property name="FitJoin" type="App::PropertyEnumeration">
      <Integer value="0"/>
    </Property>
    <Property name="FixShape" type="App::PropertyEnumeration">
      <Integer value="0"/>
    </Property>
    <Property name="InnerFit" type="App::PropertyDistance">
      <Float value="0"/>
    </Property>
    <Property name="InnerFitJoin" type="App::PropertyEnumeration">
      <Integer value="0"/>
    </Property>
    <Property name="InvalidShape" type="App::PropertyBool" status="67108864">
      <Bool value="false"/>
    </Property>
    <Property name="Label" type="App::PropertyString" status="134217728">
      <String value="Pad"/>
    </Property>
    <Property name="Label2" type="App::PropertyString" status="128">
      <String value=""/>
    </Property>
    <Property name="Length" type="App::PropertyLength">
      <Float value="2.45"/>
    </Property>
    <Property name="Length2" type="App::PropertyLength" status="4">
      <Float value="10"/>
    </Property>
    <Property name="Linearize" type="App::PropertyBool">
      <Bool value="true"/>
    </Property>
    <Property name="Midplane" type="App::PropertyBool">
      <Bool value="false"/>
    </Property>
    <Property name="NewSolid" type="App::PropertyBool">
      <Bool value="false"/>
    </Property>
    <Property name="Offset" type="App::PropertyLength" status="4">
      <Float value="0"/>
    </Property>
    <Property name="Placement" type="App::PropertyPlacement" status="8388620">
      <PropertyPlacement Px="0" Py="0" Pz="0" Q0="0" Q1="0" Q2="0" Q3="1" A="0" Ox="0" Oy="0" Oz="1"/>
    </Property>
    <Property name="Profile" type="App::PropertyLinkSub">
      <LinkSub value="Sketch001" count="1">
        <Sub value=""/>
      </LinkSub>
    </Property>
    <Property name="ReferenceAxis" type="App::PropertyLinkSub">
      <LinkSub value="Sketch001" count="1">
        <Sub value="N_Axis"/>
      </LinkSub>
    </Property>
    <Property name="Refine" type="App::PropertyBool">
      <Bool value="false"/>
    </Property>
    <Property name="Reversed" type="App::PropertyBool">
      <Bool value="false"/>
    </Property>
    <Property name="Shape" type="Part::PropertyPartShape">
      <Part HasherIndex="0" ElementMap="1.15.70200.4" brep="1">
<![CDATA[

CASCADE Topology V1, (c) Matra-Datavision
Locations 6
1
              1               0               0               0 
              0               1               0               0 
              0               0               1               0 
1
              1               0               0               0 
              0               1               0               0 
              0               0               1               0 
1
2.22044604925031e-16 -3.33066907387547e-16               1               0 
              1 3.33066907387547e-16 -2.22044604925031e-16               0 
-3.33066907387547e-16               1 3.33066907387547e-16               0 
2  2 1 3 1 0
1
              1               0               0            2.45 
              0               1               0 -8.1601392309949e-16 
              0               0               1 9.52016243616072e-16 
2  2 1 3 1 5 1 0
Curve2ds 0
Curves 24
1 -1.330523868787845e-14 -40.256283787050414 13.110122806502995 1 -3.3306690738754696e-16 3.8857805861880479e-16 
1 -6.3861278863805499e-15 -20.099877071192676 5.7737907321674049 1 -3.3306690738754696e-16 3.8857805861880479e-16 
1 -40.256283787050421 13.11012280650298 0 0.93969262078590865 -0.34202014332566821 0 
1 -1.2357091537882807e-14 -41.624364360353091 9.3513523233593645 1 -3.3306690738754696e-16 3.8857805861880479e-16 
1 -40.256283787050421 13.11012280650298 0 -0.34202014332566799 -0.93969262078590865 0 
1 -5.2681125372052014e-15 -20.973106122531689 1.8349090246476698 1 -3.3306690738754696e-16 3.8857805861880479e-16 
1 -20.973106122531689 1.8349090246476629 0 -0.93969262078590865 0.34202014332566838 0 
1 -1.8838813763781028e-15 -7.5 0.65616497644442939 1 -3.3306690738754696e-16 3.8857805861880479e-16 
1 -20.973106122531689 1.8349090246476629 0 0.99619469809174555 -0.087155742747657763 0 
1 5.5466782398352382e-32 -5.5466782398352414e-32 -1.6653345369377348e-16 1 -3.3306690738754696e-16 3.8857805861880479e-16 
1 -7.5 0.65616497644442684 0 0.99619469809174555 -0.087155742747657763 0 
1 1.2248694207860942e-15 7.5 1.3224523553134853 1 -3.3306690738754696e-16 3.8857805861880479e-16 
1 7.5 1.322452355313487 0 -0.98480775301220813 -0.17364817766693036 0 
1 3.3860901499060835e-15 20.733374262864071 3.6558532836694106 1 -3.3306690738754696e-16 3.8857805861880479e-16 
1 20.733374262864071 3.6558532836694182 0 -0.98480775301220813 -0.17364817766693036 0 
1 4.7152486436872137e-15 40.650947029785335 12.943569996744225 1 -3.3306690738754696e-16 3.8857805861880479e-16 
1 40.650947029785328 12.943569996744239 0 -0.90630778703665005 -0.42261826174069927 0 
1 3.1324436967597501e-15 38.960473982822535 16.568801144890827 1 -3.3306690738754696e-16 3.8857805861880479e-16 
1 38.960473982822528 16.568801144890841 0 0.42261826174069983 -0.90630778703664983 0 
1 1.8351348896177541e-15 19.520171950886393 7.5036394305528455 1 -3.3306690738754696e-16 3.8857805861880479e-16 
1 38.960473982822528 16.568801144890841 0 -0.90630778703665016 -0.42261826174069894 0 
1 -1.381560849096161e-15 -0.17598310935777145 4.030675877214243 1 -3.3306690738754696e-16 3.8857805861880479e-16 
1 -0.1759831093577725 4.030675877214243 0 0.98480775301220813 0.17364817766693044 0 
1 -20.09987707119268 5.7737907321673978 0 0.99619469809174566 -0.087155742747657763 0 
Polygon3D 0
PolygonOnTriangulations 0
Surfaces 13
1 -1.330523868787845e-14 -40.256283787050414 13.110122806502995 -2.5122834288167905e-16 0.34202014332566855 0.93969262078590854 3.225692681351001e-16 0.93969262078590854 -0.34202014332566855 -1 2.1719080711900255e-16 -3.464026072582087e-16 
1 -1.330523868787845e-14 -40.256283787050414 13.110122806502995 4.4588203840207505e-16 0.93969262078590854 -0.34202014332566832 2.3703678749891097e-16 -0.34202014332566832 -0.93969262078590854 -1 3.3792070519357547e-16 -3.7524235874814295e-16 
1 -5.2681125372052014e-15 -20.973106122531689 1.8349090246476698 2.51228342881679e-16 -0.34202014332566871 -0.93969262078590854 -3.225692681351003e-16 -0.93969262078590854 0.34202014332566871 -1 2.171908071190027e-16 -3.4640260725820875e-16 
1 -5.2681125372052014e-15 -20.973106122531689 1.8349090246476698 -3.5807070809280973e-16 0.087155742747658096 0.99619469809174555 2.5022835186422034e-16 0.99619469809174555 -0.087155742747658096 -1 2.1806823891936339e-16 -3.7851697880726261e-16 
1 -1.8838813763781028e-15 -7.5 0.65616497644442939 -3.5807070809280973e-16 0.087155742747658096 0.99619469809174555 2.5022835186422034e-16 0.99619469809174555 -0.087155742747658096 -1 2.1806823891936339e-16 -3.7851697880726261e-16 
1 1.2248694207860944e-15 7.5 1.3224523553134846 4.4051114628723889e-16 0.17364817766693 -0.98480775301220813 -1.6083478693569576e-16 -0.98480775301220813 -0.17364817766693 -1 2.3488530292308924e-16 -4.0589012449513533e-16 
1 3.3860901499060835e-15 20.733374262864071 3.6558532836694111 4.4051114628723889e-16 0.17364817766693 -0.98480775301220813 -1.6083478693569576e-16 -0.98480775301220813 -0.17364817766693 -1 2.3488530292308924e-16 -4.0589012449513533e-16 
1 4.7152486436872137e-15 40.650947029785335 12.943569996744225 4.9293147784128217e-16 0.422618261740699 -0.90630778703665016 -6.0480597069557026e-17 -0.90630778703665016 -0.422618261740699 -1 2.6313588041132211e-16 -4.2118743204046216e-16 
1 3.1324436967597501e-15 38.960473982822535 16.568801144890827 1.3764094808549358e-16 0.90630778703664994 0.42261826174069955 3.957012367318656e-16 0.42261826174069955 -0.90630778703664994 -1 2.9197563190125621e-16 -3.0045753396588949e-16 
1 3.1324436967597501e-15 38.960473982822535 16.568801144890827 4.9293147784128217e-16 0.42261826174069872 -0.90630778703665038 -6.0480597069556964e-17 -0.90630778703665038 -0.42261826174069872 -1 2.6313588041132186e-16 -4.2118743204046221e-16 
1 -1.3815608490961608e-15 -0.17598310935777117 4.030675877214243 -4.4051114628723899e-16 -0.17364817766693011 0.98480775301220824 1.6083478693569579e-16 0.98480775301220824 0.17364817766693011 -1 2.3488530292308929e-16 -4.0589012449513533e-16 
1 -6.3861278863805499e-15 -20.099877071192676 5.7737907321674049 -3.5807070809280978e-16 0.087155742747658096 0.99619469809174566 2.502283518642195e-16 0.99619469809174566 -0.087155742747658096 -1 2.1806823891936248e-16 -3.7851697880726251e-16 
1 -2.210365351789324e-15 -0.28155615996142735 6.4486962764730862 1 0 3.3306690738754706e-16 -3.3306690738754706e-16 0 1 0 -1 0 
Triangulations 0

TShapes 64
Ve
1e-07
-40.2562837870504 13.110122806503 0
0 0

0101101
*
Ed
 1e-07 1 1 0
1  1 0 0 2.45
0

0101000
+64 4 -64 6 *
Ve
1e-07
-20.0998770711927 5.7737907321674 0
0 0

0101101
*
Ed
 1e-07 1 1 0
1  2 0 0 2.45
0

0101000
+62 4 -62 6 *
Ed
 1e-07 1 1 0
1  3 0 0 21.45
0

0101000
+64 0 -62 0 *
Wi

0101100
+63 0 -61 0 -60 4 +60 6 *
Fa
0  1e-07 1 0

0101000
+59 0 *
Ve
1e-07
-41.6243643603531 9.35135232335935 0
0 0

0101101
*
Ed
 1e-07 1 1 0
1  4 0 0 2.45
0

0101000
+57 4 -57 6 *
Ed
 1e-07 1 1 0
1  5 0 0 4
0

0101000
+64 0 -57 0 *
Wi

0101100
+63 0 -56 0 -55 4 +55 6 *
Fa
0  1e-07 2 0

0101000
+54 0 *
Ve
1e-07
-20.9731061225317 1.83490902464766 0
0 0

0101101
*
Ed
 1e-07 1 1 0
1  6 0 0 2.45
0

0101000
+52 4 -52 6 *
Ed
 1e-07 1 1 0
1  7 0 0 21.9766099903496
0

0101000
+52 0 -57 0 *
Wi

0101100
+51 0 -56 0 -50 4 +50 6 *
Fa
0  1e-07 3 0

0101000
+49 0 *
Ve
1e-07
-7.5 0.656164976444427 0
0 0

0101101
*
Ed
 1e-07 1 1 0
1  8 0 0 2.45
4 C2 4 0 5 0
0

0101000
+47 4 -47 6 *
Ed
 1e-07 1 1 0
1  9 0 0 13.524571199124
0

0101000
+52 0 -47 0 *
Wi

0101100
+51 0 -46 0 -45 4 +45 6 *
Fa
0  1e-07 4 0

0101000
+44 0 *
Ve
1.00000000055511e-07
0 -1.66533453693773e-16 0
0 0

0101101
*
Ed
 1.00000000055511e-07 1 1 0
1  10 0 0 2.45
0

0101000
+42 4 -42 6 *
Ed
 1e-07 1 1 0
1  11 0 0 7.52864878157511
0

0101000
+47 0 -42 0 *
Wi

0101100
+46 0 -41 0 -40 4 +40 6 *
Fa
0  1e-07 5 0

0101000
+39 0 *
Ve
1.00000000555112e-07
7.5 1.32245235531349 0
0 0

0101101
*
Ed
 1.00000000555112e-07 1 1 0
1  12 0 0 2.45
4 C2 6 0 7 0
0

0101000
+37 4 -37 6 *
Ed
 1e-07 1 1 0
1  13 0 0 7.61569958914309
0

0101000
+37 0 -42 0 *
Wi

0101100
+36 0 -41 0 -35 4 +35 6 *
Fa
0  1e-07 6 0

0101000
+34 0 *
Ve
1.00000000444089e-07
20.7333742628641 3.65585328366942 0
0 0

0101101
*
Ed
 1.00000000444089e-07 1 1 0
1  14 0 0 2.45
0

0101000
+32 4 -32 6 *
Ed
 1e-07 1 1 0
1  15 0 0 13.4375203915561
0

0101000
+32 0 -37 0 *
Wi

0101100
+31 0 -36 0 -30 4 +30 6 *
Fa
0  1e-07 7 0

0101000
+29 0 *
Ve
1e-07
40.6509470297853 12.9435699967442 0
0 0

0101101
*
Ed
 1e-07 1 1 0
1  16 0 0 2.45
0

0101000
+27 4 -27 6 *
Ed
 1e-07 1 1 0
1  17 0 0 21.9766099903496
0

0101000
+27 0 -32 0 *
Wi

0101100
+26 0 -31 0 -25 4 +25 6 *
Fa
0  1e-07 8 0

0101000
+24 0 *
Ve
1e-07
38.9604739828225 16.5688011448908 0
0 0

0101101
*
Ed
 1e-07 1 1 0
1  18 0 0 2.45
0

0101000
+22 4 -22 6 *
Ed
 1e-07 1 1 0
1  19 0 0 4
0

0101000
+22 0 -27 0 *
Wi

0101100
+21 0 -26 0 -20 4 +20 6 *
Fa
0  1e-07 9 0

0101000
+19 0 *
Ve
1e-07
19.5201719508864 7.50363943055285 0
0 0

0101101
*
Ed
 1e-07 1 1 0
1  20 0 0 2.45
0

0101000
+17 4 -17 6 *
Ed
 1e-07 1 1 0
1  21 0 0 21.45
0

0101000
+22 0 -17 0 *
Wi

0101100
+21 0 -16 0 -15 4 +15 6 *
Fa
0  1e-07 10 0

0101000
+14 0 *
Ve
1.00000000277556e-07
-0.175983109357773 4.03067587721424 0
0 0

0101101
*
Ed
 1.00000000277556e-07 1 1 0
1  22 0 0 2.45
0

0101000
+12 4 -12 6 *
Ed
 1e-07 1 1 0
1  23 0 0 20
0

0101000
+12 0 -17 0 *
Wi

0101100
+11 0 -16 0 -10 4 +10 6 *
Fa
0  1e-07 11 0

0101000
+9 0 *
Ed
 1e-07 1 1 0
1  24 0 0 20
0

0101000
+62 0 -12 0 *
Wi

0101100
+61 0 -11 0 -7 4 +7 6 *
Fa
0  1e-07 12 0

0101000
+6 0 *
Wi

0101100
-60 0 +55 0 -50 0 +45 0 +40 0 -35 0 -30 0 -25 0 -20 0 +15 0 
-10 0 -7 0 *
Fa
0  1e-07 13 0

0101000
+4 4 *
Sh

0101100
-58 0 +53 0 -48 0 +43 0 +38 0 -33 0 -28 0 -23 0 -18 0 +13 0 
-8 0 -5 0 +3 0 -3 5 *
So

1100000
-2 0 *

+1 1 ]]>
      </Part>
      <ElementMap new="1" count="1"><Element key="Dummy" value="Dummy"/></ElementMap>
      <ElementMap2 count="86">
<![CDATA[
6 PostfixCount 11
Edge
Face
Vertex
;:G;XTR;:Heda:7,E
;:G;XTR;:Heda:7,F
;:U;XTR;:Heda:7,E
;:U;XTR;:Heda:7,V
;FAC;:Heda:4,F
;:G0;XTR;:Heda:8,F
;SKT;:Heda,E
;SKT;:Heda,V

MapCount 1

ElementMap 1 6 3

Edge

ChildCount 0

NameCount 37
0
$#cc3.4 0
$#cc4.4 0
;g66.a 0
$#cdd.6 0
$#cc5.4 0
;g57.a 0
$#cde.6 0
$#cc6.4 0
;g58.a 0
$#cdf.6 0
$#cc7.4 0
;g67.a 0
$#ce0.6 0
$#1090.4 0
;g68.a 0
$#1093.6 0
$#cca.4 0
;g59.a 0
$#1094.6 0
$#ccb.4 0
;g69.a 0
$#ce4.6 0
$#ccc.4 0
;g61.a 0
$#ce5.6 0
$#ccd.4 0
;g62.a 0
$#ce6.6 0
$#cce.4 0
;g63.a 0
$#ce7.6 0
$#ccf.4 0
;g64.a 0
$#ce8.6 0
;g65.a 0
$#ce9.6 0

Face

ChildCount 0

NameCount 15
0
$#cd0.5 0
$#cc1.5 0
$#cd1.5 0
$#cd2.5 0
$#1091.5 0
$#1092.5 0
$#cd6.5 0
$#cd7.5 0
$#cd8.5 0
$#cd9.5 0
$#cda.5 0
$#cdb.5 0
$#cc1.8 0
$#cdc.9 0

Vertex

ChildCount 0

NameCount 25
0
;g57v1.b ;g66v1.b 0
$#cea.7 0
;g66v2.b ;g65v1.b 0
$#ceb.7 0
;g57v2.b ;g58v2.b 0
$#cec.7 0
;g58v1.b ;g67v1.b 0
$#ced.7 0
;g67v2.b ;g68v1.b 0
$#cee.7 0
;g68v2.b ;g59v2.b 0
$#1095.7 0
;g69v2.b ;g59v1.b 0
$#cf1.7 0
;g61v2.b ;g69v1.b 0
$#cf2.7 0
;g62v2.b ;g61v1.b 0
$#cf3.7 0
;g63v1.b ;g62v1.b 0
$#cf4.7 0
;g64v2.b ;g63v2.b 0
$#cf5.7 0
;g65v2.b ;g64v1.b 0
$#cf6.7 0

EndMap
]]>
      </ElementMap2>
    </Property>
    <Property name="Suppress" type="App::PropertyBool">
      <Bool value="false"/>
    </Property>
    <Property name="SuppressedShape" type="Part::PropertyPartShape">
      <Part ElementMap="0.15.70200.4" brep="1">
<![CDATA[

CASCADE Topology V1, (c) Matra-Datavision
Locations 0
Curve2ds 0
Curves 0
Polygon3D 0
PolygonOnTriangulations 0
Surfaces 0
Triangulations 0

TShapes 0

*]]>
      </Part>
      <ElementMap/>
    </Property>
    <Property name="TaperAngle" type="App::PropertyAngle" status="4">
      <Float value="0"/>
    </Property>
    <Property name="TaperAngle2" type="App::PropertyAngle" status="4">
      <Float value="0"/>
    </Property>
    <Property name="TaperAngleRev" type="App::PropertyAngle" status="4">
      <Float value="0"/>
    </Property>
    <Property name="TaperInnerAngle" type="App::PropertyAngle">
      <Float value="0"/>
    </Property>
    <Property name="TaperInnerAngleRev" type="App::PropertyAngle">
      <Float value="0"/>
    </Property>
    <Property name="TreeRank" type="App::PropertyInteger" status="2184">
      <Integer value="15"/>
    </Property>
    <Property name="Type" type="App::PropertyEnumeration">
      <Integer value="0"/>
    </Property>
    <Property name="UpToFace" type="App::PropertyLinkSub" status="4">
      <LinkSub value="" count="0">
      </LinkSub>
    </Property>
    <Property name="UseCustomVector" type="App::PropertyBool">
      <Bool value="false"/>
    </Property>
    <Property name="UsePipeForDraft" type="App::PropertyBool">
      <Bool value="false"/>
    </Property>
    <Property name="ValidateShape" type="App::PropertyBool">
      <Bool value="true"/>
    </Property>
    <Property name="Visibility" type="App::PropertyBool" status="648">
      <Bool value="false"/>
    </Property>
    <Property name="_ProfileBasedVersion" type="App::PropertyInteger" status="67108864">
      <Integer value="1"/>
    </Property>
    <Property name="_Siblings" type="App::PropertyLinkList" status="218103808">
      <LinkList count="0">
      </LinkList>
    </Property>
  </Properties>
</Object>
</Document>
