<?xml version='1.0' encoding='utf-8'?>
<!-- FreeCAD DocumentObject -->
<Document SchemaVersion="4" FileVersion="2">
<Object name="_Element077" Extensions="True">
  <Extensions Count="1">
    <Extension type="App::LinkBaseExtensionPython" name="LinkBaseExtensionPython">
    </Extension>
  </Extensions>
  <Properties Count="19" TransientCount="1">
    <_Property name="_ElementMapVersion" type="App::PropertyString" status="234881024"/>
    <Property name="ColoredElements" type="App::PropertyLinkSubHidden" status="218103808">
      <LinkSub value="" count="0">
      </LinkSub>
    </Property>
    <Property name="Detach" type="App::PropertyBool" group=" Link" attr="0" ro="0" hide="0" doc="" status="2097152">
      <Bool value="false"/>
    </Property>
    <Property name="ExpressionEngine" type="App::PropertyExpressionEngine" status="67108864">
      <ExpressionEngine count="0"></ExpressionEngine>
    </Property>
    <Property name="FixShape" type="App::PropertyEnumeration">
      <Integer value="1"/>
    </Property>
    <Property name="InvalidShape" type="App::PropertyBool" status="67108864">
      <Bool value="false"/>
    </Property>
    <Property name="Label" type="App::PropertyString" status="134217728">
      <String value="_Element077"/>
    </Property>
    <Property name="Label2" type="App::PropertyString" status="128">
      <String value=""/>
    </Property>
    <Property name="LinkTransform" type="App::PropertyBool" group=" Link" attr="0" ro="0" hide="0" doc="" status="2097418">
      <Bool value="true"/>
    </Property>
    <Property name="LinkedObject" type="App::PropertyXLink" group=" Link" attr="0" ro="0" hide="0" doc="" status="2097412">
      <XLink file="" stamp="" name="Link017" sub="Box003.Face48" shadow="Box003.;#7203;:H8a6,F.Face48"/>
    </Property>
    <Property name="Offset" type="App::PropertyPlacement" group=" Link" attr="0" ro="0" hide="0" doc="" status="2097152">
      <PropertyPlacement Px="0" Py="0" Pz="0" Q0="0" Q1="0" Q2="0" Q3="1" A="0" Ox="0" Oy="0" Oz="1"/>
    </Property>
    <Property name="Placement" type="App::PropertyPlacement" status="8388872">
      <PropertyPlacement Px="0" Py="0" Pz="0" Q0="0" Q1="0" Q2="0" Q3="1" A="0" Ox="0" Oy="0" Oz="1"/>
    </Property>
    <Property name="Proxy" type="App::PropertyPythonObject">
      <Python  module="freecad.asm3.assembly" class="AsmElement" value="null"/>
    </Property>
    <Property name="Shape" type="Part::PropertyPartShape">
      <Part HasherIndex="0" ElementMap="1.15.70200.4" brep="1">
<![CDATA[

CASCADE Topology V1, (c) Matra-Datavision
Locations 19
1
              1               0               0               0 
              0               1               0               0 
              0               0               1               0 
1
-0.109609163955816 0.992695296209552 0.0504170612029095 -14.3748527310904 
0.993960792649396 0.109735467277819 0.000264380604386053 -74.9563452006012 
-0.00527009038749262 0.0501415606533099 -0.998728216304395 12.558784892454 
1
              1               0               0              -0 
              0               1               0              -0 
              0               0               1              -0 
1
              1               0               0               0 
              0               1               0               0 
              0               0               1               0 
1
              1               0               0               0 
              0               1               0               0 
              0               0               1               0 
1
              1               0               0             -22 
              0               1               0             -50 
              0               0               1             -10 
1
              1               0               0             -22 
              0               1               0             -50 
              0               0               1             -10 
1
              1               0               0               0 
              0               1               0               0 
              0               0               1               0 
2  3 1 4 1 5 1 6 -1 7 1 8 1 0
2  8 -1 7 -1 6 1 5 -1 4 -1 3 -1 0
1
              1               0               0               0 
              0               1               0               0 
              0               0               1               0 
1
-0.104528463267654 -6.07071206434638e-17 0.994521895368273 11.0839922473176 
0.994521895368273 4.94363466807197e-17 0.104528463267654  1.164974528845 
-5.55111512312578e-17               1 5.52070553365854e-17 -1.49880108324396e-16 
2  11 1 12 1 0
2  12 -1 11 -1 0
2  8 -1 7 -1 6 1 5 -1 4 -1 3 -1 12 -1 11 -1 0
1
              1               0               0 -14.9178284305241 
              0               1               0 -1.5679269490148 
              0               0               1 -8.32667268468867e-16 
2  11 1 12 1 16 1 0
2  16 -1 12 -1 11 -1 0
2  8 -1 7 -1 6 1 5 -1 4 -1 3 -1 16 -1 12 -1 11 -1 0
Curve2ds 4
1 0 0 -1.1102230246251563e-16 -1 
1 3.8000000000000007 1.609823385706477e-15 -1.1102230246251563e-16 -1 
1 7.8780577035208119e-16 1.599247186225534e-14 1 5.4123372450476381e-16 
1 -1.7763568394002505e-15 -14.999999999999984 1 5.4123372450476381e-16 
Curves 4
1 12.035201263053235 -7.8851747190062884 0.34999999999999948 -0.9945218953682734 -0.1045284632676534 5.5511151231257821e-17 
1 12.43240942347032 -11.664357921405728 0.34999999999999942 -0.9945218953682734 -0.1045284632676534 5.5511151231257821e-17 
1 -9.1000000000000014 0.34999999999999926 3.8644938735609743e-17 -1 -1.1102230246251563e-16 -3.0646071978216101e-33 
1 -9.1000000000000014 0.35000000000000092 3.8644938735609743e-17 -1 -1.1102230246251563e-16 -3.0646071978216101e-33 
Polygon3D 0
PolygonOnTriangulations 0
Surfaces 1
1 12.035201263053235 -7.8851747190062884 0.34999999999999964 -6.1009550669007073e-17 4.9404560004163692e-17 -1 0.10452846326765351 -0.9945218953682734 -5.5511151231257821e-17 0.9945218953682734 0.10452846326765351 -5.5511151231257821e-17 
Triangulations 0

TShapes 12
Ve
1.00000000166533e-07
12.0352012630532 -7.88517471900629 0.349999999999999
0 0

0101101
*
Ve
1.00000000166533e-07
-2.88262716747086 -9.45310166802109 0.35
0 0

0101101
*
Ed
 1.00000000166533e-07 1 1 0
1  1 0 0 15
2  1 1 0 0 15
0

0101000
+12 10 -11 10 *
Ve
1e-07
12.4324094234703 -11.6643579214057 0.349999999999999
0 0

0101101
*
Ve
1e-07
-2.48541900705378 -13.2322848704205 0.35
0 0

0101101
*
Ed
 1e-07 1 1 0
1  2 0 0 15
2  2 1 0 0 15
0

0101000
+9 10 -8 10 *
Ed
 1e-07 1 1 0
1  3 0 0 3.8
2  3 1 14 0 3.8
0

0101000
+12 15 -9 15 *
Ed
 1e-07 1 1 0
1  4 0 0 3.8
2  4 1 18 0 3.8
0

0101000
+11 19 -8 19 *
Wi

0101100
+10 0 -7 0 -6 13 +5 17 *
Fa
0  1e-07 1 0

0101000
+4 0 *
Co

0100000
+3 9 *
Co

1100000
+2 2 *

+1 1 ]]>
      </Part>
      <ElementMap new="1" count="1"><Element key="Dummy" value="Dummy"/></ElementMap>
      <ElementMap2 count="9">
<![CDATA[
63 PostfixCount 3
Edge
Face
Vertex

MapCount 1

ElementMap 1 63 3

Edge

ChildCount 0

NameCount 5
0
;#95;:X;:H8a7:3,E.0 0
;#96;:X;:H8a7:3,E.0 0
;#97;:X;:H8a7:3,E.0 0
;#98;:X;:H8a7:3,E.0 0

Face

ChildCount 0

NameCount 2
0
;#9a;:X;:H8a7:3,F.0 0

Vertex

ChildCount 0

NameCount 5
0
;#90;:X;:H8a7:3,V.0 0
;#91;:X;:H8a7:3,V.0 0
;#92;:X;:H8a7:3,V.0 0
;#93;:X;:H8a7:3,V.0 0

EndMap
]]>
      </ElementMap2>
    </Property>
    <Property name="TreeRank" type="App::PropertyInteger" status="2184">
      <Integer value="350"/>
    </Property>
    <Property name="ValidateShape" type="App::PropertyBool">
      <Bool value="false"/>
    </Property>
    <Property name="Visibility" type="App::PropertyBool" status="648">
      <Bool value="false"/>
    </Property>
    <Property name="_LinkOwner" type="App::PropertyInteger" status="201326592">
      <Integer value="0"/>
    </Property>
    <Property name="_LinkVersion" type="App::PropertyInteger" status="83886080">
      <Integer value="1"/>
    </Property>
    <Property name="_Parent" type="App::PropertyLinkHidden" group=" Link" attr="0" ro="0" hide="0" doc="" status="2097162">
      <Link value="Elements004"/>
    </Property>
  </Properties>
</Object>
</Document>
