<?xml version='1.0' encoding='utf-8'?>
<!-- FreeCAD DocumentObject -->
<Document SchemaVersion="4" FileVersion="2">
<Object name="Body" Extensions="True">
  <Extensions Count="1">
    <Extension type="App::OriginGroupExtension" name="OriginGroupExtension">
    </Extension>
  </Extensions>
  <Properties Count="21" TransientCount="2">
    <_Property name="_ElementMapVersion" type="App::PropertyString" status="234881024"/>
    <_Property name="_GroupTouched" type="App::PropertyBool" status="100663424"/>
    <Property name="AutoGroupSolids" type="App::PropertyBool" status="134217728">
      <Bool value="false"/>
    </Property>
    <Property name="BaseFeature" type="App::PropertyLink">
      <Link value=""/>
    </Property>
    <Property name="ClaimAllChildren" type="App::PropertyBool" status="8">
      <Bool value="false"/>
    </Property>
    <Property name="ColoredElements" type="App::PropertyLinkSubHidden" status="218103808">
      <LinkSub value="" count="0">
      </LinkSub>
    </Property>
    <Property name="ExportMode" type="App::PropertyEnumeration" status="8">
      <Integer value="0"/>
    </Property>
    <Property name="ExpressionEngine" type="App::PropertyExpressionEngine" status="67108864">
      <ExpressionEngine count="0"></ExpressionEngine>
    </Property>
    <Property name="FixShape" type="App::PropertyEnumeration">
      <Integer value="1"/>
    </Property>
    <Property name="Group" type="App::PropertyLinkList">
      <LinkList count="11">
        <Link value="Sketch032"/>
        <Link value="Pad"/>
        <Link value="Sketch002"/>
        <Link value="Pipe"/>
        <Link value="Boolean"/>
        <Link value="Sketch"/>
        <Link value="Pad001"/>
        <Link value="Pad002"/>
        <Link value="Mirrored"/>
        <Link value="Box003"/>
        <Link value="Sketch033"/>
      </LinkList>
    </Property>
    <Property name="InvalidShape" type="App::PropertyBool" status="67108864">
      <Bool value="false"/>
    </Property>
    <Property name="Label" type="App::PropertyString" status="134217728">
      <String value="board-thumb"/>
    </Property>
    <Property name="Label2" type="App::PropertyString" status="128">
      <String value=""/>
    </Property>
    <Property name="Origin" type="App::PropertyLink" status="67108864">
      <Link value="Origin"/>
    </Property>
    <Property name="Placement" type="App::PropertyPlacement" status="8388608">
      <PropertyPlacement Px="0" Py="0" Pz="0" Q0="0" Q1="0" Q2="0" Q3="1" A="0" Ox="0" Oy="0" Oz="1"/>
    </Property>
    <Property name="Shape" type="Part::PropertyPartShape">
      <Part HasherIndex="0" ElementMap="1.15.70200.4" brep="1">
<![CDATA[

CASCADE Topology V1, (c) Matra-Datavision
Locations 60
1
              1               0               0               0 
              0               1               0               0 
              0               0               1               0 
1
              1               0               0              -0 
              0               1               0              -0 
              0               0               1              -0 
1
              1               0               0               0 
              0               1               0               0 
              0               0               1               0 
1
              1               0               0               0 
              0               1               0               0 
              0               0               1               0 
1
              1               0               0             -22 
              0               1               0             -50 
              0               0               1             -10 
2  2 1 3 1 4 1 5 -1 0
1
              1               0               0               0 
              0               1               0               0 
              0               0               1               0 
1
              1               0               0               0 
              0               1               0               0 
              0               0               1               0 
2  7 1 8 1 0
1
              1               0               0             -22 
              0               1               0             -50 
              0               0               1             -10 
2  10 -1 5 1 4 -1 3 -1 2 -1 8 -1 7 -1 0
2  10 -1 5 1 4 -1 3 -1 2 -1 0
2  7 1 8 1 2 1 3 1 4 1 5 -1 0
2  10 -1 5 1 4 -1 3 -1 2 -1 8 -1 0
1
              1               0               0               0 
              0               1               0               0 
              0               0               1               0 
2  7 1 8 1 15 1 4 1 5 -1 0
2  10 -1 5 1 4 -1 15 -1 8 -1 7 -1 0
1
              1               0               0               0 
              0               1               0               0 
              0               0               1               0 
1
              1               0               0               0 
              0               1               0               0 
              0               0               1               0 
1
              1               0               0               0 
              0               1               0               0 
              0               0               1               0 
1
              1               0               0               0 
              0               1               0               0 
              0               0               1               0 
1
0.190808525233316 -0.981627274834133               0 -1.97038674354553 
0.981627274834133 0.190808525233316               0 -22.8800430297852 
              0               0               1 -3.00000047683716 
1
              1               0               0               0 
              0               1               0               0 
              0               0               1               0 
1
              1               0               0               0 
              0               1               0               0 
              0               0               1               0 
1
              1               0               0               0 
              0               1               0               0 
              0               0               1               0 
2  18 1 19 1 20 1 21 1 22 1 23 1 24 1 25 1 8 1 15 1 4 1 5 -1 0
2  10 -1 5 1 4 -1 15 -1 8 -1 25 -1 24 -1 23 -1 22 -1 21 -1 20 -1 19 -1 18 -1 0
1
              1               0               0               0 
              0               1               0               0 
              0               0               1               0 
1
              1               0               0               0 
              0               1               0               0 
              0               0               1              -3 
1
              1               0               0               0 
              0               1               0               0 
              0               0               1               6 
1
              1               0               0            -2.5 
              0               1               0            -7.5 
              0               0               1              -3 
1
              1               0               0            -2.5 
              0               1               0            -7.5 
              0               0               1              -3 
1
              1               0               0              -9 
              0               1               0              -9 
              0               0               1               3 
1
-4.44089209850063e-16               1               0               0 
             -1 -4.44089209850063e-16               0               0 
              0               0               1              -3 
1
              1               0               0               0 
              0               1               0               0 
              0               0               1               0 
2  28 1 29 1 30 1 31 -1 32 1 33 -1 18 1 19 1 20 1 21 1 34 1 35 1 24 1 25 1 8 1 15 1 4 1 5 -1 0
2  10 -1 5 1 4 -1 15 -1 8 -1 25 -1 24 -1 35 -1 34 -1 21 -1 20 -1 19 -1 18 -1 33 1 32 -1 31 1 30 -1 29 -1 28 -1 0
2  10 -1 0
2  18 1 19 1 20 1 21 1 22 1 23 1 24 1 25 1 8 1 2 1 3 1 4 1 5 -1 0
2  28 1 29 1 30 1 31 -1 32 1 33 -1 18 1 19 1 20 1 21 1 22 1 23 1 24 1 25 1 8 1 2 1 3 1 4 1 5 -1 0
2  10 -1 5 1 4 -1 3 -1 2 -1 8 -1 25 -1 24 -1 23 -1 22 -1 21 -1 20 -1 19 -1 18 -1 33 1 32 -1 31 1 30 -1 29 -1 28 -1 0
2  31 -1 32 1 33 -1 18 1 19 1 20 1 21 1 34 1 35 1 24 1 25 1 8 1 2 1 3 1 4 1 5 -1 0
2  8 1 2 1 3 1 4 1 5 -1 0
2  10 -1 5 1 4 -1 3 -1 2 -1 8 -1 25 -1 24 -1 35 -1 34 -1 21 -1 20 -1 19 -1 18 -1 33 1 32 -1 31 1 0
2  32 1 33 -1 18 1 19 1 20 1 21 1 34 1 35 1 24 1 25 1 8 1 2 1 3 1 4 1 5 -1 0
2  10 -1 5 1 4 -1 3 -1 2 -1 8 -1 25 -1 24 -1 35 -1 34 -1 21 -1 20 -1 19 -1 18 -1 33 1 32 -1 0
2  31 -1 32 1 33 -1 18 1 19 1 20 1 21 1 22 1 23 1 24 1 25 1 0
2  10 -1 5 1 4 -1 3 -1 2 -1 8 -1 25 -1 24 -1 23 -1 22 -1 21 -1 20 -1 19 -1 18 -1 33 1 32 -1 31 1 0
2  28 1 29 1 30 1 31 -1 32 1 33 -1 18 1 19 1 20 1 21 1 22 1 23 1 24 1 25 1 0
2  32 1 33 -1 18 1 19 1 20 1 21 1 22 1 23 1 24 1 25 1 0
2  10 -1 5 1 4 -1 3 -1 2 -1 8 -1 25 -1 24 -1 23 -1 22 -1 21 -1 20 -1 19 -1 18 -1 33 1 32 -1 0
2  32 1 33 -1 18 1 19 1 20 1 21 1 34 1 35 1 24 1 25 1 0
2  32 1 33 -1 18 1 19 1 20 1 21 1 22 1 23 1 24 1 25 1 8 1 2 1 3 1 4 1 5 -1 0
1
              1               0               0               0 
              0               1               0               0 
              0               0               1               0 
1
-0.104528463267654 -6.07071206434638e-17 0.994521895368273 11.0839922473176 
0.994521895368273 4.94363466807198e-17 0.104528463267654  1.164974528845 
-5.55111512312578e-17               1 5.52070553365854e-17 -1.49880108324396e-16 
2  54 1 55 1 0
2  10 -1 5 1 4 -1 3 -1 2 -1 55 -1 54 -1 0
1
              1               0               0 -14.9178284305241 
              0               1               0 -1.5679269490148 
              0               0               1 -8.32667268468867e-16 
2  54 1 55 1 58 1 0
2  10 -1 5 1 4 -1 3 -1 2 -1 58 -1 55 -1 54 -1 0
Curve2ds 6
7 0 0  8 23 4  6.2831853071795862 -26.210403577310792  6.0868357663302239 -26.210403577310792  5.8904862254808332 -26.196259075835517  5.6941366846317862 -26.167971782801942  5.4977871437822259 -26.126699835971522  5.3014376029326336 -26.074778949928941  5.1050880620835111 -26.015449308148334  4.9087385212340511 -25.952417944653568  4.4178646691106467 -25.794838987467653  4.123340357840128 -25.700291270568414  3.8288160465556516 -25.618243931952748  3.5342917353020979 -25.561179542142781  3.2397674240085266 -25.538173539200216  2.945243112744059 -25.55118633793245  2.6507188014663901 -25.595537822280114  2.0616701789183036 -25.729248001318275  1.7671458676425331 -25.818607180517574  1.4726215563889795 -25.921626840659883  1.1780972450972271 -26.025334077741718  0.88357293384185454 -26.114933868841035  0.58904862254737367 -26.178578331091558  0.29452431127404388 -26.2104035773108  8.8817841970012523e-16 -26.2104035773108 
 3.141592653589794 9 4.712388980384679 7 7.0685834705770283 7 9.4247779607693793 9
1 6.2831853071795862 -49.999999999999979 -1 0 
1 0 0 0 -1 
1 6.2831853071795862 0 0 -1 
1 6.2831853071795862 -32.299999999999997 -1 0 
1 6.2831853071795862 -47.299999999999997 -1 0 
Curves 140
1 -34.421209926429931 -79.307186892801212 -8.8000000000000007 -1.4011846931031338e-16 -1.9896427468142203e-16 1 
1 -34.120685758711879 -77.761124078871163 -6 0.19080899537654469 0.98162718344766398 2.4651903288156619e-32 
1 -30.574999999999996 -59.520152169521182 -8.8000000000000043 -0 -5.2188275932056476e-16 -1 
1 -34.120685758711879 -77.761124078871163 -8.8000000000000007 0.19080899537654469 0.98162718344766398 2.4651903288156619e-32 
1 -34.120685758711879 -77.761124078871163 -8.8000000000000007 0.19080899537654469 0.98162718344766398 2.4651903288156619e-32 
3 -31.059518713219369 -62.012784861426688 -7.7499999999999991 0.98162718344766409 -0.19080899537654461 1.9907897184451596e-16 -0.19080899537654461 -0.98162718344766409 8.399828675508247e-16 3.5145043324507028e-17 -8.6253607503645565e-16 -1 1.0979763443115051 1.05
3 -31.059518713219369 -62.012784861426688 -7.7499999999999991 0.98162718344766409 -0.19080899537654461 1.9907897184451596e-16 -0.19080899537654461 -0.98162718344766409 8.399828675508247e-16 3.5145043324507028e-17 -8.6253607503645565e-16 -1 1.0979763443115051 1.05
1 -30.574999999999999 -59.671807420432344 -8.8000000000000007 0 1 0 
1 -30.574999999999999 -41.581863630230899 -8.1849242404917497 0 2.2326768868452908e-16 1 
1 -30.574999999999999 -59.671807420432344 -6 0 1 0 
1 -29.164632329646555 -41.433628014794969 -8.8000000000000007 0.9945218953682734 0.10452846326765322 -8.6281661508548166e-32 
1 -9.1996052801284662 -39.335219114696841 -8.8000000000000007 7.5824434432183093e-17 2.3123715787997611e-16 1 
1 -29.164632329646555 -41.433628014794969 -6 0.9945218953682734 0.10452846326765322 -8.6281661508548166e-32 
1 -9.0349729504819134 -40.901591099901864 -6 0.10452846326765326 -0.9945218953682734 4.7763062620803449e-32 
1 -6.0919740671811233 -68.9023550639956 -8.8000000000000043 1.222443970915568e-16 -2.1041928481270781e-16 1 
1 -9.0349729504819134 -40.901591099901864 -8.8000000000000007 0.10452846326765326 -0.9945218953682734 4.7763062620803449e-32 
1 -9.0349729504819134 -40.901591099901864 -8.8000000000000007 0.10452846326765326 -0.9945218953682734 4.7763062620803449e-32 
2 -7.0809855392439047 -59.492539469383345 -7.75 0.9945218953682734 0.10452846326765351 -5.5207055336585385e-17 -0.10452846326765351 0.9945218953682734 5.5511151231257815e-17 6.0707120643463738e-17 -4.9436346680719793e-17 1 1.05
2 -7.0809855392439047 -59.492539469383345 -7.75 0.9945218953682734 0.10452846326765351 -5.5207055336585385e-17 -0.10452846326765351 0.9945218953682734 5.5511151231257815e-17 6.0707120643463738e-17 -4.9436346680719793e-17 1 1.05
1 -7.6583460523861664 -69.066987393642151 -6 -0.9945218953682734 -0.10452846326765315 -2.4035605705952703e-31 
1 -19.132366544232571 -82.279036995790918 -6 -0.98162718344766398 0.19080899537654489 -2.8349688781380112e-31 
1 -14.889628977182348 -68.706372232578929 -6 -0.19080899537654464 -0.98162718344766409 1.8488927466117464e-32 
1 -30.295307520204318 -68.733030974117924 -6 0.19080852523331637 0.98162727483413326 0 
1 -21.264036447939507 -80.537119092529437 -6 -0.98162727483413326 0.19080852523331637 0 
1 -20.159991265681047 -76.16749848708416 -6 0.98162727483413326 -0.19080852523331637 0 
1 -15.216865995893235 -64.532959403545419 -6 -0.19080852523331637 -0.98162727483413326 -0 
1 -30.356801975846423 -66.42896534312446 -6 0.19080852523331637 0.98162727483413326 0 
1 -20.159991265681047 -76.16749848708416 -6 0.98162727483413326 -0.19080852523331637 0 
1 -19.205948639514467 -71.259362112913493 -6 0.98162727483413326 -0.19080852523331637 0 
1 -15.632392853334421 -69.291093221624209 -6 0.19080852523331637 0.98162727483413326 0 
1 -30.295307520204318 -68.733030974117924 -6 0.19080852523331637 0.98162727483413326 0 
1 -19.205948639514467 -71.259362112913493 -6 0.98162727483413326 -0.19080852523331637 0 
1 -25.464108018512007 -65.458677568218349 -6 0.98162727483413326 -0.19080852523331637 0 
1 -15.216865995893235 -64.532959403545419 -6 -0.19080852523331637 -0.98162727483413326 -0 
1 -15.232593430409814 -58.438842251799308 -6 0.9945218953682734 0.1045284632676534 0 
1 -9.7798815108622978 -59.644544601837808 -6 0.10452846326765364 -0.99452189536827329 0 
1 -14.835385269992731 -62.218025454198752 -6 -0.9945218953682734 -0.1045284632676534 -0 
1 -24.697709941386396 -61.212471550852605 -6 0.10452846326765364 -0.99452189536827329 0 
1 -15 -51.810828974527823 -6 -4.4408920985006262e-16 -1 -0 
1 -24.664578875956227 -43 -6 1 -4.4408920985006262e-16 0 
1 -24.914578875956231 -47.5 -6 -1 4.4408920985006262e-16 0 
1 -29.000000000000007 -58.810828974527823 -6 4.4408920985006262e-16 1 0 
1 -14.500000000000002 -54.060828974527823 -6 -4.4408920985006262e-16 -1 -0 
1 -24.914578875956231 -47.5 -6 -1 4.4408920985006262e-16 0 
1 -24.914578875956231 -52.5 -6 -1 4.4408920985006262e-16 0 
1 -29.5 -54.060828974527823 -6 -4.4408920985006262e-16 -1 -0 
1 -15 -51.810828974527823 -6 -4.4408920985006262e-16 -1 -0 
1 -24.914578875956231 -52.5 -6 -1 4.4408920985006262e-16 0 
1 -17.664578875956234 -57 -6 -1 4.4408920985006262e-16 0 
1 -29.000000000000007 -58.810828974527823 -6 4.4408920985006262e-16 1 0 
1 -29.274387216077592 -40.38938002465828 -10 0.9945218953682734 0.10452846326765322 8.6281661508548166e-32 
1 -8.2651121764228144 -38.181216238129117 -10.000000000000002 7.5824434432183093e-17 2.3123715787997611e-16 1 
1 -29.274387216077592 -40.38938002465828 -8.8000000000000007 0.99452189536827351 0.10452846326765286 -4.4408920985006257e-16 
1 -31.625 -40.636439383718169 -9.2349242404922407 0 2.2326768868452908e-16 1 
1 -7.9907249603452239 -40.791836213470823 -10 0.10452846326765326 -0.9945218953682734 -4.7763062620803449e-32 
1 -7.548591165955127 -70.111235383778833 -10 -0.9945218953682734 -0.10452846326765315 2.4035605705952703e-31 
1 -13.858920434562298 -68.906721677724306 -10 -0.19080899537654464 -0.98162718344766409 -1.8488927466117464e-32 
1 -19.332715989377942 -83.309745538410965 -10 -0.98162718344766398 0.19080899537654489 2.8349688781380112e-31 
1 -35.151394301331926 -77.560774633725799 -10 0.19080899537654469 0.98162718344766398 -2.4651903288156619e-32 
1 -31.625 -59.671807420432344 -10 0 1 0 
1 -62.279151296839622 3.055373784685111 -7 1 0 0 
1 -44.279151296839622 3.055373784685111 -7 0 1 0 
1 -62.279151296839622 21.055373784685116 -7 1 0 0 
1 -62.279151296839622 3.055373784685111 -7 0 1 0 
1 34.000000000000007 -37.999999999999979 -7 0 1 0 
1 48.000000000000007 -37.999999999999979 -7 -1 0 0 
1 48.000000000000007 -23.999999999999979 -7 0 -1 0 
1 34.000000000000007 -23.999999999999979 -7 1 0 0 
1 -4.9379711906133998 -69.836848167701248 -10.000000000000004 1.222443970915568e-16 -2.1041928481270781e-16 1 
1 14.009275039654774 9.2081637865291768 1.2000000000000011 0.10452846326765372 -0.99452189536827329 -4.4408920985006271e-16 
1 -31.625 -59.671807420432344 -8.7999999999999989 0 1 -4.4408920985006262e-16 
1 -31.624999999999996 -59.419048668913753 -10.000000000000004 -0 -5.2188275932056476e-16 -1 
1 -14.229547411590122 -70.813432180819746 -10 -5.9255490902874207e-17 2.1703968562789064e-16 -1 
1 -7.5485911659551288 -70.111235383778833 -8.8000000000000007 -0.99452189536827351 -0.10452846326765207 -4.4408920985006242e-16 
1 -16.75594463282782 -83.810619151274409 -10.000000000000002 5.5382253321259312e-17 -2.3696576558319477e-16 1 
1 -13.858920434562298 -68.906721677724306 -8.7999999999999989 -0.19080899537654444 -0.98162718344766409 -4.4408920985006281e-16 
1 -35.652267914195349 -80.137545990275896 -10.000000000000002 -1.4011846931031338e-16 -1.9896427468142203e-16 1 
1 -19.332715989377942 -83.309745538410965 -8.8000000000000007 -0.98162718344766375 0.19080899537654616 -4.4408920985006232e-16 
1 -13.151394301331926 -27.560774633725792 1.2000000000000011 0.19080899537654444 0.98162718344766409 -4.4408920985006281e-16 
1 -69.279151296839615 -3.9446262153148943 -6.9999990463256836 0 1 0 
1 -55.279151296839615 -3.9446262153148943 -6.9999990463256836 -1 -0 -0 
1 -55.279151296839615 10.055373784685113 -6.9999990463256836 -0 -1 -0 
1 -69.279151296839615 10.055373784685113 -6.9999990463256836 1 0 0 
1 34.000000000000007 -23.999999999999979 2 -0 -0 -1 
1 34.000000000000007 -37.999999999999979 2 -0 -0 -1 
1 46.000000000000007 -30.499999999999979 5 -0 -0 -1 
1 45.750000000000007 -30.499999999999979 0.5 -1 -0 -0 
1 41.000000000000007 -30.499999999999979 5 -0 -0 -1 
1 48.000000000000007 -37.999999999999979 2 -0 -0 -1 
1 48.000000000000007 -23.999999999999979 2 -0 -0 -1 
1 41.000000000000007 -16.499999999999979 5 0 0 1 
1 38.750000000000007 -16.499999999999979 0.5 1 0 0 
1 46.000000000000007 -16.499999999999979 5 0 0 1 
1 -69.279151296839615 10.055373784685113 2.0000009536743164 -0 -0 -1 
1 -69.279151296839615 -3.9446262153148943 2.0000009536743164 -0 -0 -1 
1 -57.279151296839615 3.5553737846851092 5.0000009536743164 -0 -0 -1 
1 -57.529151296839615 3.5553737846851092 0.50000095367431641 -1 -0 -0 
1 -62.279151296839615 3.5553737846851092 5.0000009536743164 -0 -0 -1 
1 -55.279151296839615 -3.9446262153148943 2.0000009536743164 -0 -0 -1 
1 -55.279151296839615 10.055373784685113 2.0000009536743164 -0 -0 -1 
1 -62.279151296839615 17.555373784685116 5.0000009536743164 0 0 1 
1 -64.529151296839615 17.555373784685116 0.50000095367431641 1 0 0 
1 -57.279151296839615 17.555373784685116 5.0000009536743164 0 0 1 
1 46.000000000000007 -30.999999999999979 0.5 0 1 0 
1 46.000000000000007 -30.999999999999979 5 -0 -0 -1 
1 41.000000000000007 -30.999999999999979 0.5 0 1 0 
1 41.000000000000007 -30.999999999999979 0.5 1 0 0 
1 41.000000000000007 -30.999999999999979 5 -0 -0 -1 
1 41.000000000000007 -30.999999999999979 0.5 0 1 0 
1 41.000000000000007 -15.999999999999979 5 -0 -0 -1 
1 41.000000000000007 -15.999999999999979 0.5 1 0 0 
1 46.000000000000007 -30.999999999999979 0.5 0 1 0 
1 46.000000000000007 -15.999999999999979 5 -0 -0 -1 
1 -7.6583460523861646 -69.066987393642151 -8.8000000000000007 -0.9945218953682734 -0.10452846326765315 -2.4035605705952703e-31 
1 -15.112005163399042 -69.850398534436181 -8.8000000000000007 -5.9255490902874207e-17 2.1703968562789064e-16 -1 
1 -14.889628977182348 -68.706372232578929 -8.8000000000000007 -0.19080899537654464 -0.98162718344766409 1.8488927466117464e-32 
1 -17.586303730302497 -82.57956116350897 -8.8000000000000025 5.5382253321259312e-17 -2.3696576558319477e-16 1 
1 -19.132366544232571 -82.279036995790918 -8.8000000000000007 -0.98162718344766398 0.19080899537654489 -2.8349688781380112e-31 
1 -56.916835194088584 -63.674714642629326 -7.7499999999999982 0.9945218953682734 0.1045284632676534 -5.5511151231257815e-17 
2 -24.684023087262325 -61.342693269220803 -7.75 0.9945218953682734 0.10452846326765351 -5.5207055336585385e-17 -0.10452846326765351 0.9945218953682734 5.5511151231257815e-17 6.0707120643463738e-17 -4.9436346680719793e-17 1 1.05
2 -9.7661946567382216 -59.774766320206005 -7.75 0.9945218953682734 0.10452846326765351 -5.5207055336585385e-17 -0.10452846326765351 0.9945218953682734 5.5511151231257815e-17 6.0707120643463738e-17 -4.9436346680719793e-17 1 1.05
1 -56.916835194088584 -63.674714642629326 -7.7499999999999982 0.9945218953682734 0.1045284632676534 -5.5511151231257815e-17 
1 -57.279151296839615 3.0553737846851092 0.50000095367431641 0 1 0 
1 -57.279151296839615 3.0553737846851092 5.0000009536743164 -0 -0 -1 
1 -62.279151296839615 3.0553737846851092 0.50000095367431641 0 1 0 
1 -62.279151296839615 3.0553737846851092 0.50000095367431641 1 0 0 
1 -62.279151296839615 3.0553737846851092 5.0000009536743164 -0 -0 -1 
1 -62.279151296839615 3.0553737846851092 0.50000095367431641 0 1 0 
1 -62.279151296839615 18.055373784685116 5.0000009536743164 -0 -0 -1 
1 -62.279151296839615 18.055373784685116 0.50000095367431641 1 0 0 
1 -57.279151296839615 3.0553737846851092 0.50000095367431641 0 1 0 
1 -57.279151296839615 18.055373784685116 5.0000009536743164 -0 -0 -1 
1 -56.526468576525289 -4.650000000000003 -27.105904861484692 1.1102230246251568e-16 -1 -1.1041411067317081e-16 
1 -9.964798736946765 -57.885174719006287 -9.6500000000000004 -0.9945218953682734 -0.1045284632676534 5.5511151231257821e-17 
1 -56.526468576525289 -4.6500000000000012 -27.105904861484692 1.1102230246251568e-16 -1 -1.1041411067317081e-16 
1 -60.326468576525293 -9.6500000000000021 -27.105904861484692 -1.1102230246251568e-16 1 1.1041411067317081e-16 
1 -56.526468576525289 -9.6500000000000021 -27.105904861484692 -1 -1.110223024625156e-16 6.8422776578360193e-49 
1 -60.326468576525293 -9.6500000000000021 -27.105904861484692 -1.1102230246251568e-16 1 1.1041411067317081e-16 
1 -9.56759057652968 -61.664357921405724 -9.6500000000000004 -0.9945218953682734 -0.1045284632676534 5.5511151231257821e-17 
1 -56.526468576525289 -9.6500000000000004 -27.105904861484692 -1 -1.110223024625156e-16 6.8422776578360193e-49 
Polygon3D 0
PolygonOnTriangulations 0
Surfaces 49
1 -32.498104963214971 -69.413669531161204 -7.3999999999999986 -0.98162718344766409 0.19080899537654461 -1.9907897184451596e-16 -0.19080899537654461 -0.98162718344766409 -0 1.9542133041538897e-16 -3.7986058618247493e-17 -1 
2 -56.80708030765755 -64.718962632766022 -7.7499999999999982 -0.9945218953682734 -0.10452846326765351 5.5207055336585398e-17 -0.10452846326765351 0.9945218953682734 5.5511151231257821e-17 -6.0707120643463751e-17 4.9436346680719811e-17 -1 1.05
1 -30.574999999999996 -50.551007899876041 -7.4000000000000004 -1 0 0 0 0 1 -0 -1 -0 
1 -19.887302640064231 -40.45854137246387 -7.3999999999999995 -0.10452846326765312 0.9945218953682734 5.1647390099804589e-16 0.9945218953682734 0.10452846326765312 0 5.3986223189175757e-17 -5.1364460292882258e-16 1 
1 -7.6457896736548001 -54.118787089346213 -7.4000000000000004 0.9945218953682734 0.10452846326765328 0 -0.10452846326765328 0.9945218953682734 0 -0 -0 -1 
2 -56.80708030765755 -64.718962632766022 -7.7499999999999982 -0.9945218953682734 -0.10452846326765351 5.5207055336585398e-17 -0.10452846326765351 0.9945218953682734 5.5511151231257821e-17 -6.0707120643463751e-17 4.9436346680719811e-17 -1 1.05
1 -20.329157751912469 -60.621657949055646 -6 0 0 1 -1 -0 -0 0 1 0 
1 -19.945056088211409 -39.40882781092364 -9.4000000000000021 -0.10452846326765307 0.9945218953682734 2.8310221629509898e-15 0.9945218953682734 0.10452846326765307 3.4512664603419266e-31 2.9592239616993392e-16 -2.8155135273276075e-15 1 
1 -22 -50 0 0 0 1 1 0 0 0 1 0 
1 -6.6015416835181124 -54.009032202915179 -9.4000000000000039 0.9945218953682734 0.10452846326765353 -2.8033303842275214e-15 -0.10452846326765353 0.9945218953682734 0 -2.787973447065424e-15 -2.9302781709482349e-16 -1 
1 -31.624999999999996 -50.027744026315943 -9.4000000000000057 -1 0 0 0 0 1 -0 -1 -0 
1 -9.5837593011017699 -70.325140174260497 -9.4000000000000004 0.10452846326765253 -0.99452189536827351 2.2397666506426372e-15 -0.99452189536827351 -0.10452846326765253 -3.4512664603419258e-31 -2.3411936606981235e-16 2.2274969745797649e-15 1 
1 -15.492746022208973 -77.312025666047077 -9.4000000000000021 0.98162718344766409 -0.19080899537654461 -2.3525390844009685e-15 0.19080899537654461 0.98162718344766409 0 -2.3093163153710688e-15 4.4888561927860483e-16 -1 
1 -26.204106273511588 -81.974082570775138 -9.4000000000000021 -0.19080899537654564 -0.98162718344766386 6.0339274564029996e-15 -0.98162718344766386 0.19080899537654564 -1.3805065841367707e-30 1.1513276361312103e-15 5.9230672141564031e-15 1 
1 -33.638633957097674 -69.778297329594807 -9.3999999999999986 -0.98162718344766409 0.19080899537654455 -2.3433844540045678e-15 -0.19080899537654455 -0.98162718344766409 4.9303806576313227e-32 2.3003298813195455e-15 -4.4713883344962387e-16 -1 
1 -62.279151296839629 3.0553737846851092 -6.9999990463256836 -0 -0 -1 1 0 0 0 1 0 
1 34.000000000000007 -37.999999999999979 2 -1 -0 -0 0 1 0 0 0 1 
1 48.000000000000007 -37.999999999999979 2 -0 -1 -0 -1 -0 -0 0 0 1 
1 48.000000000000007 -23.999999999999979 2 1 0 0 -0 -1 -0 0 0 1 
1 34.000000000000007 -23.999999999999979 2 0 1 0 1 0 0 0 0 1 
1 -69.279151296839615 -3.9446262153148943 2.0000009536743164 -1 -0 -0 0 1 0 0 0 1 
1 -55.279151296839615 -3.9446262153148943 2.0000009536743164 -0 -1 -0 -1 -0 -0 0 0 1 
1 -55.279151296839615 10.055373784685113 2.0000009536743164 1 0 0 -0 -1 -0 0 0 1 
1 -69.279151296839615 10.055373784685113 2.0000009536743164 0 1 0 1 0 0 0 0 1 
1 46.000000000000007 -30.999999999999979 5 1 0 0 -0 -0 -1 -0 -1 -0 
1 41.000000000000007 -30.999999999999979 0.5 -0 -0 -1 1 0 0 0 1 0 
1 41.000000000000007 -30.999999999999979 5 1 0 0 -0 -0 -1 -0 -1 -0 
1 41.000000000000007 -30.999999999999979 5 1 0 0 -0 -0 -1 -0 -1 -0 
1 41.000000000000007 -30.999999999999979 0.5 -0 -0 -1 1 0 0 0 1 0 
1 46.000000000000007 -30.999999999999979 5 1 0 0 -0 -0 -1 -0 -1 -0 
1 -10.601989615290092 -69.37637679921589 -7.4000000000000004 0.10452846326765299 -0.9945218953682734 0 -0.9945218953682734 -0.10452846326765299 -0 0 0 1 
1 -16.349154446850775 -76.21497984897259 -7.4000000000000004 0.98162718344766409 -0.19080899537654461 0 0.19080899537654461 0.98162718344766409 0 -0 -0 -1 
1 -26.003756828366217 -80.943374028155105 -7.3999999999999995 -0.19080899537654522 -0.98162718344766386 0 -0.98162718344766386 0.19080899537654522 0 0 0 1 
1 -57.279151296839615 3.0553737846851092 5.0000009536743164 1 0 0 -0 -0 -1 -0 -1 -0 
1 -62.279151296839615 3.0553737846851092 0.50000095367431641 -0 -0 -1 1 0 0 0 1 0 
1 -62.279151296839615 3.0553737846851092 5.0000009536743164 1 0 0 -0 -0 -1 -0 -1 -0 
1 -62.279151296839615 3.0553737846851092 5.0000009536743164 1 0 0 -0 -0 -1 -0 -1 -0 
1 -62.279151296839615 3.0553737846851092 0.50000095367431641 -0 -0 -1 1 0 0 0 1 0 
1 -57.279151296839615 3.0553737846851092 5.0000009536743164 1 0 0 -0 -0 -1 -0 -1 -0 
1 -62.279151296839615 18.055373784685116 5.0000009536743164 0 1 0 -0 -0 -1 1 0 0 
1 -62.279151296839615 3.0553737846851092 5.0000009536743164 0 1 0 -0 -0 -1 1 0 0 
1 -9.9647987369467632 -57.885174719006287 -4.6500000000000012 -0.1045284632676534 0.9945218953682734 5.5511151231257821e-17 -6.0707120643463738e-17 4.9436346680719805e-17 -1 0.9945218953682734 0.1045284632676534 -5.5207055336585392e-17 
1 -9.7661946567382252 -59.774766320206005 -7.1500000000000012 0.99452189536827329 0.10452846326765364 -1.7731293154120374e-16 -0.10452846326765364 0.99452189536827329 3.0814879110195774e-33 -1.7634159274966285e-16 -1.8534248251484696e-17 -1 
1 -9.56759057652968 -61.664357921405724 -9.6500000000000004 0.1045284632676534 -0.9945218953682734 -5.5511151231257821e-17 6.0707120643463738e-17 -4.9436346680719805e-17 1 0.9945218953682734 0.1045284632676534 -5.5207055336585392e-17 
1 -9.7661946567382252 -59.774766320206005 -7.1499999999999995 0.99452189536827329 0.10452846326765364 -1.7731293154120374e-16 -0.10452846326765364 0.99452189536827329 3.0814879110195774e-33 -1.7634159274966285e-16 -1.8534248251484696e-17 -1 
1 41.000000000000007 -15.999999999999979 5 0 1 0 -0 -0 -1 1 0 0 
1 41.000000000000007 -30.999999999999979 5 0 1 0 -0 -0 -1 1 0 0 
1 -9.964798736946765 -57.885174719006287 -9.6500000000000004 -6.1009550669007073e-17 4.9404560004163692e-17 -1 0.10452846326765351 -0.9945218953682734 -5.5511151231257821e-17 0.9945218953682734 0.10452846326765351 -5.5511151231257821e-17 
1 1.7016963278258963 -10.681654501847412 1.199999999999994 0 0 1 1 0 0 0 1 0 
Triangulations 0

TShapes 345
Ve
1.50000018769009e-07
-34.4212099264299 -79.3071868928012 -8.8
0 0

0101101
*
Ve
1.50000018736144e-07
-34.4212099264299 -79.3071868928012 -6
0 0

0101101
*
Ed
 1e-07 1 1 0
1  1 0 1.33226762955019e-15 2.8
0

0101000
+345 11 -344 11 *
Ve
1.50000005329071e-07
-30.575 -59.5201521695212 -6
0 0

0101101
*
Ed
 1.5e-07 1 1 0
1  2 0 -1.575 18.5823826162639
0

0101000
+344 11 -342 11 *
Ve
1.50000007119292e-07
-30.575 -59.5201521695212 -8.8
0 0

0101101
*
Ed
 1e-07 1 1 0
1  3 0 -2.8 -4.88498130835068e-15
0

0101000
+342 11 -340 11 *
Ve
1.50000005891509e-07
-31.0595187132194 -62.0127848614267 -8.8
0 0

0101101
*
Ed
 1.5e-07 1 1 0
1  4 0 16.0430960786286 18.5823826162639
0

0101000
+338 11 -340 11 *
Ed
 1.5e-07 1 1 0
1  5 0 -1.57499999999999 16.0430960786286
0

0101000
+345 11 -338 11 *
Wi

0101100
-343 9 -341 9 -339 9 +337 9 +336 9 *
Ve
1.50000002220446e-07
-30.8500149500141 -60.934981435068 -7.75
0 0

0101101
*
Ed
 1.5e-07 1 1 0
1  6 0 7.85398163397448 9.42477796076938
2  1 2 0 7.85398163397448 9.42477796076938
0

0101000
+338 12 -334 12 *
Ed
 1.5e-07 1 1 0
1  7 0 3.14159265358979 7.85398163397448
2  1 2 0 3.14159265358979 7.85398163397448
0

0101000
+334 12 -338 12 *
Wi

0101100
-333 0 -332 0 *
Fa
0  1.5e-07 1 9

0101000
+335 0 +331 0 *
Ve
1.50000003389364e-07
-30.575 -41.5818636302309 -8.8
0 0

0101101
*
Ed
 1.5e-07 1 1 0
1  8 0 0.151655250911164 18.0899437902014
0

0101000
+340 11 -329 11 *
Ve
1.50000004440892e-07
-30.575 -41.5818636302309 -6
0 0

0101101
*
Ed
 1e-07 1 1 0
1  9 0 -0.615075759508249 2.18492424049175
0

0101000
+329 11 -327 11 *
Ed
 1.5e-07 1 1 0
1  10 0 0.151655250911164 18.0899437902014
0

0101000
+342 11 -327 11 *
Wi

0101000
+328 0 +326 0 -325 0 +339 0 *
Fa
0  1.5e-07 3 0

0101000
+324 0 *
Ve
1.50000009506518e-07
-9.1996052801285 -39.3352191146968 -8.8
0 0

0101101
*
Ed
 1.5e-07 1 1 0
1  11 0 -1.4181363697691 20.075
0

0101000
+329 11 -322 11 *
Ve
1.50000007944109e-07
-9.1996052801285 -39.3352191146968 -6
0 0

0101101
*
Ed
 1e-07 1 1 0
1  12 0 1.77635683940025e-15 2.8
0

0101000
+322 11 -320 11 *
Ed
 1.5e-07 1 1 0
1  13 0 -1.4181363697691 20.075
0

0101000
+327 11 -320 11 *
Wi

0101000
+321 0 +319 0 -318 0 -326 0 *
Fa
0  1.5e-07 4 0

0101000
+317 0 *
Ve
1.50000012932073e-07
-6.0919740671811 -68.9023550639956 -6
0 0

0101101
*
Ed
 1.5e-07 1 1 0
1  14 0 -1.575 28.155
0

0101000
+320 11 -315 11 *
Ve
1.50000012817187e-07
-6.0919740671811 -68.9023550639956 -8.8
0 0

0101101
*
Ed
 1e-07 1 1 0
1  15 0 3.5527136788005e-15 2.8
0

0101000
+313 11 -315 11 *
Ve
1.50000012578391e-07
-7.08098553924389 -59.4925394693833 -8.8
0 0

0101101
*
Ed
 1.5e-07 1 1 0
1  16 0 18.6933525104515 28.155
0

0101000
+311 11 -313 11 *
Ed
 1.5e-07 1 1 0
1  17 0 -1.575 18.6933525104515
0

0101000
+322 11 -311 11 *
Wi

0101100
-319 9 -314 9 +312 9 +310 9 +309 9 *
Ve
1.50000016085595e-07
-7.19074042567492 -58.4482914792467 -7.75
0 0

0101101
*
Ed
 1.5e-07 1 1 0
1  18 0 0 4.71238898038469
2  2 6 0 0 4.71238898038469
0

0101000
+307 12 -311 12 *
Ed
 1.5e-07 1 1 0
1  19 0 4.71238898038469 6.28318530717959
2  2 6 0 4.71238898038469 6.28318530717959
0

0101000
+311 12 -307 12 *
Wi

0101100
+306 0 +305 0 *
Fa
0  1.5e-07 5 9

0101000
+308 0 +304 0 *
Ve
1.50000007993606e-07
-15.112005163399 -69.8503985344362 -6
0 0

0101101
*
Ed
 1.5e-07 1 1 0
1  20 0 -1.575 7.49471594916749
0

0101000
+315 11 -302 11 *
Ve
1.50000008379058e-07
-17.5863037303025 -82.579561163509 -6
0 0

0101101
*
Ed
 1.5e-07 1 1 0
1  21 0 -1.575 15.575
0

0101000
+300 11 -344 11 *
Ed
 1.5e-07 1 1 0
1  22 0 1.16543869316987 14.1328491762063
0

0101000
+302 11 -300 11 *
Wi

0101100
+318 9 +325 9 +314 9 +341 9 +301 9 +299 9 +298 9 *
Ve
2.00000003552714e-07
-32.1774373440177 -78.4157742769909 -6
0 0

0101101
*
Ve
2.00000001776357e-07
-31.3187989804678 -73.9984515402373 -6
0 0

0101101
*
Ed
 2e-07 1 1 0
1  23 0 -9.86397133729711 -5.3639713372971
0

0101000
+296 14 -295 14 *
Ve
2.00000001776357e-07
-18.4346554963398 -81.0870936302573 -6
0 0

0101101
*
Ed
 2e-07 1 1 0
1  24 0 -2.88233734344614 11.1176626565539
0

0101000
+293 14 -296 14 *
Ve
2.00000003552714e-07
-31.8096126178848 -73.9030472776206 -6
0 0

0101101
*
Ed
 2e-07 1 1 0
1  25 0 -11.8676626565539 -11.3676626565539
0

0101000
+291 14 -295 14 *
Ve
2.00000003662053e-07
-17.5760171327899 -76.6697708935037 -6
0 0

0101101
*
Ed
 2e-07 1 1 0
1  26 0 12.3639713372971 16.8639713372971
0

0101000
+289 14 -293 14 *
Ve
2.00000003972055e-07
-30.8555699917182 -68.9949109034499 -6
0 0

0101101
*
Ed
 2e-07 1 1 0
1  27 0 -7.61397133729711 -2.61397133729711
0

0101000
+291 14 -287 14 *
Ve
2e-07
-17.0852034953728 -76.7651751561204 -6
0 0

0101101
*
Ed
 2e-07 1 1 0
1  28 0 2.63233734344614 3.13233734344614
0

0101000
+289 14 -285 14 *
Ve
2.00000003552714e-07
-30.3647563543012 -69.0903151660666 -6
0 0

0101101
*
Ed
 2e-07 1 1 0
1  29 0 -11.8676626565539 -11.3676626565539
0

0101000
+287 14 -283 14 *
Ve
2.00000003662053e-07
-16.1311608692062 -71.8570387819497 -6
0 0

0101101
*
Ed
 2e-07 1 1 0
1  30 0 -7.6139713372971 -2.6139713372971
0

0101000
+285 14 -281 14 *
Ve
2.00000003552714e-07
-29.5061179907512 -64.672992429313 -6
0 0

0101101
*
Ed
 2e-07 1 1 0
1  31 0 -0.363971337297103 4.13602866270289
0

0101000
+283 14 -279 14 *
Ve
2.00000003662053e-07
-16.6219745066233 -71.761634519333 -6
0 0

0101101
*
Ed
 2e-07 1 1 0
1  32 0 2.63233734344614 3.13233734344614
0

0101000
+277 14 -281 14 *
Ve
2.00000001776357e-07
-15.7633361430734 -67.3443117825794 -6
0 0

0101101
*
Ed
 2e-07 1 1 0
1  33 0 -4.11766265655386 9.88233734344614
0

0101000
+279 14 -275 14 *
Ed
 2e-07 1 1 0
1  34 0 2.8639713372971 7.36397133729711
0

0101000
+275 14 -277 14 *
Wi

0101100
-294 8 -292 8 +290 8 -288 8 -286 8 +284 8 -282 8 +280 8 -278 8 -276 8 
-274 8 -273 8 *
Ve
2.00000002664535e-07
-24.8826271674709 -59.4531016680211 -6
0 0

0101101
*
Ve
2.00000003552714e-07
-9.96479873694676 -57.8851747190063 -6
0 0

0101101
*
Ed
 2e-07 1 1 0
1  35 0 -9.70318882068215 5.29681117931785
0

0101000
+271 12 -270 12 *
Ve
2.00000003552714e-07
-9.56759057652968 -61.6643579214057 -6
0 0

0101101
*
Ed
 2e-07 1 1 0
1  36 0 -1.76906098400178 2.03093901599822
0

0101000
+270 12 -268 12 *
Ve
2.00000001332268e-07
-24.4854190070538 -63.2322848704205 -6
0 0

0101101
*
Ed
 2e-07 1 1 0
1  37 0 -5.29681117931785 9.70318882068215
0

0101000
+268 12 -266 12 *
Ed
 2e-07 1 1 0
1  38 0 -1.76906098400179 2.03093901599822
0

0101000
+271 12 -266 12 *
Wi

0101100
-269 0 -267 0 -265 0 +264 0 *
Ve
2.00000001986027e-07
-15 -43 -6
0 0

0101101
*
Ve
2.00000001256074e-07
-15 -47.5 -6
0 0

0101101
*
Ed
 2e-07 1 1 0
1  39 0 -8.81082897452782 -4.31082897452782
0

0101000
+262 14 -261 14 *
Ve
2.00000001776357e-07
-29 -43 -6
0 0

0101101
*
Ed
 2e-07 1 1 0
1  40 0 -4.33542112404377 9.66457887595623
0

0101000
+259 14 -262 14 *
Ve
2.00000001256074e-07
-14.5 -47.5 -6
0 0

0101101
*
Ed
 2e-07 1 1 0
1  41 0 -10.4145788759562 -9.91457887595623
0

0101000
+257 14 -261 14 *
Ve
2.00000000888178e-07
-29 -47.5 -6
0 0

0101101
*
Ed
 2e-07 1 1 0
1  42 0 11.3108289745278 15.8108289745278
0

0101000
+255 14 -259 14 *
Ve
2.00000000888178e-07
-14.5 -52.5 -6
0 0

0101101
*
Ed
 2e-07 1 1 0
1  43 0 -6.56082897452782 -1.56082897452782
0

0101000
+257 14 -253 14 *
Ve
2.00000000444089e-07
-29.5 -47.5 -6
0 0

0101101
*
Ed
 2e-07 1 1 0
1  44 0 4.08542112404377 4.58542112404377
0

0101000
+255 14 -251 14 *
Ve
2.00000000888178e-07
-15 -52.5 -6
0 0

0101101
*
Ed
 2e-07 1 1 0
1  45 0 -10.4145788759562 -9.91457887595623
0

0101000
+253 14 -249 14 *
Ve
2.00000000444089e-07
-29.5 -52.5 -6
0 0

0101101
*
Ed
 2e-07 1 1 0
1  46 0 -6.56082897452782 -1.56082897452782
0

0101000
+251 14 -247 14 *
Ve
2.00000000888178e-07
-15 -57 -6
0 0

0101101
*
Ed
 2e-07 1 1 0
1  47 0 0.689171025472176 5.18917102547218
0

0101000
+249 14 -245 14 *
Ve
2.00000001776357e-07
-29 -52.5 -6
0 0

0101101
*
Ed
 2e-07 1 1 0
1  48 0 4.08542112404377 4.58542112404377
0

0101000
+243 14 -247 14 *
Ve
2.00000000888178e-07
-29 -57 -6
0 0

0101101
*
Ed
 2e-07 1 1 0
1  49 0 -2.66457887595623 11.3354211240438
0

0101000
+245 14 -241 14 *
Ed
 2e-07 1 1 0
1  50 0 1.81082897452782 6.31082897452782
0

0101000
+241 14 -243 14 *
Wi

0101100
-260 8 -258 8 +256 8 -254 8 -252 8 +250 8 -248 8 +246 8 -244 8 -242 8 
-240 8 -239 8 *
Fa
0  1.5e-07 7 9

0101000
+297 0 +272 0 +263 0 +238 0 *
Ve
1.50000007804359e-07
-31.625 -40.6364393837182 -10
0 0

0101101
*
Ve
1.50000009578675e-07
-8.2651121764228 -38.1812162381291 -10
0 0

0101101
*
Ed
 1.50000002302877e-07 1 1 0
1  51 0 -2.36356061628183 21.125
0

0101000
+236 17 -235 17 *
Ve
1.50000005551115e-07
-8.2651121764228 -38.1812162381291 -8.8
0 0

0101101
*
Ed
 1.5e-07 1 1 0
1  52 0 6.99069701420203e-16 1.2
0

0101000
+235 11 -233 11 *
Ve
1.50000005862146e-07
-31.625 -40.6364393837182 -8.8
0 0

0101101
*
Ed
 1.5e-07 1 1 0
1  53 0 -2.36356061628183 21.125
0

0101000
+231 11 -233 11 *
Ed
 1.5e-07 1 1 0
1  54 0 -0.76507575950776 0.434924240492237
0

0101000
+236 11 -231 11 *
Wi

0101100
+234 16 +232 13 -230 13 -229 13 *
Fa
0  1.5e-07 8 13

0101000
+228 0 *
Ve
1.50000011380546e-07
-4.9379711906134 -69.8368481677012 -10
0 0

0101101
*
Ed
 1.50000004006312e-07 1 1 0
1  55 0 -2.625 29.205
0

0101000
+235 17 -226 17 *
Ve
1.50000005973288e-07
-14.2295474115901 -70.8134321808197 -10
0 0

0101101
*
Ed
 1.50000001165734e-07 1 1 0
1  56 0 -2.625 6.71775682038758
0

0101000
+226 17 -224 17 *
Ve
1.50000008764778e-07
-16.7559446328278 -83.8106191512744 -10
0 0

0101101
*
Ed
 1.50000003699182e-07 1 1 0
