<?xml version='1.0' encoding='utf-8'?>
<!-- FreeCAD DocumentObject -->
<Document SchemaVersion="4" FileVersion="2">
<Object name="Body" Extensions="True">
  <Extensions Count="1">
    <Extension type="App::OriginGroupExtension" name="OriginGroupExtension">
    </Extension>
  </Extensions>
  <Properties Count="21" TransientCount="2">
    <_Property name="_ElementMapVersion" type="App::PropertyString" status="234881024"/>
    <_Property name="_GroupTouched" type="App::PropertyBool" status="100663424"/>
    <Property name="AutoGroupSolids" type="App::PropertyBool" status="134217728">
      <Bool value="false"/>
    </Property>
    <Property name="BaseFeature" type="App::PropertyLink">
      <Link value=""/>
    </Property>
    <Property name="ClaimAllChildren" type="App::PropertyBool" status="8">
      <Bool value="false"/>
    </Property>
    <Property name="ColoredElements" type="App::PropertyLinkSubHidden" status="218103808">
      <LinkSub value="" count="0">
      </LinkSub>
    </Property>
    <Property name="ExportMode" type="App::PropertyEnumeration" status="8">
      <Integer value="0"/>
    </Property>
    <Property name="ExpressionEngine" type="App::PropertyExpressionEngine" status="67108864">
      <ExpressionEngine count="0"></ExpressionEngine>
    </Property>
    <Property name="FixShape" type="App::PropertyEnumeration">
      <Integer value="1"/>
    </Property>
    <Property name="Group" type="App::PropertyLinkList">
      <LinkList count="11">
        <Link value="Sketch032"/>
        <Link value="Pad"/>
        <Link value="Sketch002"/>
        <Link value="Pipe"/>
        <Link value="Boolean"/>
        <Link value="Sketch"/>
        <Link value="Pad001"/>
        <Link value="Pad002"/>
        <Link value="Mirrored"/>
        <Link value="Box003"/>
        <Link value="Sketch033"/>
      </LinkList>
    </Property>
    <Property name="InvalidShape" type="App::PropertyBool" status="67108864">
      <Bool value="false"/>
    </Property>
    <Property name="Label" type="App::PropertyString" status="134217728">
      <String value="board-thumb-oblique"/>
    </Property>
    <Property name="Label2" type="App::PropertyString" status="128">
      <String value=""/>
    </Property>
    <Property name="Origin" type="App::PropertyLink" status="67108864">
      <Link value="Origin"/>
    </Property>
    <Property name="Placement" type="App::PropertyPlacement" status="8388608">
      <PropertyPlacement Px="0" Py="0" Pz="0" Q0="0" Q1="0" Q2="0" Q3="1" A="0" Ox="0" Oy="0" Oz="1"/>
    </Property>
    <Property name="Shape" type="Part::PropertyPartShape">
      <Part HasherIndex="0" ElementMap="1.15.70200.4" brep="1">
<![CDATA[

CASCADE Topology V1, (c) Matra-Datavision
Locations 59
1
              1               0               0               0 
              0               1               0               0 
              0               0               1               0 
1
              1               0               0               0 
              0               1               0               0 
              0               0               1               0 
1
              1               0               0               0 
              0               1               0               0 
              0               0               1               0 
1
              1               0               0              -0 
              0               1               0              -0 
              0               0               1              -0 
1
              1               0               0               0 
              0               1               0               0 
              0               0               1               0 
1
              1               0               0               0 
              0               1               0               0 
              0               0               1               0 
1
              1               0               0             -22 
              0               1               0             -50 
              0               0               1             -10 
2  2 1 3 1 4 1 5 1 6 1 7 -1 0
1
              1               0               0               0 
              0               1               0               0 
              0               0               1               0 
2  2 1 3 1 9 1 6 1 7 -1 0
1
              1               0               0             -22 
              0               1               0             -50 
              0               0               1             -10 
2  11 -1 7 1 6 -1 9 -1 3 -1 2 -1 0
2  11 -1 7 1 6 -1 5 -1 4 -1 3 -1 2 -1 0
1
              1               0               0               0 
              0               1               0               0 
              0               0               1               0 
1
              1               0               0               0 
              0               1               0               0 
              0               0               1               0 
1
              1               0               0               0 
              0               1               0               0 
              0               0               1               0 
1
              1               0               0               0 
              0               1               0               0 
              0               0               1               0 
1
0.190808525233316 -0.981627274834133               0 -1.97038674354553 
0.981627274834133 0.190808525233316               0 -22.8800430297852 
              0               0               1 -3.00000047683716 
1
              1               0               0               0 
              0               1               0               0 
              0               0               1               0 
1
              1               0               0               0 
              0               1               0               0 
              0               0               1               0 
1
              1               0               0               0 
              0               1               0               0 
              0               0               1               0 
2  14 1 15 1 16 1 17 1 18 1 19 1 20 1 21 1 3 1 9 1 6 1 7 -1 0
2  11 -1 7 1 6 -1 9 -1 3 -1 21 -1 20 -1 19 -1 18 -1 17 -1 16 -1 15 -1 14 -1 0
1
              1               0               0               0 
              0               1               0               0 
              0               0               1               0 
1
              1               0               0               0 
              0               1               0               0 
              0               0               1              -3 
1
              1               0               0               0 
              0               1               0               0 
              0               0               1               6 
1
              1               0               0            -2.5 
              0               1               0            -7.5 
              0               0               1              -3 
1
              1               0               0            -2.5 
              0               1               0            -7.5 
              0               0               1              -3 
1
              1               0               0              -9 
              0               1               0              -9 
              0               0               1               3 
1
              1               0               0               0 
              0               1               0               0 
              0               0               1              -3 
1
              1               0               0               0 
              0               1               0               0 
              0               0               1               0 
2  24 1 25 1 26 1 27 -1 28 1 29 -1 14 1 15 1 16 1 17 1 30 1 31 1 20 1 21 1 3 1 9 1 6 1 7 -1 0
2  11 -1 7 1 6 -1 9 -1 3 -1 21 -1 20 -1 31 -1 30 -1 17 -1 16 -1 15 -1 14 -1 29 1 28 -1 27 1 26 -1 25 -1 24 -1 0
2  4 1 5 1 6 1 7 -1 0
2  11 -1 7 1 6 -1 5 -1 4 -1 0
2  14 1 15 1 16 1 17 1 18 1 19 1 20 1 21 1 3 1 4 1 5 1 6 1 7 -1 0
2  24 1 25 1 26 1 27 -1 28 1 29 -1 14 1 15 1 16 1 17 1 18 1 19 1 20 1 21 1 3 1 4 1 5 1 6 1 7 -1 0
2  11 -1 7 1 6 -1 5 -1 4 -1 3 -1 21 -1 20 -1 19 -1 18 -1 17 -1 16 -1 15 -1 14 -1 29 1 28 -1 27 1 26 -1 25 -1 24 -1 0
2  27 -1 28 1 29 -1 14 1 15 1 16 1 17 1 30 1 31 1 20 1 21 1 3 1 4 1 5 1 6 1 7 -1 0
2  3 1 4 1 5 1 6 1 7 -1 0
2  11 -1 7 1 6 -1 5 -1 4 -1 3 -1 0
2  11 -1 7 1 6 -1 5 -1 4 -1 3 -1 21 -1 20 -1 31 -1 30 -1 17 -1 16 -1 15 -1 14 -1 29 1 28 -1 27 1 0
2  28 1 29 -1 14 1 15 1 16 1 17 1 30 1 31 1 20 1 21 1 3 1 4 1 5 1 6 1 7 -1 0
2  11 -1 7 1 6 -1 5 -1 4 -1 3 -1 21 -1 20 -1 31 -1 30 -1 17 -1 16 -1 15 -1 14 -1 29 1 28 -1 0
2  2 1 3 1 0
2  27 -1 28 1 29 -1 14 1 15 1 16 1 17 1 18 1 19 1 20 1 21 1 0
2  11 -1 7 1 6 -1 5 -1 4 -1 3 -1 21 -1 20 -1 19 -1 18 -1 17 -1 16 -1 15 -1 14 -1 29 1 28 -1 27 1 0
2  24 1 25 1 26 1 27 -1 28 1 29 -1 14 1 15 1 16 1 17 1 18 1 19 1 20 1 21 1 0
2  28 1 29 -1 14 1 15 1 16 1 17 1 18 1 19 1 20 1 21 1 0
2  11 -1 7 1 6 -1 5 -1 4 -1 3 -1 21 -1 20 -1 19 -1 18 -1 17 -1 16 -1 15 -1 14 -1 29 1 28 -1 0
2  28 1 29 -1 14 1 15 1 16 1 17 1 30 1 31 1 20 1 21 1 0
1
              1               0               0               0 
              0               1               0               0 
              0               0               1               0 
1
-0.104528463267654 3.15290077076531e-15 0.994521895368273 8.10042656121277 
0.994521895368273 -1.15152152989207e-16 0.104528463267654 0.851389139042043 
4.44089209850062e-16               1 -3.12359217285568e-15 -2.76126251354255e-14 
2  52 1 53 1 0
2  11 -1 7 1 6 -1 5 -1 4 -1 53 -1 52 -1 0
1
              1               0               0 -14.9178284305241 
              0               1               0 -1.5679269490148 
              0               0               1 4.66293670342566e-14 
2  52 1 53 1 56 1 0
2  11 -1 7 1 6 -1 5 -1 4 -1 56 -1 53 -1 52 -1 0
2  28 1 29 -1 14 1 15 1 16 1 17 1 18 1 19 1 20 1 21 1 3 1 4 1 5 1 6 1 7 -1 0
Curve2ds 10
7 0 0  8 9 2  3.1383779813862889 -49.894999999999996  2.7464825677384406 -50.106547895963367  2.3545871540893586 -50.317792862995702  1.9626917404439155 -50.479206973192049  1.5707963267914238 -50.541495771933114  1.1789009131416606 -50.479206973250257  0.78700549949826382 -50.31779286301753  0.39511008585135093 -50.106547895963367  0.0032146722035026154 -49.894999999999996 
 1.5740109989984006 9 4.7091743081811863 9
7 0 0  7 14 3  0.0032146722034400205 -29.32019955302858  0.22715490857364806 -29.193560517250315  0.45109514494384939 -29.048246035360535  0.67503538131404639 -28.89462781498878  0.89897561768430023 -28.74537780130413  1.1229158540544972 -28.61332751592181  1.3468560904246869 -28.508412596137042  1.7947365631651031 -28.364635253886938  2.0186767995351147 -28.325773406019835  2.2426170359065054 -28.325819786939974  2.466557272275395 -28.366632779823703  2.6904975086462173 -28.444703555364867  2.9144377450161452 -28.551991599843404  3.1383779813863533 -28.67816843939212 
 4.1985162482513854 8 5.7660979028428416 6 7.3336795574342979 8
1 6.2831853071795862 -49.999999999999993 -1 0 
1 6.2831853071795862 -49.999999999999993 -1 0 
1 6.2831853071795862 -47.299999999999997 -1 0 
1 0 0 0 -1 
1 6.2831853071795862 0 0 -1 
7 0 0  5 6 2  0.39430547040446384 -29.18576987262454  0.31544437632357086 -29.195495356796329  0.23658328224268166 -29.202916838652641  0.15772218816178407 -29.20790807682954  0.078861094080893382 -29.210403577310792  4.2294210461910698e-16 -29.210403577310792 
 2.7472871831853141 6 3.1415926535897789 6
7 0 0  7 14 3  6.2831853071795862 -29.210403577310792  6.0306211554657114 -29.210403577310792  5.7780570037518757 -29.186512673650213  5.5254928520373809 -29.138737315457547  5.2729287003245631 -29.070784819807159  5.0203645486100967 -28.99019870210941  4.7678003968963383 -28.906012975473203  4.2626720934685869 -28.746999314827306  4.0101079417544483 -28.672172994002722  3.7575437900404935 -28.610303161476622  3.5049796383266525 -28.56897146645133  3.2524154866128114 -28.552766206636988  2.9998513348992049 -28.561855569901532  2.7472871831853296 -28.593002850933857 
 3.1415926535897789 8 4.9095417155869061 6 6.6774907775840351 8
1 6.2831853071795862 -32.299999999999997 -1 0 
Curves 135
1 -29.274387216077592 -40.389380024658287 -10 0.9945218953682734 0.10452846326765333 6.1629758220391547e-32 
1 -29.902904975736554 -42.187020708230165 -6.6503021254996932 0.42279400431050468 -0.38068543138605687 0.82238910027401313 
1 -29.164632329646555 -41.433628014794976 -7.9576139999999995 0.99452189536827351 0.10452846326765317 -5.4817261840867104e-16 
1 -12.845225934568614 -40.466374302367001 -6.5106565070055664 -0.37007551142837919 -0.45700519676615992 0.80882035457185864 
1 -10.974290646450045 -41.105421603273783 -10 0.10452846326765339 -0.9945218953682734 0 
1 -10.532156852059948 -70.424820773581786 -10 -0.9945218953682734 -0.10452846326765342 1.6640034719505718e-31 
1 -13.858920434562297 -68.906721677724306 -10 -0.19080899537654397 -0.9816271834476642 2.3263744036642471e-47 
1 -19.332715989377931 -83.309745538410965 -10 -0.98162718344766409 0.19080899537654419 2.311115933264683e-31 
1 -35.151394301331919 -77.560774633725799 -10 0.19080899537654453 0.98162718344766409 -2.0526832973508063e-48 
1 -31.625 -59.671807420432408 -10 0 1 0 
1 -62.279151296839622 3.055373784685111 -7 1 0 0 
1 -44.279151296839622 3.055373784685111 -7 0 1 0 
1 -62.279151296839622 21.055373784685116 -7 1 0 0 
1 -62.279151296839622 3.055373784685111 -7 0 1 0 
1 -38 -66 -7 0 1 0 
1 -24 -66 -7 -1 0 0 
1 -24 -52 -7 0 -1 0 
1 -38 -52 -7 1 0 0 
1 -31.808108695634367 -59.401417306894416 -10.35617012994469 -0.45677815557070661 0.043982733837330777 -0.88849267623184047 
1 -30.575000000000003 -59.671807420432408 -7.9576139999999995 -1.8058029077948654e-16 1 -3.5125205501328778e-16 
1 -12.183170966233288 -39.6488045044998 -7.9576139999999995 -1.2801044796052554e-17 1.2179380558447171e-16 1 
1 -29.164632329646555 -41.433628014794976 -6 0.9945218953682734 0.10452846326765333 -6.1629758220391547e-32 
1 -30.575000000000003 -41.581863630230899 -7.7637312404917509 -3.9734939683789073e-33 1.2313924960836246e-16 1 
1 -10.945881851526112 -67.701367286031214 -4.6474311623126248 -0.4570051967661603 0.37007551142837947 0.8088203545718583 
1 -12.018538636586735 -41.215176489704824 -7.9576139999999995 0.10452846326765383 -0.9945218953682734 -2.0816681711721685e-16 
3 -10.170701826765026 -59.817281736971147 -7.7499999999999591 0.88448134064689099 0.092962734915451983 0.4572206119200205 -0.45471590956814051 -0.047792567938296011 0.88935331113988791 0.10452846326765372 -0.99452189536827329 6.9388939039072268e-18 1.1806331486574317 1.05
1 -12.018538636586735 -41.215176489704824 -7.9576139999999995 0.10452846326765383 -0.9945218953682734 -2.0816681711721685e-16 
1 -10.641911738490986 -69.380572783445103 -7.9576139999999995 -0.99452189536827351 -0.10452846326765255 -9.0205620750793989e-16 
1 -14.1259961962015 -70.926438502469395 -10.239661957934162 0.36399664408546567 -0.39723263205115483 -0.84244446649511007 
1 -14.889628977182344 -68.706372232578929 -7.9576139999999995 -0.19080899537654417 -0.98162718344766409 -5.6898930012039273e-16 
1 -17.973434105878397 -82.005616778954476 -7.0054119206158116 -0.32883663501484806 0.48752036009008398 0.8088203545718583 
1 -19.132366544232561 -82.279036995790918 -7.9576139999999995 -0.98162718344766398 0.19080899537654555 -1.1102230246251565e-15 
1 -33.701089233190771 -78.821459352056934 -6.7628982052943263 0.48752036009008354 0.32883663501484756 0.80882035457185875 
1 -34.120685758711872 -77.761124078871177 -7.9576139999999995 0.19080899537654428 0.9816271834476642 -3.1918911957973251e-16 
3 -30.948517904372199 -62.001118206298933 -7.750000000000024 -0.87301338590410216 0.16969661183340534 0.4572206119200205 -0.47915717534954577 -0.47311883751854988 -0.73930167516118939 0.090862695003505412 -0.86450079555623238 0.4943504274695647 1.234578350986546 1.05
1 -34.120685758711872 -77.761124078871177 -7.9576139999999995 0.19080899537654428 0.9816271834476642 -3.1918911957973251e-16 
1 -69.279151296839615 -3.9446262153148943 -6.9999990463256836 0 1 0 
1 -55.279151296839615 -3.9446262153148943 -6.9999990463256836 -1 -0 -0 
1 -55.279151296839615 10.055373784685113 -6.9999990463256836 -0 -1 -0 
1 -69.279151296839615 10.055373784685113 -6.9999990463256836 1 0 0 
1 -29 -59.004286389595251 -6 0 1 0 
1 -38 -52 2 -0 -0 -1 
1 -38 -66 2 -0 -0 -1 
1 -18.300674264254571 -57 -6 -1 -0 -0 
1 -26 -58.5 5 -0 -0 -1 
1 -26.25 -58.5 0.5 -1 -0 -0 
1 -31 -58.5 5 -0 -0 -1 
1 -18.300674264254571 -57 -6 -1 -0 -0 
1 -24 -66 2 -0 -0 -1 
1 -15 -52.004286389595258 -6 -0 -1 -0 
1 -24 -52 2 -0 -0 -1 
1 -25.300674264254571 -43 -6 1 0 0 
1 -31 -44.5 5 0 0 1 
1 -33.25 -44.5 0.5 1 0 0 
1 -26 -44.5 5 0 0 1 
1 -25.300674264254571 -43 -6 1 0 0 
1 -30.574999999999999 -59.671807420432408 -6 0 1 0 
1 -30.574999999999996 -59.520152169521246 -7.9576139999999995 3.9734939683789073e-33 2.0441854352457554e-32 -1 
1 -12.018538636586735 -41.215176489704824 -6 0.10452846326765339 -0.9945218953682734 0 
1 -9.0755397532859448 -69.215940453798552 -7.9576140000000013 1.28010447960523e-17 -1.2179380558447211e-16 1 
2 -10.064551225348708 -59.806124859186298 -7.7499999999999583 0.99452189536827329 0.10452846326765372 3.1235921728556804e-15 -0.10452846326765372 0.99452189536827329 -4.4408920985006247e-16 -3.1529007707653082e-15 1.1515215298920732e-16 1 1.05
2 -10.064551225348708 -59.806124859186298 -7.7499999999999583 0.99452189536827329 0.10452846326765372 3.1235921728556804e-15 -0.10452846326765372 0.99452189536827329 -4.4408920985006247e-16 -3.1529007707653082e-15 1.1515215298920732e-16 1 1.05
1 -34.120685758711872 -77.761124078871177 -6 0.19080899537654453 0.98162718344766409 2.0526832973508063e-48 
1 -10.641911738490986 -69.380572783445103 -6 -0.9945218953682734 -0.10452846326765342 -1.6640034719505718e-31 
1 -19.132366544232561 -82.279036995790918 -6 -0.98162718344766409 0.19080899537654419 -2.311115933264683e-31 
1 -14.889628977182346 -68.706372232578929 -6 -0.19080899537654397 -0.9816271834476642 -2.3263744036642471e-47 
1 -30.354701538937665 -69.03858749303852 -6 0.19080852523331637 0.98162727483413326 0 
1 -21.840737817504493 -80.425019988676269 -6 -0.98162727483413326 0.19080852523331637 0 
1 -20.736692635246037 -76.055399383230991 -6 0.98162727483413326 -0.19080852523331637 0 
1 -15.276260014626583 -64.838515922466016 -6 -0.19080852523331637 -0.98162727483413326 -0 
1 -30.41619599457977 -66.734521862045057 -6 0.19080852523331637 0.98162727483413326 0 
1 -20.736692635246037 -76.055399383230991 -6 0.98162727483413326 -0.19080852523331637 0 
1 -19.782650009079454 -71.147263009060339 -6 0.98162727483413326 -0.19080852523331637 0 
1 -15.691786872067771 -69.596649740544805 -6 0.19080852523331637 0.98162727483413326 0 
1 -30.354701538937665 -69.03858749303852 -6 0.19080852523331637 0.98162727483413326 0 
1 -19.782650009079454 -71.147263009060339 -6 0.98162727483413326 -0.19080852523331637 0 
1 -26.040809388076998 -65.346578464365194 -6 0.98162727483413326 -0.19080852523331637 0 
1 -15.276260014626583 -64.838515922466016 -6 -0.19080852523331637 -0.98162727483413326 -0 
1 -17.373632585696278 -58.663874534889558 -6 0.99452189536827329 0.10452846326765362 0 
1 -12.75028627303141 -60.083347818519421 -6 0.10452846326765391 -0.99452189536827329 0 
1 -16.976424425279184 -62.443057737288996 -6 -0.99452189536827329 -0.10452846326765362 -0 
1 -27.66811470355551 -61.651274767534225 -6 0.10452846326765391 -0.99452189536827329 0 
1 -24.5 -59.254286389595251 -6 -0 -1 -0 
1 -23.050674264254571 -42.5 -6 1 0 0 
1 -24.5 -59.254286389595251 -6 -0 -1 -0 
1 -19.5 -59.254286389595251 -6 -0 -1 -0 
1 -23.050674264254571 -57.5 -6 1 0 0 
1 -19.5 -59.254286389595251 -6 -0 -1 -0 
2 -12.749760342843047 -60.088351710008958 -7.7499999999999662 0.99452189536827329 0.10452846326765372 3.1235921728556804e-15 -0.10452846326765372 0.99452189536827329 -4.4408920985006247e-16 -3.1529007707653082e-15 1.1515215298920732e-16 1 1.05
1 -59.900400880193402 -63.988300032432292 -7.7500000000001155 0.99452189536827329 0.10452846326765364 3.1086244689504383e-15 
1 -15.11200516339904 -69.850398534436195 -7.9576139999999995 2.4435058382731484e-17 1.2570747773335194e-16 -1 
1 -17.586303730302497 -82.57956116350897 -7.9576140000000004 -2.3367362543640628e-17 -1.2021465881652226e-16 1 
1 -34.421209926429924 -79.307186892801212 -7.9576139999999995 -2.3367362543640893e-17 -1.2021465881652221e-16 1 
3 -31.059518713219365 -62.012784861426681 -7.7500000000000249 0.98162718344766409 -0.19080899537654444 -9.6047222676594146e-16 -0.19080899537654444 -0.98162718344766409 -1.3825196713599831e-14 1.6951462490651306e-15 1.3754455651257186e-14 -1 1.0979763443115054 1.05
3 -31.059518713219365 -62.012784861426681 -7.7500000000000249 0.98162718344766409 -0.19080899537654444 -9.6047222676594146e-16 -0.19080899537654444 -0.98162718344766409 -1.3825196713599831e-14 1.6951462490651306e-15 1.3754455651257186e-14 -1 1.0979763443115054 1.05
1 -59.900400880193402 -63.988300032432292 -7.7500000000001155 0.99452189536827329 0.10452846326765364 3.1086244689504383e-15 
2 -27.667588773367143 -61.656278659023769 -7.7500000000000142 0.99452189536827329 0.10452846326765372 3.1235921728556804e-15 -0.10452846326765372 0.99452189536827329 -4.4408920985006247e-16 -3.1529007707653082e-15 1.1515215298920732e-16 1 1.05
1 -69.279151296839615 10.055373784685113 2.0000009536743164 -0 -0 -1 
1 -69.279151296839615 -3.9446262153148943 2.0000009536743164 -0 -0 -1 
1 -57.279151296839615 3.5553737846851092 5.0000009536743164 -0 -0 -1 
1 -57.529151296839615 3.5553737846851092 0.50000095367431641 -1 -0 -0 
1 -62.279151296839615 3.5553737846851092 5.0000009536743164 -0 -0 -1 
1 -55.279151296839615 -3.9446262153148943 2.0000009536743164 -0 -0 -1 
1 -55.279151296839615 10.055373784685113 2.0000009536743164 -0 -0 -1 
1 -62.279151296839615 17.555373784685116 5.0000009536743164 0 0 1 
1 -64.529151296839615 17.555373784685116 0.50000095367431641 1 0 0 
1 -57.279151296839615 17.555373784685116 5.0000009536743164 0 0 1 
1 -26 -59 0.5 0 1 0 
1 -26 -59 5 -0 -0 -1 
1 -31 -59 0.5 0 1 0 
1 -31 -59 0.5 1 0 0 
1 -31 -59 5 -0 -0 -1 
1 -31 -59 0.5 0 1 0 
1 -31 -44 5 -0 -0 -1 
1 -31 -44 0.5 1 0 0 
1 -26 -59 0.5 0 1 0 
1 -26 -44 5 -0 -0 -1 
1 -62.279151296839615 3.0553737846851092 0.50000095367431641 0 1 0 
1 -62.279151296839615 18.055373784685116 5.0000009536743164 -0 -0 -1 
1 -57.279151296839615 18.055373784685116 5.0000009536743164 -0 -0 -1 
1 -62.279151296839615 18.055373784685116 0.50000095367431641 1 0 0 
1 -62.279151296839615 3.0553737846851092 0.50000095367431641 0 1 0 
1 -62.279151296839615 3.0553737846851092 5.0000009536743164 -0 -0 -1 
1 -57.279151296839615 3.0553737846851092 0.50000095367431641 0 1 0 
1 -57.279151296839615 3.0553737846851092 5.0000009536743164 -0 -0 -1 
1 -62.279151296839615 3.0553737846851092 0.50000095367431641 1 0 0 
1 -57.279151296839615 3.0553737846851092 0.50000095367431641 0 1 0 
1 -56.526468576525289 -4.6500000000000012 -27.105904861484703 -8.8817841970012513e-16 -1 6.2471843457113615e-15 
1 -12.948364423051578 -58.198760108809246 -9.6499999999999684 -0.99452189536827329 -0.10452846326765362 -3.1086244689504379e-15 
1 -56.526468576525289 -4.6500000000000945 -27.105904861484703 -8.8817841970012513e-16 -1 6.2471843457113615e-15 
1 -60.326468576525293 -9.6499999999999968 -27.105904861484671 8.8817841970012513e-16 1 -6.2471843457113615e-15 
1 -56.526468576525296 -9.6500000000000004 -27.105904861484671 -1 8.8817841970012513e-16 5.5511151231257827e-17 
1 -60.326468576525293 -9.6500000000000909 -27.105904861484671 8.8817841970012513e-16 1 -6.2471843457113615e-15 
1 -12.551156262634493 -61.977943311208683 -9.6499999999999666 -0.99452189536827329 -0.10452846326765362 -3.1086244689504379e-15 
1 -56.526468576525296 -9.6500000000000945 -27.105904861484671 -1 8.8817841970012513e-16 5.5511151231257827e-17 
Polygon3D 0
PolygonOnTriangulations 0
Surfaces 48
1 -29.274387216077592 -40.389380024658287 -10 0.09296273491545122 -0.8844813406468911 -0.45722061192002028 0.047792567938296227 -0.45471590956814034 0.88935331113988803 0.99452189536827351 0.10452846326765317 -5.4817261840867104e-16 
1 -22 -50 0 0 0 1 1 0 0 0 1 0 
1 -31.625 -59.671807420432408 -10 0.88935331113988791 0 -0.45722061192002045 0.45722061192002045 3.9495220922164962e-16 0.88935331113988791 -1.8058029077948654e-16 1 -3.5125205501328778e-16 
1 -21.379085483116643 -40.615334067365346 -6.9788070000000015 -0.10452846326765318 0.9945218953682734 -3.5381221806952416e-16 0.9945218953682734 0.10452846326765318 0 -3.6983447440127153e-17 3.5187399771895604e-16 1 
1 -10.974290646450047 -41.105421603273783 -10 -0.88448134064689099 -0.092962734915451983 -0.45722061192002045 -0.45471590956814051 -0.047792567938296254 0.88935331113988791 0.10452846326765383 -0.99452189536827329 -2.081668171172168e-16 
2 -59.790645993762368 -65.032548022568974 -7.7500000000001146 -0.99452189536827329 -0.10452846326765372 -3.1235921728556804e-15 -0.10452846326765372 0.99452189536827329 -4.4408920985006247e-16 3.1529007707653082e-15 -1.1515215298920742e-16 -1 1.05
1 -10.532156852059948 -70.424820773581786 -10 -0.092962734915450526 0.88448134064689121 -0.45722061192002034 -0.047792567938296268 0.45471590956814034 0.88935331113988803 -0.99452189536827351 -0.10452846326765255 -9.0899510141184692e-16 
1 -13.858920434562297 -68.906721677724306 -10 -0.87301338590410205 0.16969661183340534 -0.45722061192002045 -0.44882018149326725 0.087241805625907373 0.8893533111398878 -0.19080899537654417 -0.98162718344766409 -5.6898930012039273e-16 
1 -19.332715989377931 -83.309745538410965 -10 0.16969661183340681 0.87301338590410194 -0.45722061192002034 0.087241805625907498 0.44882018149326702 0.88935331113988791 -0.98162718344766398 0.19080899537654555 -1.0963452368173421e-15 
1 -35.151394301331919 -77.560774633725799 -10 0.87301338590410205 -0.16969661183340534 -0.45722061192002045 0.44882018149326725 -0.087241805625907651 0.88935331113988791 0.19080899537654428 0.9816271834476642 -3.1918911957973251e-16 
2 -59.790645993762368 -65.032548022568974 -7.7500000000001146 -0.99452189536827329 -0.10452846326765372 -3.1235921728556804e-15 -0.10452846326765372 0.99452189536827329 -4.4408920985006247e-16 3.1529007707653082e-15 -1.1515215298920742e-16 -1 1.05
1 -62.279151296839629 3.0553737846851092 -6.9999990463256836 -0 -0 -1 1 0 0 0 1 0 
1 -38 -66 2 -1 -0 -0 0 1 0 0 0 1 
1 -24 -66 2 -0 -1 -0 -1 -0 -0 0 0 1 
1 -24 -52 2 1 0 0 -0 -1 -0 0 0 1 
1 -38 -52 2 0 1 0 1 0 0 0 0 1 
1 -30.574999999999999 -50.551007899876055 -6.978806999999998 -1 0 1.6654984256653431e-15 1.6654984256653431e-15 0 1 -0 -1 -0 
1 -10.629355359759618 -54.432372479149173 -6.9788070000000006 0.99452189536827329 0.10452846326765364 3.3200330624333833e-15 -0.10452846326765364 0.99452189536827329 0 3.3018455739365814e-15 3.4703795401396355e-16 -1 
1 -21.601348528509142 -61.008572779190509 -6 0 0 1 -1 -0 -0 0 1 0 
1 -12.093772458342492 -69.533169494117374 -6.9788069999999998 0.10452846326765262 -0.9945218953682734 -3.9524500612945592e-16 -0.9945218953682734 -0.10452846326765262 -1.2325951644078309e-32 4.1314353104925954e-17 -3.9307981263071135e-16 1 
1 -16.349154446850765 -76.21497984897259 -6.9788070000000006 0.98162718344766409 -0.19080899537654408 -4.6731250274421007e-16 0.19080899537654408 0.98162718344766409 -2.4651903288156619e-32 -4.5872665585867773e-16 8.9167429175521196e-17 -1 
1 -26.003756828366207 -80.943374028155105 -6.9788070000000033 -0.19080899537654519 -0.98162718344766398 -4.9158832879970142e-15 -0.98162718344766398 0.19080899537654519 0 -9.3799475157105792e-16 -4.8255646661539499e-15 1 
1 -32.498104963214956 -69.413669531161219 -6.9788070000000024 -0.98162718344766409 0.19080899537654444 9.6047222676594126e-16 -0.19080899537654444 -0.98162718344766409 -4.9303806576313238e-32 -9.4282564673995695e-16 1.8326674067628189e-16 -1 
1 -69.279151296839615 -3.9446262153148943 2.0000009536743164 -1 -0 -0 0 1 0 0 0 1 
1 -55.279151296839615 -3.9446262153148943 2.0000009536743164 -0 -1 -0 -1 -0 -0 0 0 1 
1 -55.279151296839615 10.055373784685113 2.0000009536743164 1 0 0 -0 -1 -0 0 0 1 
1 -69.279151296839615 10.055373784685113 2.0000009536743164 0 1 0 1 0 0 0 0 1 
1 -26 -59 5 1 0 0 -0 -0 -1 -0 -1 -0 
1 -31 -59 0.5 -0 -0 -1 1 0 0 0 1 0 
1 -31 -59 5 1 0 0 -0 -0 -1 -0 -1 -0 
1 -31 -59 5 1 0 0 -0 -0 -1 -0 -1 -0 
1 -31 -59 0.5 -0 -0 -1 1 0 0 0 1 0 
1 -26 -59 5 1 0 0 -0 -0 -1 -0 -1 -0 
1 -62.279151296839615 3.0553737846851092 5.0000009536743164 1 0 0 -0 -0 -1 -0 -1 -0 
1 -62.279151296839615 18.055373784685116 5.0000009536743164 0 1 0 -0 -0 -1 1 0 0 
1 -62.279151296839615 3.0553737846851092 5.0000009536743164 1 0 0 -0 -0 -1 -0 -1 -0 
1 -57.279151296839615 3.0553737846851092 5.0000009536743164 1 0 0 -0 -0 -1 -0 -1 -0 
1 -62.279151296839615 3.0553737846851092 5.0000009536743164 0 1 0 -0 -0 -1 1 0 0 
1 -57.279151296839615 3.0553737846851092 5.0000009536743164 1 0 0 -0 -0 -1 -0 -1 -0 
1 -12.948364423051594 -58.198760108809246 -4.6499999999999684 -0.10452846326765362 0.99452189536827329 -4.4408920985006222e-16 3.1529007707653082e-15 -1.1515215298920737e-16 -1 0.99452189536827329 0.10452846326765362 3.1235921728556804e-15 
1 -12.749760342843045 -60.088351710008965 -7.1499999999999684 0.99452189536827329 0.10452846326765391 3.184669191848796e-15 -0.10452846326765391 0.99452189536827329 4.9303806576313238e-32 3.1672232407984117e-15 3.3288857663979602e-16 -1 
1 -12.551156262634493 -61.977943311208683 -9.6499999999999666 0.10452846326765362 -0.99452189536827329 4.4408920985006222e-16 -3.1529007707653082e-15 1.1515215298920737e-16 1 0.99452189536827329 0.10452846326765362 3.1235921728556804e-15 
1 -12.749760342843045 -60.088351710008965 -7.1500000000000608 0.99452189536827329 0.10452846326765391 3.184669191848796e-15 -0.10452846326765391 0.99452189536827329 4.9303806576313238e-32 3.1672232407984117e-15 3.3288857663979602e-16 -1 
1 -31 -44 5 0 1 0 -0 -0 -1 1 0 0 
1 -31 -59 5 0 1 0 -0 -0 -1 1 0 0 
1 -62.279151296839615 3.0553737846851092 0.50000095367431641 -0 -0 -1 1 0 0 0 1 0 
1 -62.279151296839615 3.0553737846851092 0.50000095367431641 -0 -0 -1 1 0 0 0 1 0 
1 -12.948364423051578 -58.198760108809246 -9.6499999999999684 3.1380150615081551e-15 -1.167167040770676e-16 -1 0.10452846326765372 -0.99452189536827329 4.4408920985006247e-16 0.99452189536827329 0.10452846326765372 3.1086244689504379e-15 
Triangulations 0

TShapes 330
Ve
1.50000004301955e-07
-31.625 -40.6364393837182 -10
0 0

0101101
*
Ve
1.50000007558674e-07
-11.2486778625276 -38.4948016279321 -10
0 0

0101101
*
Ed
 1.00000001889131e-07 1 1 0
1  1 0 -2.36356061628183 18.125
0

0101000
+330 12 -329 12 *
Ve
1.50000008055049e-07
-30.575 -41.5818636302309 -7.957614
0 0

0101101
*
Ed
 1.5e-07 1 1 0
1  2 0 -4.07313019273263 -1.58965126612783
0

0101000
+330 13 -327 13 *
Ve
1.50000009607118e-07
-12.1831709662333 -39.6488045044998 -7.957614
0 0

0101101
*
Ed
 1.5e-07 1 1 0
1  3 0 -1.4181363697691 17.075
0

0101000
+327 13 -325 13 *
Ed
 1.5e-07 1 1 0
1  4 0 -4.31411434352624 -1.78897264987894
0

0101000
+329 13 -325 13 *
Wi

0101100
-328 10 +326 8 +324 8 -323 8 *
Fa
0  1e-07 1 8

0111000
+322 0 *
Ve
1.50000009072259e-07
-7.9215368767182 -70.1504335575042 -10
0 0

0101101
*
Ed
 1.00000003972055e-07 1 1 0
1  5 0 -2.625 29.205
0

0101000
+329 12 -320 12 *
Ve
1.50000004755412e-07
-14.2295474115901 -70.8134321808197 -10
0 0

0101101
*
Ed
 1.0000000064294e-07 1 1 0
1  6 0 -2.625 3.71775682038757
0

0101000
+320 12 -318 12 *
Ve
1.50000011583231e-07
-16.7559446328278 -83.8106191512744 -10
0 0

0101101
*
Ed
 1.00000003662053e-07 1 1 0
1  7 0 1.94239782194978 15.1828491762063
0

0101000
+318 12 -316 12 *
Ve
1.50000032340149e-07
-35.6522679141953 -80.1375459902759 -10
0 0

0101101
*
Ed
 1.00000001096463e-07 1 1 0
1  8 0 -2.625 16.625
0

0101000
+316 12 -314 12 *
Ve
1.50000024924012e-07
-31.625 -59.4190486689138 -10
0 0

0101101
*
Ed
 1.00000003552714e-07 1 1 0
1  9 0 -2.625 18.4812791156565
0

0101000
+314 12 -312 12 *
Ed
 1e-07 1 1 0
1  10 0 0.25275875151864 19.0353680367142
0

0101000
+312 12 -330 12 *
Wi

0101100
-328 10 -319 10 -317 10 -315 10 -313 10 -311 10 -310 10 *
Ve
1.53051147472242e-06
-16.8530179971382 -83.4319652303922 -10
0 0

0101101
*
Ve
1.53051147649878e-06
-13.4184645429385 -65.7626742833778 -10
0 0

0101101
*
Ed
 1.53051147472242e-06 1 1 0
1  11 0 0 18
0

0101000
+308 23 -307 23 *
Ve
1.53051147472242e-06
-31.0877554899529 -62.3281208291781 -10
0 0

0101101
*
Ed
 1.53051147472242e-06 1 1 0
1  12 0 0 18
0

0101000
+307 23 -305 23 *
Ve
1.53051147869448e-06
-34.5223089441526 -79.9974117761925 -10
0 0

0101101
*
Ed
 1.53051147472242e-06 1 1 0
1  13 0 0 18
0

0101000
+303 23 -305 23 *
Ed
 1.53051147472242e-06 1 1 0
1  14 0 0 18
0

0101000
+308 23 -303 23 *
Wi

0101100
-306 22 -304 22 +302 22 +301 22 *
Ve
1.00000000113047e-07
-29 -57 -10
0 0

0101101
*
Ve
1.00000000113047e-07
-29 -43 -10
0 0

0101101
*
Ed
 1.00000000113047e-07 1 1 0
1  15 0 0 14
0

0101000
+299 33 -298 33 *
Ve
1.00000000113047e-07
-15 -57 -10
0 0

0101101
*
Ed
 1.00000000113047e-07 1 1 0
1  16 0 0 14
0

0101000
+296 33 -299 33 *
Ve
1.00000000113047e-07
-15 -43 -10
0 0

0101101
*
Ed
 1.00000000113047e-07 1 1 0
1  17 0 0 14
0

0101000
+294 33 -296 33 *
Ed
 1.00000000113047e-07 1 1 0
1  18 0 0 14
0

0101000
+298 33 -294 33 *
Wi

0101100
+297 32 +295 32 +293 32 +292 32 *
Fa
0  1e-07 2 0

0111000
+309 0 +300 0 +291 0 *
Ve
1.50000099575061e-07
-30.575 -59.5201521695212 -7.957614
0 0

0101101
*
Ed
 1.5e-07 1 1 0
1  19 0 -2.69957895445703 -0.400870079712109
0

0101000
+289 13 -312 13 *
Ed
 1.5e-07 1 1 0
1  20 0 0.151655250911262 18.0899437902015
0

0101000
+289 13 -327 13 *
Wi

0101100
-310 10 -288 8 +287 8 -326 8 *
Fa
0  1e-07 3 8

0111000
+286 0 *
Ve
1.500000075886e-07
-12.1831709662333 -39.6488045044998 -6
0 0

0101101
*
Ed
 1e-07 1 1 0
1  21 0 -4.44089209850063e-15 1.957614
0

0101000
+325 13 -284 13 *
Ve
1.50000007793734e-07
-30.575 -41.5818636302309 -6
0 0

0101101
*
Ed
 1.5e-07 1 1 0
1  22 0 -1.4181363697691 17.075
0

0101000
+282 13 -284 13 *
Ed
 1e-07 1 1 0
1  23 0 -0.193882759508251 1.76373124049175
0

0101000
+327 13 -282 13 *
Wi

0101000
+324 0 +283 0 -281 0 -280 0 *
Fa
0  1.5e-07 4 0

0111000
+279 0 *
Ve
1.5000000549308e-07
-9.0755397532859 -69.2159404537986 -7.957614
0 0

0101101
*
Ed
 1.5e-07 1 1 0
1  24 0 -6.61774744840677 -4.09260575475947
0

0101000
+320 13 -277 13 *
Ve
1.50000042653376e-07
-9.95696322949398 -60.8297562626475 -7.957614
0 0

0101101
*
Ed
 1.5e-07 1 1 0
1  25 0 19.722622361853 28.155
0

0101000
+275 13 -277 13 *
Ve
1.50000030831435e-07
-10.1721392212034 -58.7824934557251 -7.957614
0 0

0101101
*
Ed
 1e-07 1 1 0
1  26 0 1.76983555512947 4.51334975205011
2  1 6 0 1.76983555512947 4.51334975205011
0

0101000
+275 35 -273 35 *
Ed
 1.5e-07 1 1 0
1  27 0 -1.575 17.66408265905
0

0101000
+325 13 -273 13 *
Wi

0101100
-319 10 -276 8 +274 8 -272 34 +271 8 +323 8 *
Fa
0  1e-07 5 8

0111000
+270 0 *
Ve
1.50000004440892e-07
-15.112005163399 -69.8503985344362 -7.957614
0 0

0101101
*
Ed
 1.5e-07 1 1 0
1  28 0 -1.57500000000001 4.49471594916748
0

0101000
+277 13 -268 13 *
Ed
 1.5e-07 1 1 0
1  29 0 -2.70884081823025 -0.284483983770757
0

0101000
+268 13 -318 13 *
Wi

0101100
-317 10 +276 8 +267 8 +266 8 *
Fa
0  1e-07 7 8

0111000
+265 0 *
Ve
1.50000008792518e-07
-17.5863037303025 -82.579561163509 -7.957614
0 0

0101101
*
Ed
 1.5e-07 1 1 0
1  30 0 1.16543869316986 14.1328491762063
0

0101000
+268 13 -263 13 *
Ed
 1.5e-07 1 1 0
1  31 0 -3.702414340165 -1.1772726465177
0

0101000
+316 13 -263 13 *
Wi

0101100
-315 10 -266 8 +262 8 -261 8 *
Fa
0  1e-07 8 8

0111000
+260 0 *
Ve
1.50000014458497e-07
-34.4212099264299 -79.3071868928012 -7.95761400000001
0 0

0101101
*
Ed
 1.5e-07 1 1 0
1  32 0 -1.575 15.575
0

0101000
+263 13 -258 13 *
Ed
 1.5e-07 1 1 0
1  33 0 -4.00225065604241 -1.47710896239512
0

0101000
+314 13 -258 13 *
Wi

0101100
-313 10 +261 8 +257 8 -256 8 *
Fa
0  1e-07 9 8

0111000
+255 0 *
Ve
1.50000036588208e-07
-30.8541511825314 -60.9562605066761 -7.957614
0 0

0101101
*
Ed
 1.5e-07 1 1 0
1  34 0 17.1193950774399 18.582382616264
0

0101000
+253 13 -289 13 *
Ve
1.50000039082374e-07
-31.2648862439073 -63.0693092161773 -7.957614
0 0

0101101
*
Ed
 1e-07 1 1 0
1  35 0 4.39434080438247 7.13785500130322
2  2 11 0 4.39434080438247 7.13785500130322
0

0101000
+253 35 -251 35 *
Ed
 1.5e-07 1 1 0
1  36 0 -1.57499999999998 14.9667970798174
0

0101000
+258 13 -251 13 *
Wi

0101100
-311 10 +288 8 +252 8 -250 34 +249 8 +256 8 *
Fa
0  1e-07 10 8

0111000
+248 0 *
Wi

0101100
-301 22 -302 22 +306 22 +304 22 *
Ve
1e-07
-18.4346554963398 -81.0870936302573 -9.99999952316284
0 0

0101101
*
Ve
1e-07
-32.1774373440177 -78.4157742769909 -9.99999952316284
0 0

0101101
*
Ed
 1e-07 1 1 0
1  37 0 0 14
0

0101000
+245 38 -244 38 *
Ve
1e-07
-15.7633361430734 -67.3443117825794 -9.99999952316284
0 0

0101101
*
Ed
 1e-07 1 1 0
1  38 0 0 14
0

0101000
+242 38 -245 38 *
Ve
1e-07
-29.5061179907512 -64.672992429313 -9.99999952316284
0 0

0101101
*
Ed
 1e-07 1 1 0
1  39 0 0 14
0

0101000
+240 38 -242 38 *
Ed
 1e-07 1 1 0
1  40 0 0 14
0

0101000
+244 38 -240 38 *
Wi

0101100
+243 37 +241 37 +239 37 +238 37 *
Fa
0  1e-07 12 36

0111000
+246 0 +237 0 *
Ve
2e-07
-29 -57 -6
0 0

0101101
*
Ve
2.00000000888178e-07
-29 -43 -6
0 0

0101101
*
Ed
 2e-07 1 1 0
1  41 0 2.00428638959525 16.0042863895953
0

0101000
+235 41 -234 41 *
Ed
 1e-07 1 1 0
1  42 0 2 6
0

0101000
+234 42 -298 42 *
Ed
 1e-07 1 1 0
1  43 0 2 6
0

0101000
+235 42 -299 42 *
Wi

0101100
-233 40 -232 39 +297 32 +231 39 *
Fa
0  1e-07 13 39

0111000
+230 0 *
Ve
2.00000000888178e-07
-15 -57 -6
0 0

0101101
*
Ve
2e-07
-19.5 -57 -6
0 0

0101101
*
Ed
 2e-07 1 1 0
1  44 0 -3.30067426425457 1.19932573574543
0

0101000
+228 41 -227 41 *
Ve
1.5e-07
-19.5 -57 -8.5
0 0

0101101
*
Ed
 1.5e-07 1 1 0
1  45 0 2 4.5
0

0101000
+227 44 -225 44 *
Ve
1.5e-07
-24.5 -57 -8.5
0 0

0101101
*
Ed
 1.5e-07 1 1 0
1  46 0 -0.25 4.75
0

0101000
+225 44 -223 44 *
Ve
2.00000000444089e-07
-24.5 -57 -6
0 0

0101101
*
Ed
 1.5e-07 1 1 0
1  47 0 2 4.5
0

0101000
+221 44 -223 44 *
Ed
 2e-07 1 1 0
1  48 0 6.19932573574543 10.6993257357454
0

0101000
+221 41 -235 41 *
Ed
 1e-07 1 1 0
1  49 0 2 6
0

0101000
+228 42 -296 42 *
Wi

0101100
-226 40 -224 43 -222 43 +220 43 -219 40 -231 39 +295 32 +218 39 *
Fa
0  1e-07 14 39

0111000
+217 0 *
Ve
2.00000000888178e-07
-15 -43 -6
0 0

0101101
*
Ed
 2e-07 1 1 0
1  50 0 -9.00428638959525 4.99571361040475
0

0101000
+215 41 -228 41 *
Ed
 1e-07 1 1 0
1  51 0 2 6
0

0101000
+215 42 -294 42 *
Wi

0101100
-214 40 -218 39 +293 32 +213 39 *
Fa
0  1e-07 15 39

0111000
+212 0 *
Ve
2.00000000888178e-07
-24.5 -43 -6
0 0

0101101
*
Ed
 2e-07 1 1 0
1  52 0 -3.69932573574543 0.800674264254571
0

0101000
+234 41 -210 41 *
Ve
1.5e-07
-24.5 -43 -8.5
0 0

0101101
*
Ed
 1.5e-07 1 1 0
1  53 0 -4.5 -2
0

0101000
+208 44 -210 44 *
Ve
1.5e-07
-19.5 -43 -8.5
0 0

0101101
*
Ed
 1.5e-07 1 1 0
1  54 0 2.25 7.25
0

0101000
+208 44 -206 44 *
Ve
2.00000000993014e-07
-19.5 -43 -6
0 0

0101101
*
Ed
 1.5e-07 1 1 0
1  55 0 -4.5 -2
0

0101000
+206 44 -204 44 *
Ed
 2e-07 1 1 0
1  56 0 5.80067426425457 10.3006742642546
0

0101000
+204 41 -215 41 *
Wi

0101100
-209 40 +207 43 -205 43 -203 43 -202 40 -213 39 +292 32 +232 39 *
Fa
0  1e-07 16 39

0111000
+201 0 *
Ve
1.50000002512148e-07
-30.575 -59.5201521695212 -6
0 0

0101101
*
Ed
 1.5e-07 1 1 0
1  57 0 0.151655250911164 18.0899437902015
0

0101000
+199 13 -282 13 *
Ed
 1e-07 1 1 0
1  58 0 -1.957614 2.66453525910038e-15
0

0101000
+199 13 -289 13 *
Wi

0101000
+287 0 +280 0 -198 0 +197 0 *
Fa
0  1.5e-07 17 0

0111000
+196 0 *
Ve
1.50000011546319e-07
-9.075539753286 -69.2159404537986 -6
0 0

0101101
*
Ed
 1.5e-07 1 1 0
1  59 0 -1.575 28.155
0

0101000
+284 13 -194 13 *
Ed
 1e-07 1 1 0
1  60 0 -8.88178419700126e-16 1.957614
0

0101000
+277 13 -194 13 *
Ve
1.50000009607118e-07
