<?xml version='1.0' encoding='utf-8'?>
<!-- FreeCAD DocumentObject -->
<Document SchemaVersion="4" FileVersion="2">
<Object name="Boolean" Extensions="True">
  <Extensions Count="1">
    <Extension type="App::GeoFeatureGroupExtension" name="GeoFeatureGroupExtension">
    </Extension>
  </Extensions>
  <Properties Count="23" TransientCount="3">
    <_Property name="_Body" type="App::PropertyLinkHidden" status="251658240"/>
    <_Property name="_ElementMapVersion" type="App::PropertyString" status="234881024"/>
    <_Property name="_GroupTouched" type="App::PropertyBool" status="100663296"/>
    <Property name="BaseFeature" type="App::PropertyLink" status="8">
      <Link value="Pipe"/>
    </Property>
    <Property name="ClaimAllChildren" type="App::PropertyBool" status="8">
      <Bool value="false"/>
    </Property>
    <Property name="ColoredElements" type="App::PropertyLinkSubHidden" status="218103808">
      <LinkSub value="" count="0">
      </LinkSub>
    </Property>
    <Property name="ExportMode" type="App::PropertyEnumeration" status="8">
      <Integer value="0"/>
    </Property>
    <Property name="ExpressionEngine" type="App::PropertyExpressionEngine" status="67108864">
      <ExpressionEngine count="0"></ExpressionEngine>
    </Property>
    <Property name="FixShape" type="App::PropertyEnumeration">
      <Integer value="1"/>
    </Property>
    <Property name="Group" type="App::PropertyLinkList">
      <LinkList count="1">
        <Link value="Reference001"/>
      </LinkList>
    </Property>
    <Property name="InvalidShape" type="App::PropertyBool" status="67108864">
      <Bool value="false"/>
    </Property>
    <Property name="Label" type="App::PropertyString" status="134217728">
      <String value="Boolean"/>
    </Property>
    <Property name="Label2" type="App::PropertyString" status="128">
      <String value=""/>
    </Property>
    <Property name="NewSolid" type="App::PropertyBool">
      <Bool value="false"/>
    </Property>
    <Property name="Placement" type="App::PropertyPlacement" status="8388616">
      <PropertyPlacement Px="0" Py="0" Pz="0" Q0="0" Q1="0" Q2="0" Q3="1" A="0" Ox="0" Oy="0" Oz="1"/>
    </Property>
    <Property name="Refine" type="App::PropertyBool">
      <Bool value="false"/>
    </Property>
    <Property name="Shape" type="Part::PropertyPartShape">
      <Part HasherIndex="0" ElementMap="1.15.70200.4" brep="1">
<![CDATA[

CASCADE Topology V1, (c) Matra-Datavision
Locations 37
1
              1               0               0               0 
              0               1               0               0 
              0               0               1               0 
1
              1               0               0               0 
              0               1               0               0 
              0               0               1               0 
1
              1               0               0               0 
              0               1               0               0 
              0               0               1               0 
1
              1               0               0               0 
              0               1               0               0 
              0               0               1               0 
1
              1               0               0               0 
              0               1               0               0 
              0               0               1               0 
1
              1               0               0               0 
              0               1               0               0 
              0               0               1               0 
1
0.190808525233316 -0.981627274834133               0 -1.97038674354553 
0.981627274834133 0.190808525233316               0 -22.8800430297852 
              0               0               1 -3.00000047683716 
1
              1               0               0               0 
              0               1               0               0 
              0               0               1               0 
1
              1               0               0               0 
              0               1               0               0 
              0               0               1               0 
1
              1               0               0               0 
              0               1               0               0 
              0               0               1               0 
2  3 1 4 1 5 1 6 1 7 1 8 1 9 1 10 1 0
2  10 -1 9 -1 8 -1 7 -1 6 -1 5 -1 4 -1 3 -1 0
1
-4.44089209850063e-16               1               0               0 
             -1 -4.44089209850063e-16               0               0 
              0               0               1              -3 
1
              1               0               0               0 
              0               1               0               0 
              0               0               1               0 
2  3 1 4 1 5 1 6 1 13 1 14 1 9 1 10 1 0
2  10 -1 9 -1 14 -1 13 -1 6 -1 5 -1 4 -1 3 -1 0
1
              1               0               0               0 
              0               1               0               0 
              0               0               1               0 
1
              1               0               0               0 
              0               1               0               0 
              0               0               1              -3 
1
              1               0               0               0 
              0               1               0               0 
              0               0               1               6 
1
              1               0               0            -2.5 
              0               1               0            -7.5 
              0               0               1              -3 
1
              1               0               0            -2.5 
              0               1               0            -7.5 
              0               0               1              -3 
1
              1               0               0              -9 
              0               1               0              -9 
              0               0               1               3 
2  17 1 18 1 19 1 20 -1 21 1 22 -1 3 1 4 1 5 1 6 1 7 1 8 1 9 1 10 1 0
1
              1               0               0              -9 
              0               1               0              -9 
              0               0               1               3 
2  24 -1 22 1 21 -1 20 1 19 -1 18 -1 17 -1 0
2  17 1 18 1 19 1 20 -1 21 1 22 -1 3 1 4 1 5 1 6 1 13 1 14 1 9 1 10 1 0
2  10 -1 9 -1 14 -1 13 -1 6 -1 5 -1 4 -1 3 -1 22 1 21 -1 20 1 19 -1 18 -1 17 -1 0
2  20 -1 21 1 22 -1 3 1 4 1 5 1 6 1 7 1 8 1 9 1 10 1 0
2  10 -1 9 -1 8 -1 7 -1 6 -1 5 -1 4 -1 3 -1 22 1 21 -1 20 1 0
2  24 -1 22 1 21 -1 20 1 0
2  21 1 22 -1 3 1 4 1 5 1 6 1 7 1 8 1 9 1 10 1 0
2  10 -1 9 -1 8 -1 7 -1 6 -1 5 -1 4 -1 3 -1 22 1 21 -1 0
2  24 -1 22 1 21 -1 0
2  20 -1 21 1 22 -1 3 1 4 1 5 1 6 1 13 1 14 1 9 1 10 1 0
2  10 -1 9 -1 14 -1 13 -1 6 -1 5 -1 4 -1 3 -1 22 1 21 -1 20 1 0
2  21 1 22 -1 3 1 4 1 5 1 6 1 13 1 14 1 9 1 10 1 0
2  10 -1 9 -1 14 -1 13 -1 6 -1 5 -1 4 -1 3 -1 22 1 21 -1 0
Curve2ds 96
1 2.625 1.1102230246251565e-16 1.9158377441940856e-47 1 
1 -5.8286708792820709e-16 2.5884498452564441e-31 4.4408920985006242e-16 1 
1 2.625 0 0 1 
1 -4.4408920985006262e-16 1.9721522630525295e-31 4.4408920985006262e-16 1 
1 2.6250000000000009 -5.5511151231257827e-16 -4.7562421940416797e-48 1 
1 -7.0548651300208944e-16 3.1329894811897392e-31 4.4408920985006271e-16 1 
1 2.6250000000000004 -2.2204460492503131e-16 -2.4548346807957058e-48 1 
1 -7.0548651300209122e-16 -3.4874403221169245e-15 4.4408920985006281e-16 1 
1 2.6249999999999991 -1.0547118733938987e-15 5.3369765731120963e-47 1 
1 -5.8286708792820797e-16 -1.7666257707707327e-15 4.4408920985006242e-16 1 
1 2.6249999999999969 8.8817841970012523e-16 6.2948954452091392e-47 1 
1 -5.8286708792820699e-16 4.3593004026461571e-16 4.4408920985006232e-16 1 
1 2.6250000000000004 -4.8329557778165438e-48 -1.8411260105967784e-48 1 
1 -7.0548651300208954e-16 3.13298948118974e-31 4.4408920985006281e-16 1 
1 0.43492424049223799 -1.9314516230483655e-16 0 1 
1 -9.2839925318746826e-17 -8.8331288538536637e-16 3.7470027081099023e-16 1 
1 0.43492424049223799 -1.9314516230483658e-16 0 1 
1 0 0 0 1 
1 0.43492424049223799 -1.9314516230483663e-16 0 1 
1 -0 0 -4.7184478546569153e-16 1 
1 0.43492424049223799 -1.9314516230483665e-16 0 1 
1 0 0 -2.7755575615628914e-16 1 
1 0.43492424049223799 -1.931451623048365e-16 0 1 
1 0 0 1.0824674490095276e-15 1 
1 0.43492424049223799 -1.9314516230483645e-16 0 1 
1 0 0 1.27675647831893e-15 1 
1 0.43492424049223799 -1.9314516230483665e-16 0 1 
1 0 -0 -1.9428902930940235e-16 1 
1 0.61507575950825133 2.7755575615628914e-17 4.7562421940416797e-48 1 
1 4.4408920985006262e-16 -1.97215226305253e-31 4.4408920985006271e-16 1 
1 0.61507575950825133 5.5511151231257827e-17 -1.9158377441940856e-47 1 
1 2.2204460492503131e-16 -9.8607613152626465e-32 4.4408920985006242e-16 1 
1 0.615075759508251 0 0 1 
1 0 0 4.4408920985006262e-16 1 
1 0.61507575950825188 -1.5543122344752192e-15 2.4548346807957058e-48 1 
1 4.4408920985006262e-16 -1.9721522630525304e-31 4.4408920985006281e-16 1 
1 0.61507575950825333 6.3837823915946501e-16 -6.2948954452091392e-47 1 
1 2.2204460492503151e-16 4.3593004026461536e-16 4.4408920985006232e-16 1 
1 0.61507575950825111 -1.762479051592436e-15 1.8411260105967784e-48 1 
1 4.4408920985006262e-16 -1.9721522630525304e-31 4.4408920985006281e-16 1 
1 0.61507575950825133 9.7144514654701197e-17 -5.3369765731120963e-47 1 
1 2.2204460492503131e-16 -9.8607613152626432e-32 4.4408920985006242e-16 1 
8 -2.8823373434461415 11.117662656553858
1 0.93487869602703744 -19.915461143473784 0.98162727483413326 0.19080852523331637 
8 -2.8823373434461415 11.117662656553858
1 2.8823373434461415 -2.0000004768371582 1 0 
8 2.8639713372971034 16.863971337297102
1 -5.1122917560192329 -3.911301454489772 0.19080852523331637 -0.98162727483413326 
8 2.8639713372971034 16.863971337297102
1 -2.8639713372971034 -2.0000004768371582 1 0 
8 -4.1176626565538594 9.8823373434461406
1 5.1349502665995415 -4.8370196191627084 -0.98162727483413326 -0.19080852523331637 
8 -4.1176626565538594 9.8823373434461406
1 4.1176626565538594 -2.0000004768371582 1 0 
8 -9.8639713372971052 4.1360286627028948
1 9.9661497682918476 -8.1113730250622762 -0.19080852523331637 0.98162727483413326 
8 -9.8639713372971052 4.1360286627028948
1 9.8639713372971052 -2.0000004768371582 1 0 
8 -4.3354211240437683 9.6645788759562308
1 4.3354211240437603 17.621657949055649 -1 -4.4408920985006262e-16 
8 -4.3354211240437683 9.6645788759562308
1 4.3354211240437683 -2 1 0 
8 1.8108289745278228 15.810828974527823
1 8.6708422480875367 1.8108289745278281 -4.4408920985006262e-16 1 
8 1.8108289745278228 15.810828974527823
1 -1.8108289745278228 -2 1 0 
8 -2.6645788759562317 11.335421124043769
1 -2.6645788759562334 3.6216579490556455 1 4.4408920985006262e-16 
8 -2.6645788759562317 11.335421124043769
1 2.6645788759562317 -2 1 -0 
8 -8.8108289745278228 5.1891710254721772
1 -5.3291577519124678 8.810828974527821 4.4408920985006262e-16 -1 
8 -8.8108289745278228 5.1891710254721772
1 8.8108289745278228 -2 1 0 
1 -0 0 4.7562421940416797e-48 1 
1 2.1849242404917488 -9.7030127954222912e-16 4.4408920985006271e-16 1 
1 0 0 -1.9158377441940856e-47 1 
1 2.1849242404917488 -8.6988394156862262e-17 4.4408920985006242e-16 1 
1 0 0 0 1 
1 2.1849242404917484 8.0605555985802174e-16 4.4408920985006262e-16 1 
1 0 0 2.4548346807957058e-48 1 
1 2.1849242404917488 2.5171390425746956e-15 4.4408920985006281e-16 1 
1 0 0 -6.2948954452091392e-47 1 
1 2.1849242404917488 -9.844119901299741e-17 4.4408920985006232e-16 1 
1 0 -0 1.8411260105967784e-48 1 
1 2.1849242404917488 2.6866114745528036e-15 4.4408920985006281e-16 1 
1 0 0 -5.3369765731120963e-47 1 
1 2.1849242404917488 7.963244912285044e-16 4.4408920985006242e-16 1 
8 -11.867662656553859 -11.367662656553859
1 -0.16916648623142039 -15.545840538028516 -0.98162727483413326 -0.19080852523331637 
8 -11.867662656553859 -11.367662656553859
1 2.0000004768371582 -3.132337343446141 0 1 
8 -7.613971337297107 -2.613971337297107
1 10.027644223933953 -5.8073073940688165 -0.19080852523331637 0.98162727483413326 
8 -7.613971337297107 -2.613971337297107
1 2.0000004768371582 7.613971337297107 0 1 
8 -11.867662656553859 -11.367662656553859
1 -1.1232091123980015 -10.637704163857849 -0.98162727483413326 -0.19080852523331637 
8 -11.867662656553859 -11.367662656553859
1 2.0000004768371582 -3.132337343446141 0 1 
8 2.632337343446141 3.132337343446141
1 -1.1232091123980015 -10.637704163857849 -0.98162727483413326 -0.19080852523331637 
8 2.632337343446141 3.132337343446141
1 2.0000004768371582 -3.132337343446141 0 1 
8 -7.6139713372971034 -2.6139713372971034
1 -4.6967648985780466 -8.6694352725685615 -0.19080852523331637 0.98162727483413326 
8 -7.6139713372971034 -2.6139713372971034
1 2.0000004768371582 7.6139713372971034 0 1 
8 2.632337343446141 3.132337343446141
1 -0.16916648623142039 -15.545840538028516 -0.98162727483413326 -0.19080852523331637 
8 2.632337343446141 3.132337343446141
1 2.0000004768371582 -3.132337343446141 0 1 
8 -10.414578875956231 -9.9145788759562308
1 4.585421124043763 13.121657949055649 1 4.4408920985006262e-16 
8 -10.414578875956231 -9.9145788759562308
1 2 -4.5854211240437683 0 1 
8 -6.5608289745278228 -1.5608289745278228
1 -5.829157751912466 6.560828974527821 4.4408920985006262e-16 -1 
8 -6.5608289745278228 -1.5608289745278228
1 2 6.5608289745278228 0 1 
8 -10.414578875956231 -9.9145788759562308
1 4.5854211240437648 8.1216579490556491 1 4.4408920985006262e-16 
8 -10.414578875956231 -9.9145788759562308
1 2 -4.5854211240437683 0 1 
8 4.0854211240437683 4.5854211240437683
1 4.5854211240437648 8.1216579490556491 1 4.4408920985006262e-16 
8 4.0854211240437683 4.5854211240437683
1 2 -4.5854211240437683 0 1 
8 -6.5608289745278237 -1.5608289745278237
1 9.1708422480875331 6.5608289745278272 4.4408920985006262e-16 -1 
8 -6.5608289745278237 -1.5608289745278237
1 2 6.5608289745278237 0 1 
8 4.0854211240437683 4.5854211240437683
1 4.585421124043763 13.121657949055649 1 4.4408920985006262e-16 
8 4.0854211240437683 4.5854211240437683
1 2 -4.5854211240437683 0 1 
Curves 90
1 -7.2743872160775913 9.6106199753417165 5.8286708792820709e-16 0.9945218953682734 0.10452846326765322 8.6281661508548166e-32 
1 -9.625 -9.6718074204323479 0 0 1 0 
1 14.009275039654776 9.2081637865291768 2.6139730315202703e-16 0.10452846326765326 -0.9945218953682734 -4.7763062620803449e-32 
1 -13.151394301331926 -27.560774633725796 2.6139730315202703e-16 0.19080899537654469 0.98162718344766398 -2.4651903288156619e-32 
1 14.451408834044873 -20.111235383778833 5.8286708792820718e-16 -0.9945218953682734 -0.10452846326765315 2.4035605705952703e-31 
1 2.6672840106220583 -33.309745538410965 5.8286708792820718e-16 -0.98162718344766398 0.19080899537654489 2.8349688781380112e-31 
1 8.1410795654377015 -18.906721677724299 2.6139730315202693e-16 -0.19080899537654464 -0.98162718344766409 -1.8488927466117464e-32 
1 -9 -9 3 1 0 0 
1 9 -9 3 0 1 0 
1 -9 9 3 1 0 0 
1 -9 -9 3 0 1 0 
1 13.734887823577186 11.818783761870883 1.121201896960319e-15 7.5824434432183093e-17 2.3123715787997611e-16 -1 
1 -7.2743872160775913 9.6106199753417165 -1.2 0.99452189536827351 0.10452846326765286 4.4408920985006257e-16 
1 -9.625 9.3635606162818341 -0.76507575950776008 0 2.2326768868452908e-16 -1 
1 -9.625 -9.6718074204323479 -1.2000000000000004 0 1 4.4408920985006262e-16 
1 -9.6249999999999964 -9.4190486689137547 4.3557930101692311e-15 -0 -5.2188275932056476e-16 1 
1 17.0620288093866 -19.836848167701248 3.1510603900687625e-15 1.222443970915568e-16 -2.1041928481270781e-16 -1 
1 14.009275039654774 9.208163786529175 -1.2000000000000004 0.10452846326765372 -0.99452189536827329 4.4408920985006271e-16 
1 -13.151394301331926 -27.560774633725792 -1.2000000000000004 0.19080899537654444 0.98162718344766409 4.4408920985006281e-16 
1 -13.652267914195352 -30.137545990275889 8.9714706568715201e-16 -1.4011846931031338e-16 -1.9896427468142203e-16 -1 
1 7.770452588409877 -20.813432180819738 -1.4784890754875984e-16 -5.9255490902874207e-17 2.1703968562789064e-16 1 
1 14.451408834044871 -20.111235383778833 -1.2 -0.99452189536827351 -0.10452846326765207 4.4408920985006242e-16 
1 2.6672840106220583 -33.309745538410965 -1.2 -0.98162718344766375 0.19080899537654616 4.4408920985006232e-16 
1 5.2440553671721784 -33.810619151274402 1.5942889201345244e-15 5.5382253321259312e-17 -2.3696576558319477e-16 -1 
1 8.1410795654377015 -18.906721677724303 -1.2000000000000004 -0.19080899537654444 -0.98162718344766409 4.4408920985006281e-16 
1 -16 -16 3 0 1 0 
1 -2 -16 3 -1 0 0 
1 -2 -2 3 0 -1 0 
1 -16 -2 3 1 0 0 
1 12.965027049518087 9.0984089000981392 -1.2000000000000002 0.10452846326765326 -0.9945218953682734 -4.7763062620803449e-32 
1 -7.1646323296465546 8.5663719852050288 -1.2 0.9945218953682734 0.10452846326765322 8.6281661508548166e-32 
1 -8.5749999999999993 -9.6718074204323479 -1.2000000000000002 -0 1 0 
1 -12.120685758711877 -27.761124078871166 -1.2000000000000002 0.19080899537654469 0.98162718344766398 -2.4651903288156619e-32 
1 2.8676334557674301 -32.279036995790918 -1.2 -0.98162718344766398 0.19080899537654489 2.8349688781380112e-31 
1 7.1103710228176533 -18.706372232578929 -1.2000000000000002 -0.19080899537654464 -0.98162718344766409 -1.8488927466117464e-32 
1 14.341653947613835 -19.066987393642147 -1.2 -0.9945218953682734 -0.10452846326765315 2.4035605705952703e-31 
1 0.73596355206049457 -30.537119092529434 -4 -0.98162727483413326 0.19080852523331637 0 
1 -16 -2 0 0 0 1 
1 -16 -16 0 0 0 1 
1 6.7831340041067651 -14.532959403545419 -4 -0.19080852523331637 -0.98162727483413326 0 
1 -4 -8.5 3 0 0 1 
1 -4.25 -8.5 7.5 -1 0 0 
1 -9 -8.5 3 0 0 1 
1 -2 -16 0 0 0 1 
1 -3.4641080185120092 -15.458677568218356 -4 0.98162727483413326 -0.19080852523331637 0 
1 -2 -2 0 0 0 1 
1 -8.2953075202043163 -18.733030974117924 -4 0.19080852523331637 0.98162727483413326 -0 
1 -9 5.5 3 0 0 -1 
1 -11.25 5.5 7.5 1 0 0 
1 -4 5.5 3 0 0 -1 
1 -2.6645788759562281 7.0000000000000027 -4 1 -4.4408920985006262e-16 0 
1 -7.0000000000000053 -8.8108289745278192 -4 4.4408920985006262e-16 1 -0 
1 4.3354211240437657 -7.0000000000000018 -4 -1 4.4408920985006262e-16 0 
1 7 -1.8108289745278263 -4 -4.4408920985006262e-16 -1 0 
1 15.908025932818877 -18.902355063995593 -1.1999999999999966 1.222443970915568e-16 -2.1041928481270781e-16 -1 
1 12.965027049518087 9.0984089000981392 -4 0.10452846326765326 -0.9945218953682734 -4.7763062620803449e-32 
1 12.800394719871534 10.664780885303159 -1.1999999999999984 7.5824434432183093e-17 2.3123715787997611e-16 -1 
1 -7.1646323296465537 8.5663719852050288 -4 0.9945218953682734 0.10452846326765322 8.6281661508548166e-32 
1 -8.5749999999999993 8.4181363697690994 -1.8150757595082494 0 2.2326768868452908e-16 -1 
1 -8.5749999999999993 -9.6718074204323461 -4 -0 1 0 
1 -8.5749999999999957 -9.5201521695211788 -1.1999999999999953 -0 -5.2188275932056476e-16 1 
1 -12.120685758711877 -27.761124078871163 -4 0.19080899537654469 0.98162718344766398 -2.4651903288156619e-32 
1 -12.421209926429929 -29.307186892801212 -1.1999999999999988 -1.4011846931031338e-16 -1.9896427468142203e-16 -1 
1 2.8676334557674292 -32.279036995790918 -4 -0.98162718344766398 0.19080899537654489 2.8349688781380112e-31 
1 4.4136962696975015 -32.579561163508977 -1.199999999999998 5.5382253321259312e-17 -2.3696576558319477e-16 -1 
1 7.1103710228176524 -18.706372232578932 -4 -0.19080899537654464 -0.98162718344766409 -1.8488927466117464e-32 
1 6.8879948366009582 -19.850398534436184 -1.1999999999999997 -5.9255490902874207e-17 2.1703968562789064e-16 1 
1 14.341653947613834 -19.066987393642147 -4 -0.9945218953682734 -0.10452846326765315 2.4035605705952703e-31 
1 1.8400087343189524 -26.167498487084163 -4 0.98162727483413326 -0.19080852523331637 0 
1 -8.3568019758464214 -16.428965343124464 -4 0.19080852523331637 0.98162727483413326 -0 
1 2.7940513604855335 -21.259362112913497 -4 0.98162727483413326 -0.19080852523331637 0 
1 2.7940513604855335 -21.259362112913497 -4 0.98162727483413326 -0.19080852523331637 0 
1 6.3676071466655788 -19.291093221624209 -4 0.19080852523331637 0.98162727483413326 -0 
1 1.8400087343189524 -26.167498487084163 -4 0.98162727483413326 -0.19080852523331637 0 
1 -2.9145788759562308 2.5000000000000018 -4 -1 4.4408920985006262e-16 0 
1 7.4999999999999982 -4.0608289745278263 -4 -4.4408920985006262e-16 -1 0 
1 -2.9145788759562326 -2.4999999999999982 -4 -1 4.4408920985006262e-16 0 
1 -2.9145788759562326 -2.4999999999999982 -4 -1 4.4408920985006262e-16 0 
1 -7.5000000000000018 -4.0608289745278201 -4 -4.4408920985006262e-16 -1 0 
1 -2.9145788759562308 2.5000000000000018 -4 -1 4.4408920985006262e-16 0 
1 -4 -9 7.5 0 1 0 
1 -4 -9 3 0 0 1 
1 -9 -9 7.5 0 1 0 
1 -9 -9 7.5 1 0 0 
1 -9 -9 3 0 0 1 
1 -9 -9 7.5 0 1 0 
1 -9 6 3 0 0 1 
1 -9 6 7.5 1 0 0 
1 -4 -9 7.5 0 1 0 
1 -4 6 3 0 0 1 
Polygon3D 0
PolygonOnTriangulations 0
Surfaces 86
1 1.7016963278259021 -10.681654501847417 3.4774282087206048e-16 0 0 1 1 0 -0 -0 1 0 
1 -7.0000000000000018 6.9999999999999991 0 -2.320998132968662e-17 2.2082822134634157e-16 -1 -0.10452846326765322 0.9945218953682734 2.2204460492503128e-16 0.9945218953682734 0.10452846326765322 8.6281661508548166e-32 
1 -7.2743872160775913 9.6106199753417165 0 0.10452846326765286 -0.99452189536827351 -2.2204460492503151e-16 4.1844646136299646e-16 2.6724818400571502e-16 -1 0.99452189536827351 0.10452846326765286 4.4408920985006257e-16 
1 -7 -9.6718074204323479 0 0 0 -1 -1 0 0 0 1 0 
1 -9.625 -9.6718074204323479 -4.4408920985006262e-16 1 -0 0 0 4.4408920985006262e-16 -1 0 1 4.4408920985006262e-16 
1 11.398655064313058 8.9337765704515864 0 9.9034415761870113e-17 1.0408936533634439e-17 -1 0.9945218953682734 0.10452846326765326 9.9579925010296012e-17 0.10452846326765326 -0.9945218953682734 -4.7763062620803449e-32 
1 14.009275039654774 9.2081637865291768 -4.4408920985006262e-16 -0.99452189536827329 -0.10452846326765372 -9.9579925010295802e-17 1.4545437842124355e-16 -4.3124750615904884e-16 -1 0.10452846326765372 -0.99452189536827329 4.4408920985006271e-16 
1 -10.574622944781808 -28.061648246589225 0 -9.7750361315786471e-17 1.9000745450886213e-17 -1 -0.98162718344766398 0.19080899537654469 9.9579925010296012e-17 0.19080899537654469 0.98162718344766398 -2.4651903288156619e-32 
1 -13.151394301331926 -27.560774633725792 -4.4408920985006262e-16 0.98162718344766409 -0.19080899537654444 -9.9579925010295901e-17 -1.3014145326732388e-17 4.549307857155024e-16 -1 0.19080899537654444 0.98162718344766409 4.4408920985006321e-16 
1 14.177021617967283 -17.500615408437117 0 2.3209981329686451e-17 -2.2082822134634162e-16 -1 0.10452846326765315 -0.9945218953682734 2.2204460492503131e-16 -0.9945218953682734 -0.10452846326765315 2.4035605705952703e-31 
1 14.451408834044871 -20.111235383778833 0 -0.10452846326765207 0.99452189536827351 -2.220446049250318e-16 -4.1844646136299651e-16 -2.6724818400571497e-16 -1 -0.99452189536827351 -0.10452846326765207 4.4408920985006242e-16 
1 3.1681576234854889 -30.73297418186085 0 -4.2368107994527319e-17 -2.1796502013230773e-16 -1 -0.19080899537654489 -0.98162718344766398 2.2204460492503131e-16 -0.98162718344766398 0.19080899537654489 2.8349688781380112e-31 
1 2.6672840106220588 -33.309745538410965 0 0.19080899537654616 0.98162718344766375 -2.220446049250319e-16 -4.7829814825914258e-16 -1.3322880414325373e-16 -1 -0.98162718344766375 0.19080899537654616 4.4408920985006232e-16 
1 5.5643082088875833 -18.405848064860869 0 9.7750361315786421e-17 -1.9000745450886207e-17 -1 0.98162718344766409 -0.19080899537654464 9.9579925010295975e-17 -0.19080899537654464 -0.98162718344766409 -1.8488927466117464e-32 
1 8.1410795654377015 -18.906721677724299 -4.4408920985006262e-16 -0.98162718344766409 0.19080899537654444 -9.9579925010295926e-17 1.3014145326732413e-17 -4.549307857155024e-16 -1 -0.19080899537654444 -0.98162718344766409 4.4408920985006321e-16 
1 2.0549439117885915 10.59117218907636 -0.59999999999999754 -0.10452846326765307 0.9945218953682734 -2.8310221629509898e-15 0.9945218953682734 0.10452846326765307 -3.4512664603419266e-31 2.9592239616993392e-16 -2.8155135273276075e-15 -1 
1 -7.2743872160775913 9.6106199753417165 -0.76507575950776197 0.10452846326765286 -0.99452189536827351 -2.2204460492503151e-16 4.1844646136299646e-16 2.6724818400571502e-16 -1 0.99452189536827351 0.10452846326765286 4.4408920985006257e-16 
1 -7.2743872160775904 9.6106199753417165 -1.1999999999999993 2.320998132968662e-17 -2.2082822134634157e-16 1 0.10452846326765322 -0.9945218953682734 -2.2204460492503128e-16 0.9945218953682734 0.10452846326765322 8.6281661508548166e-32 
1 -9.6249999999999964 -0.027744026315941098 -0.59999999999999487 -1 -0 -0 0 0 -1 0 -1 0 
1 -9.625 -9.6718074204323479 -0.76507575950776241 1 -0 0 0 4.4408920985006262e-16 -1 0 1 4.4408920985006262e-16 
1 -9.625 -9.6718074204323479 -1.1999999999999997 0 0 1 1 0 -0 -0 1 0 
1 15.398458316481888 -4.0090322029151775 -0.59999999999999676 0.9945218953682734 0.10452846326765353 2.8033303842275214e-15 -0.10452846326765353 0.9945218953682734 0 -2.787973447065424e-15 -2.9302781709482349e-16 1 
1 14.009275039654774 9.208163786529175 -0.76507575950776241 -0.99452189536827329 -0.10452846326765372 -9.9579925010295802e-17 1.4545437842124355e-16 -4.3124750615904884e-16 -1 0.10452846326765372 -0.99452189536827329 4.4408920985006271e-16 
1 14.009275039654774 9.208163786529175 -1.1999999999999997 -9.9034415761870113e-17 -1.0408936533634439e-17 1 -0.9945218953682734 -0.10452846326765326 -9.9579925010296012e-17 0.10452846326765326 -0.9945218953682734 -4.7763062620803449e-32 
1 -11.638633957097676 -19.77829732959481 -0.60000000000000064 -0.98162718344766409 0.19080899537654455 2.3433844540045678e-15 -0.19080899537654455 -0.98162718344766409 -4.9303806576313227e-32 2.3003298813195455e-15 -4.4713883344962387e-16 1 
1 -13.151394301331926 -27.560774633725792 -0.76507575950776241 0.98162718344766409 -0.19080899537654444 -9.9579925010295901e-17 -1.3014145326732388e-17 4.549307857155024e-16 -1 0.19080899537654444 0.98162718344766409 4.4408920985006321e-16 
1 -13.151394301331926 -27.560774633725792 -1.1999999999999997 9.7750361315786471e-17 -1.9000745450886213e-17 1 0.98162718344766398 -0.19080899537654469 -9.9579925010296012e-17 0.19080899537654469 0.98162718344766398 -2.4651903288156619e-32 
1 12.41624069889823 -20.325140174260493 -0.59999999999999887 0.10452846326765253 -0.99452189536827351 -2.2397666506426372e-15 -0.99452189536827351 -0.10452846326765253 3.4512664603419258e-31 -2.3411936606981235e-16 2.2274969745797649e-15 -1 
1 14.451408834044871 -20.111235383778833 -0.76507575950776197 -0.10452846326765207 0.99452189536827351 -2.220446049250318e-16 -4.1844646136299651e-16 -2.6724818400571497e-16 -1 -0.99452189536827351 -0.10452846326765207 4.4408920985006242e-16 
1 14.451408834044871 -20.111235383778833 -1.1999999999999993 -2.3209981329686451e-17 2.2082822134634162e-16 1 -0.10452846326765315 0.9945218953682734 -2.2204460492503131e-16 -0.9945218953682734 -0.10452846326765315 2.4035605705952703e-31 
1 -4.2041062735115888 -31.974082570775138 -0.59999999999999809 -0.19080899537654564 -0.98162718344766386 -6.0339274564029996e-15 -0.98162718344766386 0.19080899537654564 1.3805065841367707e-30 1.1513276361312103e-15 5.9230672141564031e-15 -1 
1 2.6672840106220583 -33.309745538410965 -0.76507575950776197 0.19080899537654616 0.98162718344766375 -2.220446049250319e-16 -4.7829814825914258e-16 -1.3322880414325373e-16 -1 -0.98162718344766375 0.19080899537654616 4.4408920985006232e-16 
1 2.6672840106220583 -33.309745538410965 -1.1999999999999993 4.2368107994527319e-17 2.1796502013230773e-16 1 0.19080899537654489 0.98162718344766398 -2.2204460492503131e-16 -0.98162718344766398 0.19080899537654489 2.8349688781380112e-31 
1 6.5072539777910272 -27.31202566604707 -0.59999999999999831 0.98162718344766409 -0.19080899537654461 2.3525390844009685e-15 0.19080899537654461 0.98162718344766409 0 -2.3093163153710688e-15 4.4888561927860483e-16 1 
1 8.1410795654377015 -18.906721677724303 -0.76507575950776241 -0.98162718344766409 0.19080899537654444 -9.9579925010295926e-17 1.3014145326732413e-17 -4.549307857155024e-16 -1 -0.19080899537654444 -0.98162718344766409 4.4408920985006321e-16 
1 8.1410795654377015 -18.906721677724303 -1.1999999999999997 -9.7750361315786421e-17 1.9000745450886207e-17 1 -0.98162718344766409 0.19080899537654464 -9.9579925010295975e-17 -0.19080899537654464 -0.98162718344766409 -1.8488927466117464e-32 
1 -9 -9 3 0 0 1 1 0 -0 -0 1 0 
1 1.7016963278259056 -10.681654501847417 -1.1999999999999962 -0 -0 -1 -1 0 0 0 1 -0 
1 13.576733359659313 9.1627018240327214 -1.2000000000000002 -9.9034415761870113e-17 -1.0408936533634439e-17 1 -0.9945218953682734 -0.10452846326765326 -9.9579925010296012e-17 0.10452846326765326 -0.9945218953682734 -4.7763062620803449e-32 
1 12.965027049518087 9.0984089000981392 -1.1999999999999997 -0.99452189536827329 -0.10452846326765372 -9.9579925010295802e-17 1.4545437842124355e-16 -4.3124750615904884e-16 -1 0.10452846326765372 -0.99452189536827329 4.4408920985006271e-16 
1 -7.2289252535811368 9.1780782953462552 -1.1999999999999997 2.320998132968662e-17 -2.2082822134634157e-16 1 0.10452846326765322 -0.9945218953682734 -2.2204460492503128e-16 0.9945218953682734 0.10452846326765322 8.6281661508548166e-32 
1 -7.1646323296465546 8.5663719852050288 -1.1999999999999997 0.10452846326765286 -0.99452189536827351 -2.2204460492503151e-16 4.1844646136299646e-16 2.6724818400571502e-16 -1 0.99452189536827351 0.10452846326765286 4.4408920985006257e-16 
1 -9.1900757595082503 -9.6718074204323479 -1.2000000000000002 0 0 1 1 0 -0 -0 1 0 
1 -8.5749999999999993 -9.6718074204323479 -1.2000000000000002 1 -0 0 0 4.4408920985006262e-16 -1 0 1 4.4408920985006262e-16 
1 -12.724460844124895 -27.64376209111893 -1.2000000000000002 9.7750361315786471e-17 -1.9000745450886213e-17 1 0.98162718344766398 -0.19080899537654469 -9.9579925010296012e-17 0.19080899537654469 0.98162718344766398 -2.4651903288156619e-32 
1 -12.120685758711877 -27.761124078871166 -1.1999999999999997 0.98162718344766409 -0.19080899537654444 -9.9579925010295901e-17 -1.3014145326732388e-17 4.549307857155024e-16 -1 0.19080899537654444 0.98162718344766409 4.4408920985006321e-16 
1 2.7502714680151956 -32.882812081203937 -1.1999999999999997 4.2368107994527319e-17 2.1796502013230773e-16 1 0.19080899537654489 0.98162718344766398 -2.2204460492503131e-16 -0.98162718344766398 0.19080899537654489 2.8349688781380112e-31 
1 2.8676334557674306 -32.279036995790918 -1.1999999999999997 0.19080899537654616 0.98162718344766375 -2.220446049250319e-16 -4.7829814825914258e-16 -1.3322880414325373e-16 -1 -0.98162718344766375 0.19080899537654616 4.4408920985006232e-16 
1 7.7141461082306702 -18.823734220331165 -1.2000000000000002 -9.7750361315786421e-17 1.9000745450886207e-17 1 -0.98162718344766409 0.19080899537654464 -9.9579925010295975e-17 -0.19080899537654464 -0.98162718344766409 -1.8488927466117464e-32 
1 7.1103710228176533 -18.706372232578929 -1.1999999999999997 -0.98162718344766409 0.19080899537654444 -9.9579925010295926e-17 1.3014145326732413e-17 -4.549307857155024e-16 -1 -0.19080899537654444 -0.98162718344766409 4.4408920985006321e-16 
1 14.405946871548418 -19.678693703783374 -1.1999999999999997 -2.3209981329686451e-17 2.2082822134634162e-16 1 -0.10452846326765315 0.9945218953682734 -2.2204460492503131e-16 -0.9945218953682734 -0.10452846326765315 2.4035605705952703e-31 
1 14.341653947613835 -19.066987393642144 -1.1999999999999997 -0.10452846326765207 0.99452189536827351 -2.220446049250318e-16 -4.1844646136299651e-16 -2.6724818400571497e-16 -1 -0.99452189536827351 -0.10452846326765207 4.4408920985006242e-16 
1 -16 -16 0 -1 0 0 0 1 0 0 0 -1 
1 1.670842248087532 -10.621657949055647 -4 -0 -0 -1 -1 0 0 0 1 -0 
1 -2 -16 0 0 -1 0 -1 0 0 -0 -0 -1 
1 -2 -2 0 1 0 0 0 -1 0 0 0 -1 
1 -16 -2 0 0 1 0 1 0 0 0 0 -1 
1 14.3542103263452 -4.1187870893462115 -2.5999999999999996 0.9945218953682734 0.10452846326765328 0 -0.10452846326765328 0.9945218953682734 0 0 -0 1 
1 12.965027049518087 9.0984089000981392 -4 -9.9034415761870113e-17 -1.0408936533634439e-17 1 -0.9945218953682734 -0.10452846326765326 -9.9579925010296012e-17 0.10452846326765326 -0.9945218953682734 -4.7763062620803449e-32 
1 12.965027049518087 9.0984089000981392 -1.8150757595082512 -0.99452189536827329 -0.10452846326765372 -9.9579925010295802e-17 1.4545437842124355e-16 -4.3124750615904884e-16 -1 0.10452846326765372 -0.99452189536827329 4.4408920985006271e-16 
1 2.1126973599357677 9.5414586275361337 -2.6000000000000005 -0.10452846326765312 0.9945218953682734 -5.1647390099804589e-16 0.9945218953682734 0.10452846326765312 0 5.3986223189175757e-17 -5.1364460292882258e-16 -1 
1 -7.1646323296465537 8.5663719852050288 -4 2.320998132968662e-17 -2.2082822134634157e-16 1 0.10452846326765322 -0.9945218953682734 -2.2204460492503128e-16 0.9945218953682734 0.10452846326765322 8.6281661508548166e-32 
1 -7.1646323296465546 8.5663719852050288 -1.8150757595082512 0.10452846326765286 -0.99452189536827351 -2.2204460492503151e-16 4.1844646136299646e-16 2.6724818400571502e-16 -1 0.99452189536827351 0.10452846326765286 4.4408920985006257e-16 
1 -8.5749999999999975 -0.5510078998760416 -2.5999999999999996 -1 -0 -0 0 0 -1 0 -1 0 
1 -8.5749999999999993 -9.6718074204323461 -4 0 0 1 1 0 -0 -0 1 0 
1 -8.5749999999999993 -9.6718074204323479 -1.8150757595082516 1 -0 0 0 4.4408920985006262e-16 -1 0 1 4.4408920985006262e-16 
1 -10.498104963214967 -19.413669531161208 -2.600000000000001 -0.98162718344766409 0.19080899537654461 1.9907897184451596e-16 -0.19080899537654461 -0.98162718344766409 0 1.9542133041538897e-16 -3.7986058618247493e-17 1 
1 -12.120685758711877 -27.761124078871163 -4 9.7750361315786471e-17 -1.9000745450886213e-17 1 0.98162718344766398 -0.19080899537654469 -9.9579925010296012e-17 0.19080899537654469 0.98162718344766398 -2.4651903288156619e-32 
1 -12.120685758711877 -27.761124078871166 -1.8150757595082512 0.98162718344766409 -0.19080899537654444 -9.9579925010295901e-17 -1.3014145326732388e-17 4.549307857155024e-16 -1 0.19080899537654444 0.98162718344766409 4.4408920985006321e-16 
1 -4.0037568283662184 -30.943374028155105 -2.6000000000000005 -0.19080899537654522 -0.98162718344766386 -0 -0.98162718344766386 0.19080899537654522 0 0 0 -1 
1 2.8676334557674292 -32.279036995790918 -4 4.2368107994527319e-17 2.1796502013230773e-16 1 0.19080899537654489 0.98162718344766398 -2.2204460492503131e-16 -0.98162718344766398 0.19080899537654489 2.8349688781380112e-31 
1 2.8676334557674301 -32.279036995790918 -1.8150757595082512 0.19080899537654616 0.98162718344766375 -2.220446049250319e-16 -4.7829814825914258e-16 -1.3322880414325373e-16 -1 -0.98162718344766375 0.19080899537654616 4.4408920985006232e-16 
1 5.6508455531492254 -26.214979848972586 -2.5999999999999992 0.98162718344766409 -0.19080899537654461 0 0.19080899537654461 0.98162718344766409 0 -0 0 1 
1 7.1103710228176524 -18.706372232578932 -4 -9.7750361315786421e-17 1.9000745450886207e-17 1 -0.98162718344766409 0.19080899537654464 -9.9579925010295975e-17 -0.19080899537654464 -0.98162718344766409 -1.8488927466117464e-32 
1 7.1103710228176533 -18.706372232578929 -1.8150757595082512 -0.98162718344766409 0.19080899537654444 -9.9579925010295926e-17 1.3014145326732413e-17 -4.549307857155024e-16 -1 -0.19080899537654444 -0.98162718344766409 4.4408920985006321e-16 
1 11.398010384709908 -19.37637679921589 -2.6000000000000001 0.10452846326765299 -0.9945218953682734 -0 -0.9945218953682734 -0.10452846326765299 0 -0 0 -1 
1 14.341653947613834 -19.066987393642147 -4 -2.3209981329686451e-17 2.2082822134634162e-16 1 -0.10452846326765315 0.9945218953682734 -2.2204460492503131e-16 -0.9945218953682734 -0.10452846326765315 2.4035605705952703e-31 
1 14.341653947613835 -19.066987393642147 -1.8150757595082512 -0.10452846326765207 0.99452189536827351 -2.220446049250318e-16 -4.1844646136299651e-16 -2.6724818400571497e-16 -1 -0.99452189536827351 -0.10452846326765207 4.4408920985006242e-16 
1 -9 -9 3 1 0 0 0 0 1 0 -1 0 
1 -9 6 3 0 1 0 0 -0 1 1 0 -0 
1 -4 -9 3 1 0 0 0 0 1 0 -1 0 
1 -4 -9 3 1 0 0 0 0 1 0 -1 0 
1 -9 -9 3 0 1 0 0 -0 1 1 0 -0 
1 -9 -9 3 1 0 0 0 0 1 0 -1 0 
1 -9 -9 7.5 0 0 1 1 0 -0 -0 1 0 
1 -9 -9 7.5 0 0 1 1 0 -0 -0 1 0 
Triangulations 0

TShapes 281
Ve
1.50000007512925e-07
-9.625 9.36356061628183 2.91433543964103e-16
0 0

0101101
*
Ve
1.50000009156543e-07
13.7348878235772 11.8187837618709 4.22132195540118e-16
0 0

0101101
*
Ed
 1.5e-07 1 1 0
1  1 0 -2.36356061628183 21.125
2  1 2 0 -2.36356061628183 21.125
2  2 3 0 -2.36356061628183 21.125
0

0101000
+281 0 -280 0 *
Ve
1.50000051637725e-07
-9.625 -9.41904866891381 1.30698651576013e-16
0 0

0101101
*
Ed
 1.5e-07 1 1 0
1  2 0 0.252758751518542 19.0353680367142
2  3 4 0 0.252758751518542 19.0353680367142
2  4 5 0 0.252758751518542 19.0353680367142
0

0101000
+278 0 -281 0 *
Ve
1.50000010958414e-07
17.0620288093866 -19.8368481677012 4.22132195540116e-16
0 0

0101101
*
Ed
 1.5e-07 1 1 0
1  3 0 -2.625 29.205
2  5 6 0 -2.625 29.205
2  6 7 0 -2.625 29.205
0

0101000
+280 0 -276 0 *
Ve
1.50000018251639e-07
-13.6522679141954 -30.1375459902759 4.22132195540119e-16
0 0

0101101
*
Ed
 1.5e-07 1 1 0
1  4 0 -2.62499999999999 18.4812791156565
2  7 8 0 -2.62499999999999 18.4812791156565
2  8 9 0 -2.62499999999999 18.4812791156565
0

0101000
+274 0 -278 0 *
Ve
1.50000005551156e-07
7.77045258840987 -20.8134321808197 4.22132195540118e-16
0 0

0101101
*
Ed
 1.5e-07 1 1 0
1  5 0 -2.625 6.71775682038758
2  9 10 0 -2.625 6.71775682038758
2  10 11 0 -2.625 6.71775682038758
0

0101000
+276 0 -272 0 *
Ve
1.50000008342646e-07
5.24405536717217 -33.8106191512744 4.22132195540117e-16
0 0

0101101
*
Ed
 1.5e-07 1 1 0
1  6 0 -2.625 16.625
2  11 12 0 -2.625 16.625
2  12 13 0 -2.625 16.625
0

0101000
+270 0 -274 0 *
Ed
 1.5e-07 1 1 0
1  7 0 1.94239782194978 15.1828491762063
2  13 14 0 1.94239782194978 15.1828491762063
2  14 15 0 1.94239782194978 15.1828491762063
0

0101000
+272 0 -270 0 *
Wi

0101100
-279 2 -277 2 -275 2 -273 2 -271 2 -269 2 -268 2 *
Ve
5.76837158550868e-07
5.14698200286182 -33.4319652303922 -4.76837158203125e-07
0 0

0101101
*
Ve
5.76837158550868e-07
8.58153545706151 -15.7626742833778 -4.76837158203125e-07
0 0

0101101
*
Ed
 5.76837158550868e-07 1 1 0
1  8 0 0 18
0

0101000
+266 12 -265 12 *
Ve
5.76837158550868e-07
-9.08775548995288 -12.3281208291781 -4.76837158203125e-07
0 0

0101101
*
Ed
 5.76837158550868e-07 1 1 0
1  9 0 0 18
0

0101000
+265 12 -263 12 *
Ve
5.76837158550868e-07
-12.5223089441526 -29.9974117761925 -4.76837158203125e-07
0 0

0101101
*
Ed
 5.76837158550868e-07 1 1 0
1  10 0 0 18
0

0101000
+261 12 -263 12 *
Ed
 5.76837158550868e-07 1 1 0
1  11 0 0 18
0

0101000
+266 12 -261 12 *
Wi

0101100
-264 11 -262 11 +260 11 +259 11 *
Ve
1.00000000347743e-07
-9 9 0
0 0

0101101
*
Ve
1.00000000347743e-07
-9 -9 0
0 0

0101101
*
Ed
 1.00000000347743e-07 1 1 0
1  8 0 0 18
0

0101000
+257 16 -256 16 *
Ve
1.00000000347743e-07
9 -9 0
0 0

0101101
*
Ed
 1.00000000347743e-07 1 1 0
1  9 0 0 18
0

0101000
+256 16 -254 16 *
Ve
1.00000000347743e-07
9 9 0
0 0

0101101
*
Ed
 1.00000000347743e-07 1 1 0
1  10 0 0 18
0

0101000
+252 16 -254 16 *
Ed
 1.00000000347743e-07 1 1 0
1  11 0 0 18
0

0101000
+257 16 -252 16 *
Wi

0101100
-255 15 -253 15 +251 15 +250 15 *
Fa
0  1e-07 1 2

0111000
+267 0 +258 0 +249 0 *
Ve
1.50000005551115e-07
13.7348878235772 11.8187837618709 -1.2
0 0

0101101
*
Ed
 1e-07 1 1 0
1  12 0 6.99069701420203e-16 1.2
0

0101000
+280 0 -247 0 *
Ve
1.50000005862146e-07
-9.625 9.36356061628183 -1.2
0 0

0101101
*
Ed
 1.5e-07 1 1 0
1  13 0 -2.36356061628183 21.125
2  15 17 0 -2.36356061628183 21.125
2  16 18 0 -2.36356061628183 21.125
0

0101000
+245 0 -247 0 *
Ed
 1e-07 1 1 0
1  14 0 -0.76507575950776 0.434924240492237
0

0101000
+281 0 -245 0 *
Wi

0101000
+279 0 +246 0 -244 0 -243 0 *
Fa
0  1.5e-07 16 0

0111000
+242 0 *
Ve
1.50000142707499e-07
-9.62499999999998 -9.41904866891361 -1.2
0 0

0101101
*
Ed
