<?xml version='1.0' encoding='utf-8'?>
<!-- FreeCAD DocumentObject -->
<Document SchemaVersion="4" FileVersion="2">
<Object name="Boolean" Extensions="True">
  <Extensions Count="1">
    <Extension type="App::GeoFeatureGroupExtension" name="GeoFeatureGroupExtension">
    </Extension>
  </Extensions>
  <Properties Count="23" TransientCount="3">
    <_Property name="_Body" type="App::PropertyLinkHidden" status="251658240"/>
    <_Property name="_ElementMapVersion" type="App::PropertyString" status="234881024"/>
    <_Property name="_GroupTouched" type="App::PropertyBool" status="100663296"/>
    <Property name="BaseFeature" type="App::PropertyLink" status="8">
      <Link value="Pipe"/>
    </Property>
    <Property name="ClaimAllChildren" type="App::PropertyBool" status="8">
      <Bool value="false"/>
    </Property>
    <Property name="ColoredElements" type="App::PropertyLinkSubHidden" status="218103808">
      <LinkSub value="" count="0">
      </LinkSub>
    </Property>
    <Property name="ExportMode" type="App::PropertyEnumeration" status="8">
      <Integer value="0"/>
    </Property>
    <Property name="ExpressionEngine" type="App::PropertyExpressionEngine" status="67108864">
      <ExpressionEngine count="0"></ExpressionEngine>
    </Property>
    <Property name="FixShape" type="App::PropertyEnumeration">
      <Integer value="1"/>
    </Property>
    <Property name="Group" type="App::PropertyLinkList">
      <LinkList count="1">
        <Link value="Reference001"/>
      </LinkList>
    </Property>
    <Property name="InvalidShape" type="App::PropertyBool" status="67108864">
      <Bool value="false"/>
    </Property>
    <Property name="Label" type="App::PropertyString" status="134217728">
      <String value="Boolean"/>
    </Property>
    <Property name="Label2" type="App::PropertyString" status="128">
      <String value=""/>
    </Property>
    <Property name="NewSolid" type="App::PropertyBool">
      <Bool value="false"/>
    </Property>
    <Property name="Placement" type="App::PropertyPlacement" status="8388616">
      <PropertyPlacement Px="0" Py="0" Pz="0" Q0="0" Q1="0" Q2="0" Q3="1" A="0" Ox="0" Oy="0" Oz="1"/>
    </Property>
    <Property name="Refine" type="App::PropertyBool">
      <Bool value="false"/>
    </Property>
    <Property name="Shape" type="Part::PropertyPartShape">
      <Part HasherIndex="0" ElementMap="1.15.70200.4" brep="1">
<![CDATA[

CASCADE Topology V1, (c) Matra-Datavision
Locations 37
1
              1               0               0               0 
              0               1               0               0 
              0               0               1               0 
1
              1               0               0               0 
              0               1               0               0 
              0               0               1               0 
1
              1               0               0               0 
              0               1               0               0 
              0               0               1               0 
1
              1               0               0               0 
              0               1               0               0 
              0               0               1               0 
1
              1               0               0               0 
              0               1               0               0 
              0               0               1               0 
1
              1               0               0               0 
              0               1               0               0 
              0               0               1               0 
1
0.190808525233316 -0.981627274834133               0 -1.97038674354553 
0.981627274834133 0.190808525233316               0 -22.8800430297852 
              0               0               1 -3.00000047683716 
1
              1               0               0               0 
              0               1               0               0 
              0               0               1               0 
1
              1               0               0               0 
              0               1               0               0 
              0               0               1               0 
1
              1               0               0               0 
              0               1               0               0 
              0               0               1               0 
2  3 1 4 1 5 1 6 1 7 1 8 1 9 1 10 1 0
2  10 -1 9 -1 8 -1 7 -1 6 -1 5 -1 4 -1 3 -1 0
1
              1               0               0               0 
              0               1               0               0 
              0               0               1              -3 
1
              1               0               0               0 
              0               1               0               0 
              0               0               1               0 
2  3 1 4 1 5 1 6 1 13 1 14 1 9 1 10 1 0
2  10 -1 9 -1 14 -1 13 -1 6 -1 5 -1 4 -1 3 -1 0
1
              1               0               0               0 
              0               1               0               0 
              0               0               1               0 
1
              1               0               0               0 
              0               1               0               0 
              0               0               1              -3 
1
              1               0               0               0 
              0               1               0               0 
              0               0               1               6 
1
              1               0               0            -2.5 
              0               1               0            -7.5 
              0               0               1              -3 
1
              1               0               0            -2.5 
              0               1               0            -7.5 
              0               0               1              -3 
1
              1               0               0              -9 
              0               1               0              -9 
              0               0               1               3 
2  17 1 18 1 19 1 20 -1 21 1 22 -1 3 1 4 1 5 1 6 1 7 1 8 1 9 1 10 1 0
1
              1               0               0              -9 
              0               1               0              -9 
              0               0               1               3 
2  24 -1 22 1 21 -1 20 1 19 -1 18 -1 17 -1 0
2  17 1 18 1 19 1 20 -1 21 1 22 -1 3 1 4 1 5 1 6 1 13 1 14 1 9 1 10 1 0
2  10 -1 9 -1 14 -1 13 -1 6 -1 5 -1 4 -1 3 -1 22 1 21 -1 20 1 19 -1 18 -1 17 -1 0
2  20 -1 21 1 22 -1 3 1 4 1 5 1 6 1 7 1 8 1 9 1 10 1 0
2  21 1 22 -1 3 1 4 1 5 1 6 1 7 1 8 1 9 1 10 1 0
2  20 -1 21 1 22 -1 3 1 4 1 5 1 6 1 13 1 14 1 9 1 10 1 0
2  21 1 22 -1 3 1 4 1 5 1 6 1 13 1 14 1 9 1 10 1 0
2  10 -1 9 -1 8 -1 7 -1 6 -1 5 -1 4 -1 3 -1 22 1 21 -1 20 1 0
2  24 -1 22 1 21 -1 20 1 0
2  10 -1 9 -1 8 -1 7 -1 6 -1 5 -1 4 -1 3 -1 22 1 21 -1 0
2  24 -1 22 1 21 -1 0
2  10 -1 9 -1 14 -1 13 -1 6 -1 5 -1 4 -1 3 -1 22 1 21 -1 20 1 0
2  10 -1 9 -1 14 -1 13 -1 6 -1 5 -1 4 -1 3 -1 22 1 21 -1 0
Curve2ds 96
1 2.625 -4.4408920985006262e-16 7.547468613682779e-48 1 
1 -3.021553832301418e-16 -8.8331288538536627e-16 4.0663417141853116e-16 1 
8 -4.0731301927326342 -1.5896512661278308
1 3.7664422367832544 17.484786712202244 0.92470460274101129 -0.38068543138605715 
8 -4.0731301927326342 -1.5896512661278308
1 3.7664422367832469 -0.81297929176983763 0.92470460274101163 0.38068543138605648 
1 2.2964843942417734 -3.0079060076015938e-16 -1.610035274360137e-19 1 
1 4.4408920985006262e-16 -1.9721522630525295e-31 -1.040834085586084e-16 1 
8 -4.3141143435262412 -1.7889726498789424
1 3.9234615189346256 16.331112523468065 0.90944773515847133 -0.41581824997843336 
8 -4.3141143435262412 -1.7889726498789424
1 3.9234615189346136 -0.83111252346805531 0.90944773515847199 0.41581824997843236 
1 2.625 0 0 1 
1 -3.1238717817075763e-16 1.2337800615105778e-31 3.9495220922164962e-16 1 
1 2.6250000000000009 -2.2204460492503131e-16 0 1 
1 -9.5126676890294037e-16 2.2265861388439463e-31 3.9476581216327883e-16 1 
1 2.6250000000000004 2.7755575615628914e-16 -5.0602550127506504e-80 1 
1 -3.1238717817075763e-16 1.1211583419026314e-31 3.9727280715842607e-16 1 
1 2.6249999999999991 -3.3306690738754696e-16 2.0378165256943503e-47 1 
1 -2.261325803599179e-16 2.2936249888360392e-31 4.0286888823025483e-16 1 
1 2.625 -1.1102230246251565e-16 2.8303007301310419e-47 1 
1 -2.261325803599179e-16 2.8229230631828166e-31 3.6624951479710603e-16 1 
1 2.6250000000000009 -1.8873791418627661e-15 1.1469911362234807e-78 1 
1 2.4270888611301801e-16 -3.4874403221169249e-15 4.1616458495653505e-16 1 
8 -2.6995789544570346 -0.40087007971210947
1 -0.40048215426125833 18.463647753637208 -0.99903229133206428 -0.043982733837329806 
8 -2.6995789544570346 -0.40087007971210947
1 -0.40048215426125655 0.27039011353799064 -0.99903229133206428 0.043982733837331166 
1 2.296484394241773 8.6935525445142066e-16 -4.9303806576313238e-32 1 
1 0 0 9.2837154836774833e-17 1 
1 0 0 -7.547468613682779e-48 1 
1 1.76373124049175 1.0005887240751444e-16 4.4408920985006252e-16 1 
1 2.2964843942417725 5.7404372921787683e-16 7.0598411167988026e-18 1 
1 0 0 2.3592239273284576e-16 1 
8 -6.6177474484067726 -4.0926057547594672
1 6.0184954288042967 26.453219837204255 0.90944773515847133 -0.41581824997843375 
8 -6.6177474484067726 -4.0926057547594672
1 6.0184954288042904 0.1267801627957314 0.90944773515847177 0.4158182499784327 
8 -4.002250656042408 -1.4771089623951206
1 3.6398377946742944 14.960791136229412 0.90944773515847133 -0.4158182499784337 
8 -4.002250656042408 -1.4771089623951206
1 3.6398377946742739 -0.96079113622937895 0.9094477351584721 0.41581824997843198 
1 2.2964843942417739 6.8036024036821614e-16 1.3065438419378497e-17 1 
1 0 0 1.2490009027033028e-16 1 
1 2.2964843942417716 6.8341041159492028e-16 -4.5619194987407886e-18 1 
1 -0 0 -4.5796699765787727e-16 1 
8 -2.7088408182302457 -0.28448398377075745
1 -0.269478906675439 3.6265852465331601 -0.94725510766395626 -0.3204805157954953 
8 -2.7088408182302457 -0.28448398377075745
1 -0.26947890667544205 2.0335693958041863 -0.94725510766395582 0.32048051579549675 
8 -3.7024143401649985 -1.1772726465176995
1 3.3671523362813143 13.643317724583852 0.9094477351584711 -0.41581824997843408 
8 -3.7024143401649985 -1.1772726465176995
1 3.3671523362813027 -1.0854685483775295 0.90944773515847177 0.41581824997843242 
1 2.2964843942417721 9.1719964956382545e-17 1.5079949608824433e-17 1 
1 -0 0 -6.6613381477509392e-16 1 
1 2.2964843942417725 -7.962833170616077e-17 1.4247182928487056e-17 1 
1 -0 0 -1.2490009027033001e-16 1 
1 0 0 0 1 
1 1.76373124049175 -7.8325401297785202e-16 4.4408920985006262e-16 1 
1 0 0 0 1 
1 1.76373124049175 -7.8325401297785193e-16 4.4408920985006262e-16 1 
1 0 0 5.0602550127506504e-80 1 
1 1.76373124049175 -7.8325401297785222e-16 4.4408920985006271e-16 1 
1 0 0 -2.0378165256943503e-47 1 
1 1.76373124049175 -7.8325401297785193e-16 4.4408920985006257e-16 1 
1 0 0 -2.8303007301310419e-47 1 
1 1.76373124049175 8.8606067551379292e-17 4.4408920985006242e-16 1 
1 0 0 -1.1469911362234807e-78 1 
1 1.76373124049175 -7.8325401297785222e-16 4.4408920985006271e-16 1 
8 -9.5526958391990888 4.4473041608009112
1 8.7533530104285209 -8.030014713848006 -0.19080852523331637 0.98162727483413326 
8 -9.5526958391990888 4.4473041608009112
1 9.5526958391990888 -2.0000004768371582 1 0 
8 -11.280167398068468 -10.780167398068468
1 -0.86465589326310677 -15.046826604040488 -0.98162727483413326 -0.19080852523331637 
8 -11.280167398068468 -10.780167398068468
1 2.0000004768371582 -3.7198326019315324 0 1 
8 -7.3026958391990862 -2.3026958391990862
1 8.814847466070626 -5.7259490828545498 -0.19080852523331637 0.98162727483413326 
8 -7.3026958391990862 -2.3026958391990862
1 2.0000004768371582 7.3026958391990862 0 1 
8 -11.280167398068468 -10.780167398068468
1 -1.8186985194296883 -10.138690229869821 -0.98162727483413326 -0.19080852523331637 
8 -11.280167398068468 -10.780167398068468
1 2.0000004768371582 -3.719832601931532 0 1 
8 -3.5301673980684694 10.469832601931531
1 4.4394608595678546 -4.3380056851746804 -0.98162727483413326 -0.19080852523331637 
8 -3.5301673980684694 10.469832601931531
1 3.5301673980684694 -2.0000004768371582 1 0 
8 2.552695839199087 16.552695839199089
1 -6.3250885138825597 -3.8299431432755018 0.19080852523331637 -0.98162727483413326 
8 2.552695839199087 16.552695839199089
1 -2.552695839199087 -2.0000004768371582 1 0 
8 3.219832601931532 3.719832601931532
1 -1.8186985194296883 -10.138690229869821 -0.98162727483413326 -0.19080852523331637 
8 3.219832601931532 3.719832601931532
1 2.0000004768371582 -3.719832601931532 0 1 
8 -7.3026958391990862 -2.3026958391990862
1 -5.9095616564413715 -8.5880769613542913 -0.19080852523331637 0.98162727483413326 
8 -7.3026958391990862 -2.3026958391990862
1 2.0000004768371582 7.3026958391990862 0 1 
8 3.2198326019315324 3.7198326019315324
1 -0.86465589326310677 -15.046826604040488 -0.98162727483413326 -0.19080852523331637 
8 3.2198326019315324 3.7198326019315324
1 2.0000004768371582 -3.7198326019315324 0 1 
8 -3.4698326019315324 10.530167398068468
1 0.23938928899535106 -19.41644720948576 0.98162727483413326 0.19080852523331637 
8 -3.4698326019315324 10.530167398068468
1 3.4698326019315324 -2.0000004768371582 1 0 
8 -3.6993257357454286 10.300674264254571
1 3.6993257357454281 18.008572779190509 -1 0 
8 -3.6993257357454286 10.300674264254571
1 3.6993257357454286 -2 1 0 
8 -16.754286389595254 -16.254286389595254
1 2.8986514714908571 1.7542863895952561 0 -1 
8 -16.754286389595254 -16.254286389595254
1 2 1.7542863895952543 0 1 
8 -1.4493257357454286 3.5506742642545714
1 1.4493257357454283 18.508572779190509 -1 0 
8 -1.4493257357454286 3.5506742642545714
1 2 1.4493257357454286 0 1 
8 -16.754286389595254 -16.254286389595254
1 -2.1013485285091429 1.7542863895952561 0 -1 
8 -16.754286389595254 -16.254286389595254
1 2 1.7542863895952543 0 1 
8 -9.0042863895952543 4.9957136104047457
1 -6.6013485285091429 9.0042863895952543 0 -1 
8 -9.0042863895952543 4.9957136104047457
1 9.0042863895952543 -2 1 0 
8 -3.3006742642545714 10.699325735745429
1 -3.3006742642545719 4.0085727791905104 1 0 
8 -3.3006742642545714 10.699325735745429
1 3.3006742642545714 -2 1 0 
8 -2.2542863895952543 -1.7542863895952543
1 -2.1013485285091429 1.7542863895952561 0 -1 
8 -2.2542863895952543 -1.7542863895952543
1 2 1.7542863895952543 0 1 
8 -1.4493257357454286 3.5506742642545714
1 1.4493257357454283 3.5085727791905104 -1 0 
8 -1.4493257357454286 3.5506742642545714
1 2 1.4493257357454286 0 1 
8 -2.2542863895952543 -1.7542863895952543
1 2.8986514714908571 1.7542863895952561 0 -1 
8 -2.2542863895952543 -1.7542863895952543
1 2 1.7542863895952543 0 1 
8 2.0042863895952543 16.004286389595254
1 7.3986514714908571 2.0042863895952561 0 1 
8 2.0042863895952543 16.004286389595254
1 -2.0042863895952543 -2 1 0 
Curves 83
1 -7.2743872160775922 9.6106199753417147 3.2146978477618021e-16 0.9945218953682734 0.10452846326765333 6.1629758220391547e-32 
1 -7.902904975736555 7.8129792917698353 -3.3496978745003068 0.42279400431050468 -0.38068543138605687 -0.82238910027401313 
1 -7.1646323296465546 8.5663719852050271 -2.0423860000000005 0.99452189536827351 0.10452846326765317 5.4817261840867104e-16 
1 9.1547740654313863 9.5336256976330009 -3.4893434929944336 -0.37007551142837919 -0.45700519676615992 -0.80882035457185864 
1 -9.6250000000000018 -9.67180742043241 0 0 1 0 
1 11.025709353549955 8.8945783967262155 0 0.10452846326765339 -0.9945218953682734 0 
1 -13.151394301331917 -27.560774633725803 6.4711246131411125e-32 0.19080899537654453 0.98162718344766409 -2.0526832973508063e-48 
1 11.467843147940052 -20.424820773581793 3.2146978477618026e-16 -0.9945218953682734 -0.10452846326765342 1.6640034719505718e-31 
1 2.6672840106220699 -33.309745538410965 3.2146978477618021e-16 -0.98162718344766409 0.19080899537654419 2.311115933264683e-31 
1 8.1410795654377033 -18.906721677724299 1.2942249226282225e-31 -0.19080899537654397 -0.9816271834476642 2.3263744036642471e-47 
1 -9 -9 3 1 0 0 
1 9 -9 3 0 1 0 
1 -9 9 3 1 0 0 
1 -9 -9 3 0 1 0 
1 -9.8081086956343668 -9.4014173068944196 0.35617012994469099 -0.45677815557070656 0.04398273383733077 0.88849267623184036 
1 -8.5750000000000011 -9.6718074204324083 -2.0423860000000005 -1.8058029077948654e-16 1 3.5125205501328778e-16 
1 9.8168290337667123 10.3511954955002 -2.0423860000000005 -1.2801044796052554e-17 1.2179380558447171e-16 -1 
1 -7.1646323296465537 8.5663719852050271 -4 0.9945218953682734 0.10452846326765333 6.1629758220391547e-32 
1 -8.5750000000000011 8.4181363697691012 -2.2362687595082491 -3.9734939683789073e-33 1.2313924960836246e-16 -1 
1 9.9814613634132652 8.7848235102951779 -2.0423860000000005 0.10452846326765383 -0.9945218953682734 2.0816681711721685e-16 
1 11.054118148473888 -17.701367286031218 -5.3525688376873752 -0.4570051967661603 0.37007551142837947 -0.8088203545718583 
1 -11.701089233190775 -28.821459352056934 -3.2371017947056737 0.48752036009008354 0.32883663501484756 -0.80882035457185875 
1 -12.120685758711868 -27.761124078871173 -2.0423860000000005 0.19080899537654428 0.9816271834476642 3.1918911957973251e-16 
1 11.358088261509014 -19.380572783445107 -2.042386 -0.99452189536827351 -0.10452846326765255 9.0205620750793989e-16 
1 7.8740038037984998 -20.926438502469395 0.23966195793416178 0.36399664408546567 -0.39723263205115483 0.84244446649511007 
1 4.0265658941216014 -32.005616778954469 -2.9945880793841879 -0.32883663501484806 0.48752036009008398 -0.8088203545718583 
1 2.8676334557674403 -32.279036995790918 -2.042386 -0.98162718344766398 0.19080899537654555 1.1102230246251565e-15 
1 7.1103710228176551 -18.706372232578932 -2.0423860000000005 -0.19080899537654417 -0.98162718344766409 5.6898930012039273e-16 
1 -16 -16 3 0 1 0 
1 -2 -16 3 -1 0 0 
1 -2 -2 3 0 -1 0 
1 -16 -2 3 1 0 0 
1 -8.5749999999999993 -9.6718074204324083 -4 -0 1 0 
1 -8.5749999999999957 -9.5201521695212445 -2.0423860000000005 3.9734939683789073e-33 2.0441854352457554e-32 1 
1 12.924460246714055 -19.215940453798556 -2.0423859999999987 1.28010447960523e-17 -1.2179380558447211e-16 -1 
1 9.9814613634132652 8.7848235102951779 -4 0.10452846326765339 -0.9945218953682734 0 
1 -12.120685758711868 -27.761124078871173 -4 0.19080899537654453 0.98162718344766409 -2.0526832973508063e-48 
1 11.358088261509014 -19.380572783445107 -4 -0.9945218953682734 -0.10452846326765342 1.6640034719505718e-31 
1 2.8676334557674394 -32.279036995790918 -4 -0.98162718344766409 0.19080899537654419 2.311115933264683e-31 
1 7.1103710228176542 -18.706372232578932 -4 -0.19080899537654397 -0.9816271834476642 2.3263744036642471e-47 
1 -8.3547015389376647 -19.038587493038516 -4 0.19080852523331637 0.98162727483413326 -0 
1 1.2633073647539637 -26.055399383230998 -4 0.98162727483413326 -0.19080852523331637 0 
1 -8.4161959945797697 -16.73452186204506 -4 0.19080852523331637 0.98162727483413326 -0 
1 2.2173499909205452 -21.147263009060332 -4 0.98162727483413326 -0.19080852523331637 0 
1 -4.0408093880769975 -15.346578464365191 -4 0.98162727483413326 -0.19080852523331637 0 
1 6.7237399853734168 -14.838515922466012 -4 -0.19080852523331637 -0.98162727483413326 0 
1 2.2173499909205452 -21.147263009060332 -4 0.98162727483413326 -0.19080852523331637 0 
1 6.3082131279322287 -19.596649740544802 -4 0.19080852523331637 0.98162727483413326 -0 
1 1.2633073647539637 -26.055399383230998 -4 0.98162727483413326 -0.19080852523331637 0 
1 0.15926218249550583 -30.425019988676269 -4 -0.98162727483413326 0.19080852523331637 0 
1 -3.3006742642545714 6.9999999999999991 -4 1 0 0 
1 -2.5 -9.2542863895952543 -4 0 -1 0 
1 -1.0506742642545714 7.4999999999999991 -4 1 0 0 
1 2.5 -9.2542863895952543 -4 0 -1 0 
1 7 -2.0042863895952552 -4 0 -1 0 
1 3.6993257357454286 -7 -4 -1 0 0 
1 2.5 -9.2542863895952543 -4 0 -1 0 
1 -1.0506742642545714 -7.5 -4 1 0 0 
1 -2.5 -9.2542863895952543 -4 0 -1 0 
1 -7 -9.0042863895952543 -4 0 1 -0 
1 -12.421209926429921 -29.307186892801212 -2.0423860000000005 -2.3367362543640893e-17 -1.2021465881652221e-16 -1 
1 6.8879948366009591 -19.850398534436192 -2.0423860000000005 2.4435058382731484e-17 1.2570747773335194e-16 1 
1 4.4136962696975033 -32.579561163508977 -2.0423859999999996 -2.3367362543640628e-17 -1.2021465881652226e-16 -1 
1 -16 -2 0 0 0 1 
1 -16 -16 0 0 0 1 
1 -4 -8.5 3 0 0 1 
1 -4.25 -8.5 7.5 -1 0 0 
1 -9 -8.5 3 0 0 1 
1 -2 -16 0 0 0 1 
1 -2 -2 0 0 0 1 
1 -9 5.5 3 0 0 -1 
1 -11.25 5.5 7.5 1 0 0 
1 -4 5.5 3 0 0 -1 
1 -9 -9 7.5 0 1 0 
1 -9 6 3 0 0 1 
1 -4 6 3 0 0 1 
1 -9 6 7.5 1 0 0 
1 -4 -9 7.5 0 1 0 
1 -4 -9 7.5 0 1 0 
1 -4 -9 3 0 0 1 
1 -9 -9 7.5 1 0 0 
1 -9 -9 3 0 0 1 
1 -9 -9 7.5 0 1 0 
Polygon3D 0
PolygonOnTriangulations 0
Surfaces 64
1 -7.2743872160775913 9.6106199753417147 0 0.09296273491545122 -0.8844813406468911 0.45722061192002028 0.047792567938296227 -0.45471590956814034 -0.88935331113988803 0.99452189536827351 0.10452846326765317 5.4817261840867104e-16 
1 -7.0000000000000018 6.9999999999999973 0 -1.2801044796052272e-17 1.2179380558447149e-16 -1 -0.10452846326765333 0.9945218953682734 1.2246467991473532e-16 0.9945218953682734 0.10452846326765333 6.1629758220391547e-32 
1 -7.2743872160775913 9.6106199753417147 0 0.09296273491545122 -0.8844813406468911 0.45722061192002028 0.047792567938296227 -0.45471590956814034 -0.88935331113988803 0.99452189536827351 0.10452846326765317 5.4817261840867104e-16 
1 -9.6250000000000018 -9.67180742043241 -4.4408920985006262e-16 0.88935331113988791 -0 0.45722061192002045 0.45722061192002045 3.9495220922164962e-16 -0.88935331113988791 -1.8058029077948654e-16 1 3.5125205501328778e-16 
1 -7.1646323296465546 8.5663719852050271 -2.042386 0.10452846326765286 -0.99452189536827351 -1.2246467991473557e-16 4.2885539789663085e-16 1.6821376824384496e-16 -1 0.99452189536827351 0.10452846326765286 4.4408920985006262e-16 
1 11.025709353549953 8.8945783967262155 -4.4408920985006262e-16 -0.88448134064689099 -0.092962734915451983 0.45722061192002045 -0.45471590956814051 -0.047792567938296254 -0.88935331113988791 0.10452846326765383 -0.99452189536827329 2.081668171172168e-16 
1 0.41814987539792331 -11.056167280044109 1.1304698492841865e-16 0 0 1 1 0 -0 -0 1 0 
1 -7.0000000000000018 -9.67180742043241 0 0 0 -1 -1 0 0 0 1 0 
1 8.4150893782082363 8.6201911806486251 0 0 0 -1 0.9945218953682734 0.10452846326765339 0 0.10452846326765339 -0.9945218953682734 0 
1 -10.574622944781799 -28.061648246589233 0 -2.4198978391377391e-32 4.7038049005328971e-33 -1 -0.98162718344766409 0.19080899537654453 2.4651903288156619e-32 0.19080899537654453 0.98162718344766409 -2.0526832973508063e-48 
1 -13.151394301331917 -27.560774633725803 -4.4408920985006262e-16 0.87301338590410205 -0.16969661183340534 0.45722061192002045 0.44882018149326725 -0.087241805625907651 -0.88935331113988791 0.19080899537654428 0.9816271834476642 3.1918911957973251e-16 
1 11.193455931862461 -17.814200798240076 0 1.280104479605218e-17 -1.2179380558447151e-16 -1 0.10452846326765342 -0.9945218953682734 1.2246467991473535e-16 -0.9945218953682734 -0.10452846326765342 1.6640034719505718e-31 
1 11.467843147940052 -20.424820773581793 0 -0.092962734915450526 0.88448134064689121 0.45722061192002034 -0.047792567938296268 0.45471590956814034 -0.88935331113988803 -0.9945218953682734 -0.10452846326765254 9.0899510141184672e-16 
1 3.1681576234854982 -30.732974181860847 0 -2.3367362543640927e-17 -1.2021465881652132e-16 -1 -0.19080899537654419 -0.98162718344766409 1.2246467991473532e-16 -0.98162718344766409 0.19080899537654419 2.311115933264683e-31 
1 2.6672840106220699 -33.309745538410965 0 0.16969661183340681 0.87301338590410194 0.45722061192002034 0.087241805625907498 0.44882018149326702 -0.88935331113988791 -0.98162718344766398 0.19080899537654555 1.0963452368173421e-15 
1 5.5643082088875842 -18.405848064860873 0 4.8397956782754782e-32 -9.4076098010657941e-33 -1 0.9816271834476642 -0.19080899537654397 4.9303806576313238e-32 -0.19080899537654397 -0.9816271834476642 2.3263744036642471e-47 
1 8.1410795654377033 -18.906721677724303 -4.4408920985006262e-16 -0.87301338590410205 0.16969661183340534 0.45722061192002045 -0.44882018149326725 0.087241805625907373 -0.8893533111398878 -0.19080899537654417 -0.98162718344766409 5.6898930012039273e-16 
1 -9.6250000000000018 -9.67180742043241 -4.4408920985006262e-16 0.88935331113988791 -0 0.45722061192002045 0.45722061192002045 3.9495220922164962e-16 -0.88935331113988791 -1.8058029077948654e-16 1 3.5125205501328778e-16 
1 -8.5750000000000011 -9.6718074204324083 -2.0423860000000005 1 0 -3.9734939683789073e-33 -3.9734939683789073e-33 4.4408920985006262e-16 -1 1.7645857967613786e-48 1 4.4408920985006262e-16 
1 0.62091451688335642 9.3846659326346522 -3.0211929999999989 -0.10452846326765318 0.9945218953682734 3.5381221806952416e-16 0.9945218953682734 0.10452846326765318 0 -3.6983447440127153e-17 3.5187399771895604e-16 -1 
1 -7.1646323296465537 8.5663719852050271 -4 1.2801044796052272e-17 -1.2179380558447149e-16 1 0.10452846326765333 -0.9945218953682734 -1.2246467991473532e-16 0.9945218953682734 0.10452846326765333 6.1629758220391547e-32 
1 -7.1646323296465546 8.5663719852050271 -2.23626875950825 0.10452846326765286 -0.99452189536827351 -1.2246467991473557e-16 4.2885539789663085e-16 1.6821376824384496e-16 -1 0.99452189536827351 0.10452846326765286 4.4408920985006262e-16 
1 11.025709353549953 8.8945783967262155 -4.4408920985006262e-16 -0.88448134064689099 -0.092962734915451983 0.45722061192002045 -0.45471590956814051 -0.047792567938296254 -0.88935331113988791 0.10452846326765383 -0.99452189536827329 2.081668171172168e-16 
1 9.9814613634132652 8.7848235102951779 -2.0423860000000005 -0.99452189536827329 -0.10452846326765372 1.4791141972893971e-31 4.6419962659373481e-17 -4.4165644269268308e-16 -1 0.10452846326765372 -0.99452189536827329 4.4408920985006252e-16 
1 -13.151394301331917 -27.560774633725803 -4.4408920985006262e-16 0.87301338590410205 -0.16969661183340534 0.45722061192002045 0.44882018149326725 -0.087241805625907651 -0.88935331113988791 0.19080899537654428 0.9816271834476642 3.1918911957973251e-16 
1 -12.120685758711868 -27.761124078871173 -2.0423860000000005 0.98162718344766409 -0.19080899537654444 0 8.4736215989053898e-17 4.3593004026461571e-16 -1 0.19080899537654444 0.98162718344766409 4.4408920985006271e-16 
1 11.467843147940052 -20.424820773581793 0 -0.092962734915450526 0.88448134064689121 0.45722061192002034 -0.047792567938296268 0.45471590956814034 -0.88935331113988803 -0.9945218953682734 -0.10452846326765254 9.0899510141184672e-16 
1 11.358088261509014 -19.380572783445107 -2.042386 -0.10452846326765207 0.99452189536827351 -1.2246467991473594e-16 -4.2885539789663095e-16 -1.6821376824384504e-16 -1 -0.99452189536827351 -0.10452846326765207 4.4408920985006262e-16 
1 2.6672840106220699 -33.309745538410965 0 0.16969661183340681 0.87301338590410194 0.45722061192002034 0.087241805625907498 0.44882018149326702 -0.88935331113988791 -0.98162718344766398 0.19080899537654555 1.0963452368173421e-15 
1 2.8676334557674403 -32.279036995790918 -2.042386 0.19080899537654608 0.98162718344766375 -1.2246467991473618e-16 -4.5929740280825634e-16 -3.5478442827467596e-17 -1 -0.98162718344766375 0.19080899537654608 4.4408920985006242e-16 
1 8.1410795654377033 -18.906721677724303 -4.4408920985006262e-16 -0.87301338590410205 0.16969661183340534 0.45722061192002045 -0.44882018149326725 0.087241805625907373 -0.8893533111398878 -0.19080899537654417 -0.98162718344766409 5.6898930012039273e-16 
1 7.1103710228176542 -18.706372232578932 -2.0423860000000005 -0.98162718344766409 0.19080899537654444 -2.7117093616972281e-31 -8.4736215989053626e-17 -4.3593004026461576e-16 -1 -0.19080899537654444 -0.98162718344766409 4.4408920985006271e-16 
1 -9 -9 3 0 0 1 1 0 -0 -0 1 0 
1 -8.5749999999999993 -0.55100789987605181 -3.021193000000002 -1 -0 -1.6654984256653431e-15 1.6654984256653431e-15 0 -1 0 -1 0 
1 -8.5749999999999993 -9.6718074204324083 -4 0 0 1 1 0 -0 -0 1 0 
1 -8.5750000000000011 -9.6718074204324083 -2.23626875950825 1 0 -3.9734939683789073e-33 -3.9734939683789073e-33 4.4408920985006262e-16 -1 1.7645857967613786e-48 1 4.4408920985006262e-16 
1 11.370644640240382 -4.4323724791491736 -3.0211929999999994 0.99452189536827329 0.10452846326765364 -3.3200330624333833e-15 -0.10452846326765364 0.99452189536827329 0 3.3018455739365814e-15 3.4703795401396355e-16 1 
1 9.9814613634132652 8.7848235102951779 -4 0 0 1 -0.9945218953682734 -0.10452846326765339 0 0.10452846326765339 -0.9945218953682734 0 
1 9.9814613634132652 8.7848235102951779 -2.23626875950825 -0.99452189536827329 -0.10452846326765372 1.4791141972893971e-31 4.6419962659373481e-17 -4.4165644269268308e-16 -1 0.10452846326765372 -0.99452189536827329 4.4408920985006252e-16 
1 0.39865147149085689 -11.00857277919051 -4 -0 -0 -1 -1 0 0 0 1 -0 
1 -12.120685758711868 -27.761124078871173 -4 2.4198978391377391e-32 -4.7038049005328971e-33 1 0.98162718344766409 -0.19080899537654453 -2.4651903288156619e-32 0.19080899537654453 0.98162718344766409 -2.0526832973508063e-48 
1 -12.120685758711868 -27.761124078871173 -2.23626875950825 0.98162718344766409 -0.19080899537654444 0 8.4736215989053898e-17 4.3593004026461571e-16 -1 0.19080899537654444 0.98162718344766409 4.4408920985006271e-16 
1 11.358088261509014 -19.380572783445107 -4 -1.280104479605218e-17 1.2179380558447151e-16 1 -0.10452846326765342 0.9945218953682734 -1.2246467991473535e-16 -0.9945218953682734 -0.10452846326765342 1.6640034719505718e-31 
1 11.358088261509014 -19.380572783445107 -2.23626875950825 -0.10452846326765207 0.99452189536827351 -1.2246467991473594e-16 -4.2885539789663095e-16 -1.6821376824384504e-16 -1 -0.99452189536827351 -0.10452846326765207 4.4408920985006262e-16 
1 2.8676334557674394 -32.279036995790918 -4 2.3367362543640927e-17 1.2021465881652132e-16 1 0.19080899537654419 0.98162718344766409 -1.2246467991473532e-16 -0.98162718344766409 0.19080899537654419 2.311115933264683e-31 
1 2.8676334557674403 -32.279036995790918 -2.23626875950825 0.19080899537654608 0.98162718344766375 -1.2246467991473618e-16 -4.5929740280825634e-16 -3.5478442827467596e-17 -1 -0.98162718344766375 0.19080899537654608 4.4408920985006242e-16 
1 7.1103710228176542 -18.706372232578932 -4 -4.8397956782754782e-32 9.4076098010657941e-33 1 -0.9816271834476642 0.19080899537654397 -4.9303806576313238e-32 -0.19080899537654397 -0.9816271834476642 2.3263744036642471e-47 
1 7.1103710228176542 -18.706372232578932 -2.23626875950825 -0.98162718344766409 0.19080899537654444 -2.7117093616972281e-31 -8.4736215989053626e-17 -4.3593004026461576e-16 -1 -0.19080899537654444 -0.98162718344766409 4.4408920985006271e-16 
1 -16 -2 0 0 1 0 1 0 0 0 0 -1 
1 -9 -9 3 1 0 0 0 0 1 0 -1 0 
1 -9 6 3 0 1 0 0 -0 1 1 0 -0 
1 -4 -9 3 1 0 0 0 0 1 0 -1 0 
1 -2 -2 0 1 0 0 0 -1 0 0 0 -1 
1 -2 -16 0 0 -1 0 -1 0 0 -0 -0 -1 
1 -4 -9 3 1 0 0 0 0 1 0 -1 0 
1 -9 -9 3 0 1 0 0 -0 1 1 0 -0 
1 -9 -9 3 1 0 0 0 0 1 0 -1 0 
1 -16 -16 0 -1 0 0 0 1 0 0 0 -1 
1 -10.498104963214953 -19.413669531161215 -3.0211929999999976 -0.98162718344766409 0.19080899537654444 -9.6047222676594126e-16 -0.19080899537654444 -0.98162718344766409 4.9303806576313238e-32 -9.4282564673995695e-16 1.8326674067628189e-16 1 
1 9.9062275416575076 -19.53316949411737 -3.0211930000000002 0.10452846326765262 -0.9945218953682734 3.9524500612945592e-16 -0.9945218953682734 -0.10452846326765262 1.2325951644078309e-32 4.1314353104925954e-17 -3.9307981263071135e-16 -1 
1 -4.0037568283662068 -30.943374028155102 -3.0211929999999967 -0.19080899537654519 -0.98162718344766398 4.9158832879970142e-15 -0.98162718344766398 0.19080899537654519 0 -9.3799475157105792e-16 -4.8255646661539499e-15 -1 
1 5.6508455531492343 -26.21497984897259 -3.0211929999999994 0.98162718344766409 -0.19080899537654408 4.6731250274421007e-16 0.19080899537654408 0.98162718344766409 2.4651903288156619e-32 -4.5872665585867773e-16 8.9167429175521196e-17 1 
1 -9 -9 7.5 0 0 1 1 0 -0 -0 1 0 
1 -9 -9 7.5 0 0 1 1 0 -0 -0 1 0 
Triangulations 0

TShapes 264
Ve
1.5000000414122e-07
-9.625 9.36356061628183 1.6073489238809e-16
0 0

0101101
*
Ve
1.50000007397939e-07
10.7513221374724 11.5051983720679 1.60734892388091e-16
0 0

0101101
*
Ed
 1e-07 1 1 0
1  1 0 -2.36356061628183 18.125
2  1 2 0 -2.36356061628183 18.125
2  2 3 0 -2.36356061628183 18.125
0

0101000
+264 0 -263 0 *
Ve
1.50000008055049e-07
-8.575 8.41813636976909 -2.042386
0 0

0101101
*
Ed
 1.5e-07 1 1 0
1  2 0 -4.07313019273263 -1.58965126612783
2  3 4 0 -4.07313019273263 -1.58965126612783
2  4 3 0 -4.07313019273263 -1.58965126612783
0

0101000
+264 0 -261 0 *
Ve
1.50000009607118e-07
9.81682903376671 10.3511954955002 -2.042386
0 0

0101101
*
Ed
 1.5e-07 1 1 0
1  3 0 -1.4181363697691 17.075
2  5 3 0 -1.4181363697691 17.075
2  6 5 0 -1.4181363697691 17.075
0

0101000
+261 0 -259 0 *
Ed
 1.5e-07 1 1 0
1  4 0 -4.31411434352624 -1.78897264987894
2  7 3 0 -4.31411434352624 -1.78897264987894
2  8 6 0 -4.31411434352624 -1.78897264987894
0

0101000
+263 0 -259 0 *
Wi

0101100
-262 0 +260 0 +258 0 -257 0 *
Fa
0  1e-07 1 0

0111000
+256 0 *
Ve
1.50000024924012e-07
-9.62499999999999 -9.41904866891377 3.23556230657055e-32
0 0

0101101
*
Ed
 1e-07 1 1 0
1  5 0 0.25275875151864 19.0353680367142
2  9 8 0 0.25275875151864 19.0353680367142
2  10 4 0 0.25275875151864 19.0353680367142
0

0101000
+254 0 -264 0 *
Ve
1.50000008911524e-07
14.0784631232818 -20.1504335575042 1.6073489238809e-16
0 0

0101101
*
Ed
 1e-07 1 1 0
1  6 0 -2.625 29.205
2  11 9 0 -2.625 29.205
2  12 6 0 -2.625 29.205
0

0101000
+263 0 -252 0 *
Ve
1.50000032179414e-07
-13.6522679141953 -30.1375459902759 1.60734892388092e-16
0 0

0101101
*
Ed
 1e-07 1 1 0
1  7 0 -2.625 18.4812791156565
2  13 10 0 -2.625 18.4812791156565
2  14 11 0 -2.625 18.4812791156565
0

0101000
+250 0 -254 0 *
Ve
1.50000004594677e-07
7.77045258840988 -20.8134321808197 1.60734892388091e-16
0 0

0101101
*
Ed
 1e-07 1 1 0
1  8 0 -2.625 3.71775682038757
2  15 12 0 -2.625 3.71775682038757
2  16 13 0 -2.625 3.71775682038757
0

0101000
+252 0 -248 0 *
Ve
1.50000011422496e-07
5.24405536717219 -33.8106191512744 1.6073489238809e-16
0 0

0101101
*
Ed
 1e-07 1 1 0
1  9 0 -2.625 16.625
2  17 14 0 -2.625 16.625
2  18 15 0 -2.625 16.625
0

0101000
+246 0 -250 0 *
Ed
 1e-07 1 1 0
1  10 0 1.94239782194978 15.1828491762063
2  19 16 0 1.94239782194978 15.1828491762063
2  20 17 0 1.94239782194978 15.1828491762063
0

0101000
+248 0 -246 0 *
Wi

0101100
-262 2 -253 2 -251 2 -249 2 -247 2 -245 2 -244 2 *
Ve
5.76837158316172e-07
5.14698200286182 -33.4319652303922 -4.76837158203125e-07
0 0

0101101
*
Ve
5.76837158316172e-07
8.58153545706151 -15.7626742833778 -4.76837158203125e-07
0 0

0101101
*
Ed
 5.76837158316172e-07 1 1 0
1  11 0 0 18
0

0101000
+242 12 -241 12 *
Ve
5.76837158316172e-07
-9.08775548995288 -12.3281208291781 -4.76837158203125e-07
0 0

0101101
*
Ed
 5.76837158316172e-07 1 1 0
1  12 0 0 18
0

0101000
+241 12 -239 12 *
Ve
5.76837158316172e-07
-12.5223089441526 -29.9974117761925 -4.76837158203125e-07
0 0

0101101
*
Ed
 5.76837158316172e-07 1 1 0
1  13 0 0 18
0

0101000
+237 12 -239 12 *
Ed
 5.76837158316172e-07 1 1 0
1  14 0 0 18
0

0101000
+242 12 -237 12 *
Wi

0101100
-240 11 -238 11 +236 11 +235 11 *
Ve
1.00000000113047e-07
-9 -9 0
0 0

0101101
*
Ve
1.00000000113047e-07
9 -9 0
0 0

0101101
*
Ed
 1.00000000113047e-07 1 1 0
1  11 0 0 18
0

0101000
+233 16 -232 16 *
Ve
1.00000000113047e-07
9 9 0
0 0

0101101
*
Ed
 1.00000000113047e-07 1 1 0
1  12 0 0 18
0

0101000
+232 16 -230 16 *
Ve
1.00000000113047e-07
-9 9 0
0 0

0101101
*
Ed
 1.00000000113047e-07 1 1 0
1  13 0 0 18
0

0101000
+228 16 -230 16 *
Ed
 1.00000000113047e-07 1 1 0
1  14 0 0 18
0

0101000
+233 16 -228 16 *
Wi

0101100
-231 15 -229 15 +227 15 +226 15 *
Fa
0  1e-07 7 2

0111000
+243 0 +234 0 +225 0 *
Ve
1.50000099575061e-07
-8.57499999999999 -9.52015216952115 -2.042386
0 0

0101101
*
Ed
 1.5e-07 1 1 0
1  15 0 -2.69957895445703 -0.400870079712109
2  21 11 0 -2.69957895445703 -0.400870079712109
2  22 4 0 -2.69957895445703 -0.400870079712109
0

0101000
+223 0 -254 0 *
Ed
 1.5e-07 1 1 0
1  16 0 0.151655250911262 18.0899437902015
2  23 4 0 0.151655250911262 18.0899437902015
2  24 19 0 0.151655250911262 18.0899437902015
0

0101000
+223 0 -261 0 *
Wi

0101100
-253 0 -222 0 +221 0 -260 0 *
Fa
0  1e-07 18 0

0111000
+220 0 *
Ve
1.500000075886e-07
9.81682903376671 10.3511954955002 -4
0 0

0101101
*
Ed
 1e-07 1 1 0
1  17 0 -4.44089209850063e-15 1.957614
0

0101000
+259 0 -218 0 *
Ve
1.50000007793734e-07
-8.575 8.41813636976909 -4
0 0

0101101
*
Ed
 1.5e-07 1 1 0
1  18 0 -1.4181363697691 17.075
2  25 21 0 -1.4181363697691 17.075
2  26 22 0 -1.4181363697691 17.075
0

0101000
+216 0 -218 0 *
Ed
 1e-07 1 1 0
1  19 0 -0.193882759508251 1.76373124049175
0

0101000
+261 0 -216 0 *
Wi

0101000
+258 0 +217 0 -215 0 -214 0 *
Fa
0  1.5e-07 20 0

0111000
+213 0 *
Ve
1.5000000549308e-07
12.9244602467141 -19.2159404537986 -2.042386
0 0

0101101
*
Ed
 1.5e-07 1 1 0
1  20 0 -1.575 28.155
2  27 6 0 -1.575 28.155
2  28 24 0 -1.575 28.155
0

0101000
+259 0 -211 0 *
Ed
 1.5e-07 1 1 0
1  21 0 -6.61774744840677 -4.09260575475947
2  29 6 0 -6.61774744840677 -4.09260575475947
2  30 13 0 -6.61774744840677 -4.09260575475947
0

0101000
+252 0 -211 0 *
Wi

0101100
-251 0 +257 0 +210 0 -209 0 *
Fa
0  1e-07 23 0

0111000
+208 0 *
Ve
1.50000014458497e-07
-12.4212099264299 -29.3071868928012 -2.04238599999999
0 0

0101101
*
Ed
 1.5e-07 1 1 0
1  22 0 -4.00225065604241 -1.47710896239512
2  31 15 0 -4.00225065604241 -1.47710896239512
2  32 11 0 -4.00225065604241 -1.47710896239512
0

0101000
+250 0 -206 0 *
Ed
 1.5e-07 1 1 0
1  23 0 -1.57499999999998 18.582382616264
2  33 11 0 -1.57499999999998 18.582382616264
2  34 26 0 -1.57499999999998 18.582382616264
0

0101000
+206 0 -223 0 *
Wi

0101100
-249 0 +205 0 +204 0 +222 0 *
Fa
0  1e-07 25 0

0111000
+203 0 *
Ve
1.50000004440892e-07
6.88799483660096 -19.8503985344362 -2.042386
0 0

0101101
*
Ed
 1.5e-07 1 1 0
1  24 0 -1.57500000000001 4.49471594916748
2  35 13 0 -1.57500000000001 4.49471594916748
2  36 28 0 -1.57500000000001 4.49471594916748
0

0101000
+211 0 -201 0 *
Ed
 1.5e-07 1 1 0
1  25 0 -2.70884081823025 -0.284483983770757
2  37 13 0 -2.70884081823025 -0.284483983770757
2  38 17 0 -2.70884081823025 -0.284483983770757
0

0101000
+201 0 -248 0 *
Wi

0101100
-247 0 +209 0 +200 0 +199 0 *
Fa
0  1e-07 27 0

0111000
+198 0 *
Ve
1.50000008792518e-07
4.41369626969751 -32.579561163509 -2.042386
0 0

0101101
*
Ed
 1.5e-07 1 1 0
1  26 0 -3.702414340165 -1.1772726465177
2  39 17 0 -3.702414340165 -1.1772726465177
2  40 15 0 -3.702414340165 -1.1772726465177
0

0101000
+246 0 -196 0 *
Ed
 1.5e-07 1 1 0
1  27 0 -1.575 15.575
2  41 15 0 -1.575 15.575
2  42 30 0 -1.575 15.575
0

0101000
+196 0 -206 0 *
Wi

0101100
-245 0 +195 0 +194 0 -205 0 *
Fa
0  1e-07 29 0

0111000
+193 0 *
Ed
 1.5e-07 1 1 0
1  28 0 1.16543869316986 14.1328491762063
2  43 17 0 1.16543869316986 14.1328491762063
2  44 32 0 1.16543869316986 14.1328491762063
0

0101000
+201 0 -196 0 *
Wi

0101100
-244 0 -199 0 +191 0 -195 0 *
Fa
0  1e-07 31 0

0111000
+190 0 *
Wi

0101100
-235 11 -236 11 +240 11 +238 11 *
Ve
1e-07
-16 -16 6
0 0

0101101
*
Ve
1e-07
-16 -2 6
0 0

0101101
*
Ed
 1e-07 1 1 0
1  29 0 0 14
0

0101000
+187 25 -186 25 *
Ve
1e-07
-2 -16 6
0 0

0101101
*
Ed
 1e-07 1 1 0
1  30 0 0 14
0

0101000
+184 25 -187 25 *
Ve
1e-07
-2 -2 6
0 0

0101101
*
Ed
 1e-07 1 1 0
1  31 0 0 14
0

0101000
+182 25 -184 25 *
Ed
 1e-07 1 1 0
1  32 0 0 14
0

0101000
+186 25 -182 25 *
Wi

0101100
+185 23 +183 23 +181 23 +180 23 *
Fa
0  1e-07 33 11

0111000
+188 0 +179 0 *
Wi

0101100
-226 15 -227 15 +229 15 +231 15 *
Ve
1.00000000113047e-07
-7 -7 0
0 0

0101101
*
Ve
1.00000000113047e-07
-7 7 0
0 0

0101101
*
Ed
 1.00000000113047e-07 1 1 0
1  29 0 0 14
0

0101000
+176 27 -175 27 *
Ve
1.00000000113047e-07
7 -7 0
0 0

0101101
*
Ed
 1.00000000113047e-07 1 1 0
1  30 0 0 14
0

0101000
+173 27 -176 27 *
Ve
1.00000000113047e-07
7 7 0
0 0

0101101
*
Ed
 1.00000000113047e-07 1 1 0
1  31 0 0 14
0

0101000
+171 27 -173 27 *
Ed
