<?xml version='1.0' encoding='utf-8'?>
<!-- FreeCAD DocumentObject -->
<Document SchemaVersion="4" FileVersion="2">
<Object name="Boolean" Extensions="True">
  <Extensions Count="1">
    <Extension type="App::GeoFeatureGroupExtension" name="GeoFeatureGroupExtension">
    </Extension>
  </Extensions>
  <Properties Count="23" TransientCount="3">
    <_Property name="_Body" type="App::PropertyLinkHidden" status="251658240"/>
    <_Property name="_ElementMapVersion" type="App::PropertyString" status="234881024"/>
    <_Property name="_GroupTouched" type="App::PropertyBool" status="100663296"/>
    <Property name="BaseFeature" type="App::PropertyLink" status="8">
      <Link value="Pipe"/>
    </Property>
    <Property name="ClaimAllChildren" type="App::PropertyBool" status="8">
      <Bool value="false"/>
    </Property>
    <Property name="ColoredElements" type="App::PropertyLinkSubHidden" status="218103808">
      <LinkSub value="" count="0">
      </LinkSub>
    </Property>
    <Property name="ExportMode" type="App::PropertyEnumeration" status="8">
      <Integer value="0"/>
    </Property>
    <Property name="ExpressionEngine" type="App::PropertyExpressionEngine" status="67108864">
      <ExpressionEngine count="0"></ExpressionEngine>
    </Property>
    <Property name="FixShape" type="App::PropertyEnumeration">
      <Integer value="1"/>
    </Property>
    <Property name="Group" type="App::PropertyLinkList">
      <LinkList count="1">
        <Link value="Reference001"/>
      </LinkList>
    </Property>
    <Property name="InvalidShape" type="App::PropertyBool" status="67108864">
      <Bool value="false"/>
    </Property>
    <Property name="Label" type="App::PropertyString" status="134217728">
      <String value="Boolean"/>
    </Property>
    <Property name="Label2" type="App::PropertyString" status="128">
      <String value=""/>
    </Property>
    <Property name="NewSolid" type="App::PropertyBool">
      <Bool value="false"/>
    </Property>
    <Property name="Placement" type="App::PropertyPlacement" status="8388616">
      <PropertyPlacement Px="0" Py="0" Pz="0" Q0="0" Q1="0" Q2="0" Q3="1" A="0" Ox="0" Oy="0" Oz="1"/>
    </Property>
    <Property name="Refine" type="App::PropertyBool">
      <Bool value="false"/>
    </Property>
    <Property name="Shape" type="Part::PropertyPartShape">
      <Part HasherIndex="0" ElementMap="1.15.70200.4" brep="1">
<![CDATA[

CASCADE Topology V1, (c) Matra-Datavision
Locations 36
1
              1               0               0               0 
              0               1               0               0 
              0               0               1               0 
1
              1               0               0               0 
              0               1               0               0 
              0               0               1               0 
1
              1               0               0               0 
              0               1               0               0 
              0               0               1               0 
1
              1               0               0               0 
              0               1               0               0 
              0               0               1               0 
1
              1               0               0               0 
              0               1               0               0 
              0               0               1               0 
1
0.190808525233316 -0.981627274834133               0 -1.97038674354553 
0.981627274834133 0.190808525233316               0 -22.8800430297852 
              0               0               1 -3.00000047683716 
1
              1               0               0               0 
              0               1               0               0 
              0               0               1               0 
1
              1               0               0               0 
              0               1               0               0 
              0               0               1               0 
1
              1               0               0               0 
              0               1               0               0 
              0               0               1               0 
2  2 1 3 1 4 1 5 1 6 1 7 1 8 1 9 1 0
2  9 -1 8 -1 7 -1 6 -1 5 -1 4 -1 3 -1 2 -1 0
1
-4.44089209850063e-16               1               0               0 
             -1 -4.44089209850063e-16               0               0 
              0               0               1              -3 
1
              1               0               0               0 
              0               1               0               0 
              0               0               1               0 
2  2 1 3 1 4 1 5 1 12 1 13 1 8 1 9 1 0
2  9 -1 8 -1 13 -1 12 -1 5 -1 4 -1 3 -1 2 -1 0
1
              1               0               0               0 
              0               1               0               0 
              0               0               1               0 
1
              1               0               0               0 
              0               1               0               0 
              0               0               1              -3 
1
              1               0               0               0 
              0               1               0               0 
              0               0               1               6 
1
              1               0               0            -2.5 
              0               1               0            -7.5 
              0               0               1              -3 
1
              1               0               0            -2.5 
              0               1               0            -7.5 
              0               0               1              -3 
1
              1               0               0              -9 
              0               1               0              -9 
              0               0               1               3 
2  16 1 17 1 18 1 19 -1 20 1 21 -1 2 1 3 1 4 1 5 1 6 1 7 1 8 1 9 1 0
1
              1               0               0              -9 
              0               1               0              -9 
              0               0               1               3 
2  23 -1 21 1 20 -1 19 1 18 -1 17 -1 16 -1 0
2  16 1 17 1 18 1 19 -1 20 1 21 -1 2 1 3 1 4 1 5 1 12 1 13 1 8 1 9 1 0
2  9 -1 8 -1 13 -1 12 -1 5 -1 4 -1 3 -1 2 -1 21 1 20 -1 19 1 18 -1 17 -1 16 -1 0
2  19 -1 20 1 21 -1 2 1 3 1 4 1 5 1 6 1 7 1 8 1 9 1 0
2  9 -1 8 -1 7 -1 6 -1 5 -1 4 -1 3 -1 2 -1 21 1 20 -1 19 1 0
2  23 -1 21 1 20 -1 19 1 0
2  20 1 21 -1 2 1 3 1 4 1 5 1 6 1 7 1 8 1 9 1 0
2  9 -1 8 -1 7 -1 6 -1 5 -1 4 -1 3 -1 2 -1 21 1 20 -1 0
2  23 -1 21 1 20 -1 0
2  19 -1 20 1 21 -1 2 1 3 1 4 1 5 1 12 1 13 1 8 1 9 1 0
2  9 -1 8 -1 13 -1 12 -1 5 -1 4 -1 3 -1 2 -1 21 1 20 -1 19 1 0
2  20 1 21 -1 2 1 3 1 4 1 5 1 12 1 13 1 8 1 9 1 0
2  9 -1 8 -1 13 -1 12 -1 5 -1 4 -1 3 -1 2 -1 21 1 20 -1 0
Curve2ds 96
1 2.625 -4.4408920985006262e-16 7.547468613682779e-48 1 
1 -3.214697847761806e-16 -8.8331288538536637e-16 4.4408920985006252e-16 1 
1 2.625 0 0 1 
1 -4.4408920985006262e-16 1.9721522630525295e-31 4.4408920985006262e-16 1 
1 2.6250000000000009 -2.2204460492503131e-16 0 1 
1 -4.4408920985006262e-16 1.9721522630525293e-31 4.4408920985006262e-16 1 
1 2.6250000000000004 2.7755575615628914e-16 -5.0602550127506504e-80 1 
1 -4.4408920985006271e-16 1.9721522630525304e-31 4.4408920985006271e-16 1 
1 2.6249999999999991 -3.3306690738754696e-16 2.0378165256943503e-47 1 
1 -3.2146978477618026e-16 1.4276126271192356e-31 4.4408920985006257e-16 1 
1 2.625 -1.1102230246251565e-16 2.8303007301310419e-47 1 
1 -3.2146978477618021e-16 1.4276126271192349e-31 4.4408920985006242e-16 1 
1 2.6250000000000009 -1.8873791418627661e-15 1.1469911362234807e-78 1 
1 -4.4408920985006429e-16 -3.4874403221169245e-15 4.4408920985006271e-16 1 
1 0.43492424049223799 -1.9314516230483658e-16 0 1 
1 0 0 4.8572257327350589e-16 1 
1 0.43492424049223799 -1.9314516230483658e-16 0 1 
1 0 0 1.7645857967613786e-48 1 
1 0.43492424049223799 -1.9314516230483655e-16 0 1 
1 -1.8567985063749395e-16 -1.7666257707707327e-15 -3.4694469519536142e-16 1 
1 0.43492424049223799 -1.9314516230483663e-16 0 1 
1 0 0 -8.3266726846886741e-17 1 
1 0.43492424049223799 -1.9314516230483655e-16 0 1 
1 -1.85679850637494e-16 -1.7666257707707327e-15 1.3461454173580023e-15 1 
1 0.43492424049223799 -1.931451623048365e-16 0 1 
1 8.4736215989053762e-17 -4.3593004026461561e-16 1.915134717478395e-15 1 
1 0.43492424049223799 -1.9314516230483663e-16 0 1 
1 0 0 4.7184478546569153e-16 1 
1 0.61507575950825133 -5.5511151231257827e-17 0 1 
1 4.4408920985006262e-16 -1.9721522630525293e-31 4.4408920985006262e-16 1 
1 0.61507575950825133 -1.3877787807814457e-17 -7.547468613682779e-48 1 
1 0 0 4.4408920985006252e-16 1 
1 0.615075759508251 0 0 1 
1 4.4408920985006262e-16 -1.9721522630525295e-31 4.4408920985006262e-16 1 
1 0.61507575950825122 1.8179902028236938e-15 5.0602550127506504e-80 1 
1 4.4408920985006419e-16 3.4874403221169245e-15 4.4408920985006271e-16 1 
1 0.61507575950825322 6.5225602696727947e-16 -2.8303007301310419e-47 1 
1 2.0396902069930449e-31 4.3593004026461546e-16 4.4408920985006242e-16 1 
1 0.61507575950825133 1.4710455076283324e-15 -1.1469911362234807e-78 1 
1 4.4408920985006262e-16 -1.97215226305253e-31 4.4408920985006271e-16 1 
1 0.61507575950825133 -6.9388939039072284e-17 -2.0378165256943503e-47 1 
1 -0 0 4.4408920985006257e-16 1 
8 -3.4698326019315342 10.530167398068466
1 0.23938928899534884 -19.416447209485789 0.98162727483413326 0.19080852523331607 
8 -3.4698326019315342 10.530167398068466
1 3.4698326019315342 -2.00000047683716 1 0 
8 2.5526958391991048 16.552695839199103
1 -6.3250885138825597 -3.8299431432755195 0.19080852523331607 -0.98162727483413326 
8 2.5526958391991048 16.552695839199103
1 -2.5526958391991048 -2.00000047683716 1 0 
8 -3.5301673980684654 10.469832601931534
1 4.4394608595678573 -4.3380056851747177 -0.98162727483413326 -0.19080852523331607 
8 -3.5301673980684654 10.469832601931534
1 3.5301673980684654 -2.00000047683716 1 0 
8 -9.552695839199103 4.447304160800897
1 8.7533530104285173 -8.0300147138480273 -0.19080852523331607 0.98162727483413326 
8 -9.552695839199103 4.447304160800897
1 9.552695839199103 -2.00000047683716 1 0 
8 -3.6993257357454308 10.300674264254569
1 3.6993257357454228 18.008572779190512 -1 -4.4408920985006301e-16 
8 -3.6993257357454308 10.300674264254569
1 3.6993257357454308 -2 1 0 
8 2.0042863895952543 16.004286389595254
1 7.3986514714908589 2.0042863895952596 -4.4408920985006301e-16 1 
8 2.0042863895952543 16.004286389595254
1 -2.0042863895952543 -2 1 0 
8 -3.3006742642545692 10.699325735745431
1 -3.300674264254571 4.0085727791905095 1 4.4408920985006301e-16 
8 -3.3006742642545692 10.699325735745431
1 3.3006742642545692 -2 1 -0 
8 -9.0042863895952543 4.9957136104047457
1 -6.6013485285091429 9.0042863895952507 4.4408920985006301e-16 -1 
8 -9.0042863895952543 4.9957136104047457
1 9.0042863895952543 -2 1 0 
1 0 0 0 1 
1 2.1849242404917488 -9.7030127954222873e-16 4.4408920985006262e-16 1 
1 0 0 -7.547468613682779e-48 1 
1 2.1849242404917488 -8.6988394156862459e-17 4.4408920985006252e-16 1 
1 0 0 0 1 
1 2.1849242404917488 8.0605555985802154e-16 4.4408920985006262e-16 1 
1 0 0 5.0602550127506504e-80 1 
1 2.1849242404917488 -9.7030127954222912e-16 4.4408920985006271e-16 1 
1 0 0 -2.8303007301310419e-47 1 
1 2.1849242404917488 -9.8441199012997607e-17 4.4408920985006242e-16 1 
1 0 0 -1.1469911362234807e-78 1 
1 2.1849242404917488 -9.7030127954222912e-16 4.4408920985006271e-16 1 
1 0 0 -2.0378165256943503e-47 1 
1 2.1849242404917488 -9.7030127954222873e-16 4.4408920985006257e-16 1 
8 -11.280167398068466 -10.780167398068466
1 -0.86465589326310588 -15.046826604040524 -0.98162727483413326 -0.19080852523331607 
8 -11.280167398068466 -10.780167398068466
1 2.00000047683716 -3.7198326019315338 0 1 
8 -7.3026958391991039 -2.3026958391991039
1 8.8148474660706206 -5.7259490828545712 -0.19080852523331607 0.98162727483413326 
8 -7.3026958391991039 -2.3026958391991039
1 2.00000047683716 7.3026958391991039 0 1 
8 -11.280167398068468 -10.780167398068468
1 -1.8186985194296856 -10.138690229869857 -0.98162727483413326 -0.19080852523331607 
8 -11.280167398068468 -10.780167398068468
1 2.00000047683716 -3.7198326019315333 0 1 
8 3.2198326019315333 3.7198326019315333
1 -1.8186985194296856 -10.138690229869857 -0.98162727483413326 -0.19080852523331607 
8 3.2198326019315333 3.7198326019315333
1 2.00000047683716 -3.7198326019315333 0 1 
8 -7.3026958391991039 -2.3026958391991039
1 -5.9095616564413742 -8.5880769613543091 -0.19080852523331607 0.98162727483413326 
8 -7.3026958391991039 -2.3026958391991039
1 2.00000047683716 7.3026958391991039 0 1 
8 3.2198326019315338 3.7198326019315338
1 -0.86465589326310588 -15.046826604040524 -0.98162727483413326 -0.19080852523331607 
8 3.2198326019315338 3.7198326019315338
1 2.00000047683716 -3.7198326019315338 0 1 
8 -11.050674264254569 -10.550674264254569
1 3.9493257357454254 13.508572779190512 1 4.4408920985006301e-16 
8 -11.050674264254569 -10.550674264254569
1 2 -3.9493257357454308 0 1 
8 -6.7542863895952552 -1.7542863895952552
1 -7.101348528509142 6.7542863895952516 4.4408920985006301e-16 -1 
8 -6.7542863895952552 -1.7542863895952552
1 2 6.7542863895952552 0 1 
8 -11.050674264254569 -10.550674264254569
1 3.9493257357454272 8.5085727791905139 1 4.4408920985006301e-16 
8 -11.050674264254569 -10.550674264254569
1 2 -3.9493257357454308 0 1 
8 3.4493257357454308 3.9493257357454308
1 3.9493257357454272 8.5085727791905139 1 4.4408920985006301e-16 
8 3.4493257357454308 3.9493257357454308
1 2 -3.9493257357454308 0 1 
8 -6.7542863895952552 -1.7542863895952552
1 7.8986514714908589 6.7542863895952587 4.4408920985006301e-16 -1 
8 -6.7542863895952552 -1.7542863895952552
1 2 6.7542863895952552 0 1 
8 3.4493257357454308 3.9493257357454308
1 3.9493257357454254 13.508572779190512 1 4.4408920985006301e-16 
8 3.4493257357454308 3.9493257357454308
1 2 -3.9493257357454308 0 1 
Curves 90
1 -7.2743872160775922 9.6106199753417147 3.2146978477618021e-16 0.9945218953682734 0.10452846326765333 6.1629758220391547e-32 
1 -9.6250000000000018 -9.67180742043241 0 0 1 0 
1 11.025709353549955 8.8945783967262155 0 0.10452846326765339 -0.9945218953682734 0 
1 -13.151394301331917 -27.560774633725803 6.4711246131411125e-32 0.19080899537654453 0.98162718344766409 -2.0526832973508063e-48 
1 11.467843147940052 -20.424820773581793 3.2146978477618026e-16 -0.9945218953682734 -0.10452846326765342 1.6640034719505718e-31 
1 2.6672840106220699 -33.309745538410965 3.2146978477618021e-16 -0.98162718344766409 0.19080899537654419 2.311115933264683e-31 
1 8.1410795654377033 -18.906721677724299 1.2942249226282225e-31 -0.19080899537654397 -0.9816271834476642 2.3263744036642471e-47 
1 -9 -9 3 1 0 0 
1 9 -9 3 0 1 0 
1 -9 9 3 1 0 0 
1 -9 -9 3 0 1 0 
1 10.751322137472364 11.505198372067923 -6.1309712536943743e-17 -1.2801044796052554e-17 1.2179380558447171e-16 -1 
1 -7.2743872160775913 9.6106199753417147 -1.2 0.99452189536827351 0.10452846326765286 4.4408920985006262e-16 
1 -9.6250000000000018 9.3635606162818306 -0.76507575950776108 -3.9734939683789073e-33 1.2313924960836246e-16 -1 
1 -9.6250000000000018 -9.67180742043241 -1.2000000000000004 1.7645857967613786e-48 1 4.4408920985006262e-16 
1 -9.6249999999999964 -9.4190486689138169 -4.4408920985006281e-16 3.9734939683789073e-33 2.0441854352457554e-32 1 
1 14.078463123281779 -20.150433557504208 1.5662458835299002e-15 1.28010447960523e-17 -1.2179380558447211e-16 -1 
1 11.025709353549953 8.8945783967262155 -1.2000000000000004 0.10452846326765372 -0.99452189536827329 4.4408920985006257e-16 
1 -13.151394301331917 -27.560774633725803 -1.2000000000000004 0.19080899537654444 0.98162718344766409 4.4408920985006271e-16 
1 -13.652267914195342 -30.137545990275889 -6.1309712536943682e-17 -2.3367362543640893e-17 -1.2021465881652221e-16 -1 
1 7.7704525884098778 -20.813432180819738 -2.8073917954091895e-17 2.4435058382731484e-17 1.2570747773335194e-16 1 
1 11.467843147940052 -20.424820773581796 -1.2 -0.99452189536827351 -0.10452846326765207 4.4408920985006257e-16 
1 2.6672840106220694 -33.309745538410965 -1.2 -0.98162718344766375 0.19080899537654608 4.4408920985006242e-16 
1 5.2440553671721801 -33.810619151274395 7.0763677735388125e-16 -2.3367362543640628e-17 -1.2021465881652226e-16 -1 
1 8.1410795654377033 -18.906721677724303 -1.2000000000000004 -0.19080899537654444 -0.98162718344766409 4.4408920985006271e-16 
1 -16 -16 3 0 1 0 
1 -2 -16 3 -1 0 0 
1 -2 -2 3 0 -1 0 
1 -16 -2 3 1 0 0 
1 9.9814613634132652 8.7848235102951779 -1.2000000000000002 0.10452846326765339 -0.9945218953682734 0 
1 -7.1646323296465546 8.5663719852050271 -1.1999999999999997 0.9945218953682734 0.10452846326765333 6.1629758220391547e-32 
1 -8.5750000000000011 -9.67180742043241 -1.2000000000000002 -0 1 0 
1 -12.120685758711868 -27.76112407887117 -1.2000000000000002 0.19080899537654453 0.98162718344766409 -2.0526832973508063e-48 
1 2.8676334557674403 -32.279036995790918 -1.1999999999999997 -0.98162718344766409 0.19080899537654419 2.311115933264683e-31 
1 7.1103710228176542 -18.706372232578932 -1.2000000000000002 -0.19080899537654397 -0.9816271834476642 2.3263744036642471e-47 
1 11.358088261509014 -19.380572783445107 -1.1999999999999997 -0.9945218953682734 -0.10452846326765342 1.6640034719505718e-31 
1 0.15926218249550805 -30.425019988676297 -4 -0.98162727483413326 0.19080852523331607 0 
1 -16 -2 0 0 0 1 
1 -16 -16 0 0 0 1 
1 6.7237399853734168 -14.83851592246603 -4 -0.19080852523331607 -0.98162727483413326 0 
1 -4 -8.5 3 0 0 1 
1 -4.25 -8.5 7.5 -1 0 0 
1 -9 -8.5 3 0 0 1 
1 -2 -16 0 0 0 1 
1 -4.0408093880770002 -15.346578464365228 -4 0.98162727483413326 -0.19080852523331607 0 
1 -2 -2 0 0 0 1 
1 -8.3547015389376611 -19.038587493038538 -4 0.19080852523331607 0.98162727483413326 -0 
1 -9 5.5 3 0 0 -1 
1 -11.25 5.5 7.5 1 0 0 
1 -4 5.5 3 0 0 -1 
1 -3.3006742642545657 7.0000000000000009 -4 1 -4.4408920985006301e-16 0 
1 -7.0000000000000018 -9.0042863895952507 -4 4.4408920985006301e-16 1 -0 
1 3.6993257357454281 -7.0000000000000009 -4 -1 4.4408920985006301e-16 0 
1 7 -2.0042863895952587 -4 -4.4408920985006301e-16 -1 0 
1 12.924460246714055 -19.215940453798556 -1.199999999999998 1.28010447960523e-17 -1.2179380558447211e-16 -1 
1 9.9814613634132652 8.7848235102951779 -4 0.10452846326765339 -0.9945218953682734 0 
1 9.8168290337667123 10.3511954955002 -1.1999999999999997 -1.2801044796052554e-17 1.2179380558447171e-16 -1 
1 -7.1646323296465537 8.5663719852050271 -4 0.9945218953682734 0.10452846326765333 6.1629758220391547e-32 
1 -8.5750000000000011 8.4181363697690994 -1.8150757595082501 -3.9734939683789073e-33 1.2313924960836246e-16 -1 
1 -8.5749999999999993 -9.6718074204324083 -4 -0 1 0 
1 -8.5749999999999957 -9.5201521695212428 -1.1999999999999997 3.9734939683789073e-33 2.0441854352457554e-32 1 
1 -12.120685758711868 -27.761124078871173 -4 0.19080899537654453 0.98162718344766409 -2.0526832973508063e-48 
1 -12.421209926429921 -29.307186892801212 -1.1999999999999997 -2.3367362543640893e-17 -1.2021465881652221e-16 -1 
1 2.8676334557674394 -32.279036995790918 -4 -0.98162718344766409 0.19080899537654419 2.311115933264683e-31 
1 4.4136962696975033 -32.579561163508977 -1.1999999999999988 -2.3367362543640628e-17 -1.2021465881652226e-16 -1 
1 7.1103710228176542 -18.706372232578932 -4 -0.19080899537654397 -0.9816271834476642 2.3263744036642471e-47 
1 6.8879948366009591 -19.850398534436192 -1.1999999999999995 2.4435058382731484e-17 1.2570747773335194e-16 1 
1 11.358088261509014 -19.380572783445107 -4 -0.9945218953682734 -0.10452846326765342 1.6640034719505718e-31 
1 1.2633073647539628 -26.055399383231034 -4 0.98162727483413326 -0.19080852523331607 0 
1 -8.4161959945797644 -16.734521862045082 -4 0.19080852523331607 0.98162727483413326 -0 
1 2.2173499909205425 -21.147263009060367 -4 0.98162727483413326 -0.19080852523331607 0 
1 2.2173499909205425 -21.147263009060367 -4 0.98162727483413326 -0.19080852523331607 0 
1 6.3082131279322313 -19.596649740544819 -4 0.19080852523331607 0.98162727483413326 -0 
1 1.2633073647539628 -26.055399383231034 -4 0.98162727483413326 -0.19080852523331607 0 
1 -3.5506742642545683 2.5000000000000018 -4 -1 4.4408920985006301e-16 0 
1 7.4999999999999991 -4.2542863895952587 -4 -4.4408920985006301e-16 -1 0 
1 -3.5506742642545701 -2.4999999999999969 -4 -1 4.4408920985006301e-16 0 
1 -3.5506742642545701 -2.4999999999999969 -4 -1 4.4408920985006301e-16 0 
1 -7.5000000000000018 -4.2542863895952516 -4 -4.4408920985006301e-16 -1 0 
1 -3.5506742642545683 2.5000000000000018 -4 -1 4.4408920985006301e-16 0 
1 -4 -9 7.5 0 1 0 
1 -4 -9 3 0 0 1 
1 -9 -9 7.5 0 1 0 
1 -9 -9 7.5 1 0 0 
1 -9 -9 3 0 0 1 
1 -9 -9 7.5 0 1 0 
1 -9 6 3 0 0 1 
1 -9 6 7.5 1 0 0 
1 -4 -9 7.5 0 1 0 
1 -4 6 3 0 0 1 
Polygon3D 0
PolygonOnTriangulations 0
Surfaces 86
1 0.41814987539792331 -11.056167280044109 1.1304698492841865e-16 0 0 1 1 0 -0 -0 1 0 
1 -7.0000000000000018 6.9999999999999973 0 -1.2801044796052272e-17 1.2179380558447149e-16 -1 -0.10452846326765333 0.9945218953682734 1.2246467991473532e-16 0.9945218953682734 0.10452846326765333 6.1629758220391547e-32 
1 -7.2743872160775913 9.6106199753417147 0 0.10452846326765286 -0.99452189536827351 -1.2246467991473557e-16 4.2885539789663085e-16 1.6821376824384496e-16 -1 0.99452189536827351 0.10452846326765286 4.4408920985006262e-16 
1 -7.0000000000000018 -9.67180742043241 0 0 0 -1 -1 0 0 0 1 0 
1 -9.6250000000000018 -9.67180742043241 -4.4408920985006262e-16 1 0 -3.9734939683789073e-33 -3.9734939683789073e-33 4.4408920985006262e-16 -1 1.7645857967613786e-48 1 4.4408920985006262e-16 
1 8.4150893782082363 8.6201911806486251 0 0 0 -1 0.9945218953682734 0.10452846326765339 0 0.10452846326765339 -0.9945218953682734 0 
1 11.025709353549953 8.8945783967262155 -4.4408920985006262e-16 -0.99452189536827329 -0.10452846326765372 1.4791141972893971e-31 4.6419962659373487e-17 -4.4165644269268313e-16 -1 0.10452846326765372 -0.99452189536827329 4.4408920985006257e-16 
1 -10.574622944781799 -28.061648246589233 0 -2.4198978391377391e-32 4.7038049005328971e-33 -1 -0.98162718344766409 0.19080899537654453 2.4651903288156619e-32 0.19080899537654453 0.98162718344766409 -2.0526832973508063e-48 
1 -13.151394301331917 -27.560774633725803 -4.4408920985006262e-16 0.98162718344766409 -0.19080899537654444 0 8.4736215989053898e-17 4.3593004026461571e-16 -1 0.19080899537654444 0.98162718344766409 4.4408920985006271e-16 
1 11.193455931862461 -17.814200798240076 0 1.280104479605218e-17 -1.2179380558447151e-16 -1 0.10452846326765342 -0.9945218953682734 1.2246467991473535e-16 -0.9945218953682734 -0.10452846326765342 1.6640034719505718e-31 
1 11.467843147940052 -20.424820773581793 0 -0.10452846326765207 0.99452189536827351 -1.2246467991473594e-16 -4.288553978966309e-16 -1.6821376824384501e-16 -1 -0.99452189536827351 -0.10452846326765207 4.4408920985006257e-16 
1 3.1681576234854982 -30.732974181860847 0 -2.3367362543640927e-17 -1.2021465881652132e-16 -1 -0.19080899537654419 -0.98162718344766409 1.2246467991473532e-16 -0.98162718344766409 0.19080899537654419 2.311115933264683e-31 
1 2.6672840106220699 -33.309745538410965 0 0.19080899537654608 0.98162718344766375 -1.2246467991473618e-16 -4.5929740280825634e-16 -3.5478442827467596e-17 -1 -0.98162718344766375 0.19080899537654608 4.4408920985006242e-16 
1 5.5643082088875842 -18.405848064860873 0 4.8397956782754782e-32 -9.4076098010657941e-33 -1 0.9816271834476642 -0.19080899537654397 4.9303806576313238e-32 -0.19080899537654397 -0.9816271834476642 2.3263744036642471e-47 
1 8.1410795654377033 -18.906721677724303 -4.4408920985006262e-16 -0.98162718344766409 0.19080899537654444 -2.7117093616972281e-31 -8.4736215989053626e-17 -4.3593004026461576e-16 -1 -0.19080899537654444 -0.98162718344766409 4.4408920985006271e-16 
1 0.56316106873618177 10.434379494174879 -0.59999999999999765 -0.10452846326765304 0.9945218953682734 -2.7378903597693847e-15 0.9945218953682734 0.10452846326765304 0 2.8618747190201551e-16 -2.7228919099083726e-15 -1 
1 -7.2743872160775913 9.6106199753417147 -0.76507575950776197 0.10452846326765286 -0.99452189536827351 -1.2246467991473557e-16 4.2885539789663085e-16 1.6821376824384496e-16 -1 0.99452189536827351 0.10452846326765286 4.4408920985006262e-16 
1 -7.2743872160775913 9.6106199753417147 -1.1999999999999997 1.2801044796052272e-17 -1.2179380558447149e-16 1 0.10452846326765333 -0.9945218953682734 -1.2246467991473532e-16 0.9945218953682734 0.10452846326765333 6.1629758220391547e-32 
1 -9.6249999999999982 -0.027744026315971972 -0.59999999999999776 -1 -0 -0 0 0 -1 0 -1 0 
1 -9.6250000000000018 -9.67180742043241 -0.76507575950776241 1 0 -3.9734939683789073e-33 -3.9734939683789073e-33 4.4408920985006262e-16 -1 1.7645857967613786e-48 1 4.4408920985006262e-16 
1 -9.6250000000000018 -9.67180742043241 -1.2000000000000002 0 0 1 1 0 -0 -0 1 0 
1 12.41489263037707 -4.3226175927181387 -0.59999999999999709 0.9945218953682734 0.10452846326765361 2.5447446474431282e-15 -0.10452846326765361 0.9945218953682734 -4.9303806576313227e-32 -2.5308042700034083e-15 -2.6599824740581706e-16 1 
1 11.025709353549953 8.8945783967262155 -0.76507575950776241 -0.99452189536827329 -0.10452846326765372 1.4791141972893971e-31 4.6419962659373487e-17 -4.4165644269268313e-16 -1 0.10452846326765372 -0.99452189536827329 4.4408920985006257e-16 
1 11.025709353549953 8.8945783967262138 -1.2000000000000002 0 0 1 -0.9945218953682734 -0.10452846326765339 0 0.10452846326765339 -0.9945218953682734 0 
1 -11.638633957097667 -19.778297329594846 -0.59999999999999798 -0.98162718344766409 0.19080899537654447 6.9202228688007142e-16 -0.19080899537654447 -0.98162718344766409 -2.4651903288156619e-32 6.7930788835309585e-16 -1.3204407733776531e-16 1 
1 -13.151394301331917 -27.560774633725803 -0.76507575950776241 0.98162718344766409 -0.19080899537654444 0 8.4736215989053898e-17 4.3593004026461571e-16 -1 0.19080899537654444 0.98162718344766409 4.4408920985006271e-16 
1 -13.151394301331917 -27.560774633725803 -1.2000000000000002 2.4198978391377391e-32 -4.7038049005328971e-33 1 0.98162718344766409 -0.19080899537654453 -2.4651903288156619e-32 0.19080899537654453 0.98162718344766409 -2.0526832973508063e-48 
1 10.924457855845823 -20.48193286916197 -0.59999999999999909 0.10452846326765253 -0.99452189536827351 1.9170609788232355e-15 -0.99452189536827351 -0.10452846326765253 -2.4651903288156613e-32 2.0038743810677456e-16 -1.9065591181958413e-15 -1 
1 11.467843147940052 -20.424820773581796 -0.76507575950776197 -0.10452846326765207 0.99452189536827351 -1.2246467991473594e-16 -4.288553978966309e-16 -1.6821376824384501e-16 -1 -0.99452189536827351 -0.10452846326765207 4.4408920985006257e-16 
1 11.46784314794005 -20.424820773581796 -1.1999999999999997 -1.280104479605218e-17 1.2179380558447151e-16 1 -0.10452846326765342 0.9945218953682734 -1.2246467991473535e-16 -0.9945218953682734 -0.10452846326765342 1.6640034719505718e-31 
1 -4.2041062735115808 -31.974082570775142 -0.59999999999999798 -0.19080899537654525 -0.98162718344766386 -1.2006674541144367e-14 -0.98162718344766386 0.19080899537654525 0 2.2909815070088991e-15 1.1786078112396317e-14 -1 
1 2.6672840106220694 -33.309745538410965 -0.76507575950776197 0.19080899537654608 0.98162718344766375 -1.2246467991473618e-16 -4.5929740280825634e-16 -3.5478442827467596e-17 -1 -0.98162718344766375 0.19080899537654608 4.4408920985006242e-16 
1 2.667284010622069 -33.309745538410965 -1.1999999999999997 2.3367362543640927e-17 1.2021465881652132e-16 1 0.19080899537654419 0.98162718344766409 -1.2246467991473532e-16 -0.98162718344766409 0.19080899537654419 2.311115933264683e-31 
1 6.5072539777910299 -27.312025666047067 -0.59999999999999809 0.98162718344766409 -0.19080899537654444 -2.6403684189686699e-15 0.19080899537654444 0.98162718344766409 0 2.5918574143763774e-15 -5.0380604544736688e-16 1 
1 8.1410795654377033 -18.906721677724303 -0.76507575950776241 -0.98162718344766409 0.19080899537654444 -2.7117093616972281e-31 -8.4736215989053626e-17 -4.3593004026461576e-16 -1 -0.19080899537654444 -0.98162718344766409 4.4408920985006271e-16 
1 8.1410795654377033 -18.906721677724303 -1.2000000000000002 -4.8397956782754782e-32 9.4076098010657941e-33 1 -0.9816271834476642 0.19080899537654397 -4.9303806576313238e-32 -0.19080899537654397 -0.9816271834476642 2.3263744036642471e-47 
1 -9 -9 3 0 0 1 1 0 -0 -0 1 0 
1 0.4181498753979262 -11.056167280044106 -1.1999999999999964 -0 -0 -1 -1 0 0 0 1 -0 
1 10.593167673554492 8.8491164342297601 -1.2000000000000002 0 0 1 -0.9945218953682734 -0.10452846326765339 0 0.10452846326765339 -0.9945218953682734 0 
1 9.9814613634132652 8.7848235102951779 -1.1999999999999997 -0.99452189536827329 -0.10452846326765372 1.4791141972893971e-31 4.6419962659373487e-17 -4.4165644269268313e-16 -1 0.10452846326765372 -0.99452189536827329 4.4408920985006257e-16 
1 -7.2289252535811368 9.1780782953462534 -1.1999999999999997 1.2801044796052272e-17 -1.2179380558447149e-16 1 0.10452846326765333 -0.9945218953682734 -1.2246467991473532e-16 0.9945218953682734 0.10452846326765333 6.1629758220391547e-32 
1 -7.1646323296465546 8.5663719852050271 -1.1999999999999997 0.10452846326765286 -0.99452189536827351 -1.2246467991473557e-16 4.2885539789663085e-16 1.6821376824384496e-16 -1 0.99452189536827351 0.10452846326765286 4.4408920985006262e-16 
1 -9.1900757595082521 -9.67180742043241 -1.2000000000000002 0 0 1 1 0 -0 -0 1 0 
1 -8.5750000000000011 -9.67180742043241 -1.1999999999999997 1 0 -3.9734939683789073e-33 -3.9734939683789073e-33 4.4408920985006262e-16 -1 1.7645857967613786e-48 1 4.4408920985006262e-16 
1 -12.724460844124886 -27.643762091118937 -1.2000000000000002 2.4198978391377391e-32 -4.7038049005328971e-33 1 0.98162718344766409 -0.19080899537654453 -2.4651903288156619e-32 0.19080899537654453 0.98162718344766409 -2.0526832973508063e-48 
1 -12.120685758711868 -27.761124078871173 -1.1999999999999997 0.98162718344766409 -0.19080899537654444 0 8.4736215989053898e-17 4.3593004026461571e-16 -1 0.19080899537654444 0.98162718344766409 4.4408920985006271e-16 
1 2.7502714680152063 -32.882812081203937 -1.1999999999999997 2.3367362543640927e-17 1.2021465881652132e-16 1 0.19080899537654419 0.98162718344766409 -1.2246467991473532e-16 -0.98162718344766409 0.19080899537654419 2.311115933264683e-31 
1 2.8676334557674408 -32.279036995790918 -1.1999999999999997 0.19080899537654608 0.98162718344766375 -1.2246467991473618e-16 -4.5929740280825634e-16 -3.5478442827467596e-17 -1 -0.98162718344766375 0.19080899537654608 4.4408920985006242e-16 
1 7.7141461082306719 -18.823734220331165 -1.2000000000000002 -4.8397956782754782e-32 9.4076098010657941e-33 1 -0.9816271834476642 0.19080899537654397 -4.9303806576313238e-32 -0.19080899537654397 -0.9816271834476642 2.3263744036642471e-47 
1 7.1103710228176542 -18.706372232578932 -1.1999999999999997 -0.98162718344766409 0.19080899537654444 -2.7117093616972281e-31 -8.4736215989053626e-17 -4.3593004026461576e-16 -1 -0.19080899537654444 -0.98162718344766409 4.4408920985006271e-16 
1 11.422381185443596 -19.992279093586333 -1.1999999999999997 -1.280104479605218e-17 1.2179380558447151e-16 1 -0.10452846326765342 0.9945218953682734 -1.2246467991473535e-16 -0.9945218953682734 -0.10452846326765342 1.6640034719505718e-31 
1 11.358088261509014 -19.380572783445107 -1.1999999999999997 -0.10452846326765207 0.99452189536827351 -1.2246467991473594e-16 -4.288553978966309e-16 -1.6821376824384501e-16 -1 -0.99452189536827351 -0.10452846326765207 4.4408920985006257e-16 
1 -16 -16 0 -1 0 0 0 1 0 0 0 -1 
1 0.39865147149085689 -11.00857277919051 -4 -0 -0 -1 -1 0 0 0 1 -0 
1 -2 -16 0 0 -1 0 -1 0 0 -0 -0 -1 
1 -2 -2 0 1 0 0 0 -1 0 0 0 -1 
1 -16 -2 0 0 1 0 1 0 0 0 0 -1 
1 11.37064464024038 -4.4323724791491728 -2.5999999999999996 0.9945218953682734 0.10452846326765337 0 -0.10452846326765337 0.9945218953682734 0 0 -0 1 
1 9.9814613634132652 8.7848235102951779 -4 0 0 1 -0.9945218953682734 -0.10452846326765339 0 0.10452846326765339 -0.9945218953682734 0 
1 9.9814613634132652 8.7848235102951779 -1.8150757595082512 -0.99452189536827329 -0.10452846326765372 1.4791141972893971e-31 4.6419962659373487e-17 -4.4165644269268313e-16 -1 0.10452846326765372 -0.99452189536827329 4.4408920985006257e-16 
1 0.62091451688335741 9.384665932634654 -2.6000000000000001 -0.10452846326765322 0.9945218953682734 -2.9071084630816699e-16 0.9945218953682734 0.10452846326765322 0 3.0387558019831617e-17 -2.8911830187451309e-16 -1 
1 -7.1646323296465537 8.5663719852050271 -4 1.2801044796052272e-17 -1.2179380558447149e-16 1 0.10452846326765333 -0.9945218953682734 -1.2246467991473532e-16 0.9945218953682734 0.10452846326765333 6.1629758220391547e-32 
1 -7.1646323296465546 8.5663719852050271 -1.8150757595082512 0.10452846326765286 -0.99452189536827351 -1.2246467991473557e-16 4.2885539789663085e-16 1.6821376824384496e-16 -1 0.99452189536827351 0.10452846326765286 4.4408920985006262e-16 
1 -8.5749999999999975 -0.55100789987607435 -2.6000000000000001 -1 -0 -5.7539066882288557e-16 5.7539066882288557e-16 0 -1 0 -1 0 
1 -8.5749999999999993 -9.6718074204324083 -4 0 0 1 1 0 -0 -0 1 0 
1 -8.5750000000000011 -9.67180742043241 -1.8150757595082512 1 0 -3.9734939683789073e-33 -3.9734939683789073e-33 4.4408920985006262e-16 -1 1.7645857967613786e-48 1 4.4408920985006262e-16 
1 -10.49810496321496 -19.413669531161247 -2.600000000000001 -0.98162718344766409 0.1908089953765445 -0 -0.1908089953765445 -0.98162718344766409 0 0 0 1 
1 -12.120685758711868 -27.761124078871173 -4 2.4198978391377391e-32 -4.7038049005328971e-33 1 0.98162718344766409 -0.19080899537654453 -2.4651903288156619e-32 0.19080899537654453 0.98162718344766409 -2.0526832973508063e-48 
1 -12.120685758711868 -27.761124078871173 -1.8150757595082512 0.98162718344766409 -0.19080899537654444 0 8.4736215989053898e-17 4.3593004026461571e-16 -1 0.19080899537654444 0.98162718344766409 4.4408920985006271e-16 
1 -4.0037568283662086 -30.943374028155116 -2.6000000000000005 -0.19080899537654461 -0.98162718344766409 -0 -0.98162718344766409 0.19080899537654461 0 0 0 -1 
1 2.8676334557674394 -32.279036995790918 -4 2.3367362543640927e-17 1.2021465881652132e-16 1 0.19080899537654419 0.98162718344766409 -1.2246467991473532e-16 -0.98162718344766409 0.19080899537654419 2.311115933264683e-31 
1 2.8676334557674403 -32.279036995790918 -1.8150757595082512 0.19080899537654608 0.98162718344766375 -1.2246467991473618e-16 -4.5929740280825634e-16 -3.5478442827467596e-17 -1 -0.98162718344766375 0.19080899537654608 4.4408920985006242e-16 
1 5.6508455531492334 -26.214979848972593 -2.5999999999999996 0.9816271834476642 -0.19080899537654383 0 0.19080899537654383 0.9816271834476642 0 -0 0 1 
1 7.1103710228176542 -18.706372232578932 -4 -4.8397956782754782e-32 9.4076098010657941e-33 1 -0.9816271834476642 0.19080899537654397 -4.9303806576313238e-32 -0.19080899537654397 -0.9816271834476642 2.3263744036642471e-47 
1 7.1103710228176542 -18.706372232578932 -1.8150757595082512 -0.98162718344766409 0.19080899537654444 -2.7117093616972281e-31 -8.4736215989053626e-17 -4.3593004026461576e-16 -1 -0.19080899537654444 -0.98162718344766409 4.4408920985006271e-16 
1 9.9062275416575005 -19.533169494117374 -2.6000000000000005 0.1045284632676529 -0.9945218953682734 -0 -0.9945218953682734 -0.1045284632676529 0 -0 0 -1 
1 11.358088261509014 -19.380572783445107 -4 -1.280104479605218e-17 1.2179380558447151e-16 1 -0.10452846326765342 0.9945218953682734 -1.2246467991473535e-16 -0.9945218953682734 -0.10452846326765342 1.6640034719505718e-31 
1 11.358088261509014 -19.380572783445107 -1.8150757595082512 -0.10452846326765207 0.99452189536827351 -1.2246467991473594e-16 -4.288553978966309e-16 -1.6821376824384501e-16 -1 -0.99452189536827351 -0.10452846326765207 4.4408920985006257e-16 
1 -9 -9 3 1 0 0 0 0 1 0 -1 0 
1 -9 6 3 0 1 0 0 -0 1 1 0 -0 
1 -4 -9 3 1 0 0 0 0 1 0 -1 0 
1 -4 -9 3 1 0 0 0 0 1 0 -1 0 
1 -9 -9 3 0 1 0 0 -0 1 1 0 -0 
1 -9 -9 3 1 0 0 0 0 1 0 -1 0 
1 -9 -9 7.5 0 0 1 1 0 -0 -0 1 0 
1 -9 -9 7.5 0 0 1 1 0 -0 -0 1 0 
Triangulations 0

TShapes 281
Ve
1.50000004237665e-07
-9.625 9.36356061628183 1.6073489238809e-16
0 0

0101101
*
Ve
1.50000007654981e-07
10.7513221374724 11.5051983720679 1.60734892388091e-16
0 0

0101101
*
Ed
 1.5e-07 1 1 0
1  1 0 -2.36356061628183 18.125
2  1 2 0 -2.36356061628183 18.125
2  2 3 0 -2.36356061628183 18.125
0

0101000
+281 0 -280 0 *
Ve
1.50000046323947e-07
-9.62499999999999 -9.41904866891377 3.23556230657055e-32
0 0

0101101
*
Ed
 1.5e-07 1 1 0
1  2 0 0.25275875151864 19.0353680367142
2  3 4 0 0.25275875151864 19.0353680367142
2  4 5 0 0.25275875151864 19.0353680367142
0

0101000
+278 0 -281 0 *
Ve
1.50000007548375e-07
14.0784631232818 -20.1504335575042 1.6073489238809e-16
0 0

0101101
*
Ed
 1.5e-07 1 1 0
1  3 0 -2.625 29.205
2  5 6 0 -2.625 29.205
2  6 7 0 -2.625 29.205
0

0101000
+280 0 -276 0 *
Ve
1.5000002872928e-07
-13.6522679141953 -30.1375459902759 1.60734892388092e-16
0 0

0101101
*
Ed
 1.5e-07 1 1 0
1  4 0 -2.625 18.4812791156565
2  7 8 0 -2.625 18.4812791156565
2  8 9 0 -2.625 18.4812791156565
0

0101000
+274 0 -278 0 *
Ve
1.50000004869865e-07
7.77045258840988 -20.8134321808197 1.60734892388091e-16
0 0

0101101
*
Ed
 1.5e-07 1 1 0
1  5 0 -2.625 3.71775682038757
2  9 10 0 -2.625 3.71775682038757
2  10 11 0 -2.625 3.71775682038757
0

0101000
+276 0 -272 0 *
Ve
1.50000007548375e-07
5.24405536717219 -33.8106191512744 1.6073489238809e-16
0 0

0101101
*
Ed
 1.5e-07 1 1 0
1  6 0 -2.625 16.625
2  11 12 0 -2.625 16.625
2  12 13 0 -2.625 16.625
0

0101000
+270 0 -274 0 *
Ed
 1.5e-07 1 1 0
1  7 0 1.94239782194978 15.1828491762063
2  13 14 0 1.94239782194978 15.1828491762063
2  14 15 0 1.94239782194978 15.1828491762063
0

0101000
+272 0 -270 0 *
Wi

0101100
-279 0 -277 0 -275 0 -273 0 -271 0 -269 0 -268 0 *
Ve
5.76837160980707e-07
5.14698200286182 -33.4319652303922 -4.7683716086766e-07
0 0

0101101
*
Ve
5.76837160980707e-07
8.58153545706151 -15.7626742833778 -4.7683716086766e-07
0 0

0101101
*
Ed
 5.76837160536618e-07 1 1 0
1  8 0 0 18
0

0101000
+266 11 -265 11 *
Ve
5.76837160980707e-07
-9.08775548995288 -12.3281208291782 -4.7683716086766e-07
0 0

0101101
*
Ed
 5.76837160536618e-07 1 1 0
1  9 0 0 18
0

0101000
+265 11 -263 11 *
Ve
5.76837160980707e-07
-12.5223089441526 -29.9974117761925 -4.7683716086766e-07
0 0

0101101
*
Ed
 5.76837160536618e-07 1 1 0
1  10 0 0 18
0

0101000
+261 11 -263 11 *
Ed
 5.76837160536618e-07 1 1 0
1  11 0 0 18
0

0101000
+266 11 -261 11 *
Wi

0101100
-264 10 -262 10 +260 10 +259 10 *
Ve
1.00000000113047e-07
-9 9 0
0 0

0101101
*
Ve
1.00000000113047e-07
-9 -8.99999999999999 0
0 0

0101101
*
Ed
 1.00000000113047e-07 1 1 0
1  8 0 0 18
0

0101000
+257 15 -256 15 *
Ve
1.00000000113047e-07
9 -9 0
0 0

0101101
*
Ed
 1.00000000113047e-07 1 1 0
1  9 0 0 18
0

0101000
+256 15 -254 15 *
Ve
1.00000000113047e-07
9.00000000000001 9 0
0 0

0101101
*
Ed
 1.00000000113047e-07 1 1 0
1  10 0 0 18
0

0101000
+252 15 -254 15 *
Ed
 1.00000000113047e-07 1 1 0
1  11 0 0 18
0

0101000
+257 15 -252 15 *
Wi

0101100
-255 14 -253 14 +251 14 +250 14 *
Fa
0  1e-07 1 0

0111000
+267 0 +258 0 +249 0 *
Ve
1.50000004662937e-07
10.7513221374724 11.5051983720679 -1.2
0 0

0101101
*
Ed
 1e-07 1 1 0
1  12 0 -2.22044604925034e-16 1.2
0

0101000
+280 0 -247 0 *
Ve
1.50000004989832e-07
-9.625 9.36356061628183 -1.2
0 0

0101101
*
Ed
 1.5e-07 1 1 0
1  13 0 -2.36356061628183 18.125
2  15 17 0 -2.36356061628183 18.125
2  16 18 0 -2.36356061628183 18.125
0

0101000
+245 0 -247 0 *
Ed
 1e-07 1 1 0
1  14 0 -0.765075759507761 0.434924240492236
0

0101000
+281 0 -245 0 *
Wi

0101000
+279 0 +246 0 -244 0 -243 0 *
Fa
0  1.5e-07 16 0

0111000
+242 0 *
Ve
1.50000046391915e-07
-9.62499999999999 -9.41904866891377 -1.2
0 0

0101101
*
Ed
 1.5e-07 1 1 0
1  15 0 0.25275875151864 19.0353680367142
2  17 20 0 0.25275875151864 19.0353680367142
2  18 21 0 0.25275875151864 19.0353680367142
0

0101000
+240 0 -245 0 *
Ed
 1e-07 1 1 0
1  16 0 -1.2 4.44089209850063e-16
0

0101000
+240 0 -278 0 *
Wi

0101000
+277 0 +243 0 -239 0 +238 0 *
Fa
0  1.5e-07 19 0

0111000
