<?xml version='1.0' encoding='utf-8'?>
<!-- FreeCAD DocumentObject -->
<Document SchemaVersion="4" FileVersion="2">
<Object name="Box003" Extensions="True">
  <Extensions Count="1">
    <Extension type="Part::AttachExtension" name="AttachExtension">
    </Extension>
  </Extensions>
  <Properties Count="29" TransientCount="2">
    <_Property name="_Body" type="App::PropertyLinkHidden" status="251658240"/>
    <_Property name="_ElementMapVersion" type="App::PropertyString" status="234881024"/>
    <Property name="AddSubShape" type="Part::PropertyPartShape">
      <Part HasherIndex="0" ElementMap="1.15.70200.4" brep="1">
<![CDATA[

CASCADE Topology V1, (c) Matra-Datavision
Locations 0
Curve2ds 24
1 0 0 1 0 
1 0 0 1 0 
1 10 0 0 -1 
1 0 0 0 1 
1 0 -100 1 0 
1 0 0 1 0 
1 0 0 0 -1 
1 0 0 0 1 
1 0 0 1 0 
1 0 100 1 0 
1 10 0 0 -1 
1 100 0 0 1 
1 0 -100 1 0 
1 0 100 1 0 
1 0 0 0 -1 
1 100 0 0 1 
1 0 0 0 1 
1 0 0 1 0 
1 10 0 0 1 
1 0 0 1 0 
1 0 0 0 1 
1 0 100 1 0 
1 10 0 0 1 
1 0 100 1 0 
Curves 12
1 0 0 0 0 0 1 
1 0 0 10 -0 1 0 
1 0 100 0 0 0 1 
1 0 0 0 -0 1 0 
1 100 0 0 0 0 1 
1 100 0 10 -0 1 0 
1 100 100 0 0 0 1 
1 100 0 0 -0 1 0 
1 0 0 0 1 0 -0 
1 0 0 10 1 0 -0 
1 0 100 0 1 0 -0 
1 0 100 10 1 0 -0 
Polygon3D 0
PolygonOnTriangulations 0
Surfaces 6
1 0 0 0 1 0 -0 0 0 1 0 -1 0 
1 0 0 0 -0 1 0 0 0 1 1 0 -0 
1 0 0 10 0 0 1 1 0 -0 -0 1 0 
1 0 100 0 -0 1 0 0 0 1 1 0 -0 
1 0 0 0 0 0 1 1 0 -0 -0 1 0 
1 100 0 0 1 0 -0 0 0 1 0 -1 0 
Triangulations 0

TShapes 34
Ve
1e-07
0 0 10
0 0

0101101
*
Ve
1e-07
0 0 0
0 0

0101101
*
Ed
 1e-07 1 1 0
1  1 0 0 10
2  1 1 0 0 10
2  2 2 0 0 10
0

0101000
-34 0 +33 0 *
Ve
1e-07
0 100 10
0 0

0101101
*
Ed
 1e-07 1 1 0
1  2 0 0 100
2  3 1 0 0 100
2  4 3 0 0 100
0

0101000
-31 0 +34 0 *
Ve
1e-07
0 100 0
0 0

0101101
*
Ed
 1e-07 1 1 0
1  3 0 0 10
2  5 1 0 0 10
2  6 4 0 0 10
0

0101000
-31 0 +29 0 *
Ed
 1e-07 1 1 0
1  4 0 0 100
2  7 1 0 0 100
2  8 5 0 0 100
0

0101000
-29 0 +33 0 *
Wi

0101100
-32 0 -30 0 +28 0 +27 0 *
Fa
0  1e-07 1 0

0101000
+26 0 *
Ve
1e-07
100 0 10
0 0

0101101
*
Ve
1e-07
100 0 0
0 0

0101101
*
Ed
 1e-07 1 1 0
1  5 0 0 10
2  9 6 0 0 10
2  10 2 0 0 10
0

0101000
-24 0 +23 0 *
Ve
1e-07
100 100 10
0 0

0101101
*
Ed
 1e-07 1 1 0
1  6 0 0 100
2  11 6 0 0 100
2  12 3 0 0 100
0

0101000
-21 0 +24 0 *
Ve
1e-07
100 100 0
0 0

0101101
*
Ed
 1e-07 1 1 0
1  7 0 0 10
2  13 6 0 0 10
2  14 4 0 0 10
0

0101000
-21 0 +19 0 *
Ed
 1e-07 1 1 0
1  8 0 0 100
2  15 6 0 0 100
2  16 5 0 0 100
0

0101000
-19 0 +23 0 *
Wi

0101100
-22 0 -20 0 +18 0 +17 0 *
Fa
0  1e-07 6 0

0101000
+16 0 *
Ed
 1e-07 1 1 0
1  9 0 0 100
2  17 2 0 0 100
2  18 5 0 0 100
0

0101000
-23 0 +33 0 *
Ed
 1e-07 1 1 0
1  10 0 0 100
2  19 2 0 0 100
2  20 3 0 0 100
0

0101000
-24 0 +34 0 *
Wi

0101100
-14 0 -22 0 +13 0 +32 0 *
Fa
0  1e-07 2 0

0101000
+12 0 *
Ed
 1e-07 1 1 0
1  11 0 0 100
2  21 4 0 0 100
2  22 5 0 0 100
0

0101000
-19 0 +29 0 *
Ed
 1e-07 1 1 0
1  12 0 0 100
2  23 4 0 0 100
2  24 3 0 0 100
0

0101000
-21 0 +31 0 *
Wi

0101100
-10 0 -18 0 +9 0 +28 0 *
Fa
0  1e-07 4 0

0101000
+8 0 *
Wi

0101100
-27 0 -10 0 +17 0 +14 0 *
Fa
0  1e-07 5 0

0101000
+6 0 *
Wi

0101100
-30 0 -9 0 +20 0 +13 0 *
Fa
0  1e-07 3 0

0101000
+4 0 *
Sh

0101100
-25 0 +15 0 -11 0 +7 0 -5 0 +3 0 *
So

1100000
+2 0 *

+1 0 ]]>
      </Part>
      <ElementMap new="1" count="1"><Element key="Dummy" value="Dummy"/></ElementMap>
      <ElementMap2 count="26">
<![CDATA[
16 PostfixCount 3
Edge
Face
Vertex

MapCount 1

ElementMap 1 16 3

Edge

ChildCount 1
1 0 12 -2215 0 ;:H-8a7,E 0

NameCount 0

Face

ChildCount 1
1 0 6 -2215 0 ;:H-8a7,F 0

NameCount 0

Vertex

ChildCount 1
1 0 8 -2215 0 ;:H-8a7,V 0

NameCount 0

EndMap
]]>
      </ElementMap2>
    </Property>
    <Property name="AddSubType" type="App::PropertyEnumeration">
      <Integer value="1"/>
    </Property>
    <Property name="AttacherType" type="App::PropertyString" status="8">
      <String value="Attacher::AttachEngine3D"/>
    </Property>
    <Property name="AttachmentOffset" type="App::PropertyPlacement">
      <PropertyPlacement Px="-22" Py="-50" Pz="-10" Q0="0" Q1="0" Q2="0" Q3="1" A="0" Ox="0" Oy="0" Oz="1"/>
    </Property>
    <Property name="AttachmentSupport" type="App::PropertyLinkSubList">
      <LinkSubList count="1">
        <Link obj="XY_Plane" sub=""/>
      </LinkSubList>
    </Property>
    <Property name="BaseFeature" type="App::PropertyLink" status="8">
      <Link value="Mirrored"/>
    </Property>
    <Property name="ColoredElements" type="App::PropertyLinkSubHidden" status="218103808">
      <LinkSub value="" count="0">
      </LinkSub>
    </Property>
    <Property name="ExpressionEngine" type="App::PropertyExpressionEngine" status="67108864">
      <ExpressionEngine count="0"></ExpressionEngine>
    </Property>
    <Property name="FixShape" type="App::PropertyEnumeration">
      <Integer value="1"/>
    </Property>
    <Property name="Height" type="App::PropertyLength">
      <Float value="10"/>
    </Property>
    <Property name="InvalidShape" type="App::PropertyBool" status="67108864">
      <Bool value="false"/>
    </Property>
    <Property name="Label" type="App::PropertyString" status="134217728">
      <String value="Box003"/>
    </Property>
    <Property name="Label2" type="App::PropertyString" status="128">
      <String value=""/>
    </Property>
    <Property name="Length" type="App::PropertyLength">
      <Float value="100"/>
    </Property>
    <Property name="MapMode" type="App::PropertyEnumeration">
      <Integer value="5"/>
    </Property>
    <Property name="MapPathParameter" type="App::PropertyFloat" status="8">
      <Float value="0"/>
    </Property>
    <Property name="MapReversed" type="App::PropertyBool">
      <Bool value="false"/>
    </Property>
    <Property name="NewSolid" type="App::PropertyBool">
      <Bool value="false"/>
    </Property>
    <Property name="Placement" type="App::PropertyPlacement" status="8388620">
      <PropertyPlacement Px="-22" Py="-50" Pz="-10" Q0="0" Q1="0" Q2="0" Q3="1" A="0" Ox="0" Oy="0" Oz="1"/>
    </Property>
    <Property name="Refine" type="App::PropertyBool">
      <Bool value="true"/>
    </Property>
    <Property name="Shape" type="Part::PropertyPartShape">
      <Part HasherIndex="0" ElementMap="1.15.70200.4" brep="1">
<![CDATA[

CASCADE Topology V1, (c) Matra-Datavision
Locations 57
1
              1               0               0             -22 
              0               1               0             -50 
              0               0               1             -10 
1
              1               0               0              -0 
              0               1               0              -0 
              0               0               1              -0 
1
              1               0               0               0 
              0               1               0               0 
              0               0               1               0 
1
              1               0               0               0 
              0               1               0               0 
              0               0               1               0 
1
              1               0               0             -22 
              0               1               0             -50 
              0               0               1             -10 
2  2 1 3 1 4 1 5 -1 0
1
              1               0               0               0 
              0               1               0               0 
              0               0               1               0 
2  2 -1 7 -1 0
2  2 -1 0
2  7 1 2 1 3 1 4 1 5 -1 0
1
              1               0               0               0 
              0               1               0               0 
              0               0               1               0 
2  7 1 11 1 4 1 5 -1 0
2  5 1 4 -1 11 -1 7 -1 0
2  5 1 4 -1 3 -1 2 -1 7 -1 0
1
              1               0               0               0 
              0               1               0               0 
              0               0               1               0 
1
              1               0               0               0 
              0               1               0               0 
              0               0               1               0 
1
              1               0               0               0 
              0               1               0               0 
              0               0               1               0 
1
              1               0               0               0 
              0               1               0               0 
              0               0               1               0 
1
0.190808525233316 -0.981627274834133               0 -1.97038674354553 
0.981627274834133 0.190808525233316               0 -22.8800430297852 
              0               0               1 -3.00000047683716 
1
              1               0               0               0 
              0               1               0               0 
              0               0               1               0 
1
              1               0               0               0 
              0               1               0               0 
              0               0               1               0 
1
              1               0               0               0 
              0               1               0               0 
              0               0               1               0 
2  15 1 16 1 17 1 18 1 19 1 20 1 21 1 22 1 7 1 11 1 4 1 5 -1 0
2  5 1 4 -1 11 -1 7 -1 22 -1 21 -1 20 -1 19 -1 18 -1 17 -1 16 -1 15 -1 0
1
              1               0               0               0 
              0               1               0               0 
              0               0               1               0 
1
              1               0               0               0 
              0               1               0               0 
              0               0               1              -3 
1
              1               0               0               0 
              0               1               0               0 
              0               0               1               6 
1
              1               0               0            -2.5 
              0               1               0            -7.5 
              0               0               1              -3 
1
              1               0               0            -2.5 
              0               1               0            -7.5 
              0               0               1              -3 
1
              1               0               0              -9 
              0               1               0              -9 
              0               0               1               3 
1
-4.44089209850063e-16               1               0               0 
             -1 -4.44089209850063e-16               0               0 
              0               0               1              -3 
1
              1               0               0               0 
              0               1               0               0 
              0               0               1               0 
2  25 1 26 1 27 1 28 -1 29 1 30 -1 15 1 16 1 17 1 18 1 31 1 32 1 21 1 22 1 7 1 11 1 4 1 5 -1 0
2  5 1 4 -1 11 -1 7 -1 22 -1 21 -1 32 -1 31 -1 18 -1 17 -1 16 -1 15 -1 30 1 29 -1 28 1 27 -1 26 -1 25 -1 0
2  3 1 4 1 5 -1 0
2  15 1 16 1 17 1 18 1 19 1 20 1 21 1 22 1 7 1 2 1 3 1 4 1 5 -1 0
2  25 1 26 1 27 1 28 -1 29 1 30 -1 15 1 16 1 17 1 18 1 19 1 20 1 21 1 22 1 7 1 2 1 3 1 4 1 5 -1 0
2  2 -1 7 -1 22 -1 21 -1 20 -1 19 -1 18 -1 17 -1 16 -1 15 -1 30 1 29 -1 28 1 27 -1 26 -1 25 -1 0
2  28 -1 29 1 30 -1 15 1 16 1 17 1 18 1 31 1 32 1 21 1 22 1 7 1 2 1 3 1 4 1 5 -1 0
2  2 -1 7 -1 22 -1 21 -1 32 -1 31 -1 18 -1 17 -1 16 -1 15 -1 30 1 29 -1 28 1 0
2  5 1 4 -1 3 -1 2 -1 7 -1 22 -1 21 -1 32 -1 31 -1 18 -1 17 -1 16 -1 15 -1 30 1 29 -1 28 1 0
2  29 1 30 -1 15 1 16 1 17 1 18 1 31 1 32 1 21 1 22 1 7 1 2 1 3 1 4 1 5 -1 0
2  2 -1 7 -1 22 -1 21 -1 32 -1 31 -1 18 -1 17 -1 16 -1 15 -1 30 1 29 -1 0
2  28 -1 29 1 30 -1 15 1 16 1 17 1 18 1 19 1 20 1 21 1 22 1 0
2  2 -1 7 -1 22 -1 21 -1 20 -1 19 -1 18 -1 17 -1 16 -1 15 -1 30 1 29 -1 28 1 0
2  25 1 26 1 27 1 28 -1 29 1 30 -1 15 1 16 1 17 1 18 1 19 1 20 1 21 1 22 1 0
2  29 1 30 -1 15 1 16 1 17 1 18 1 19 1 20 1 21 1 22 1 0
2  2 -1 7 -1 22 -1 21 -1 20 -1 19 -1 18 -1 17 -1 16 -1 15 -1 30 1 29 -1 0
2  29 1 30 -1 15 1 16 1 17 1 18 1 31 1 32 1 21 1 22 1 0
2  29 1 30 -1 15 1 16 1 17 1 18 1 19 1 20 1 21 1 22 1 7 1 2 1 3 1 4 1 5 -1 0
1
              1               0               0               0 
              0               1               0               0 
              0               0               1               0 
1
-0.104528463267654 -6.07071206434638e-17 0.994521895368273 8.10042656121277 
0.994521895368273 4.94363466807198e-17 0.104528463267654 0.85138913904204 
-5.55111512312578e-17               1 5.52070553365854e-17 -1.49880108324396e-16 
2  51 1 52 1 0
2  2 -1 52 -1 51 -1 0
1
              1               0               0 -14.9178284305241 
              0               1               0 -1.5679269490148 
              0               0               1 -8.32667268468867e-16 
2  51 1 52 1 55 1 0
2  2 -1 55 -1 52 -1 51 -1 0
Curve2ds 20
7 0 0  8 23 4  6.2831853071795862 -29.21040357731081  6.0868357663302248 -29.21040357731081  5.8904862254808332 -29.196259075839613  5.6941366846312178 -29.167971782801715  5.497787143781828 -29.12669983597516  5.3014376029327046 -29.074778949934057  5.1050880620835102 -29.01544930814493  4.9087385212340502 -28.952417944653583  4.4178646691106449 -28.79483898746766  4.123340357838309 -28.70029127050293  3.8288160465592895 -28.618243932258338  3.53429173529846 -28.561179541604361  3.2397674240103456 -28.53817353946215  2.9452431127426948 -28.551186337863328  2.6507188014663869 -28.595537822280122  2.061670178918301 -28.729248001318282  1.7671458676448069 -28.818607180532126  1.4726215563944365 -28.921626840514364  1.1780972451045031 -29.025334077799926  0.88357293383457858 -29.114933868782828  0.58904862254555468 -29.178578331098834  0.29452431127404388 -29.210403577310807  8.8817841970012523e-16 -29.210403577310807 
 3.1415926535897936 9 4.7123889803846932 7 7.0685834705770372 7 9.4247779607693793 9
1 6.2831853071795862 -49.999999999999979 -1 0 
1 2.625 -4.4408920985006262e-16 7.547468613682779e-48 1 
1 -3.214697847761806e-16 -8.8331288538536637e-16 4.4408920985006252e-16 1 
1 2.6250000000000009 -2.2204460492503131e-16 0 1 
1 -4.4408920985006262e-16 1.9721522630525293e-31 4.4408920985006262e-16 1 
1 2.6249999999999991 -3.3306690738754696e-16 2.0378165256943503e-47 1 
1 -3.2146978477618026e-16 1.4276126271192356e-31 4.4408920985006257e-16 1 
1 2.6250000000000009 -1.8873791418627661e-15 1.1469911362234807e-78 1 
1 -4.4408920985006429e-16 -3.4874403221169245e-15 4.4408920985006271e-16 1 
1 2.625 -1.1102230246251565e-16 2.8303007301310419e-47 1 
1 -3.2146978477618021e-16 1.4276126271192349e-31 4.4408920985006242e-16 1 
1 2.6250000000000004 2.7755575615628914e-16 -5.0602550127506504e-80 1 
1 -4.4408920985006271e-16 1.9721522630525304e-31 4.4408920985006271e-16 1 
1 2.625 0 0 1 
1 -4.4408920985006262e-16 1.9721522630525295e-31 4.4408920985006262e-16 1 
1 0 0 0 -1 
1 6.2831853071795862 0 0 -1 
1 6.2831853071795862 -32.29999999999999 -1 0 
1 6.2831853071795862 -47.299999999999997 -1 0 
Curves 140
1 -12.421209926429921 -29.307186892801212 1.1999999999999997 -2.3367362543640893e-17 -1.2021465881652221e-16 1 
1 -12.120685758711868 -27.761124078871173 4 0.19080899537654453 0.98162718344766409 2.0526832973508063e-48 
1 -8.5749999999999957 -9.5201521695212428 1.1999999999999997 3.9734939683789073e-33 2.0441854352457554e-32 -1 
1 -12.120685758711868 -27.76112407887117 1.2000000000000002 0.19080899537654453 0.98162718344766409 2.0526832973508063e-48 
1 -12.120685758711868 -27.76112407887117 1.2000000000000002 0.19080899537654453 0.98162718344766409 2.0526832973508063e-48 
3 -9.0595187132193615 -12.012784861426685 2.2500000000000004 0.98162718344766409 -0.1908089953765445 0 -0.1908089953765445 -0.98162718344766409 1.8882489120805882e-16 -3.6029487793495013e-17 -1.8535564612137836e-16 -1 1.0979763443115051 1.05
3 -9.0595187132193615 -12.012784861426685 2.2500000000000004 0.98162718344766409 -0.1908089953765445 0 -0.1908089953765445 -0.98162718344766409 1.8882489120805882e-16 -3.6029487793495013e-17 -1.8535564612137836e-16 -1 1.0979763443115051 1.05
1 -8.5750000000000011 -9.67180742043241 1.2000000000000002 -0 1 -0 
1 -8.5750000000000011 8.4181363697690994 1.8150757595082501 -3.9734939683789073e-33 1.2313924960836246e-16 1 
1 -8.5749999999999993 -9.6718074204324083 4 -0 1 -0 
1 -7.1646323296465546 8.5663719852050271 1.1999999999999997 0.9945218953682734 0.10452846326765333 -6.1629758220391547e-32 
1 9.8168290337667123 10.3511954955002 1.1999999999999997 -1.2801044796052554e-17 1.2179380558447171e-16 1 
1 -7.1646323296465537 8.5663719852050271 4 0.9945218953682734 0.10452846326765333 -6.1629758220391547e-32 
1 9.9814613634132652 8.7848235102951779 4 0.10452846326765339 -0.9945218953682734 -0 
1 12.924460246714055 -19.215940453798556 1.199999999999998 1.28010447960523e-17 -1.2179380558447211e-16 1 
1 9.9814613634132652 8.7848235102951779 1.2000000000000002 0.10452846326765339 -0.9945218953682734 -0 
1 9.9814613634132652 8.7848235102951779 1.2000000000000002 0.10452846326765339 -0.9945218953682734 -0 
2 11.935448774651277 -9.8061248591862995 2.2499999999999996 0.9945218953682734 0.10452846326765351 -5.5207055336585385e-17 -0.10452846326765351 0.9945218953682734 5.5511151231257815e-17 6.0707120643463738e-17 -4.9436346680719793e-17 1 1.05
2 11.935448774651277 -9.8061248591862995 2.2499999999999996 0.9945218953682734 0.10452846326765351 -5.5207055336585385e-17 -0.10452846326765351 0.9945218953682734 5.5511151231257815e-17 6.0707120643463738e-17 -4.9436346680719793e-17 1 1.05
1 11.358088261509014 -19.380572783445107 4 -0.9945218953682734 -0.10452846326765342 -1.6640034719505718e-31 
1 2.8676334557674394 -32.279036995790918 4 -0.98162718344766409 0.19080899537654419 -2.311115933264683e-31 
1 7.1103710228176542 -18.706372232578932 4 -0.19080899537654397 -0.9816271834476642 -2.3263744036642471e-47 
1 -8.3547015389376611 -19.038587493038538 4 0.19080852523331607 0.98162727483413326 -0 
1 0.15926218249550805 -30.425019988676297 4 -0.98162727483413326 0.19080852523331607 -0 
1 1.2633073647539628 -26.055399383231034 4 0.98162727483413326 -0.19080852523331607 -0 
1 6.7237399853734168 -14.83851592246603 4 -0.19080852523331607 -0.98162727483413326 -0 
1 -8.4161959945797644 -16.734521862045082 4 0.19080852523331607 0.98162727483413326 -0 
1 1.2633073647539628 -26.055399383231034 4 0.98162727483413326 -0.19080852523331607 -0 
1 2.2173499909205425 -21.147263009060367 4 0.98162727483413326 -0.19080852523331607 -0 
1 6.3082131279322313 -19.596649740544819 4 0.19080852523331607 0.98162727483413326 -0 
1 -8.3547015389376611 -19.038587493038538 4 0.19080852523331607 0.98162727483413326 -0 
1 2.2173499909205425 -21.147263009060367 4 0.98162727483413326 -0.19080852523331607 -0 
1 -4.0408093880770002 -15.346578464365228 4 0.98162727483413326 -0.19080852523331607 -0 
1 6.7237399853734168 -14.83851592246603 4 -0.19080852523331607 -0.98162727483413326 -0 
1 4.6263674143037274 -8.6638745348895601 4 0.9945218953682734 0.1045284632676534 -0 
1 9.2497137269685972 -10.083347818519423 4 0.10452846326765346 -0.9945218953682734 -0 
1 5.0235755747208106 -12.443057737289001 4 -0.9945218953682734 -0.1045284632676534 -0 
1 -5.6681147035555046 -11.651274767534224 4 0.10452846326765346 -0.9945218953682734 -0 
1 7 -2.0042863895952587 4 -4.4408920985006301e-16 -1 -0 
1 -3.3006742642545657 7.0000000000000009 4 1 -4.4408920985006301e-16 -0 
1 -3.5506742642545683 2.5000000000000018 4 -1 4.4408920985006301e-16 -0 
1 -7.0000000000000018 -9.0042863895952507 4 4.4408920985006301e-16 1 -0 
1 7.4999999999999991 -4.2542863895952587 4 -4.4408920985006301e-16 -1 -0 
1 -3.5506742642545683 2.5000000000000018 4 -1 4.4408920985006301e-16 -0 
1 -3.5506742642545701 -2.4999999999999969 4 -1 4.4408920985006301e-16 -0 
1 -7.5000000000000018 -4.2542863895952516 4 -4.4408920985006301e-16 -1 -0 
1 7 -2.0042863895952587 4 -4.4408920985006301e-16 -1 -0 
1 -3.5506742642545701 -2.4999999999999969 4 -1 4.4408920985006301e-16 -0 
1 3.6993257357454281 -7.0000000000000009 4 -1 4.4408920985006301e-16 -0 
1 -7.0000000000000018 -9.0042863895952507 4 4.4408920985006301e-16 1 -0 
1 -7.2743872160775922 9.6106199753417147 3.2146978477618021e-16 0.9945218953682734 0.10452846326765333 6.1629758220391547e-32 
1 10.751322137472364 11.505198372067923 6.1309712536943743e-17 -1.2801044796052554e-17 1.2179380558447171e-16 1 
1 -7.2743872160775913 9.6106199753417147 1.2 0.99452189536827351 0.10452846326765286 -4.4408920985006262e-16 
1 -9.6250000000000018 9.3635606162818306 0.76507575950776108 -3.9734939683789073e-33 1.2313924960836246e-16 1 
1 11.025709353549955 8.8945783967262155 0 0.10452846326765339 -0.9945218953682734 0 
1 11.467843147940052 -20.424820773581793 3.2146978477618026e-16 -0.9945218953682734 -0.10452846326765342 1.6640034719505718e-31 
1 8.1410795654377033 -18.906721677724299 1.2942249226282225e-31 -0.19080899537654397 -0.9816271834476642 2.3263744036642471e-47 
1 2.6672840106220699 -33.309745538410965 3.2146978477618021e-16 -0.98162718344766409 0.19080899537654419 2.311115933264683e-31 
1 -13.151394301331917 -27.560774633725803 6.4711246131411125e-32 0.19080899537654453 0.98162718344766409 -2.0526832973508063e-48 
1 -9.6250000000000018 -9.67180742043241 0 0 1 0 
1 -9 -9 3 1 0 0 
1 9 -9 3 0 1 0 
1 -9 9 3 1 0 0 
1 -9 -9 3 0 1 0 
1 -16 -16 3 0 1 0 
1 -2 -16 3 -1 0 0 
1 -2 -2 3 0 -1 0 
1 -16 -2 3 1 0 0 
1 14.078463123281779 -20.150433557504208 -1.5662458835299002e-15 1.28010447960523e-17 -1.2179380558447211e-16 1 
1 33.025709353549956 58.894578396726217 11.200000000000001 0.10452846326765372 -0.99452189536827329 -4.4408920985006257e-16 
1 -9.6250000000000018 -9.67180742043241 1.2000000000000004 1.7645857967613786e-48 1 -4.4408920985006262e-16 
1 -9.6249999999999964 -9.4190486689138169 4.4408920985006281e-16 3.9734939683789073e-33 2.0441854352457554e-32 -1 
1 7.7704525884098778 -20.813432180819738 2.8073917954091895e-17 2.4435058382731484e-17 1.2570747773335194e-16 -1 
1 11.467843147940052 -20.424820773581796 1.2 -0.99452189536827351 -0.10452846326765207 -4.4408920985006257e-16 
1 5.2440553671721801 -33.810619151274395 -7.0763677735388125e-16 -2.3367362543640628e-17 -1.2021465881652226e-16 1 
1 8.1410795654377033 -18.906721677724303 1.2000000000000004 -0.19080899537654444 -0.98162718344766409 -4.4408920985006271e-16 
1 -13.652267914195342 -30.137545990275889 6.1309712536943682e-17 -2.3367362543640893e-17 -1.2021465881652221e-16 1 
1 2.6672840106220694 -33.309745538410965 1.2 -0.98162718344766375 0.19080899537654608 -4.4408920985006242e-16 
1 8.8486056986680826 22.439225366274197 11.200000000000001 0.19080899537654444 0.98162718344766409 -4.4408920985006271e-16 
1 -16 -16 3.0000009536743226 -0 1 -0 
1 -2 -16 3.0000009536743226 -1 -0 -0 
1 -2 -2 3.0000009536743226 -0 -1 -0 
1 -16 -2 3.0000009536743226 1 -0 -0 
1 -16 -2 12 -0 -0 -1 
1 -16 -16 12 -0 -0 -1 
1 -4 -8.5 15 -0 -0 -1 
1 -4.25 -8.5 10.5 -1 -0 -0 
1 -9 -8.5 15 -0 -0 -1 
1 -2 -16 12 -0 -0 -1 
1 -2 -2 12 -0 -0 -1 
1 -9 5.5 15 -0 -0 1 
1 -11.25 5.5 10.5 1 -0 -0 
1 -4 5.5 15 -0 -0 1 
1 -16 -2 12.000000953674324 -0 -0 -1 
1 -16 -16 12.000000953674324 -0 -0 -1 
1 -4 -8.5 15.000000953674324 -0 -0 -1 
1 -4.25 -8.5 10.500000953674324 -1 -0 -0 
1 -9 -8.5 15.000000953674324 -0 -0 -1 
1 -2 -16 12.000000953674324 -0 -0 -1 
1 -2 -2 12.000000953674324 -0 -0 -1 
1 -9 5.5 15.000000953674324 -0 -0 1 
1 -11.25 5.5 10.500000953674324 1 -0 -0 
1 -4 5.5 15.000000953674324 -0 -0 1 
1 -4 -9 10.5 -0 1 -0 
1 -4 -9 15 -0 -0 -1 
1 -9 -9 10.5 -0 1 -0 
1 -9 -9 10.5 1 -0 -0 
1 -9 -9 15 -0 -0 -1 
1 -9 -9 10.5 -0 1 -0 
1 -9 6 15 -0 -0 -1 
1 -9 6 10.5 1 -0 -0 
1 -4 -9 10.5 -0 1 -0 
1 -4 6 15 -0 -0 -1 
1 11.358088261509014 -19.380572783445107 1.1999999999999997 -0.9945218953682734 -0.10452846326765342 -1.6640034719505718e-31 
1 6.8879948366009591 -19.850398534436192 1.1999999999999995 2.4435058382731484e-17 1.2570747773335194e-16 -1 
1 7.1103710228176542 -18.706372232578932 1.2000000000000002 -0.19080899537654397 -0.9816271834476642 -2.3263744036642471e-47 
1 4.4136962696975033 -32.579561163508977 1.1999999999999988 -2.3367362543640628e-17 -1.2021465881652226e-16 1 
1 2.8676334557674403 -32.279036995790918 1.1999999999999997 -0.98162718344766409 0.19080899537654419 -2.311115933264683e-31 
1 -37.900400880193402 -13.988300032432285 2.2500000000000022 0.9945218953682734 0.1045284632676534 -5.5511151231257815e-17 
2 -5.6675887733671502 -11.656278659023766 2.2500000000000004 0.9945218953682734 0.10452846326765351 -5.5207055336585385e-17 -0.10452846326765351 0.9945218953682734 5.5511151231257815e-17 6.0707120643463738e-17 -4.9436346680719793e-17 1 1.05
2 9.2502396571569534 -10.088351710008963 2.2499999999999996 0.9945218953682734 0.10452846326765351 -5.5207055336585385e-17 -0.10452846326765351 0.9945218953682734 5.5511151231257815e-17 6.0707120643463738e-17 -4.9436346680719793e-17 1 1.05
1 -37.900400880193402 -13.988300032432285 2.2500000000000022 0.9945218953682734 0.1045284632676534 -5.5511151231257815e-17 
1 -4 -9 10.500000953674324 -0 1 -0 
1 -4 -9 15.000000953674324 -0 -0 -1 
1 -9 -9 10.500000953674324 -0 1 -0 
1 -9 -9 10.500000953674324 1 -0 -0 
1 -9 -9 15.000000953674324 -0 -0 -1 
1 -9 -9 10.500000953674324 -0 1 -0 
1 -9 6 15.000000953674324 -0 -0 -1 
1 -9 6 10.500000953674324 1 -0 -0 
1 -4 -9 10.500000953674324 -0 1 -0 
1 -4 6 15.000000953674324 -0 -0 -1 
1 -9.1000000000000014 5.3499999999999988 5.9071549210146361e-16 1.1102230246251565e-16 -1 -1.1041411067317078e-16 
1 9.0516355769484171 -8.1987601088092461 0.34999999999999948 -0.9945218953682734 -0.1045284632676534 5.5511151231257821e-17 
1 -9.1000000000000014 5.3500000000000005 5.9071549210146361e-16 1.1102230246251565e-16 -1 -1.1041411067317078e-16 
1 -12.900000000000004 0.34999999999999881 3.8644938735609737e-17 -1.1102230246251565e-16 1 1.1041411067317078e-16 
1 -9.1000000000000014 0.34999999999999926 3.8644938735609743e-17 -1 -1.1102230246251563e-16 -3.0646071978216101e-33 
1 -12.900000000000004 0.35000000000000048 3.8644938735609737e-17 -1.1102230246251565e-16 1 1.1041411067317078e-16 
1 9.4488437373655003 -11.977943311208685 0.34999999999999942 -0.9945218953682734 -0.1045284632676534 5.5511151231257821e-17 
1 -9.1000000000000014 0.35000000000000092 3.8644938735609743e-17 -1 -1.1102230246251563e-16 -3.0646071978216101e-33 
Polygon3D 0
PolygonOnTriangulations 0
Surfaces 63
1 -10.49810496321496 -19.413669531161247 2.600000000000001 -0.98162718344766409 0.1908089953765445 -0 -0.1908089953765445 -0.98162718344766409 -0 -0 -0 -1 
2 -37.790645993762368 -15.032548022568973 2.2500000000000022 -0.9945218953682734 -0.10452846326765351 5.5207055336585398e-17 -0.10452846326765351 0.9945218953682734 5.5511151231257821e-17 -6.0707120643463751e-17 4.9436346680719811e-17 -1 1.05
1 -8.5749999999999975 -0.55100789987607435 2.6000000000000001 -1 -0 5.7539066882288557e-16 5.7539066882288557e-16 -0 1 -0 -1 -0 
1 0.62091451688335741 9.384665932634654 2.6000000000000001 -0.10452846326765322 0.9945218953682734 2.9071084630816699e-16 0.9945218953682734 0.10452846326765322 -0 3.0387558019831617e-17 -2.8911830187451309e-16 1 
1 11.37064464024038 -4.4323724791491728 2.5999999999999996 0.9945218953682734 0.10452846326765337 -0 -0.10452846326765337 0.9945218953682734 -0 -0 -0 -1 
2 -37.790645993762368 -15.032548022568973 2.2500000000000022 -0.9945218953682734 -0.10452846326765351 5.5207055336585398e-17 -0.10452846326765351 0.9945218953682734 5.5511151231257821e-17 -6.0707120643463751e-17 4.9436346680719811e-17 -1 1.05
1 0.39865147149085689 -11.00857277919051 4 -0 -0 1 -1 -0 -0 -0 1 -0 
1 0.56316106873618177 10.434379494174879 0.59999999999999765 -0.10452846326765304 0.9945218953682734 2.7378903597693847e-15 0.9945218953682734 0.10452846326765304 -0 2.8618747190201551e-16 -2.7228919099083726e-15 1 
1 -7.0000000000000018 6.9999999999999973 0 -1.2801044796052272e-17 1.2179380558447149e-16 -1 -0.10452846326765333 0.9945218953682734 1.2246467991473532e-16 0.9945218953682734 0.10452846326765333 6.1629758220391547e-32 
1 -7.2743872160775913 9.6106199753417147 0 0.10452846326765286 -0.99452189536827351 -1.2246467991473557e-16 4.2885539789663085e-16 1.6821376824384496e-16 -1 0.99452189536827351 0.10452846326765286 4.4408920985006262e-16 
1 0 0 10 0 0 1 1 0 -0 -0 1 0 
1 8.4150893782082363 8.6201911806486251 0 0 0 -1 0.9945218953682734 0.10452846326765339 0 0.10452846326765339 -0.9945218953682734 0 
1 11.025709353549953 8.8945783967262155 -4.4408920985006262e-16 -0.99452189536827329 -0.10452846326765372 1.4791141972893971e-31 4.6419962659373487e-17 -4.4165644269268313e-16 -1 0.10452846326765372 -0.99452189536827329 4.4408920985006257e-16 
1 11.193455931862461 -17.814200798240076 0 1.280104479605218e-17 -1.2179380558447151e-16 -1 0.10452846326765342 -0.9945218953682734 1.2246467991473535e-16 -0.9945218953682734 -0.10452846326765342 1.6640034719505718e-31 
1 11.467843147940052 -20.424820773581793 0 -0.10452846326765207 0.99452189536827351 -1.2246467991473594e-16 -4.288553978966309e-16 -1.6821376824384501e-16 -1 -0.99452189536827351 -0.10452846326765207 4.4408920985006257e-16 
1 5.5643082088875842 -18.405848064860873 0 4.8397956782754782e-32 -9.4076098010657941e-33 -1 0.9816271834476642 -0.19080899537654397 4.9303806576313238e-32 -0.19080899537654397 -0.9816271834476642 2.3263744036642471e-47 
1 8.1410795654377033 -18.906721677724303 -4.4408920985006262e-16 -0.98162718344766409 0.19080899537654444 -2.7117093616972281e-31 -8.4736215989053626e-17 -4.3593004026461576e-16 -1 -0.19080899537654444 -0.98162718344766409 4.4408920985006271e-16 
1 3.1681576234854982 -30.732974181860847 0 -2.3367362543640927e-17 -1.2021465881652132e-16 -1 -0.19080899537654419 -0.98162718344766409 1.2246467991473532e-16 -0.98162718344766409 0.19080899537654419 2.311115933264683e-31 
1 2.6672840106220699 -33.309745538410965 0 0.19080899537654608 0.98162718344766375 -1.2246467991473618e-16 -4.5929740280825634e-16 -3.5478442827467596e-17 -1 -0.98162718344766375 0.19080899537654608 4.4408920985006242e-16 
1 -10.574622944781799 -28.061648246589233 0 -2.4198978391377391e-32 4.7038049005328971e-33 -1 -0.98162718344766409 0.19080899537654453 2.4651903288156619e-32 0.19080899537654453 0.98162718344766409 -2.0526832973508063e-48 
1 -13.151394301331917 -27.560774633725803 -4.4408920985006262e-16 0.98162718344766409 -0.19080899537654444 0 8.4736215989053898e-17 4.3593004026461571e-16 -1 0.19080899537654444 0.98162718344766409 4.4408920985006271e-16 
1 -7.0000000000000018 -9.67180742043241 0 0 0 -1 -1 0 0 0 1 0 
1 -9.6250000000000018 -9.67180742043241 -4.4408920985006262e-16 1 0 -3.9734939683789073e-33 -3.9734939683789073e-33 4.4408920985006262e-16 -1 1.7645857967613786e-48 1 4.4408920985006262e-16 
1 12.41489263037707 -4.3226175927181387 0.59999999999999709 0.9945218953682734 0.10452846326765361 -2.5447446474431282e-15 -0.10452846326765361 0.9945218953682734 4.9303806576313227e-32 -2.5308042700034083e-15 -2.6599824740581706e-16 -1 
1 -9.6249999999999982 -0.027744026315971972 0.59999999999999776 -1 -0 0 -0 -0 1 -0 -1 -0 
1 10.924457855845823 -20.48193286916197 0.59999999999999909 0.10452846326765253 -0.99452189536827351 -1.9170609788232355e-15 -0.99452189536827351 -0.10452846326765253 2.4651903288156613e-32 2.0038743810677456e-16 -1.9065591181958413e-15 1 
1 6.5072539777910299 -27.312025666047067 0.59999999999999809 0.98162718344766409 -0.19080899537654444 2.6403684189686699e-15 0.19080899537654444 0.98162718344766409 -0 2.5918574143763774e-15 -5.0380604544736688e-16 -1 
1 -4.2041062735115808 -31.974082570775142 0.59999999999999798 -0.19080899537654525 -0.98162718344766386 1.2006674541144367e-14 -0.98162718344766386 0.19080899537654525 -0 2.2909815070088991e-15 1.1786078112396317e-14 1 
1 -11.638633957097667 -19.778297329594846 0.59999999999999798 -0.98162718344766409 0.19080899537654447 -6.9202228688007142e-16 -0.19080899537654447 -0.98162718344766409 2.4651903288156619e-32 6.7930788835309585e-16 -1.3204407733776531e-16 -1 
1 -9 -9 3.0000009536743217 -0 -0 -1 1 -0 -0 -0 1 -0 
1 -16 -16 12 -1 -0 -0 -0 1 -0 -0 -0 1 
1 -2 -16 12 -0 -1 -0 -1 -0 -0 -0 -0 1 
1 -2 -2 12 1 -0 -0 -0 -1 -0 -0 -0 1 
1 -16 -2 12 -0 1 -0 1 -0 -0 -0 -0 1 
1 -16 -16 12.000000953674324 -1 -0 -0 -0 1 -0 -0 -0 1 
1 -2 -16 12.000000953674324 -0 -1 -0 -1 -0 -0 -0 -0 1 
1 -2 -2 12.000000953674324 1 -0 -0 -0 -1 -0 -0 -0 1 
1 -16 -2 12.000000953674324 -0 1 -0 1 -0 -0 -0 -0 1 
1 -4 -9 15 1 -0 -0 -0 -0 -1 -0 -1 -0 
1 -9 -9 10.5 -0 -0 -1 1 -0 -0 -0 1 -0 
1 -9 -9 15 1 -0 -0 -0 -0 -1 -0 -1 -0 
1 -9 -9 15 1 -0 -0 -0 -0 -1 -0 -1 -0 
1 -9 -9 10.5 -0 -0 -1 1 -0 -0 -0 1 -0 
1 -4 -9 15 1 -0 -0 -0 -0 -1 -0 -1 -0 
1 9.9062275416575005 -19.533169494117374 2.6000000000000005 0.1045284632676529 -0.9945218953682734 -0 -0.9945218953682734 -0.1045284632676529 -0 -0 0 1 
1 5.6508455531492334 -26.214979848972593 2.5999999999999996 0.9816271834476642 -0.19080899537654383 -0 0.19080899537654383 0.9816271834476642 -0 -0 -0 -1 
1 -4.0037568283662086 -30.943374028155116 2.6000000000000005 -0.19080899537654461 -0.98162718344766409 0 -0.98162718344766409 0.19080899537654461 -0 -0 -0 1 
1 -4 -9 15.000000953674324 1 -0 -0 -0 -0 -1 -0 -1 -0 
1 -9 -9 10.500000953674324 -0 -0 -1 1 -0 -0 -0 1 -0 
1 -9 -9 15.000000953674324 1 -0 -0 -0 -0 -1 -0 -1 -0 
1 -9 -9 15.000000953674324 1 -0 -0 -0 -0 -1 -0 -1 -0 
1 -9 -9 10.500000953674324 -0 -0 -1 1 -0 -0 -0 1 -0 
1 -4 -9 15.000000953674324 1 -0 -0 -0 -0 -1 -0 -1 -0 
1 -9 6 15.000000953674324 -0 1 -0 -0 -0 -1 1 -0 -0 
1 -9 -9 15.000000953674324 -0 1 -0 -0 -0 -1 1 -0 -0 
1 9.0516355769484171 -8.1987601088092461 5.3499999999999988 -0.1045284632676534 0.9945218953682734 5.5511151231257821e-17 -6.0707120643463738e-17 4.9436346680719805e-17 -1 0.9945218953682734 0.1045284632676534 -5.5207055336585392e-17 
1 9.250239657156957 -10.088351710008965 2.8499999999999988 0.9945218953682734 0.10452846326765346 -0 -0.10452846326765346 0.9945218953682734 -0 -0 -0 -1 
1 9.4488437373655003 -11.977943311208685 0.34999999999999942 0.1045284632676534 -0.9945218953682734 -5.5511151231257821e-17 6.0707120643463738e-17 -4.9436346680719805e-17 1 0.9945218953682734 0.1045284632676534 -5.5207055336585392e-17 
1 9.250239657156957 -10.088351710008965 2.8500000000000005 0.9945218953682734 0.10452846326765346 -0 -0.10452846326765346 0.9945218953682734 -0 -0 -0 -1 
1 -9 6 15 -0 1 -0 -0 -0 -1 1 -0 -0 
1 -9 -9 15 -0 1 -0 -0 -0 -1 1 -0 -0 
1 9.0516355769484171 -8.1987601088092461 0.34999999999999964 -6.1009550669007073e-17 4.9404560004163692e-17 -1 0.10452846326765351 -0.9945218953682734 -5.5511151231257821e-17 0.9945218953682734 0.10452846326765351 -5.5511151231257821e-17 
1 22.418149875397926 38.943832719955886 11.199999999999996 0 0 1 1 0 -0 -0 1 0 
Triangulations 0

TShapes 345
Ve
1.50000029417349e-07
-12.4212099264299 -29.3071868928012 1.2
0 0

0101101
*
Ve
1.50000029039496e-07
-12.4212099264299 -29.3071868928012 4
0 0

0101101
*
Ed
 1e-07 1 1 0
1  1 0 2.22044604925035e-16 2.8
0

0101000
+345 8 -344 8 *
Ve
1.50000001776357e-07
-8.575 -9.52015216952124 4
0 0

0101101
*
Ed
 1.5e-07 1 1 0
1  2 0 -1.575 18.5823826162639
0

0101000
+344 8 -342 8 *
Ve
1.50000005068262e-07
-8.575 -9.52015216952125 1.2
0 0

0101101
*
Ed
 1e-07 1 1 0
1  3 0 -2.8 -4.44089209850063e-16
0

0101000
+342 8 -340 8 *
Ve
1.50000007324107e-07
-9.05951871321936 -12.0127848614267 1.2
0 0

0101101
*
Ed
 1.5e-07 1 1 0
1  4 0 16.0430960786286 18.5823826162639
0

0101000
+338 8 -340 8 *
Ed
 1.5e-07 1 1 0
1  5 0 -1.575 16.0430960786286
0

0101000
+345 8 -338 8 *
Wi

0101100
-343 7 -341 7 -339 7 +337 7 +336 7 *
Ve
1.5000000563486e-07
-8.85001495001407 -10.934981435068 2.25
0 0

0101101
*
Ed
 1.5e-07 1 1 0
1  6 0 7.85398163397448 9.42477796076938
2  1 2 0 7.85398163397448 9.42477796076938
0

0101000
+338 9 -334 9 *
Ed
 1.5e-07 1 1 0
1  7 0 3.14159265358979 7.85398163397448
2  1 2 0 3.14159265358979 7.85398163397448
0

0101000
+334 9 -338 9 *
Wi

0101100
-333 0 -332 0 *
Fa
0  1.5e-07 1 7

0111000
+335 0 +331 0 *
Ve
1.50000006060638e-07
-8.575 8.41813636976909 1.2
0 0

0101101
*
Ed
 1.5e-07 1 1 0
1  8 0 0.151655250911164 18.0899437902015
0

0101000
+340 8 -329 8 *
Ve
1.50000006217249e-07
-8.575 8.41813636976909 4
0 0

0101101
*
Ed
 1e-07 1 1 0
1  9 0 -0.61507575950825 2.18492424049175
0

0101000
+329 8 -327 8 *
Ed
 1.5e-07 1 1 0
1  10 0 0.151655250911164 18.0899437902015
0

0101000
+342 8 -327 8 *
Wi

0101000
+328 0 +326 0 -325 0 +339 0 *
Fa
0  1.5e-07 3 0

0111000
+324 0 *
Ve
1.500000075886e-07
9.81682903376671 10.3511954955002 1.2
0 0

0101101
*
Ed
 1.5e-07 1 1 0
1  11 0 -1.4181363697691 17.075
0

0101000
+329 8 -322 8 *
Ve
1.50000007944109e-07
9.81682903376671 10.3511954955002 4
0 0

0101101
*
Ed
 1e-07 1 1 0
1  12 0 2.22044604925032e-16 2.8
0

0101000
+322 8 -320 8 *
Ed
 1.5e-07 1 1 0
1  13 0 -1.4181363697691 17.075
0

0101000
+327 8 -320 8 *
Wi

0101000
+321 0 +319 0 -318 0 -326 0 *
Fa
0  1.5e-07 4 0

0111000
+317 0 *
Ve
1.50000011783018e-07
12.924460246714 -19.2159404537986 4
0 0

0101101
*
Ed
 1.5e-07 1 1 0
1  14 0 -1.575 28.155
0

0101000
+320 8 -315 8 *
Ve
1.50000011656813e-07
12.924460246714 -19.2159404537986 1.2
0 0

0101101
*
Ed
 1e-07 1 1 0
1  15 0 1.99840144432528e-15 2.8
0

0101000
+313 8 -315 8 *
Ve
1.50000010825671e-07
11.9354487746513 -9.8061248591863 1.2
0 0

0101101
*
Ed
 1.5e-07 1 1 0
1  16 0 18.6933525104515 28.155
0

0101000
+311 8 -313 8 *
Ed
 1.5e-07 1 1 0
1  17 0 -1.575 18.6933525104515
0

0101000
+322 8 -311 8 *
Wi

0101100
-319 7 -314 7 +312 7 +310 7 +309 7 *
Ve
1.50000016377201e-07
11.8256938882203 -8.76187686904962 2.25
0 0

0101101
*
Ed
 1.5e-07 1 1 0
1  18 0 0 4.71238898038469
2  2 6 0 0 4.71238898038469
0

0101000
+307 9 -311 9 *
Ed
 1.5e-07 1 1 0
1  19 0 4.71238898038469 6.28318530717959
2  2 6 0 4.71238898038469 6.28318530717959
0

0101000
+311 9 -307 9 *
Wi

0101100
+306 0 +305 0 *
Fa
0  1.5e-07 5 7

0111000
+308 0 +304 0 *
Ve
1.50000005102197e-07
6.88799483660096 -19.8503985344362 4
0 0

0101101
*
Ed
 1.5e-07 1 1 0
1  20 0 -1.575 4.49471594916749
0

0101000
+315 8 -302 8 *
Ve
1.50000010658141e-07
4.41369626969751 -32.579561163509 4
0 0

0101101
*
Ed
 1.5e-07 1 1 0
1  21 0 -1.575 15.575
0

0101000
+300 8 -344 8 *
Ed
 1.5e-07 1 1 0
1  22 0 1.16543869316987 14.1328491762063
0

0101000
+302 8 -300 8 *
Wi

0101100
+318 7 +325 7 +314 7 +341 7 +301 7 +299 7 +298 7 *
Ve
2.00000007105427e-07
-10.1774373440177 -28.4157742769909 4
0 0

0101101
*
Ve
2.00000003552714e-07
-9.31879898046775 -23.9984515402373 4
0 0

0101101
*
Ed
 2e-07 1 1 0
1  23 0 -9.5526958391991 -5.05269583919911
0

0101000
+296 8 -295 8 *
Ve
2.00000007229249e-07
3.56534450366019 -31.0870936302573 4
0 0

0101101
*
Ed
 2e-07 1 1 0
1  24 0 -3.46983260193153 10.5301673980685
0

0101000
+293 8 -296 8 *
Ve
2.00000003552714e-07
-9.80961261788482 -23.9030472776207 4
0 0

0101101
*
Ed
 2e-07 1 1 0
1  25 0 -11.2801673980685 -10.7801673980685
0

0101000
+291 8 -295 8 *
Ve
2.00000001776357e-07
4.42398286721011 -26.6697708935037 4
0 0

0101101
*
Ed
 2e-07 1 1 0
1  26 0 12.0526958391991 16.5526958391991
0

0101000
+289 8 -293 8 *
Ve
2.00000003972055e-07
-8.85556999171824 -18.99491090345 4
0 0

0101101
*
Ed
 2e-07 1 1 0
1  27 0 -7.3026958391991 -2.3026958391991
0

0101000
+291 8 -287 8 *
Ve
2.00000000888178e-07
4.91479650462718 -26.7651751561204 4
0 0

0101101
*
Ed
 2e-07 1 1 0
1  28 0 3.21983260193153 3.71983260193153
0

0101000
+289 8 -285 8 *
Ve
2.00000005024296e-07
-8.36475635430117 -19.0903151660667 4
0 0

0101101
*
Ed
 2e-07 1 1 0
1  29 0 -11.2801673980685 -10.7801673980685
0

0101000
+287 8 -283 8 *
Ve
2.00000000888178e-07
5.86883913079376 -21.8570387819497 4
0 0

0101101
*
Ed
 2e-07 1 1 0
1  30 0 -7.3026958391991 -2.3026958391991
0

0101000
+285 8 -281 8 *
Ve
2.00000000888178e-07
-7.50611799075125 -14.6729924293131 4
0 0

0101101
*
Ed
 2e-07 1 1 0
