<?xml version='1.0' encoding='utf-8'?>
<!-- FreeCAD DocumentObject -->
<Document SchemaVersion="4" FileVersion="2">
<Object name="Box003" Extensions="True">
  <Extensions Count="1">
    <Extension type="Part::AttachExtension" name="AttachExtension">
    </Extension>
  </Extensions>
  <Properties Count="29" TransientCount="2">
    <_Property name="_Body" type="App::PropertyLinkHidden" status="251658240"/>
    <_Property name="_ElementMapVersion" type="App::PropertyString" status="234881024"/>
    <Property name="AddSubShape" type="Part::PropertyPartShape">
      <Part HasherIndex="0" ElementMap="1.15.70200.4" brep="1">
<![CDATA[

CASCADE Topology V1, (c) Matra-Datavision
Locations 0
Curve2ds 24
1 0 0 1 0 
1 0 0 1 0 
1 10 0 0 -1 
1 0 0 0 1 
1 0 -100 1 0 
1 0 0 1 0 
1 0 0 0 -1 
1 0 0 0 1 
1 0 0 1 0 
1 0 100 1 0 
1 10 0 0 -1 
1 100 0 0 1 
1 0 -100 1 0 
1 0 100 1 0 
1 0 0 0 -1 
1 100 0 0 1 
1 0 0 0 1 
1 0 0 1 0 
1 10 0 0 1 
1 0 0 1 0 
1 0 0 0 1 
1 0 100 1 0 
1 10 0 0 1 
1 0 100 1 0 
Curves 12
1 0 0 0 0 0 1 
1 0 0 10 -0 1 0 
1 0 100 0 0 0 1 
1 0 0 0 -0 1 0 
1 100 0 0 0 0 1 
1 100 0 10 -0 1 0 
1 100 100 0 0 0 1 
1 100 0 0 -0 1 0 
1 0 0 0 1 0 -0 
1 0 0 10 1 0 -0 
1 0 100 0 1 0 -0 
1 0 100 10 1 0 -0 
Polygon3D 0
PolygonOnTriangulations 0
Surfaces 6
1 0 0 0 1 0 -0 0 0 1 0 -1 0 
1 0 0 0 -0 1 0 0 0 1 1 0 -0 
1 0 0 10 0 0 1 1 0 -0 -0 1 0 
1 0 100 0 -0 1 0 0 0 1 1 0 -0 
1 0 0 0 0 0 1 1 0 -0 -0 1 0 
1 100 0 0 1 0 -0 0 0 1 0 -1 0 
Triangulations 0

TShapes 34
Ve
1e-07
0 0 10
0 0

0101101
*
Ve
1e-07
0 0 0
0 0

0101101
*
Ed
 1e-07 1 1 0
1  1 0 0 10
2  1 1 0 0 10
2  2 2 0 0 10
0

0101000
-34 0 +33 0 *
Ve
1e-07
0 100 10
0 0

0101101
*
Ed
 1e-07 1 1 0
1  2 0 0 100
2  3 1 0 0 100
2  4 3 0 0 100
0

0101000
-31 0 +34 0 *
Ve
1e-07
0 100 0
0 0

0101101
*
Ed
 1e-07 1 1 0
1  3 0 0 10
2  5 1 0 0 10
2  6 4 0 0 10
0

0101000
-31 0 +29 0 *
Ed
 1e-07 1 1 0
1  4 0 0 100
2  7 1 0 0 100
2  8 5 0 0 100
0

0101000
-29 0 +33 0 *
Wi

0101100
-32 0 -30 0 +28 0 +27 0 *
Fa
0  1e-07 1 0

0101000
+26 0 *
Ve
1e-07
100 0 10
0 0

0101101
*
Ve
1e-07
100 0 0
0 0

0101101
*
Ed
 1e-07 1 1 0
1  5 0 0 10
2  9 6 0 0 10
2  10 2 0 0 10
0

0101000
-24 0 +23 0 *
Ve
1e-07
100 100 10
0 0

0101101
*
Ed
 1e-07 1 1 0
1  6 0 0 100
2  11 6 0 0 100
2  12 3 0 0 100
0

0101000
-21 0 +24 0 *
Ve
1e-07
100 100 0
0 0

0101101
*
Ed
 1e-07 1 1 0
1  7 0 0 10
2  13 6 0 0 10
2  14 4 0 0 10
0

0101000
-21 0 +19 0 *
Ed
 1e-07 1 1 0
1  8 0 0 100
2  15 6 0 0 100
2  16 5 0 0 100
0

0101000
-19 0 +23 0 *
Wi

0101100
-22 0 -20 0 +18 0 +17 0 *
Fa
0  1e-07 6 0

0101000
+16 0 *
Ed
 1e-07 1 1 0
1  9 0 0 100
2  17 2 0 0 100
2  18 5 0 0 100
0

0101000
-23 0 +33 0 *
Ed
 1e-07 1 1 0
1  10 0 0 100
2  19 2 0 0 100
2  20 3 0 0 100
0

0101000
-24 0 +34 0 *
Wi

0101100
-14 0 -22 0 +13 0 +32 0 *
Fa
0  1e-07 2 0

0101000
+12 0 *
Ed
 1e-07 1 1 0
1  11 0 0 100
2  21 4 0 0 100
2  22 5 0 0 100
0

0101000
-19 0 +29 0 *
Ed
 1e-07 1 1 0
1  12 0 0 100
2  23 4 0 0 100
2  24 3 0 0 100
0

0101000
-21 0 +31 0 *
Wi

0101100
-10 0 -18 0 +9 0 +28 0 *
Fa
0  1e-07 4 0

0101000
+8 0 *
Wi

0101100
-27 0 -10 0 +17 0 +14 0 *
Fa
0  1e-07 5 0

0101000
+6 0 *
Wi

0101100
-30 0 -9 0 +20 0 +13 0 *
Fa
0  1e-07 3 0

0101000
+4 0 *
Sh

0101100
-25 0 +15 0 -11 0 +7 0 -5 0 +3 0 *
So

1100000
+2 0 *

+1 0 ]]>
      </Part>
      <ElementMap new="1" count="1"><Element key="Dummy" value="Dummy"/></ElementMap>
      <ElementMap2 count="26">
<![CDATA[
16 PostfixCount 3
Edge
Face
Vertex

MapCount 1

ElementMap 1 16 3

Edge

ChildCount 1
1 0 12 -2215 0 ;:H-8a7,E 0

NameCount 0

Face

ChildCount 1
1 0 6 -2215 0 ;:H-8a7,F 0

NameCount 0

Vertex

ChildCount 1
1 0 8 -2215 0 ;:H-8a7,V 0

NameCount 0

EndMap
]]>
      </ElementMap2>
    </Property>
    <Property name="AddSubType" type="App::PropertyEnumeration">
      <Integer value="1"/>
    </Property>
    <Property name="AttacherType" type="App::PropertyString" status="8">
      <String value="Attacher::AttachEngine3D"/>
    </Property>
    <Property name="AttachmentOffset" type="App::PropertyPlacement">
      <PropertyPlacement Px="-22" Py="-50" Pz="-10" Q0="0" Q1="0" Q2="0" Q3="1" A="0" Ox="0" Oy="0" Oz="1"/>
    </Property>
    <Property name="AttachmentSupport" type="App::PropertyLinkSubList">
      <LinkSubList count="1">
        <Link obj="XY_Plane" sub=""/>
      </LinkSubList>
    </Property>
    <Property name="BaseFeature" type="App::PropertyLink" status="8">
      <Link value="Mirrored"/>
    </Property>
    <Property name="ColoredElements" type="App::PropertyLinkSubHidden" status="218103808">
      <LinkSub value="" count="0">
      </LinkSub>
    </Property>
    <Property name="ExpressionEngine" type="App::PropertyExpressionEngine" status="67108864">
      <ExpressionEngine count="0"></ExpressionEngine>
    </Property>
    <Property name="FixShape" type="App::PropertyEnumeration">
      <Integer value="1"/>
    </Property>
    <Property name="Height" type="App::PropertyLength">
      <Float value="10"/>
    </Property>
    <Property name="InvalidShape" type="App::PropertyBool" status="67108864">
      <Bool value="false"/>
    </Property>
    <Property name="Label" type="App::PropertyString" status="134217728">
      <String value="Box003"/>
    </Property>
    <Property name="Label2" type="App::PropertyString" status="128">
      <String value=""/>
    </Property>
    <Property name="Length" type="App::PropertyLength">
      <Float value="100"/>
    </Property>
    <Property name="MapMode" type="App::PropertyEnumeration">
      <Integer value="5"/>
    </Property>
    <Property name="MapPathParameter" type="App::PropertyFloat" status="8">
      <Float value="0"/>
    </Property>
    <Property name="MapReversed" type="App::PropertyBool">
      <Bool value="false"/>
    </Property>
    <Property name="NewSolid" type="App::PropertyBool">
      <Bool value="false"/>
    </Property>
    <Property name="Placement" type="App::PropertyPlacement" status="8388620">
      <PropertyPlacement Px="-22" Py="-50" Pz="-10" Q0="0" Q1="0" Q2="0" Q3="1" A="0" Ox="0" Oy="0" Oz="1"/>
    </Property>
    <Property name="Refine" type="App::PropertyBool">
      <Bool value="true"/>
    </Property>
    <Property name="Shape" type="Part::PropertyPartShape">
      <Part HasherIndex="0" ElementMap="1.15.70200.4" brep="1">
<![CDATA[

CASCADE Topology V1, (c) Matra-Datavision
Locations 60
1
              1               0               0             -22 
              0               1               0             -50 
              0               0               1             -10 
1
              1               0               0               0 
              0               1               0               0 
              0               0               1               0 
1
              1               0               0               0 
              0               1               0               0 
              0               0               1               0 
1
              1               0               0              -0 
              0               1               0              -0 
              0               0               1              -0 
1
              1               0               0               0 
              0               1               0               0 
              0               0               1               0 
1
              1               0               0               0 
              0               1               0               0 
              0               0               1               0 
1
              1               0               0             -22 
              0               1               0             -50 
              0               0               1             -10 
2  2 1 3 1 4 1 5 1 6 1 7 -1 0
1
              1               0               0               0 
              0               1               0               0 
              0               0               1               0 
2  2 1 3 1 9 1 6 1 7 -1 0
2  7 1 6 -1 9 -1 3 -1 2 -1 0
2  7 1 6 -1 5 -1 4 -1 3 -1 2 -1 0
2  4 -1 3 -1 2 -1 0
1
              1               0               0               0 
              0               1               0               0 
              0               0               1               0 
1
              1               0               0               0 
              0               1               0               0 
              0               0               1               0 
1
              1               0               0               0 
              0               1               0               0 
              0               0               1               0 
1
              1               0               0               0 
              0               1               0               0 
              0               0               1               0 
1
0.190808525233316 -0.981627274834133               0 -1.97038674354553 
0.981627274834133 0.190808525233316               0 -22.8800430297852 
              0               0               1 -3.00000047683716 
1
              1               0               0               0 
              0               1               0               0 
              0               0               1               0 
1
              1               0               0               0 
              0               1               0               0 
              0               0               1               0 
1
              1               0               0               0 
              0               1               0               0 
              0               0               1               0 
2  14 1 15 1 16 1 17 1 18 1 19 1 20 1 21 1 3 1 9 1 6 1 7 -1 0
2  7 1 6 -1 9 -1 3 -1 21 -1 20 -1 19 -1 18 -1 17 -1 16 -1 15 -1 14 -1 0
1
              1               0               0               0 
              0               1               0               0 
              0               0               1               0 
1
              1               0               0               0 
              0               1               0               0 
              0               0               1              -3 
1
              1               0               0               0 
              0               1               0               0 
              0               0               1               6 
1
              1               0               0            -2.5 
              0               1               0            -7.5 
              0               0               1              -3 
1
              1               0               0            -2.5 
              0               1               0            -7.5 
              0               0               1              -3 
1
              1               0               0              -9 
              0               1               0              -9 
              0               0               1               3 
1
              1               0               0               0 
              0               1               0               0 
              0               0               1              -3 
1
              1               0               0               0 
              0               1               0               0 
              0               0               1               0 
2  24 1 25 1 26 1 27 -1 28 1 29 -1 14 1 15 1 16 1 17 1 30 1 31 1 20 1 21 1 3 1 9 1 6 1 7 -1 0
2  7 1 6 -1 9 -1 3 -1 21 -1 20 -1 31 -1 30 -1 17 -1 16 -1 15 -1 14 -1 29 1 28 -1 27 1 26 -1 25 -1 24 -1 0
2  4 1 5 1 6 1 7 -1 0
2  4 -1 0
2  14 1 15 1 16 1 17 1 18 1 19 1 20 1 21 1 3 1 4 1 5 1 6 1 7 -1 0
2  24 1 25 1 26 1 27 -1 28 1 29 -1 14 1 15 1 16 1 17 1 18 1 19 1 20 1 21 1 3 1 4 1 5 1 6 1 7 -1 0
2  4 -1 3 -1 21 -1 20 -1 19 -1 18 -1 17 -1 16 -1 15 -1 14 -1 29 1 28 -1 27 1 26 -1 25 -1 24 -1 0
2  27 -1 28 1 29 -1 14 1 15 1 16 1 17 1 30 1 31 1 20 1 21 1 3 1 4 1 5 1 6 1 7 -1 0
2  3 1 4 1 5 1 6 1 7 -1 0
2  4 -1 3 -1 0
2  4 -1 3 -1 21 -1 20 -1 31 -1 30 -1 17 -1 16 -1 15 -1 14 -1 29 1 28 -1 27 1 0
2  7 1 6 -1 5 -1 4 -1 3 -1 21 -1 20 -1 31 -1 30 -1 17 -1 16 -1 15 -1 14 -1 29 1 28 -1 27 1 0
2  28 1 29 -1 14 1 15 1 16 1 17 1 30 1 31 1 20 1 21 1 3 1 4 1 5 1 6 1 7 -1 0
2  4 -1 3 -1 21 -1 20 -1 31 -1 30 -1 17 -1 16 -1 15 -1 14 -1 29 1 28 -1 0
2  2 1 3 1 0
2  27 -1 28 1 29 -1 14 1 15 1 16 1 17 1 18 1 19 1 20 1 21 1 0
2  4 -1 3 -1 21 -1 20 -1 19 -1 18 -1 17 -1 16 -1 15 -1 14 -1 29 1 28 -1 27 1 0
2  24 1 25 1 26 1 27 -1 28 1 29 -1 14 1 15 1 16 1 17 1 18 1 19 1 20 1 21 1 0
2  28 1 29 -1 14 1 15 1 16 1 17 1 18 1 19 1 20 1 21 1 0
2  4 -1 3 -1 21 -1 20 -1 19 -1 18 -1 17 -1 16 -1 15 -1 14 -1 29 1 28 -1 0
2  28 1 29 -1 14 1 15 1 16 1 17 1 30 1 31 1 20 1 21 1 0
1
              1               0               0               0 
              0               1               0               0 
              0               0               1               0 
1
-0.104528463267654 3.15290077076531e-15 0.994521895368273 8.10042656121277 
0.994521895368273 -1.15152152989207e-16 0.104528463267654 0.851389139042043 
4.44089209850062e-16               1 -3.12359217285568e-15 -2.76126251354255e-14 
2  53 1 54 1 0
2  4 -1 54 -1 53 -1 0
1
              1               0               0 -14.9178284305241 
              0               1               0 -1.5679269490148 
              0               0               1 4.66293670342566e-14 
2  53 1 54 1 57 1 0
2  4 -1 57 -1 54 -1 53 -1 0
2  28 1 29 -1 14 1 15 1 16 1 17 1 18 1 19 1 20 1 21 1 3 1 4 1 5 1 6 1 7 -1 0
Curve2ds 24
1 2.625 -4.4408920985006262e-16 7.547468613682779e-48 1 
1 -3.021553832301418e-16 -8.8331288538536627e-16 4.0663417141853116e-16 1 
1 2.6250000000000009 -2.2204460492503131e-16 0 1 
1 -9.5126676890294037e-16 2.2265861388439463e-31 3.9476581216327883e-16 1 
1 2.6249999999999991 -3.3306690738754696e-16 2.0378165256943503e-47 1 
1 -2.261325803599179e-16 2.2936249888360392e-31 4.0286888823025483e-16 1 
1 2.6250000000000009 -1.8873791418627661e-15 1.1469911362234807e-78 1 
1 2.4270888611301801e-16 -3.4874403221169249e-15 4.1616458495653505e-16 1 
1 2.625 -1.1102230246251565e-16 2.8303007301310419e-47 1 
1 -2.261325803599179e-16 2.8229230631828166e-31 3.6624951479710603e-16 1 
1 2.6250000000000004 2.7755575615628914e-16 -5.0602550127506504e-80 1 
1 -3.1238717817075763e-16 1.1211583419026314e-31 3.9727280715842607e-16 1 
1 2.625 0 0 1 
1 -3.1238717817075763e-16 1.2337800615105778e-31 3.9495220922164962e-16 1 
7 0 0  8 9 2  3.1383779813862889 -49.894999999999996  2.7464825677384406 -50.106547895963367  2.3545871540893586 -50.317792862995702  1.9626917404439155 -50.479206973192049  1.5707963267914238 -50.541495771933114  1.1789009131416606 -50.479206973250257  0.78700549949826382 -50.31779286301753  0.39511008585135093 -50.106547895963367  0.0032146722035026154 -49.894999999999996 
 1.5740109989984006 9 4.7091743081811863 9
7 0 0  7 14 3  0.0032146722034400205 -29.32019955302858  0.22715490857364806 -29.193560517250315  0.45109514494384939 -29.048246035360535  0.67503538131404639 -28.89462781498878  0.89897561768430023 -28.74537780130413  1.1229158540544972 -28.61332751592181  1.3468560904246869 -28.508412596137042  1.7947365631651031 -28.364635253886938  2.0186767995351147 -28.325773406019835  2.2426170359065054 -28.325819786939974  2.466557272275395 -28.366632779823703  2.6904975086462173 -28.444703555364867  2.9144377450161452 -28.551991599843404  3.1383779813863533 -28.67816843939212 
 4.1985162482513854 8 5.7660979028428416 6 7.3336795574342979 8
1 6.2831853071795862 -49.999999999999993 -1 0 
1 6.2831853071795862 -49.999999999999993 -1 0 
1 6.2831853071795862 -47.299999999999997 -1 0 
1 0 0 0 -1 
1 6.2831853071795862 0 0 -1 
7 0 0  5 6 2  0.39430547040446384 -29.18576987262454  0.31544437632357086 -29.195495356796329  0.23658328224268166 -29.202916838652641  0.15772218816178407 -29.20790807682954  0.078861094080893382 -29.210403577310792  4.2294210461910698e-16 -29.210403577310792 
 2.7472871831853141 6 3.1415926535897789 6
7 0 0  7 14 3  6.2831853071795862 -29.210403577310792  6.0306211554657114 -29.210403577310792  5.7780570037518757 -29.186512673650213  5.5254928520373809 -29.138737315457547  5.2729287003245631 -29.070784819807159  5.0203645486100967 -28.99019870210941  4.7678003968963383 -28.906012975473203  4.2626720934685869 -28.746999314827306  4.0101079417544483 -28.672172994002722  3.7575437900404935 -28.610303161476622  3.5049796383266525 -28.56897146645133  3.2524154866128114 -28.552766206636988  2.9998513348992049 -28.561855569901532  2.7472871831853296 -28.593002850933857 
 3.1415926535897789 8 4.9095417155869061 6 6.6774907775840351 8
1 6.2831853071795862 -32.299999999999997 -1 0 
Curves 135
1 -7.2743872160775922 9.6106199753417147 3.2146978477618021e-16 0.9945218953682734 0.10452846326765333 6.1629758220391547e-32 
1 -7.902904975736555 7.8129792917698353 3.3496978745003068 0.42279400431050468 -0.38068543138605687 0.82238910027401313 
1 -7.1646323296465546 8.5663719852050271 2.0423860000000005 0.99452189536827351 0.10452846326765317 -5.4817261840867104e-16 
1 9.1547740654313863 9.5336256976330009 3.4893434929944336 -0.37007551142837919 -0.45700519676615992 0.80882035457185864 
1 11.025709353549955 8.8945783967262155 0 0.10452846326765339 -0.9945218953682734 0 
1 11.467843147940052 -20.424820773581793 3.2146978477618026e-16 -0.9945218953682734 -0.10452846326765342 1.6640034719505718e-31 
1 8.1410795654377033 -18.906721677724299 1.2942249226282225e-31 -0.19080899537654397 -0.9816271834476642 2.3263744036642471e-47 
1 2.6672840106220699 -33.309745538410965 3.2146978477618021e-16 -0.98162718344766409 0.19080899537654419 2.311115933264683e-31 
1 -13.151394301331917 -27.560774633725803 6.4711246131411125e-32 0.19080899537654453 0.98162718344766409 -2.0526832973508063e-48 
1 -9.6250000000000018 -9.67180742043241 0 0 1 0 
1 -9 -9 3 1 0 0 
1 9 -9 3 0 1 0 
1 -9 9 3 1 0 0 
1 -9 -9 3 0 1 0 
1 -16 -16 3 0 1 0 
1 -2 -16 3 -1 0 0 
1 -2 -2 3 0 -1 0 
1 -16 -2 3 1 0 0 
1 -9.8081086956343668 -9.4014173068944196 -0.35617012994469099 -0.45677815557070661 0.043982733837330777 -0.88849267623184047 
1 -8.5750000000000011 -9.6718074204324083 2.0423860000000005 -1.8058029077948654e-16 1 -3.5125205501328778e-16 
1 9.8168290337667123 10.3511954955002 2.0423860000000005 -1.2801044796052554e-17 1.2179380558447171e-16 1 
1 -7.1646323296465537 8.5663719852050271 4 0.9945218953682734 0.10452846326765333 -6.1629758220391547e-32 
1 -8.5750000000000011 8.4181363697691012 2.2362687595082491 -3.9734939683789073e-33 1.2313924960836246e-16 1 
1 11.054118148473888 -17.701367286031218 5.3525688376873752 -0.4570051967661603 0.37007551142837947 0.8088203545718583 
1 9.9814613634132652 8.7848235102951779 2.0423860000000005 0.10452846326765383 -0.9945218953682734 -2.0816681711721685e-16 
3 11.829298173234974 -9.8172817369711485 2.2500000000000413 0.88448134064689099 0.092962734915451983 0.4572206119200205 -0.45471590956814051 -0.047792567938296011 0.88935331113988791 0.10452846326765372 -0.99452189536827329 6.9388939039072268e-18 1.1806331486574317 1.05
1 9.9814613634132652 8.7848235102951779 2.0423860000000005 0.10452846326765383 -0.9945218953682734 -2.0816681711721685e-16 
1 11.358088261509014 -19.380572783445107 2.042386 -0.99452189536827351 -0.10452846326765255 -9.0205620750793989e-16 
1 7.8740038037984998 -20.926438502469395 -0.23966195793416178 0.36399664408546567 -0.39723263205115483 -0.84244446649511007 
1 7.1103710228176551 -18.706372232578932 2.0423860000000005 -0.19080899537654417 -0.98162718344766409 -5.6898930012039273e-16 
1 4.0265658941216014 -32.005616778954469 2.9945880793841879 -0.32883663501484806 0.48752036009008398 0.8088203545718583 
1 2.8676334557674403 -32.279036995790918 2.042386 -0.98162718344766398 0.19080899537654555 -1.1102230246251565e-15 
1 -11.701089233190775 -28.821459352056934 3.2371017947056737 0.48752036009008354 0.32883663501484756 0.80882035457185875 
1 -12.120685758711868 -27.761124078871173 2.0423860000000005 0.19080899537654428 0.9816271834476642 -3.1918911957973251e-16 
3 -8.9485179043721992 -12.001118206298933 2.249999999999976 -0.87301338590410216 0.16969661183340534 0.4572206119200205 -0.47915717534954577 -0.47311883751854988 -0.73930167516118939 0.090862695003505412 -0.86450079555623238 0.4943504274695647 1.234578350986546 1.05
1 -12.120685758711868 -27.761124078871173 2.0423860000000005 0.19080899537654428 0.9816271834476642 -3.1918911957973251e-16 
1 -16.000000000000004 -16.000000000000004 3.0000009536743164 -0 1 -0 
1 -2.0000000000000004 -16.000000000000004 3.0000009536743164 -1 -0 -0 
1 -2.0000000000000004 -2.0000000000000004 3.0000009536743164 -0 -1 -0 
1 -16.000000000000004 -2.0000000000000004 3.0000009536743164 1 -0 -0 
1 -7 -9.0042863895952543 4 -0 1 -0 
1 -16 -2 12 -0 -0 -1 
1 -16 -16 12 -0 -0 -1 
1 3.6993257357454286 -7 4 -1 -0 -0 
1 -4 -8.5 15 -0 -0 -1 
1 -4.25 -8.5 10.5 -1 -0 -0 
1 -9 -8.5 15 -0 -0 -1 
1 3.6993257357454286 -7 4 -1 -0 -0 
1 -2 -16 12 -0 -0 -1 
1 7 -2.0042863895952552 4 -0 -1 -0 
1 -2 -2 12 -0 -0 -1 
1 -3.3006742642545714 6.9999999999999991 4 1 -0 -0 
1 -9 5.5 15 -0 -0 1 
1 -11.25 5.5 10.5 1 -0 -0 
1 -4 5.5 15 -0 -0 1 
1 -3.3006742642545714 6.9999999999999991 4 1 -0 -0 
1 -8.5749999999999993 -9.6718074204324083 4 -0 1 -0 
1 -8.5749999999999957 -9.5201521695212445 2.0423860000000005 3.9734939683789073e-33 2.0441854352457554e-32 -1 
1 9.9814613634132652 8.7848235102951779 4 0.10452846326765339 -0.9945218953682734 -0 
1 12.924460246714055 -19.215940453798556 2.0423859999999987 1.28010447960523e-17 -1.2179380558447211e-16 1 
2 11.935448774651292 -9.8061248591862942 2.2500000000000417 0.99452189536827329 0.10452846326765372 3.1235921728556804e-15 -0.10452846326765372 0.99452189536827329 -4.4408920985006247e-16 -3.1529007707653082e-15 1.1515215298920732e-16 1 1.05
2 11.935448774651292 -9.8061248591862942 2.2500000000000417 0.99452189536827329 0.10452846326765372 3.1235921728556804e-15 -0.10452846326765372 0.99452189536827329 -4.4408920985006247e-16 -3.1529007707653082e-15 1.1515215298920732e-16 1 1.05
1 -12.120685758711868 -27.761124078871173 4 0.19080899537654453 0.98162718344766409 2.0526832973508063e-48 
1 11.358088261509014 -19.380572783445107 4 -0.9945218953682734 -0.10452846326765342 -1.6640034719505718e-31 
1 2.8676334557674394 -32.279036995790918 4 -0.98162718344766409 0.19080899537654419 -2.311115933264683e-31 
1 7.1103710228176542 -18.706372232578932 4 -0.19080899537654397 -0.9816271834476642 -2.3263744036642471e-47 
1 -8.3547015389376647 -19.038587493038516 4 0.19080852523331637 0.98162727483413326 -0 
1 0.15926218249550583 -30.425019988676269 4 -0.98162727483413326 0.19080852523331637 -0 
1 1.2633073647539637 -26.055399383230998 4 0.98162727483413326 -0.19080852523331637 -0 
1 6.7237399853734168 -14.838515922466012 4 -0.19080852523331637 -0.98162727483413326 -0 
1 -8.4161959945797697 -16.73452186204506 4 0.19080852523331637 0.98162727483413326 -0 
1 1.2633073647539637 -26.055399383230998 4 0.98162727483413326 -0.19080852523331637 -0 
1 2.2173499909205452 -21.147263009060332 4 0.98162727483413326 -0.19080852523331637 -0 
1 6.3082131279322287 -19.596649740544802 4 0.19080852523331637 0.98162727483413326 -0 
1 -8.3547015389376647 -19.038587493038516 4 0.19080852523331637 0.98162727483413326 -0 
1 2.2173499909205452 -21.147263009060332 4 0.98162727483413326 -0.19080852523331637 -0 
1 -4.0408093880769975 -15.346578464365191 4 0.98162727483413326 -0.19080852523331637 -0 
1 6.7237399853734168 -14.838515922466012 4 -0.19080852523331637 -0.98162727483413326 -0 
1 4.6263674143037212 -8.6638745348895601 4 0.99452189536827329 0.10452846326765362 -0 
1 9.2497137269685901 -10.083347818519421 4 0.10452846326765391 -0.99452189536827329 -0 
1 5.0235755747208142 -12.443057737288999 4 -0.99452189536827329 -0.10452846326765362 -0 
1 -5.6681147035555108 -11.651274767534227 4 0.10452846326765391 -0.99452189536827329 -0 
1 -2.5 -9.2542863895952543 4 -0 -1 -0 
1 -1.0506742642545714 7.4999999999999991 4 1 -0 -0 
1 -2.5 -9.2542863895952543 4 -0 -1 -0 
1 2.5 -9.2542863895952543 4 -0 -1 -0 
1 -1.0506742642545714 -7.5 4 1 -0 -0 
1 2.5 -9.2542863895952543 4 -0 -1 -0 
2 9.2502396571569534 -10.088351710008959 2.2500000000000333 0.99452189536827329 0.10452846326765372 3.1235921728556804e-15 -0.10452846326765372 0.99452189536827329 -4.4408920985006247e-16 -3.1529007707653082e-15 1.1515215298920732e-16 1 1.05
1 -37.900400880193402 -13.988300032432292 2.249999999999885 0.99452189536827329 0.10452846326765364 3.1086244689504383e-15 
1 6.8879948366009591 -19.850398534436192 2.0423860000000005 2.4435058382731484e-17 1.2570747773335194e-16 -1 
1 4.4136962696975033 -32.579561163508977 2.0423859999999996 -2.3367362543640628e-17 -1.2021465881652226e-16 1 
1 -12.421209926429921 -29.307186892801212 2.0423860000000005 -2.3367362543640893e-17 -1.2021465881652221e-16 1 
3 -9.0595187132193651 -12.012784861426685 2.2499999999999756 0.98162718344766409 -0.19080899537654444 -9.6047222676594146e-16 -0.19080899537654444 -0.98162718344766409 -1.3825196713599831e-14 1.6951462490651306e-15 1.3754455651257186e-14 -1 1.0979763443115054 1.05
3 -9.0595187132193651 -12.012784861426685 2.2499999999999756 0.98162718344766409 -0.19080899537654444 -9.6047222676594146e-16 -0.19080899537654444 -0.98162718344766409 -1.3825196713599831e-14 1.6951462490651306e-15 1.3754455651257186e-14 -1 1.0979763443115054 1.05
1 -37.900400880193402 -13.988300032432292 2.249999999999885 0.99452189536827329 0.10452846326765364 3.1086244689504383e-15 
2 -5.6675887733671431 -11.656278659023766 2.2499999999999862 0.99452189536827329 0.10452846326765372 3.1235921728556804e-15 -0.10452846326765372 0.99452189536827329 -4.4408920985006247e-16 -3.1529007707653082e-15 1.1515215298920732e-16 1 1.05
1 -16.000000000000004 -2.0000000000000004 12.000000953674316 -0 -0 -1 
1 -16.000000000000004 -16.000000000000004 12.000000953674316 -0 -0 -1 
1 -4.0000000000000009 -8.5000000000000018 15.000000953674316 -0 -0 -1 
1 -4.2500000000000009 -8.5000000000000018 10.500000953674316 -1 -0 -0 
1 -9.0000000000000018 -8.5000000000000018 15.000000953674316 -0 -0 -1 
1 -2.0000000000000004 -16.000000000000004 12.000000953674316 -0 -0 -1 
1 -2.0000000000000004 -2.0000000000000004 12.000000953674316 -0 -0 -1 
1 -9.0000000000000018 5.5000000000000009 15.000000953674316 -0 -0 1 
1 -11.250000000000002 5.5000000000000009 10.500000953674316 1 -0 -0 
1 -4.0000000000000009 5.5000000000000009 15.000000953674316 -0 -0 1 
1 -4 -9 10.5 -0 1 -0 
1 -4 -9 15 -0 -0 -1 
1 -9 -9 10.5 -0 1 -0 
1 -9 -9 10.5 1 -0 -0 
1 -9 -9 15 -0 -0 -1 
1 -9 -9 10.5 -0 1 -0 
1 -9 6 15 -0 -0 -1 
1 -9 6 10.5 1 -0 -0 
1 -4 -9 10.5 -0 1 -0 
1 -4 6 15 -0 -0 -1 
1 -9.0000000000000018 -9.0000000000000018 10.500000953674316 -0 1 -0 
1 -9.0000000000000018 6.0000000000000018 15.000000953674316 -0 -0 -1 
1 -4.0000000000000009 6.0000000000000018 15.000000953674316 -0 -0 -1 
1 -9.0000000000000018 6.0000000000000018 10.500000953674316 1 -0 -0 
1 -9.0000000000000018 -9.0000000000000018 10.500000953674316 -0 1 -0 
1 -9.0000000000000018 -9.0000000000000018 15.000000953674316 -0 -0 -1 
1 -4.0000000000000009 -9.0000000000000018 10.500000953674316 -0 1 -0 
1 -4.0000000000000009 -9.0000000000000018 15.000000953674316 -0 -0 -1 
1 -9.0000000000000018 -9.0000000000000018 10.500000953674316 1 -0 -0 
1 -4.0000000000000009 -9.0000000000000018 10.500000953674316 -0 1 -0 
1 -9.0999999999999943 5.3500000000000627 -3.3169860511453568e-14 -8.8817841970012504e-16 -1 6.2471843457113607e-15 
1 9.0516355769484225 -8.1987601088092443 0.35000000000003145 -0.99452189536827329 -0.10452846326765362 -3.1086244689504379e-15 
1 -9.0999999999999943 5.3499999999999694 -3.3169860511453568e-14 -8.8817841970012504e-16 -1 6.2471843457113607e-15 
1 -12.9 0.35000000000006665 -1.8284675955573811e-15 8.8817841970012504e-16 1 -6.2471843457113607e-15 
1 -9.0999999999999996 0.35000000000006332 -1.9339387828967657e-15 -1 8.8817841970012504e-16 2.7755575615627527e-17 
1 -12.9 0.34999999999997339 -1.8284675955573811e-15 8.8817841970012504e-16 1 -6.2471843457113607e-15 
1 9.4488437373655074 -11.977943311208683 0.35000000000003328 -0.99452189536827329 -0.10452846326765362 -3.1086244689504379e-15 
1 -9.0999999999999996 0.34999999999997006 -1.9339387828967657e-15 -1 8.8817841970012504e-16 2.7755575615627527e-17 
Polygon3D 0
PolygonOnTriangulations 0
Surfaces 62
1 -7.2743872160775913 9.6106199753417147 0 0.09296273491545122 -0.8844813406468911 -0.45722061192002028 0.047792567938296227 -0.45471590956814034 0.88935331113988803 0.99452189536827351 0.10452846326765317 -5.4817261840867104e-16 
1 -7.0000000000000018 6.9999999999999973 0 -1.2801044796052272e-17 1.2179380558447149e-16 -1 -0.10452846326765333 0.9945218953682734 1.2246467991473532e-16 0.9945218953682734 0.10452846326765333 6.1629758220391547e-32 
1 -7.2743872160775913 9.6106199753417147 0 0.09296273491545122 -0.8844813406468911 0.45722061192002028 0.047792567938296227 -0.45471590956814034 -0.88935331113988803 0.99452189536827351 0.10452846326765317 5.4817261840867104e-16 
1 0 0 10 0 0 1 1 0 -0 -0 1 0 
1 8.4150893782082363 8.6201911806486251 0 0 0 -1 0.9945218953682734 0.10452846326765339 0 0.10452846326765339 -0.9945218953682734 0 
1 11.025709353549953 8.8945783967262155 -4.4408920985006262e-16 -0.88448134064689099 -0.092962734915451983 0.45722061192002045 -0.45471590956814051 -0.047792567938296254 -0.88935331113988791 0.10452846326765383 -0.99452189536827329 2.081668171172168e-16 
1 11.193455931862461 -17.814200798240076 0 1.280104479605218e-17 -1.2179380558447151e-16 -1 0.10452846326765342 -0.9945218953682734 1.2246467991473535e-16 -0.9945218953682734 -0.10452846326765342 1.6640034719505718e-31 
1 11.467843147940052 -20.424820773581793 0 -0.092962734915450526 0.88448134064689121 0.45722061192002034 -0.047792567938296268 0.45471590956814034 -0.88935331113988803 -0.9945218953682734 -0.10452846326765254 9.0899510141184672e-16 
1 5.5643082088875842 -18.405848064860873 0 4.8397956782754782e-32 -9.4076098010657941e-33 -1 0.9816271834476642 -0.19080899537654397 4.9303806576313238e-32 -0.19080899537654397 -0.9816271834476642 2.3263744036642471e-47 
1 8.1410795654377033 -18.906721677724303 -4.4408920985006262e-16 -0.87301338590410205 0.16969661183340534 0.45722061192002045 -0.44882018149326725 0.087241805625907373 -0.8893533111398878 -0.19080899537654417 -0.98162718344766409 5.6898930012039273e-16 
1 3.1681576234854982 -30.732974181860847 0 -2.3367362543640927e-17 -1.2021465881652132e-16 -1 -0.19080899537654419 -0.98162718344766409 1.2246467991473532e-16 -0.98162718344766409 0.19080899537654419 2.311115933264683e-31 
1 2.6672840106220699 -33.309745538410965 0 0.16969661183340681 0.87301338590410194 0.45722061192002034 0.087241805625907498 0.44882018149326702 -0.88935331113988791 -0.98162718344766398 0.19080899537654555 1.0963452368173421e-15 
1 -10.574622944781799 -28.061648246589233 0 -2.4198978391377391e-32 4.7038049005328971e-33 -1 -0.98162718344766409 0.19080899537654453 2.4651903288156619e-32 0.19080899537654453 0.98162718344766409 -2.0526832973508063e-48 
1 -13.151394301331917 -27.560774633725803 -4.4408920985006262e-16 0.87301338590410205 -0.16969661183340534 0.45722061192002045 0.44882018149326725 -0.087241805625907651 -0.88935331113988791 0.19080899537654428 0.9816271834476642 3.1918911957973251e-16 
1 -7.0000000000000018 -9.67180742043241 0 0 0 -1 -1 0 0 0 1 0 
1 -9.6250000000000018 -9.67180742043241 -4.4408920985006262e-16 0.88935331113988791 -0 0.45722061192002045 0.45722061192002045 3.9495220922164962e-16 -0.88935331113988791 -1.8058029077948654e-16 1 3.5125205501328778e-16 
1 -9.6250000000000018 -9.67180742043241 4.4408920985006262e-16 0.88935331113988791 -0 -0.45722061192002045 0.45722061192002045 3.9495220922164962e-16 0.88935331113988791 -1.8058029077948654e-16 1 -3.5125205501328778e-16 
1 0.62091451688335642 9.3846659326346522 3.0211929999999989 -0.10452846326765318 0.9945218953682734 -3.5381221806952416e-16 0.9945218953682734 0.10452846326765318 -0 -3.6983447440127153e-17 3.5187399771895604e-16 1 
1 11.025709353549953 8.8945783967262155 4.4408920985006262e-16 -0.88448134064689099 -0.092962734915451983 -0.45722061192002045 -0.45471590956814051 -0.047792567938296254 0.88935331113988791 0.10452846326765383 -0.99452189536827329 -2.081668171172168e-16 
2 -37.790645993762368 -15.03254802256898 2.2499999999998854 -0.99452189536827329 -0.10452846326765372 -3.1235921728556804e-15 -0.10452846326765372 0.99452189536827329 -4.4408920985006247e-16 3.1529007707653082e-15 -1.1515215298920742e-16 -1 1.05
1 11.467843147940052 -20.424820773581793 0 -0.092962734915450526 0.88448134064689121 -0.45722061192002034 -0.047792567938296268 0.45471590956814034 0.88935331113988803 -0.99452189536827351 -0.10452846326765255 -9.0899510141184692e-16 
1 8.1410795654377033 -18.906721677724303 4.4408920985006262e-16 -0.87301338590410205 0.16969661183340534 -0.45722061192002045 -0.44882018149326725 0.087241805625907373 0.8893533111398878 -0.19080899537654417 -0.98162718344766409 -5.6898930012039273e-16 
1 2.6672840106220699 -33.309745538410965 0 0.16969661183340681 0.87301338590410194 -0.45722061192002034 0.087241805625907498 0.44882018149326702 0.88935331113988791 -0.98162718344766398 0.19080899537654555 -1.0963452368173421e-15 
1 -13.151394301331917 -27.560774633725803 4.4408920985006262e-16 0.87301338590410205 -0.16969661183340534 -0.45722061192002045 0.44882018149326725 -0.087241805625907651 0.88935331113988791 0.19080899537654428 0.9816271834476642 -3.1918911957973251e-16 
2 -37.790645993762368 -15.03254802256898 2.2499999999998854 -0.99452189536827329 -0.10452846326765372 -3.1235921728556804e-15 -0.10452846326765372 0.99452189536827329 -4.4408920985006247e-16 3.1529007707653082e-15 -1.1515215298920742e-16 -1 1.05
1 -9.0000000000000018 -9.0000000000000018 3.0000009536743164 -0 -0 -1 1 -0 -0 -0 1 -0 
1 -16 -16 12 -1 -0 -0 -0 1 -0 -0 -0 1 
1 -2 -16 12 -0 -1 -0 -1 -0 -0 -0 -0 1 
1 -2 -2 12 1 -0 -0 -0 -1 -0 -0 -0 1 
1 -16 -2 12 -0 1 -0 1 -0 -0 -0 -0 1 
1 -8.5749999999999993 -0.55100789987605181 3.021193000000002 -1 -0 1.6654984256653431e-15 1.6654984256653431e-15 -0 1 -0 -1 -0 
1 11.370644640240382 -4.4323724791491736 3.0211929999999994 0.99452189536827329 0.10452846326765364 3.3200330624333833e-15 -0.10452846326765364 0.99452189536827329 -0 3.3018455739365814e-15 3.4703795401396355e-16 -1 
1 0.39865147149085689 -11.00857277919051 4 -0 -0 1 -1 -0 -0 -0 1 -0 
1 9.9062275416575076 -19.53316949411737 3.0211930000000002 0.10452846326765262 -0.9945218953682734 -3.9524500612945592e-16 -0.9945218953682734 -0.10452846326765262 -1.2325951644078309e-32 4.1314353104925954e-17 -3.9307981263071135e-16 1 
1 5.6508455531492343 -26.21497984897259 3.0211929999999994 0.98162718344766409 -0.19080899537654408 -4.6731250274421007e-16 0.19080899537654408 0.98162718344766409 -2.4651903288156619e-32 -4.5872665585867773e-16 8.9167429175521196e-17 -1 
1 -4.0037568283662068 -30.943374028155102 3.0211929999999967 -0.19080899537654519 -0.98162718344766398 -4.9158832879970142e-15 -0.98162718344766398 0.19080899537654519 -0 -9.3799475157105792e-16 -4.8255646661539499e-15 1 
1 -10.498104963214953 -19.413669531161215 3.0211929999999976 -0.98162718344766409 0.19080899537654444 9.6047222676594126e-16 -0.19080899537654444 -0.98162718344766409 -4.9303806576313238e-32 -9.4282564673995695e-16 1.8326674067628189e-16 -1 
1 -16.000000000000004 -16.000000000000004 12.000000953674316 -1 -0 -0 -0 1 -0 -0 -0 1 
1 -2.0000000000000004 -16.000000000000004 12.000000953674316 -0 -1 -0 -1 -0 -0 -0 -0 1 
1 -2.0000000000000004 -2.0000000000000004 12.000000953674316 1 -0 -0 -0 -1 -0 -0 -0 1 
1 -16.000000000000004 -2.0000000000000004 12.000000953674316 -0 1 -0 1 -0 -0 -0 -0 1 
1 -4 -9 15 1 -0 -0 -0 -0 -1 -0 -1 -0 
1 -9 -9 10.5 -0 -0 -1 1 -0 -0 -0 1 -0 
1 -9 -9 15 1 -0 -0 -0 -0 -1 -0 -1 -0 
1 -9 -9 15 1 -0 -0 -0 -0 -1 -0 -1 -0 
1 -9 -9 10.5 -0 -0 -1 1 -0 -0 -0 1 -0 
1 -4 -9 15 1 -0 -0 -0 -0 -1 -0 -1 -0 
1 -9.0000000000000018 -9.0000000000000018 15.000000953674316 1 -0 -0 -0 -0 -1 -0 -1 -0 
1 -9.0000000000000018 6.0000000000000018 15.000000953674316 -0 1 -0 -0 -0 -1 1 -0 -0 
1 -9.0000000000000018 -9.0000000000000018 15.000000953674316 1 -0 -0 -0 -0 -1 -0 -1 -0 
1 -4.0000000000000009 -9.0000000000000018 15.000000953674316 1 -0 -0 -0 -0 -1 -0 -1 -0 
1 -9.0000000000000018 -9.0000000000000018 15.000000953674316 -0 1 -0 -0 -0 -1 1 -0 -0 
1 -4.0000000000000009 -9.0000000000000018 15.000000953674316 1 -0 -0 -0 -0 -1 -0 -1 -0 
1 9.0516355769484065 -8.1987601088092443 5.3500000000000316 -0.10452846326765362 0.99452189536827329 -4.4408920985006222e-16 3.1529007707653082e-15 -1.1515215298920737e-16 -1 0.99452189536827329 0.10452846326765362 3.1235921728556804e-15 
1 9.2502396571569552 -10.088351710008965 2.8500000000000321 0.99452189536827329 0.10452846326765391 3.184669191848796e-15 -0.10452846326765391 0.99452189536827329 4.9303806576313238e-32 3.1672232407984117e-15 3.3288857663979602e-16 -1 
1 9.4488437373655074 -11.977943311208683 0.35000000000003328 0.10452846326765362 -0.99452189536827329 4.4408920985006222e-16 -3.1529007707653082e-15 1.1515215298920737e-16 1 0.99452189536827329 0.10452846326765362 3.1235921728556804e-15 
1 9.2502396571569552 -10.088351710008965 2.8499999999999388 0.99452189536827329 0.10452846326765391 3.184669191848796e-15 -0.10452846326765391 0.99452189536827329 4.9303806576313238e-32 3.1672232407984117e-15 3.3288857663979602e-16 -1 
1 -9 6 15 -0 1 -0 -0 -0 -1 1 -0 -0 
1 -9 -9 15 -0 1 -0 -0 -0 -1 1 -0 -0 
1 -9.0000000000000018 -9.0000000000000018 10.500000953674316 -0 -0 -1 1 -0 -0 -0 1 -0 
1 -9.0000000000000018 -9.0000000000000018 10.500000953674316 -0 -0 -1 1 -0 -0 -0 1 -0 
1 9.0516355769484225 -8.1987601088092443 0.35000000000003162 3.1380150615081551e-15 -1.167167040770676e-16 -1 0.10452846326765372 -0.99452189536827329 4.4408920985006247e-16 0.99452189536827329 0.10452846326765372 3.1086244689504379e-15 
Triangulations 0

TShapes 330
Ve
1.50000004301955e-07
12.375 59.3635606162818 10
0 0

0101101
*
Ve
1.50000007558674e-07
32.7513221374724 61.5051983720679 10
0 0

0101101
*
Ed
 1.00000001889131e-07 1 1 0
1  1 0 -2.36356061628183 18.125
2  1 2 0 -2.36356061628183 18.125
2  2 3 0 -2.36356061628183 18.125
0

0101000
+330 11 -329 11 *
Ve
1.50000008055049e-07
-8.575 8.41813636976909 2.042386
0 0

0101101
*
Ed
 1.5e-07 1 1 0
1  2 0 -4.07313019273263 -1.58965126612783
0

0101000
+330 12 -327 13 *
Ve
1.50000009607118e-07
9.81682903376671 10.3511954955002 2.042386
0 0

0101101
*
Ed
 1.5e-07 1 1 0
1  3 0 -1.4181363697691 17.075
0

0101000
+327 13 -325 13 *
Ed
 1.5e-07 1 1 0
1  4 0 -4.31411434352624 -1.78897264987894
0

0101000
+329 12 -325 13 *
Wi

0101100
-328 10 +326 8 +324 8 -323 8 *
Fa
0  1e-07 1 8

0101000
+322 0 *
Ve
1.50000009072259e-07
36.0784631232818 29.8495664424958 10
0 0

0101101
*
Ed
 1.00000003972055e-07 1 1 0
1  5 0 -2.625 29.205
2  3 5 0 -2.625 29.205
2  4 6 0 -2.625 29.205
0

0101000
+329 11 -320 11 *
Ve
1.50000004755412e-07
29.7704525884099 29.1865678191803 10
0 0

0101101
*
Ed
 1.0000000064294e-07 1 1 0
1  6 0 -2.625 3.71775682038757
2  5 7 0 -2.625 3.71775682038757
2  6 8 0 -2.625 3.71775682038757
0

0101000
+320 11 -318 11 *
Ve
1.50000011583231e-07
27.2440553671722 16.1893808487256 10
0 0

0101101
*
Ed
 1.00000003662053e-07 1 1 0
1  7 0 1.94239782194978 15.1828491762063
2  7 9 0 1.94239782194978 15.1828491762063
2  8 10 0 1.94239782194978 15.1828491762063
0

0101000
+318 11 -316 11 *
Ve
1.50000032340149e-07
8.3477320858047 19.8624540097241 10
0 0

0101101
*
Ed
 1.00000001096463e-07 1 1 0
1  8 0 -2.625 16.625
2  9 11 0 -2.625 16.625
2  10 12 0 -2.625 16.625
0

0101000
+316 11 -314 11 *
Ve
1.50000024924012e-07
12.375 40.5809513310862 10
0 0

0101101
*
Ed
 1.00000003552714e-07 1 1 0
1  9 0 -2.625 18.4812791156565
2  11 13 0 -2.625 18.4812791156565
2  12 14 0 -2.625 18.4812791156565
0

0101000
+314 11 -312 11 *
Ed
 1e-07 1 1 0
1  10 0 0.25275875151864 19.0353680367142
2  13 15 0 0.25275875151864 19.0353680367142
2  14 16 0 0.25275875151864 19.0353680367142
0

0101000
+312 11 -330 11 *
Wi

0101100
-328 10 -319 10 -317 10 -315 10 -313 10 -311 10 -310 10 *
Ve
