<?xml version='1.0' encoding='utf-8'?>
<!-- FreeCAD DocumentObject -->
<Document SchemaVersion="4" FileVersion="2">
<Object name="Mirrored">
  <Properties Count="27" TransientCount="2">
    <_Property name="_Body" type="App::PropertyLinkHidden" status="251658240"/>
    <_Property name="_ElementMapVersion" type="App::PropertyString" status="234881024"/>
    <Property name="AddSubShape" type="Part::PropertyPartShape">
      <Part HasherIndex="0" ElementMap="1.15.70200.4" brep="1">
<![CDATA[

CASCADE Topology V1, (c) Matra-Datavision
Locations 50
1
              1               0               0              -0 
              0               1               0              -0 
              0               0               1              -0 
1
              1               0               0               0 
              0               1               0               0 
              0               0               1               0 
2  1 1 2 1 0
1
              1               0               0               0 
              0               1               0               0 
              0               0               1               0 
1
              1               0               0               0 
              0               1               0               0 
              0               0               1               0 
2  4 1 5 1 0
2  1 -1 5 -1 4 -1 0
1
              1               0               0               0 
              0               1               0               0 
              0               0               1               0 
1
              1               0               0               0 
              0               1               0               0 
              0               0               1               0 
1
              1               0               0               0 
              0               1               0               0 
              0               0               1               0 
1
              1               0               0               0 
              0               1               0               0 
              0               0               1               0 
1
0.190808525233316 -0.981627274834133               0 -1.97038674354553 
0.981627274834133 0.190808525233316               0 -22.8800430297852 
              0               0               1 -3.00000047683716 
1
              1               0               0               0 
              0               1               0               0 
              0               0               1               0 
1
              1               0               0               0 
              0               1               0               0 
              0               0               1               0 
1
              1               0               0               0 
              0               1               0               0 
              0               0               1               0 
2  8 1 9 1 10 1 11 1 12 1 13 1 14 1 15 1 0
2  1 -1 5 -1 15 -1 14 -1 13 -1 12 -1 11 -1 10 -1 9 -1 8 -1 0
1
              1               0               0               0 
              0               1               0               0 
              0               0               1              -3 
1
              1               0               0               0 
              0               1               0               0 
              0               0               1               0 
2  8 1 9 1 10 1 11 1 18 1 19 1 14 1 15 1 0
2  1 -1 5 -1 15 -1 14 -1 19 -1 18 -1 11 -1 10 -1 9 -1 8 -1 0
2  1 -1 0
1
              1               0               0               0 
              0               1               0               0 
              0               0               1               0 
1
              1               0               0               0 
              0               1               0               0 
              0               0               1              -3 
1
              1               0               0               0 
              0               1               0               0 
              0               0               1               6 
1
              1               0               0            -2.5 
              0               1               0            -7.5 
              0               0               1              -3 
1
              1               0               0            -2.5 
              0               1               0            -7.5 
              0               0               1              -3 
1
              1               0               0              -9 
              0               1               0              -9 
              0               0               1               3 
2  23 1 24 1 25 1 26 -1 27 1 28 -1 8 1 9 1 10 1 11 1 12 1 13 1 14 1 15 1 0
2  1 -1 5 -1 15 -1 14 -1 13 -1 12 -1 11 -1 10 -1 9 -1 8 -1 28 1 27 -1 26 1 25 -1 24 -1 23 -1 0
2  23 1 24 1 25 1 26 -1 27 1 28 -1 8 1 9 1 10 1 11 1 18 1 19 1 14 1 15 1 0
2  1 -1 5 -1 15 -1 14 -1 19 -1 18 -1 11 -1 10 -1 9 -1 8 -1 28 1 27 -1 26 1 25 -1 24 -1 23 -1 0
2  1 -1 5 -1 0
2  26 -1 27 1 28 -1 8 1 9 1 10 1 11 1 12 1 13 1 14 1 15 1 0
2  1 -1 5 -1 15 -1 14 -1 13 -1 12 -1 11 -1 10 -1 9 -1 8 -1 28 1 27 -1 26 1 0
2  27 1 28 -1 8 1 9 1 10 1 11 1 12 1 13 1 14 1 15 1 0
2  1 -1 5 -1 15 -1 14 -1 13 -1 12 -1 11 -1 10 -1 9 -1 8 -1 28 1 27 -1 0
2  26 -1 27 1 28 -1 8 1 9 1 10 1 11 1 18 1 19 1 14 1 15 1 0
2  1 -1 5 -1 15 -1 14 -1 19 -1 18 -1 11 -1 10 -1 9 -1 8 -1 28 1 27 -1 26 1 0
2  27 1 28 -1 8 1 9 1 10 1 11 1 18 1 19 1 14 1 15 1 0
2  1 -1 5 -1 15 -1 14 -1 19 -1 18 -1 11 -1 10 -1 9 -1 8 -1 28 1 27 -1 0
1
              1               0               0               0 
              0               1               0               0 
              0               0               1               0 
1
-0.104528463267654 3.15290077076531e-15 0.994521895368273 8.10042656121277 
0.994521895368273 -1.15152152989207e-16 0.104528463267654 0.851389139042043 
4.44089209850062e-16               1 -3.12359217285568e-15 -2.76126251354255e-14 
2  42 1 43 1 0
2  1 -1 43 -1 42 -1 0
1
              1               0               0 -14.9178284305241 
              0               1               0 -1.5679269490148 
              0               0               1 4.66293670342566e-14 
2  42 1 43 1 46 1 0
2  1 -1 46 -1 43 -1 42 -1 0
2  27 1 28 -1 8 1 9 1 10 1 11 1 12 1 13 1 14 1 15 1 5 1 0
2  27 1 28 -1 8 1 9 1 10 1 11 1 18 1 19 1 14 1 15 1 5 1 0
Curve2ds 10
7 0 0  8 9 2  3.1383779813862889 -49.894999999999996  2.7464825677384406 -50.106547895963367  2.3545871540893586 -50.317792862995702  1.9626917404439155 -50.479206973192049  1.5707963267914238 -50.541495771933114  1.1789009131416606 -50.479206973250257  0.78700549949826382 -50.31779286301753  0.39511008585135093 -50.106547895963367  0.0032146722035026154 -49.894999999999996 
 1.5740109989984006 9 4.7091743081811863 9
7 0 0  7 14 3  0.0032146722034400205 -29.32019955302858  0.22715490857364806 -29.193560517250315  0.45109514494384939 -29.048246035360535  0.67503538131404639 -28.89462781498878  0.89897561768430023 -28.74537780130413  1.1229158540544972 -28.61332751592181  1.3468560904246869 -28.508412596137042  1.7947365631651031 -28.364635253886938  2.0186767995351147 -28.325773406019835  2.2426170359065054 -28.325819786939974  2.466557272275395 -28.366632779823703  2.6904975086462173 -28.444703555364867  2.9144377450161452 -28.551991599843404  3.1383779813863533 -28.67816843939212 
 4.1985162482513854 8 5.7660979028428416 6 7.3336795574342979 8
1 6.2831853071795862 -49.999999999999993 -1 0 
1 6.2831853071795862 -49.999999999999993 -1 0 
1 6.2831853071795862 -47.299999999999997 -1 0 
1 0 0 0 -1 
1 6.2831853071795862 0 0 -1 
7 0 0  5 6 2  0.39430547040446384 -29.18576987262454  0.31544437632357086 -29.195495356796329  0.23658328224268166 -29.202916838652641  0.15772218816178407 -29.20790807682954  0.078861094080893382 -29.210403577310792  4.2294210461910698e-16 -29.210403577310792 
 2.7472871831853141 6 3.1415926535897789 6
7 0 0  7 14 3  6.2831853071795862 -29.210403577310792  6.0306211554657114 -29.210403577310792  5.7780570037518757 -29.186512673650213  5.5254928520373809 -29.138737315457547  5.2729287003245631 -29.070784819807159  5.0203645486100967 -28.99019870210941  4.7678003968963383 -28.906012975473203  4.2626720934685869 -28.746999314827306  4.0101079417544483 -28.672172994002722  3.7575437900404935 -28.610303161476622  3.5049796383266525 -28.56897146645133  3.2524154866128114 -28.552766206636988  2.9998513348992049 -28.561855569901532  2.7472871831853296 -28.593002850933857 
 3.1415926535897789 8 4.9095417155869061 6 6.6774907775840351 8
1 6.2831853071795862 -32.299999999999997 -1 0 
Curves 139
1 -7.2743872160775922 9.6106199753417147 -3.2146978477618021e-16 0.9945218953682734 0.10452846326765333 -6.1629758220391547e-32 
1 -7.902904975736555 7.8129792917698353 3.3496978745003068 0.42279400431050468 -0.38068543138605687 0.82238910027401313 
1 -7.1646323296465546 8.5663719852050271 2.0423860000000005 0.99452189536827351 0.10452846326765317 -5.4817261840867104e-16 
1 9.1547740654313863 9.5336256976330009 3.4893434929944336 -0.37007551142837919 -0.45700519676615992 0.80882035457185864 
1 -9.6250000000000018 -9.67180742043241 0 -0 1 -0 
1 11.025709353549955 8.8945783967262155 0 0.10452846326765339 -0.9945218953682734 -0 
1 -13.151394301331917 -27.560774633725803 -6.4711246131411125e-32 0.19080899537654453 0.98162718344766409 2.0526832973508063e-48 
1 11.467843147940052 -20.424820773581793 -3.2146978477618026e-16 -0.9945218953682734 -0.10452846326765342 -1.6640034719505718e-31 
1 2.6672840106220699 -33.309745538410965 -3.2146978477618021e-16 -0.98162718344766409 0.19080899537654419 -2.311115933264683e-31 
1 8.1410795654377033 -18.906721677724299 -1.2942249226282225e-31 -0.19080899537654397 -0.9816271834476642 -2.3263744036642471e-47 
1 -9.0000000000000018 -9.0000000000000018 3.0000009536743164 1 -0 -0 
1 9.0000000000000018 -9.0000000000000018 3.0000009536743164 -0 1 -0 
1 -9.0000000000000018 9.0000000000000018 3.0000009536743164 1 -0 -0 
1 -9.0000000000000018 -9.0000000000000018 3.0000009536743164 -0 1 -0 
1 -9 -9 3 1 -0 -0 
1 9 -9 3 -0 1 -0 
1 -9 9 3 1 -0 -0 
1 -9 -9 3 -0 1 -0 
1 -9.8081086956343668 -9.4014173068944196 -0.35617012994469099 -0.45677815557070661 0.043982733837330777 -0.88849267623184047 
1 -8.5750000000000011 -9.6718074204324083 2.0423860000000005 -1.8058029077948654e-16 1 -3.5125205501328778e-16 
1 9.8168290337667123 10.3511954955002 2.0423860000000005 -1.2801044796052554e-17 1.2179380558447171e-16 1 
1 -7.1646323296465537 8.5663719852050271 4 0.9945218953682734 0.10452846326765333 -6.1629758220391547e-32 
1 -8.5750000000000011 8.4181363697691012 2.2362687595082491 -3.9734939683789073e-33 1.2313924960836246e-16 1 
1 11.054118148473888 -17.701367286031218 5.3525688376873752 -0.4570051967661603 0.37007551142837947 0.8088203545718583 
1 9.9814613634132652 8.7848235102951779 2.0423860000000005 0.10452846326765383 -0.9945218953682734 -2.0816681711721685e-16 
3 11.829298173234974 -9.8172817369711485 2.2500000000000413 0.88448134064689099 0.092962734915451983 0.4572206119200205 -0.45471590956814051 -0.047792567938296011 0.88935331113988791 0.10452846326765372 -0.99452189536827329 6.9388939039072268e-18 1.1806331486574317 1.05
1 9.9814613634132652 8.7848235102951779 2.0423860000000005 0.10452846326765383 -0.9945218953682734 -2.0816681711721685e-16 
1 -12.120685758711868 -27.761124078871173 2.0423860000000005 0.19080899537654428 0.9816271834476642 -3.1918911957973251e-16 
3 -8.9485179043721992 -12.001118206298933 2.249999999999976 -0.87301338590410216 0.16969661183340534 0.4572206119200205 -0.47915717534954577 -0.47311883751854988 -0.73930167516118939 0.090862695003505412 -0.86450079555623238 0.4943504274695647 1.234578350986546 1.05
1 -12.120685758711868 -27.761124078871173 2.0423860000000005 0.19080899537654428 0.9816271834476642 -3.1918911957973251e-16 
1 -11.701089233190775 -28.821459352056934 3.2371017947056737 0.48752036009008354 0.32883663501484756 0.80882035457185875 
1 11.358088261509014 -19.380572783445107 2.042386 -0.99452189536827351 -0.10452846326765255 -9.0205620750793989e-16 
1 7.8740038037984998 -20.926438502469395 -0.23966195793416178 0.36399664408546567 -0.39723263205115483 -0.84244446649511007 
1 4.0265658941216014 -32.005616778954469 2.9945880793841879 -0.32883663501484806 0.48752036009008398 0.8088203545718583 
1 2.8676334557674403 -32.279036995790918 2.042386 -0.98162718344766398 0.19080899537654555 -1.1102230246251565e-15 
1 7.1103710228176551 -18.706372232578932 2.0423860000000005 -0.19080899537654417 -0.98162718344766409 -5.6898930012039273e-16 
1 -16.000000000000004 -16.000000000000004 3.0000009536743164 -0 1 -0 
1 -2.0000000000000004 -16.000000000000004 3.0000009536743164 -1 -0 -0 
1 -2.0000000000000004 -2.0000000000000004 3.0000009536743164 -0 -1 -0 
1 -16.000000000000004 -2.0000000000000004 3.0000009536743164 1 -0 -0 
1 -16 -16 3 -0 1 -0 
1 -2 -16 3 -1 -0 -0 
1 -2 -2 3 -0 -1 -0 
1 -16 -2 3 1 -0 -0 
1 -8.5749999999999993 -9.6718074204324083 4 -0 1 -0 
1 -8.5749999999999957 -9.5201521695212445 2.0423860000000005 3.9734939683789073e-33 2.0441854352457554e-32 -1 
1 9.9814613634132652 8.7848235102951779 4 0.10452846326765339 -0.9945218953682734 -0 
1 12.924460246714055 -19.215940453798556 2.0423859999999987 1.28010447960523e-17 -1.2179380558447211e-16 1 
2 11.935448774651292 -9.8061248591862942 2.2500000000000417 0.99452189536827329 0.10452846326765372 3.1235921728556804e-15 -0.10452846326765372 0.99452189536827329 -4.4408920985006247e-16 -3.1529007707653082e-15 1.1515215298920732e-16 1 1.05
2 11.935448774651292 -9.8061248591862942 2.2500000000000417 0.99452189536827329 0.10452846326765372 3.1235921728556804e-15 -0.10452846326765372 0.99452189536827329 -4.4408920985006247e-16 -3.1529007707653082e-15 1.1515215298920732e-16 1 1.05
1 -12.120685758711868 -27.761124078871173 4 0.19080899537654453 0.98162718344766409 2.0526832973508063e-48 
1 11.358088261509014 -19.380572783445107 4 -0.9945218953682734 -0.10452846326765342 -1.6640034719505718e-31 
1 2.8676334557674394 -32.279036995790918 4 -0.98162718344766409 0.19080899537654419 -2.311115933264683e-31 
1 7.1103710228176542 -18.706372232578932 4 -0.19080899537654397 -0.9816271834476642 -2.3263744036642471e-47 
1 -8.3547015389376647 -19.038587493038516 4 0.19080852523331637 0.98162727483413326 -0 
1 0.15926218249550583 -30.425019988676269 4 -0.98162727483413326 0.19080852523331637 -0 
1 1.2633073647539637 -26.055399383230998 4 0.98162727483413326 -0.19080852523331637 -0 
1 6.7237399853734168 -14.838515922466012 4 -0.19080852523331637 -0.98162727483413326 -0 
1 -8.4161959945797697 -16.73452186204506 4 0.19080852523331637 0.98162727483413326 -0 
1 1.2633073647539637 -26.055399383230998 4 0.98162727483413326 -0.19080852523331637 -0 
1 2.2173499909205452 -21.147263009060332 4 0.98162727483413326 -0.19080852523331637 -0 
1 6.3082131279322287 -19.596649740544802 4 0.19080852523331637 0.98162727483413326 -0 
1 -8.3547015389376647 -19.038587493038516 4 0.19080852523331637 0.98162727483413326 -0 
1 2.2173499909205452 -21.147263009060332 4 0.98162727483413326 -0.19080852523331637 -0 
1 -4.0408093880769975 -15.346578464365191 4 0.98162727483413326 -0.19080852523331637 -0 
1 6.7237399853734168 -14.838515922466012 4 -0.19080852523331637 -0.98162727483413326 -0 
1 4.6263674143037212 -8.6638745348895601 4 0.99452189536827329 0.10452846326765362 -0 
1 9.2497137269685901 -10.083347818519421 4 0.10452846326765391 -0.99452189536827329 -0 
1 5.0235755747208142 -12.443057737288999 4 -0.99452189536827329 -0.10452846326765362 -0 
1 -5.6681147035555108 -11.651274767534227 4 0.10452846326765391 -0.99452189536827329 -0 
1 -3.3006742642545714 6.9999999999999991 4 1 -0 -0 
1 -7 -9.0042863895952543 4 -0 1 -0 
1 -2.5 -9.2542863895952543 4 -0 -1 -0 
1 3.6993257357454286 -7 4 -1 -0 -0 
1 -1.0506742642545714 7.4999999999999991 4 1 -0 -0 
1 -2.5 -9.2542863895952543 4 -0 -1 -0 
1 2.5 -9.2542863895952543 4 -0 -1 -0 
1 -1.0506742642545714 -7.5 4 1 -0 -0 
1 -3.3006742642545714 6.9999999999999991 4 1 -0 -0 
1 2.5 -9.2542863895952543 4 -0 -1 -0 
1 7 -2.0042863895952552 4 -0 -1 -0 
1 3.6993257357454286 -7 4 -1 -0 -0 
2 9.2502396571569534 -10.088351710008959 2.2500000000000333 0.99452189536827329 0.10452846326765372 3.1235921728556804e-15 -0.10452846326765372 0.99452189536827329 -4.4408920985006247e-16 -3.1529007707653082e-15 1.1515215298920732e-16 1 1.05
1 -37.900400880193402 -13.988300032432292 2.249999999999885 0.99452189536827329 0.10452846326765364 3.1086244689504383e-15 
1 -12.421209926429921 -29.307186892801212 2.0423860000000005 -2.3367362543640893e-17 -1.2021465881652221e-16 1 
3 -9.0595187132193651 -12.012784861426685 2.2499999999999756 0.98162718344766409 -0.19080899537654444 -9.6047222676594146e-16 -0.19080899537654444 -0.98162718344766409 -1.3825196713599831e-14 1.6951462490651306e-15 1.3754455651257186e-14 -1 1.0979763443115054 1.05
3 -9.0595187132193651 -12.012784861426685 2.2499999999999756 0.98162718344766409 -0.19080899537654444 -9.6047222676594146e-16 -0.19080899537654444 -0.98162718344766409 -1.3825196713599831e-14 1.6951462490651306e-15 1.3754455651257186e-14 -1 1.0979763443115054 1.05
1 -37.900400880193402 -13.988300032432292 2.249999999999885 0.99452189536827329 0.10452846326765364 3.1086244689504383e-15 
2 -5.6675887733671431 -11.656278659023766 2.2499999999999862 0.99452189536827329 0.10452846326765372 3.1235921728556804e-15 -0.10452846326765372 0.99452189536827329 -4.4408920985006247e-16 -3.1529007707653082e-15 1.1515215298920732e-16 1 1.05
1 6.8879948366009591 -19.850398534436192 2.0423860000000005 2.4435058382731484e-17 1.2570747773335194e-16 -1 
1 4.4136962696975033 -32.579561163508977 2.0423859999999996 -2.3367362543640628e-17 -1.2021465881652226e-16 1 
1 -16.000000000000004 -2.0000000000000004 12.000000953674316 -0 -0 -1 
1 -16.000000000000004 -16.000000000000004 12.000000953674316 -0 -0 -1 
1 -4.0000000000000009 -8.5000000000000018 15.000000953674316 -0 -0 -1 
1 -4.2500000000000009 -8.5000000000000018 10.500000953674316 -1 -0 -0 
1 -9.0000000000000018 -8.5000000000000018 15.000000953674316 -0 -0 -1 
1 -2.0000000000000004 -16.000000000000004 12.000000953674316 -0 -0 -1 
1 -2.0000000000000004 -2.0000000000000004 12.000000953674316 -0 -0 -1 
1 -9.0000000000000018 5.5000000000000009 15.000000953674316 -0 -0 1 
1 -11.250000000000002 5.5000000000000009 10.500000953674316 1 -0 -0 
1 -4.0000000000000009 5.5000000000000009 15.000000953674316 -0 -0 1 
1 -16 -2 12 -0 -0 -1 
1 -16 -16 12 -0 -0 -1 
1 -4 -8.5 15 -0 -0 -1 
1 -4.25 -8.5 10.5 -1 -0 -0 
1 -9 -8.5 15 -0 -0 -1 
1 -2 -16 12 -0 -0 -1 
1 -2 -2 12 -0 -0 -1 
1 -9 5.5 15 -0 -0 1 
1 -11.25 5.5 10.5 1 -0 -0 
1 -4 5.5 15 -0 -0 1 
1 -9.0000000000000018 -9.0000000000000018 10.500000953674316 -0 1 -0 
1 -9.0000000000000018 6.0000000000000018 15.000000953674316 -0 -0 -1 
1 -4.0000000000000009 6.0000000000000018 15.000000953674316 -0 -0 -1 
1 -9.0000000000000018 6.0000000000000018 10.500000953674316 1 -0 -0 
1 -9.0000000000000018 -9.0000000000000018 10.500000953674316 -0 1 -0 
1 -9.0000000000000018 -9.0000000000000018 15.000000953674316 -0 -0 -1 
1 -4.0000000000000009 -9.0000000000000018 10.500000953674316 -0 1 -0 
1 -4.0000000000000009 -9.0000000000000018 15.000000953674316 -0 -0 -1 
1 -9.0000000000000018 -9.0000000000000018 10.500000953674316 1 -0 -0 
1 -4.0000000000000009 -9.0000000000000018 10.500000953674316 -0 1 -0 
1 -9.0999999999999943 5.3500000000000627 -3.3169860511453568e-14 -8.8817841970012504e-16 -1 6.2471843457113607e-15 
1 9.0516355769484225 -8.1987601088092443 0.35000000000003145 -0.99452189536827329 -0.10452846326765362 -3.1086244689504379e-15 
1 -9.0999999999999943 5.3499999999999694 -3.3169860511453568e-14 -8.8817841970012504e-16 -1 6.2471843457113607e-15 
1 -12.9 0.35000000000006665 -1.8284675955573811e-15 8.8817841970012504e-16 1 -6.2471843457113607e-15 
1 -9.0999999999999996 0.35000000000006332 -1.9339387828967657e-15 -1 8.8817841970012504e-16 2.7755575615627527e-17 
1 -12.9 0.34999999999997339 -1.8284675955573811e-15 8.8817841970012504e-16 1 -6.2471843457113607e-15 
1 9.4488437373655074 -11.977943311208683 0.35000000000003328 -0.99452189536827329 -0.10452846326765362 -3.1086244689504379e-15 
1 -9.0999999999999996 0.34999999999997006 -1.9339387828967657e-15 -1 8.8817841970012504e-16 2.7755575615627527e-17 
1 -9 -9 10.5 -0 1 -0 
1 -9 6 15 -0 -0 -1 
1 -4 6 15 -0 -0 -1 
1 -9 6 10.5 1 -0 -0 
1 -9 -9 10.5 -0 1 -0 
1 -9 -9 15 -0 -0 -1 
1 -4 -9 10.5 -0 1 -0 
1 -4 -9 15 -0 -0 -1 
1 -9 -9 10.5 1 -0 -0 
1 -4 -9 10.5 -0 1 -0 
Polygon3D 0
PolygonOnTriangulations 0
Surfaces 49
1 -7.2743872160775913 9.6106199753417147 0 0.09296273491545122 -0.8844813406468911 -0.45722061192002028 0.047792567938296227 -0.45471590956814034 0.88935331113988803 0.99452189536827351 0.10452846326765317 -5.4817261840867104e-16 
1 0.41814987539792331 -11.056167280044109 -1.1304698492841865e-16 -0 -0 -1 1 -0 -0 -0 1 -0 
1 -9.6250000000000018 -9.67180742043241 4.4408920985006262e-16 0.88935331113988791 -0 -0.45722061192002045 0.45722061192002045 3.9495220922164962e-16 0.88935331113988791 -1.8058029077948654e-16 1 -3.5125205501328778e-16 
1 0.62091451688335642 9.3846659326346522 3.0211929999999989 -0.10452846326765318 0.9945218953682734 -3.5381221806952416e-16 0.9945218953682734 0.10452846326765318 -0 -3.6983447440127153e-17 3.5187399771895604e-16 1 
1 11.025709353549953 8.8945783967262155 4.4408920985006262e-16 -0.88448134064689099 -0.092962734915451983 -0.45722061192002045 -0.45471590956814051 -0.047792567938296254 0.88935331113988791 0.10452846326765383 -0.99452189536827329 -2.081668171172168e-16 
2 -37.790645993762368 -15.03254802256898 2.2499999999998854 -0.99452189536827329 -0.10452846326765372 -3.1235921728556804e-15 -0.10452846326765372 0.99452189536827329 -4.4408920985006247e-16 3.1529007707653082e-15 -1.1515215298920742e-16 -1 1.05
1 -13.151394301331917 -27.560774633725803 4.4408920985006262e-16 0.87301338590410205 -0.16969661183340534 -0.45722061192002045 0.44882018149326725 -0.087241805625907651 0.88935331113988791 0.19080899537654428 0.9816271834476642 -3.1918911957973251e-16 
2 -37.790645993762368 -15.03254802256898 2.2499999999998854 -0.99452189536827329 -0.10452846326765372 -3.1235921728556804e-15 -0.10452846326765372 0.99452189536827329 -4.4408920985006247e-16 3.1529007707653082e-15 -1.1515215298920742e-16 -1 1.05
1 11.467843147940052 -20.424820773581793 0 -0.092962734915450526 0.88448134064689121 -0.45722061192002034 -0.047792567938296268 0.45471590956814034 0.88935331113988803 -0.99452189536827351 -0.10452846326765255 -9.0899510141184692e-16 
1 2.6672840106220699 -33.309745538410965 0 0.16969661183340681 0.87301338590410194 -0.45722061192002034 0.087241805625907498 0.44882018149326702 0.88935331113988791 -0.98162718344766398 0.19080899537654555 -1.0963452368173421e-15 
1 8.1410795654377033 -18.906721677724303 4.4408920985006262e-16 -0.87301338590410205 0.16969661183340534 -0.45722061192002045 -0.44882018149326725 0.087241805625907373 0.8893533111398878 -0.19080899537654417 -0.98162718344766409 -5.6898930012039273e-16 
1 -9.0000000000000018 -9.0000000000000018 3.0000009536743164 -0 -0 -1 1 -0 -0 -0 1 -0 
1 0.41814987539792331 -11.056167280044109 -1.1304698492841865e-16 -0 -0 -1 1 -0 -0 -0 1 -0 
1 -8.5749999999999993 -0.55100789987605181 3.021193000000002 -1 -0 1.6654984256653431e-15 1.6654984256653431e-15 -0 1 -0 -1 -0 
1 11.370644640240382 -4.4323724791491736 3.0211929999999994 0.99452189536827329 0.10452846326765364 3.3200330624333833e-15 -0.10452846326765364 0.99452189536827329 -0 3.3018455739365814e-15 3.4703795401396355e-16 -1 
1 0.39865147149085689 -11.00857277919051 4 -0 -0 1 -1 -0 -0 -0 1 -0 
1 -10.498104963214953 -19.413669531161215 3.0211929999999976 -0.98162718344766409 0.19080899537654444 9.6047222676594126e-16 -0.19080899537654444 -0.98162718344766409 -4.9303806576313238e-32 -9.4282564673995695e-16 1.8326674067628189e-16 -1 
1 9.9062275416575076 -19.53316949411737 3.0211930000000002 0.10452846326765262 -0.9945218953682734 -3.9524500612945592e-16 -0.9945218953682734 -0.10452846326765262 -1.2325951644078309e-32 4.1314353104925954e-17 -3.9307981263071135e-16 1 
1 -4.0037568283662068 -30.943374028155102 3.0211929999999967 -0.19080899537654519 -0.98162718344766398 -4.9158832879970142e-15 -0.98162718344766398 0.19080899537654519 -0 -9.3799475157105792e-16 -4.8255646661539499e-15 1 
1 5.6508455531492343 -26.21497984897259 3.0211929999999994 0.98162718344766409 -0.19080899537654408 -4.6731250274421007e-16 0.19080899537654408 0.98162718344766409 -2.4651903288156619e-32 -4.5872665585867773e-16 8.9167429175521196e-17 -1 
1 -16.000000000000004 -16.000000000000004 12.000000953674316 -1 -0 -0 -0 1 -0 -0 -0 1 
1 -2.0000000000000004 -16.000000000000004 12.000000953674316 -0 -1 -0 -1 -0 -0 -0 -0 1 
1 -2.0000000000000004 -2.0000000000000004 12.000000953674316 1 -0 -0 -0 -1 -0 -0 -0 1 
1 -16.000000000000004 -2.0000000000000004 12.000000953674316 -0 1 -0 1 -0 -0 -0 -0 1 
1 -16 -16 12 -1 -0 -0 -0 1 -0 -0 -0 1 
1 -2 -16 12 -0 -1 -0 -1 -0 -0 -0 -0 1 
1 -2 -2 12 1 -0 -0 -0 -1 -0 -0 -0 1 
1 -16 -2 12 -0 1 -0 1 -0 -0 -0 -0 1 
1 -9.0000000000000018 -9.0000000000000018 15.000000953674316 1 -0 -0 -0 -0 -1 -0 -1 -0 
1 -9.0000000000000018 6.0000000000000018 15.000000953674316 -0 1 -0 -0 -0 -1 1 -0 -0 
1 -9.0000000000000018 -9.0000000000000018 15.000000953674316 1 -0 -0 -0 -0 -1 -0 -1 -0 
1 -4.0000000000000009 -9.0000000000000018 15.000000953674316 1 -0 -0 -0 -0 -1 -0 -1 -0 
1 -9.0000000000000018 -9.0000000000000018 15.000000953674316 -0 1 -0 -0 -0 -1 1 -0 -0 
1 -4.0000000000000009 -9.0000000000000018 15.000000953674316 1 -0 -0 -0 -0 -1 -0 -1 -0 
1 9.0516355769484065 -8.1987601088092443 5.3500000000000316 -0.10452846326765362 0.99452189536827329 -4.4408920985006222e-16 3.1529007707653082e-15 -1.1515215298920737e-16 -1 0.99452189536827329 0.10452846326765362 3.1235921728556804e-15 
1 9.2502396571569552 -10.088351710008965 2.8500000000000321 0.99452189536827329 0.10452846326765391 3.184669191848796e-15 -0.10452846326765391 0.99452189536827329 4.9303806576313238e-32 3.1672232407984117e-15 3.3288857663979602e-16 -1 
1 9.4488437373655074 -11.977943311208683 0.35000000000003328 0.10452846326765362 -0.99452189536827329 4.4408920985006222e-16 -3.1529007707653082e-15 1.1515215298920737e-16 1 0.99452189536827329 0.10452846326765362 3.1235921728556804e-15 
1 9.2502396571569552 -10.088351710008965 2.8499999999999388 0.99452189536827329 0.10452846326765391 3.184669191848796e-15 -0.10452846326765391 0.99452189536827329 4.9303806576313238e-32 3.1672232407984117e-15 3.3288857663979602e-16 -1 
1 -9 -9 15 1 -0 -0 -0 -0 -1 -0 -1 -0 
1 -9 6 15 -0 1 -0 -0 -0 -1 1 -0 -0 
1 -9 -9 15 1 -0 -0 -0 -0 -1 -0 -1 -0 
1 -4 -9 15 1 -0 -0 -0 -0 -1 -0 -1 -0 
1 -9 -9 15 -0 1 -0 -0 -0 -1 1 -0 -0 
1 -4 -9 15 1 -0 -0 -0 -0 -1 -0 -1 -0 
1 -9.0000000000000018 -9.0000000000000018 10.500000953674316 -0 -0 -1 1 -0 -0 -0 1 -0 
1 -9.0000000000000018 -9.0000000000000018 10.500000953674316 -0 -0 -1 1 -0 -0 -0 1 -0 
1 -9 -9 10.5 -0 -0 -1 1 -0 -0 -0 1 -0 
1 -9 -9 10.5 -0 -0 -1 1 -0 -0 -0 1 -0 
1 9.0516355769484225 -8.1987601088092443 0.35000000000003162 3.1380150615081551e-15 -1.167167040770676e-16 -1 0.10452846326765372 -0.99452189536827329 4.4408920985006247e-16 0.99452189536827329 0.10452846326765372 3.1086244689504379e-15 
Triangulations 0

TShapes 341
Ve
1.5000000414122e-07
-9.625 9.36356061628183 -1.6073489238809e-16
0 0

0101101
*
Ve
1.50000007397939e-07
10.7513221374724 11.5051983720679 -1.60734892388091e-16
0 0

0101101
*
Ed
 1e-07 1 1 0
1  1 0 -2.36356061628183 18.125
0

0101000
+341 7 -340 7 *
Ve
1.50000008055049e-07
-8.575 8.41813636976909 2.042386
0 0

0101101
*
Ed
 1.5e-07 1 1 0
1  2 0 -4.07313019273263 -1.58965126612783
0

0101000
+341 7 -338 7 *
Ve
1.50000009607118e-07
9.81682903376671 10.3511954955002 2.042386
0 0

0101101
*
Ed
 1.5e-07 1 1 0
1  3 0 -1.4181363697691 17.075
0

0101000
+338 7 -336 7 *
Ed
 1.5e-07 1 1 0
1  4 0 -4.31411434352624 -1.78897264987894
0

0101000
+340 7 -336 7 *
Wi

0101100
-339 0 +337 0 +335 0 -334 0 *
Fa
0  1e-07 1 0

0101000
+333 0 *
Ve
1.50000024924012e-07
-9.62499999999999 -9.41904866891377 -3.23556230657055e-32
0 0

0101101
*
Ed
 1e-07 1 1 0
1  5 0 0.25275875151864 19.0353680367142
0

0101000
+331 7 -341 7 *
Ve
1.50000008911524e-07
14.0784631232818 -20.1504335575042 -1.6073489238809e-16
0 0

0101101
*
Ed
 1e-07 1 1 0
1  6 0 -2.625 29.205
0

0101000
+340 7 -329 7 *
Ve
1.50000032179414e-07
-13.6522679141953 -30.1375459902759 -1.60734892388092e-16
0 0

0101101
*
Ed
 1e-07 1 1 0
1  7 0 -2.625 18.4812791156565
0

0101000
+327 7 -331 7 *
Ve
1.50000004594677e-07
7.77045258840988 -20.8134321808197 -1.60734892388091e-16
0 0

0101101
*
Ed
 1e-07 1 1 0
1  8 0 -2.625 3.71775682038757
0

0101000
+329 7 -325 7 *
Ve
1.50000011422496e-07
5.24405536717219 -33.8106191512744 -1.6073489238809e-16
0 0

0101101
*
Ed
 1e-07 1 1 0
1  9 0 -2.625 16.625
0

0101000
+323 7 -327 7 *
Ed
 1e-07 1 1 0
1  10 0 1.94239782194978 15.1828491762063
0

0101000
+325 7 -323 7 *
Wi

0101100
-339 4 -330 4 -328 4 -326 4 -324 4 -322 4 -321 4 *
Ve
5.76837158316172e-07
5.14698200286182 -33.4319652303922 4.76837158203125e-07
0 0

0101101
*
Ve
5.76837158316172e-07
8.58153545706151 -15.7626742833778 4.76837158203125e-07
0 0

0101101
*
Ed
 5.76837158316172e-07 1 1 0
1  11 0 0 18
0

0101000
+319 17 -318 17 *
Ve
5.76837158316172e-07
-9.08775548995288 -12.3281208291781 4.76837158203125e-07
0 0

0101101
*
Ed
 5.76837158316172e-07 1 1 0
1  12 0 0 18
0

0101000
+318 17 -316 17 *
Ve
5.76837158316172e-07
-12.5223089441526 -29.9974117761925 4.76837158203125e-07
0 0

0101101
*
Ed
 5.76837158316172e-07 1 1 0
1  13 0 0 18
0

0101000
+314 17 -316 17 *
Ed
 5.76837158316172e-07 1 1 0
1  14 0 0 18
0

0101000
+319 17 -314 17 *
Wi

0101100
-317 16 -315 16 +313 16 +312 16 *
Ve
1.00000000113047e-07
-9 -9 0
0 0

0101101
*
Ve
1.00000000113047e-07
9 -9 0
0 0

0101101
*
Ed
 1.00000000113047e-07 1 1 0
1  15 0 0 18
0

0101000
+310 21 -309 21 *
Ve
1.00000000113047e-07
9 9 0
0 0

0101101
*
Ed
 1.00000000113047e-07 1 1 0
1  16 0 0 18
0

0101000
+309 21 -307 21 *
Ve
1.00000000113047e-07
-9 9 0
0 0

0101101
*
Ed
 1.00000000113047e-07 1 1 0
1  17 0 0 18
0

0101000
+305 21 -307 21 *
Ed
 1.00000000113047e-07 1 1 0
1  18 0 0 18
0

0101000
+310 21 -305 21 *
Wi

0101100
-308 20 -306 20 +304 20 +303 20 *
Fa
0  1e-07 2 4

0101000
+320 0 +311 0 +302 0 *
Ve
1.50000099575061e-07
-8.57499999999999 -9.52015216952115 2.042386
0 0

0101101
*
Ed
 1.5e-07 1 1 0
1  19 0 -2.69957895445703 -0.400870079712109
0

0101000
+300 7 -331 7 *
Ed
 1.5e-07 1 1 0
1  20 0 0.151655250911262 18.0899437902015
0

0101000
+300 7 -338 7 *
Wi

0101100
-330 0 -299 0 +298 0 -337 0 *
Fa
0  1e-07 3 0

0101000
+297 0 *
Ve
1.500000075886e-07
9.81682903376671 10.3511954955002 4
0 0

0101101
*
Ed
 1e-07 1 1 0
1  21 0 -4.44089209850063e-15 1.957614
0

0101000
+336 7 -295 7 *
Ve
1.50000007793734e-07
-8.575 8.41813636976909 4
0 0

0101101
*
Ed
 1.5e-07 1 1 0
1  22 0 -1.4181363697691 17.075
0

0101000
+293 7 -295 7 *
Ed
 1e-07 1 1 0
1  23 0 -0.193882759508251 1.76373124049175
0

0101000
+338 7 -293 7 *
Wi

0101000
+335 0 +294 0 -292 0 -291 0 *
Fa
0  1.5e-07 4 0

0111000
+290 0 *
Ve
1.5000000549308e-07
12.9244602467141 -19.2159404537986 2.042386
0 0

0101101
*
Ed
 1.5e-07 1 1 0
1  24 0 -6.61774744840677 -4.09260575475947
0

0101000
+329 7 -288 7 *
Ve
1.50000042653376e-07
12.043036770506 -10.8297562626475 2.042386
0 0

0101101
*
Ed
 1.5e-07 1 1 0
1  25 0 19.722622361853 28.155
0

0101000
+286 7 -288 7 *
Ve
1.50000030831435e-07
11.8278607787966 -8.78249345572506 2.042386
0 0

0101101
*
Ed
 1e-07 1 1 0
1  26 0 1.76983555512947 4.51334975205011
2  1 6 0 1.76983555512947 4.51334975205011
0

0101000
+286 22 -284 22 *
Ed
 1.5e-07 1 1 0
1  27 0 -1.575 17.66408265905
0

0101000
+336 7 -284 7 *
Wi

0101100
-328 6 -287 6 +285 6 -283 0 +282 6 +334 6 *
Fa
0  1e-07 5 6

0101000
+281 0 *
Ve
1.50000036588208e-07
-8.85415118253141 -10.9562605066761 2.042386
0 0

0101101
*
Ed
 1.5e-07 1 1 0
1  28 0 17.1193950774399 18.582382616264
0

0101000
+279 7 -300 7 *
Ve
1.50000039082374e-07
-9.26488624390731 -13.0693092161773 2.042386
0 0

0101101
*
Ed
 1e-07 1 1 0
1  29 0 4.39434080438247 7.13785500130322
2  2 8 0 4.39434080438247 7.13785500130322
0

0101000
+279 22 -277 22 *
Ve
1.50000014458497e-07
-12.4212099264299 -29.3071868928012 2.04238599999999
0 0

0101101
*
Ed
 1.5e-07 1 1 0
1  30 0 -1.57499999999998 14.9667970798174
0

0101000
+275 7 -277 7 *
Ed
 1.5e-07 1 1 0
1  31 0 -4.00225065604241 -1.47710896239512
0

0101000
+327 7 -275 7 *
Wi

0101100
-326 6 +299 6 +278 6 -276 0 +274 6 +273 6 *
Fa
0  1e-07 7 6

0101000
+272 0 *
Ve
1.50000004440892e-07
6.88799483660096 -19.8503985344362 2.042386
0 0

0101101
*
Ed
 1.5e-07 1 1 0
1  32 0 -1.57500000000001 4.49471594916748
0

0101000
+288 7 -270 7 *
Ed
 1.5e-07 1 1 0
1  33 0 -2.70884081823025 -0.284483983770757
0

0101000
+270 7 -325 7 *
Wi

0101100
-324 0 +287 0 +269 0 +268 0 *
Fa
0  1e-07 9 0

0101000
+267 0 *
Ve
1.50000008792518e-07
4.41369626969751 -32.579561163509 2.042386
0 0

0101101
*
Ed
 1.5e-07 1 1 0
1  34 0 -3.702414340165 -1.1772726465177
0

0101000
+323 7 -265 7 *
Ed
 1.5e-07 1 1 0
1  35 0 -1.575 15.575
0

0101000
+265 7 -275 7 *
Wi

0101100
-322 0 +264 0 +263 0 -273 0 *
Fa
0  1e-07 10 0

0101000
+262 0 *
Ed
 1.5e-07 1 1 0
1  36 0 1.16543869316986 14.1328491762063
0

0101000
+270 7 -265 7 *
Wi

0101100
-321 0 -268 0 +260 0 -264 0 *
Fa
0  1e-07 11 0

0101000
+259 0 *
Wi

0101100
-312 16 -313 16 +317 16 +315 16 *
Ve
1e-07
3.56534450366019 -31.0870936302573 4.76837158203125e-07
0 0

0101101
*
Ve
1e-07
-10.1774373440177 -28.4157742769909 4.76837158203125e-07
0 0

0101101
*
Ed
 1e-07 1 1 0
1  37 0 0 14
0

0101000
+256 30 -255 30 *
Ve
1e-07
6.23666385692662 -17.3443117825794 4.76837158203125e-07
0 0

0101101
*
Ed
 1e-07 1 1 0
1  38 0 0 14
0

0101000
+253 30 -256 30 *
Ve
1e-07
-7.50611799075125 -14.672992429313 4.76837158203125e-07
0 0

0101101
*
Ed
 1e-07 1 1 0
1  39 0 0 14
0

0101000
+251 30 -253 30 *
Ed
 1e-07 1 1 0
1  40 0 0 14
0

0101000
+255 30 -251 30 *
Wi

0101100
+254 29 +252 29 +250 29 +249 29 *
Fa
0  1e-07 12 16

0101000
+257 0 +248 0 *
Wi

0101100
-303 20 -304 20 +306 20 +308 20 *
Ve
1.00000000113047e-07
-7 -7 0
0 0

0101101
*
Ve
1.00000000113047e-07
-7 7 0
0 0

0101101
*
Ed
 1.00000000113047e-07 1 1 0
1  41 0 0 14
0

0101000
+245 32 -244 32 *
Ve
1.00000000113047e-07
7 -7 0
0 0

0101101
*
Ed
 1.00000000113047e-07 1 1 0
1  42 0 0 14
0

0101000
+242 32 -245 32 *
Ve
1.00000000113047e-07
7 7 0
0 0

0101101
*
Ed
 1.00000000113047e-07 1 1 0
1  43 0 0 14
0

0101000
+240 32 -242 32 *
Ed
 1.00000000113047e-07 1 1 0
1  44 0 0 14
0

0101000
+244 32 -240 32 *
Wi

0101100
+243 31 +241 31 +239 31 +238 31 *
Fa
0  1e-07 13 4

0101000
+246 0 +237 0 *
Ve
1.50000002512148e-07
-8.575 -9.52015216952124 4
0 0

0101101
*
Ed
 1.5e-07 1 1 0
1  45 0 0.151655250911164 18.0899437902015
0

0101000
+235 7 -293 7 *
Ed
 1e-07 1 1 0
1  46 0 -1.957614 2.66453525910038e-15
0

0101000
+235 7 -300 7 *
Wi

0101000
+298 0 +291 0 -234 0 +233 0 *
Fa
0  1.5e-07 14 0

0111000
+232 0 *
Ve
1.50000011546319e-07
12.924460246714 -19.2159404537986 4
0 0

0101101
*
Ed
 1.5e-07 1 1 0
1  47 0 -1.575 28.155
0

0101000
+295 7 -230 7 *
Ed
 1e-07 1 1 0
1  48 0 -8.88178419700126e-16 1.957614
0

0101000
+288 7 -230 7 *
Ve
1.50000009607118e-07
11.8256938882203 -8.76187686904961 2.25000000000004
0 0

0101101
*
Ed
 1.5e-07 1 1 0
1  49 0 2.11471052309267e-17 3.34063188192437
2  3 6 0 2.11471052309267e-17 3.34063188192437
0

0101000
+227 22 -286 22 *
Ed
 1.5e-07 1 1 0
1  50 0 6.08414607884501 6.28318530717959
2  4 6 0 6.08414607884501 6.28318530717959
0

0101000
+284 22 -227 22 *
Wi

0101100
-294 6 -229 6 +228 6 +285 6 +226 0 +225 0 +282 6 *
Fa
0  1.5e-07 15 6

0111000
+224 0 *
Ve
1.50000029039496e-07
-12.4212099264299 -29.3071868928012 4
0 0

0101101
*
Ed
 1.5e-07 1 1 0
1  51 0 -1.575 18.5823826162639
0

0101000
+222 7 -235 7 *
Ve
1.50000005102197e-07
6.88799483660096 -19.8503985344362 4
0 0

0101101
*
Ed
 1.5e-07 1 1 0
1  52 0 -1.575 4.49471594916749
0

0101000
+230 7 -220 7 *
Ve
1.50000010395862e-07
4.41369626969751 -32.579561163509 4
0 0

0101101
*
Ed
 1.5e-07 1 1 0
1  53 0 -1.575 15.575
0

0101000
+218 7 -222 7 *
Ed
 1.5e-07 1 1 0
1  54 0 1.16543869316987 14.1328491762063
0

0101000
+220 7 -218 7 *
Wi

0101100
+292 6 +234 6 +229 6 +221 6 +219 6 +217 6 +216 6 *
Ve
2.00000003552714e-07
-10.1774373440177 -28.4157742769909 4
0 0

0101101
*
Ve
2e-07
-9.31879898046776 -23.9984515402373 4
0 0

0101101
*
Ed
 2e-07 1 1 0
1  55 0 -9.55269583919909 -5.05269583919908
0

0101000
+214 33 -213 33 *
Ve
2.000000037943e-07
3.56534450366019 -31.0870936302573 4
0 0

0101101
*
Ed
 2e-07 1 1 0
1  56 0 -3.46983260193153 10.5301673980685
0

0101000
+211 33 -214 33 *
Ve
2.00000003972055e-07
-9.80961261788482 -23.9030472776206 4
0 0

0101101
*
Ed
 2e-07 1 1 0
1  57 0 -11.2801673980685 -10.7801673980685
0

0101000
+209 33 -213 33 *
Ve
2.00000003972055e-07
4.42398286721011 -26.6697708935037 4
0 0

0101101
*
Ed
 2e-07 1 1 0
1  58 0 12.0526958391991 16.5526958391991
0

0101000
+207 33 -211 33 *
Ve
2.00000003552714e-07
-8.85556999171824 -18.99491090345 4
0 0

0101101
*
Ed
 2e-07 1 1 0
1  59 0 -7.30269583919909 -2.30269583919909
0

0101000
+209 33 -205 33 *
Ve
2.00000000888178e-07
4.91479650462718 -26.7651751561204 4
0 0

0101101
*
Ed
 2e-07 1 1 0
1  60 0 3.21983260193153 3.71983260193153
0

0101000
+207 33 -203 33 *
Ve
2.00000003552714e-07
-8.36475635430117 -19.0903151660666 4
0 0

0101101
*
Ed
 2e-07 1 1 0
1  61 0 -11.2801673980685 -10.7801673980685
0

0101000
+205 33 -201 33 *
Ve
2e-07
5.86883913079376 -21.8570387819497 4
0 0

0101101
*
Ed
 2e-07 1 1 0
1  62 0 -7.30269583919909 -2.30269583919909
0

0101000
+203 33 -199 33 *
Ve
2.00000003552714e-07
-7.50611799075125 -14.672992429313 4
0 0

0101101
*
Ed
 2e-07 1 1 0
1  63 0 -0.0526958391990865 4.44730416080091
0

0101000
+201 33 -197 33 *
Ve
2.00000003972055e-07
5.37802549337669 -21.761634519333 4
0 0

0101101
*
Ed
 2e-07 1 1 0
1  64 0 3.21983260193153 3.71983260193153
0

0101000
+195 33 -199 33 *
Ve
2.00000001776357e-07
6.23666385692662 -17.3443117825794 4
0 0

0101101
*
Ed
 2e-07 1 1 0
1  65 0 -3.53016739806847 10.4698326019315
0

0101000
+197 33 -193 33 *
Ed
 2e-07 1 1 0
1  66 0 2.55269583919909 7.05269583919909
0

0101000
+193 33 -195 33 *
Wi

0101100
-212 5 -210 5 +208 5 -206 5 -204 5 +202 5 -200 5 +198 5 -196 5 -194 5 
-192 5 -191 5 *
Ve
2.00000001776357e-07
-5.86619285357569 -9.76668705782405 4
0 0

0101101
*
Ve
2.00000001776357e-07
9.05163557694841 -8.19876010880924 4
0 0

0101101
*
Ed
 2e-07 1 1 0
1  67 0 -10.5503562231719 4.44964377682807
0

0101000
+189 22 -188 22 *
Ve
2.00000003972055e-07
9.4488437373655 -11.9779433112087 4
0 0

0101101
*
Ed
 2e-07 1 1 0
1  68 0 -1.89496854567723 1.90503145432277
0

0101000
+188 22 -186 22 *
Ve
2.00000001986027e-07
-5.46898469315861 -13.5458702602235 4
0 0

0101101
*
Ed
 2e-07 1 1 0
1  69 0 -4.44964377682806 10.5503562231719
0

0101000
+186 22 -184 22 *
Ed
 2e-07 1 1 0
1  70 0 -1.89496854567723 1.90503145432277
0

0101000
+189 22 -184 22 *
Wi

0101100
-187 0 -185 0 -183 0 +182 0 *
Ve
2.00000000888178e-07
-7 7 4
0 0

0101101
*
Ve
2.00000000888178e-07
-2.5 7 4
0 0

0101101
*
Ed
 2e-07 1 1 0
1  71 0 -3.69932573574543 0.800674264254571
0

0101000
+180 33 -179 33 *
Ve
2e-07
-7 -7 4
0 0

0101101
*
Ed
 2e-07 1 1 0
1  72 0 2.00428638959525 16.0042863895953
0

0101000
+177 33 -180 33 *
Ve
2.00000000888178e-07
-2.5 7.5 4
0 0

0101101
*
Ed
 2e-07 1 1 0
1  73 0 -16.7542863895953 -16.2542863895953
0

0101000
+175 33 -179 33 *
Ve
2.00000000444089e-07
-2.5 -7 4
0 0

0101101
*
Ed
 2e-07 1 1 0
1  74 0 6.19932573574543 10.6993257357454
0

0101000
+173 33 -177 33 *
Ve
2.00000000888178e-07
2.5 7.5 4
0 0

0101101
*
Ed
 2e-07 1 1 0
1  75 0 -1.44932573574543 3.55067426425457
0

0101000
+175 33 -171 33 *
Ve
2e-07
-2.5 -7.5 4
0 0

0101101
*
Ed
 2e-07 1 1 0
1  76 0 -2.25428638959525 -1.75428638959525
0

0101000
+173 33 -169 33 *
Ve
2.00000000993014e-07
2.5 7 4
0 0

0101101
*
Ed
