<?xml version='1.0' encoding='utf-8'?>
<!-- FreeCAD DocumentObject -->
<Document SchemaVersion="4" FileVersion="2">
<Object name="Mirrored">
  <Properties Count="27" TransientCount="2">
    <_Property name="_Body" type="App::PropertyLinkHidden" status="251658240"/>
    <_Property name="_ElementMapVersion" type="App::PropertyString" status="234881024"/>
    <Property name="AddSubShape" type="Part::PropertyPartShape">
      <Part HasherIndex="0" ElementMap="1.15.70200.4" brep="1">
<![CDATA[

CASCADE Topology V1, (c) Matra-Datavision
Locations 50
1
              1               0               0              -0 
              0               1               0              -0 
              0               0               1              -0 
1
              1               0               0               0 
              0               1               0               0 
              0               0               1               0 
2  1 1 2 1 0
1
              1               0               0               0 
              0               1               0               0 
              0               0               1               0 
1
              1               0               0               0 
              0               1               0               0 
              0               0               1               0 
2  1 -1 4 -1 5 -1 0
1
              1               0               0               0 
              0               1               0               0 
              0               0               1               0 
1
              1               0               0               0 
              0               1               0               0 
              0               0               1               0 
1
              1               0               0               0 
              0               1               0               0 
              0               0               1               0 
1
              1               0               0               0 
              0               1               0               0 
              0               0               1               0 
1
0.190808525233316 -0.981627274834133               0 -1.97038674354553 
0.981627274834133 0.190808525233316               0 -22.8800430297852 
              0               0               1 -3.00000047683716 
1
              1               0               0               0 
              0               1               0               0 
              0               0               1               0 
1
              1               0               0               0 
              0               1               0               0 
              0               0               1               0 
1
              1               0               0               0 
              0               1               0               0 
              0               0               1               0 
2  7 1 8 1 9 1 10 1 11 1 12 1 13 1 14 1 0
2  1 -1 4 -1 14 -1 13 -1 12 -1 11 -1 10 -1 9 -1 8 -1 7 -1 0
1
-4.44089209850063e-16               1               0               0 
             -1 -4.44089209850063e-16               0               0 
              0               0               1              -3 
1
              1               0               0               0 
              0               1               0               0 
              0               0               1               0 
2  7 1 8 1 9 1 10 1 17 1 18 1 13 1 14 1 0
2  1 -1 4 -1 14 -1 13 -1 18 -1 17 -1 10 -1 9 -1 8 -1 7 -1 0
2  5 1 4 1 0
1
              1               0               0               0 
              0               1               0               0 
              0               0               1               0 
1
              1               0               0               0 
              0               1               0               0 
              0               0               1              -3 
1
              1               0               0               0 
              0               1               0               0 
              0               0               1               6 
1
              1               0               0            -2.5 
              0               1               0            -7.5 
              0               0               1              -3 
1
              1               0               0            -2.5 
              0               1               0            -7.5 
              0               0               1              -3 
1
              1               0               0              -9 
              0               1               0              -9 
              0               0               1               3 
2  22 1 23 1 24 1 25 -1 26 1 27 -1 7 1 8 1 9 1 10 1 11 1 12 1 13 1 14 1 0
2  1 -1 4 -1 14 -1 13 -1 12 -1 11 -1 10 -1 9 -1 8 -1 7 -1 27 1 26 -1 25 1 24 -1 23 -1 22 -1 0
2  22 1 23 1 24 1 25 -1 26 1 27 -1 7 1 8 1 9 1 10 1 17 1 18 1 13 1 14 1 0
2  1 -1 4 -1 14 -1 13 -1 18 -1 17 -1 10 -1 9 -1 8 -1 7 -1 27 1 26 -1 25 1 24 -1 23 -1 22 -1 0
2  1 -1 0
2  25 -1 26 1 27 -1 7 1 8 1 9 1 10 1 11 1 12 1 13 1 14 1 0
2  1 -1 4 -1 0
2  1 -1 4 -1 14 -1 13 -1 12 -1 11 -1 10 -1 9 -1 8 -1 7 -1 27 1 26 -1 25 1 0
2  26 1 27 -1 7 1 8 1 9 1 10 1 11 1 12 1 13 1 14 1 0
2  1 -1 4 -1 14 -1 13 -1 12 -1 11 -1 10 -1 9 -1 8 -1 7 -1 27 1 26 -1 0
2  25 -1 26 1 27 -1 7 1 8 1 9 1 10 1 17 1 18 1 13 1 14 1 0
2  1 -1 4 -1 14 -1 13 -1 18 -1 17 -1 10 -1 9 -1 8 -1 7 -1 27 1 26 -1 25 1 0
2  26 1 27 -1 7 1 8 1 9 1 10 1 17 1 18 1 13 1 14 1 0
2  1 -1 4 -1 14 -1 13 -1 18 -1 17 -1 10 -1 9 -1 8 -1 7 -1 27 1 26 -1 0
2  26 1 27 -1 7 1 8 1 9 1 10 1 11 1 12 1 13 1 14 1 4 1 0
2  26 1 27 -1 7 1 8 1 9 1 10 1 17 1 18 1 13 1 14 1 4 1 0
1
              1               0               0               0 
              0               1               0               0 
              0               0               1               0 
1
-0.104528463267654 -6.07071206434638e-17 0.994521895368273 11.0839922473176 
0.994521895368273 4.94363466807198e-17 0.104528463267654  1.164974528845 
-5.55111512312578e-17               1 5.52070553365854e-17 -1.49880108324396e-16 
2  44 1 45 1 0
2  1 -1 45 -1 44 -1 0
1
              1               0               0 -14.9178284305241 
              0               1               0 -1.5679269490148 
              0               0               1 -8.32667268468867e-16 
2  44 1 45 1 48 1 0
2  1 -1 48 -1 45 -1 44 -1 0
Curve2ds 6
7 0 0  8 23 4  6.2831853071795862 -26.210403577310792  6.0868357663302239 -26.210403577310792  5.8904862254808332 -26.196259075835517  5.6941366846317862 -26.167971782801942  5.4977871437822259 -26.126699835971522  5.3014376029326336 -26.074778949928941  5.1050880620835111 -26.015449308148334  4.9087385212340511 -25.952417944653568  4.4178646691106467 -25.794838987467653  4.123340357840128 -25.700291270568414  3.8288160465556516 -25.618243931952748  3.5342917353020979 -25.561179542142781  3.2397674240085266 -25.538173539200216  2.945243112744059 -25.55118633793245  2.6507188014663901 -25.595537822280114  2.0616701789183036 -25.729248001318275  1.7671458676425331 -25.818607180517574  1.4726215563889795 -25.921626840659883  1.1780972450972271 -26.025334077741718  0.88357293384185454 -26.114933868841035  0.58904862254737367 -26.178578331091558  0.29452431127404388 -26.2104035773108  8.8817841970012523e-16 -26.2104035773108 
 3.141592653589794 9 4.712388980384679 7 7.0685834705770283 7 9.4247779607693793 9
1 6.2831853071795862 -49.999999999999979 -1 0 
1 0 0 0 -1 
1 6.2831853071795862 0 0 -1 
1 6.2831853071795862 -32.299999999999997 -1 0 
1 6.2831853071795862 -47.299999999999997 -1 0 
Curves 148
1 -7.2743872160775913 9.6106199753417165 -5.8286708792820709e-16 0.9945218953682734 0.10452846326765322 -8.6281661508548166e-32 
1 -9.625 -9.6718074204323479 0 -0 1 -0 
1 14.009275039654776 9.2081637865291768 -2.6139730315202703e-16 0.10452846326765326 -0.9945218953682734 4.7763062620803449e-32 
1 -13.151394301331926 -27.560774633725796 -2.6139730315202703e-16 0.19080899537654469 0.98162718344766398 2.4651903288156619e-32 
1 14.451408834044873 -20.111235383778833 -5.8286708792820718e-16 -0.9945218953682734 -0.10452846326765315 -2.4035605705952703e-31 
1 2.6672840106220583 -33.309745538410965 -5.8286708792820718e-16 -0.98162718344766398 0.19080899537654489 -2.8349688781380112e-31 
1 8.1410795654377015 -18.906721677724299 -2.6139730315202693e-16 -0.19080899537654464 -0.98162718344766409 1.8488927466117464e-32 
1 -9.0000000000000018 -9.0000000000000018 3.0000009536743164 1 -0 -0 
1 9.0000000000000018 -9.0000000000000018 3.0000009536743164 -0 1 -0 
1 -9.0000000000000018 9.0000000000000018 3.0000009536743164 1 -0 -0 
1 -9.0000000000000018 -9.0000000000000018 3.0000009536743164 -0 1 -0 
1 -9 -9 3 1 -0 -0 
1 9 -9 3 -0 1 -0 
1 -9 9 3 1 -0 -0 
1 -9 -9 3 -0 1 -0 
1 13.734887823577186 11.818783761870883 -1.121201896960319e-15 7.5824434432183093e-17 2.3123715787997611e-16 1 
1 -7.2743872160775913 9.6106199753417165 1.2 0.99452189536827351 0.10452846326765286 -4.4408920985006257e-16 
1 -9.625 9.3635606162818341 0.76507575950776008 -0 2.2326768868452908e-16 1 
1 -9.625 -9.6718074204323479 1.2000000000000004 -0 1 -4.4408920985006262e-16 
1 -9.6249999999999964 -9.4190486689137547 -4.3557930101692311e-15 -0 -5.2188275932056476e-16 -1 
1 17.0620288093866 -19.836848167701248 -3.1510603900687625e-15 1.222443970915568e-16 -2.1041928481270781e-16 1 
1 14.009275039654774 9.208163786529175 1.2000000000000004 0.10452846326765372 -0.99452189536827329 -4.4408920985006271e-16 
1 14.009275039654774 9.208163786529175 1.2000000000000004 0.10452846326765372 -0.99452189536827329 -4.4408920985006271e-16 
1 -13.151394301331926 -27.560774633725792 1.2000000000000004 0.19080899537654444 0.98162718344766409 -4.4408920985006281e-16 
1 -13.151394301331926 -27.560774633725792 1.2000000000000004 0.19080899537654444 0.98162718344766409 -4.4408920985006281e-16 
1 -13.652267914195352 -30.137545990275889 -8.9714706568715201e-16 -1.4011846931031338e-16 -1.9896427468142203e-16 1 
1 7.770452588409877 -20.813432180819738 1.4784890754875984e-16 -5.9255490902874207e-17 2.1703968562789064e-16 -1 
1 14.451408834044871 -20.111235383778833 1.2 -0.99452189536827351 -0.10452846326765207 -4.4408920985006242e-16 
1 2.6672840106220583 -33.309745538410965 1.2 -0.98162718344766375 0.19080899537654616 -4.4408920985006232e-16 
1 5.2440553671721784 -33.810619151274402 -1.5942889201345244e-15 5.5382253321259312e-17 -2.3696576558319477e-16 1 
1 8.1410795654377015 -18.906721677724303 1.2000000000000004 -0.19080899537654444 -0.98162718344766409 -4.4408920985006281e-16 
1 -16.000000000000004 -16.000000000000004 3.0000009536743164 -0 1 -0 
1 -2.0000000000000004 -16.000000000000004 3.0000009536743164 -1 -0 -0 
1 -2.0000000000000004 -2.0000000000000004 3.0000009536743164 -0 -1 -0 
1 -16.000000000000004 -2.0000000000000004 3.0000009536743164 1 -0 -0 
1 -16 -16 3 -0 1 -0 
1 -2 -16 3 -1 -0 -0 
1 -2 -2 3 -0 -1 -0 
1 -16 -2 3 1 -0 -0 
1 -34.80708030765755 -14.718962632766015 1.1999999999999962 -0.9945218953682734 -0.10452846326765351 5.5207055336585398e-17 
1 -12.120685758711877 -27.761124078871166 1.2000000000000002 0.19080899537654469 0.98162718344766398 2.4651903288156619e-32 
1 -8.5749999999999993 -9.6718074204323479 1.2000000000000002 -0 1 -0 
1 -7.1646323296465546 8.5663719852050288 1.2 0.9945218953682734 0.10452846326765322 -8.6281661508548166e-32 
1 12.965027049518087 9.0984089000981392 1.2000000000000002 0.10452846326765326 -0.9945218953682734 4.7763062620803449e-32 
1 -34.80708030765755 -14.718962632766015 1.1999999999999962 -0.9945218953682734 -0.10452846326765351 5.5207055336585398e-17 
1 12.965027049518087 9.0984089000981392 1.2000000000000002 0.10452846326765326 -0.9945218953682734 4.7763062620803449e-32 
1 14.341653947613835 -19.066987393642147 1.2 -0.9945218953682734 -0.10452846326765315 -2.4035605705952703e-31 
1 7.1103710228176533 -18.706372232578929 1.2000000000000002 -0.19080899537654464 -0.98162718344766409 1.8488927466117464e-32 
1 2.8676334557674301 -32.279036995790918 1.2 -0.98162718344766398 0.19080899537654489 -2.8349688781380112e-31 
1 -12.120685758711877 -27.761124078871166 1.2000000000000002 0.19080899537654469 0.98162718344766398 2.4651903288156619e-32 
1 0.73596355206049457 -30.537119092529434 4 -0.98162727483413326 0.19080852523331637 -0 
1 -16.000000000000004 -2.0000000000000004 12.000000953674316 -0 -0 -1 
1 -16.000000000000004 -16.000000000000004 12.000000953674316 -0 -0 -1 
1 6.7831340041067651 -14.532959403545419 4 -0.19080852523331637 -0.98162727483413326 -0 
1 -4.0000000000000009 -8.5000000000000018 15.000000953674316 -0 -0 -1 
1 -4.2500000000000009 -8.5000000000000018 10.500000953674316 -1 -0 -0 
1 -9.0000000000000018 -8.5000000000000018 15.000000953674316 -0 -0 -1 
1 6.7831340041067651 -14.532959403545419 4 -0.19080852523331637 -0.98162727483413326 -0 
1 -2.0000000000000004 -16.000000000000004 12.000000953674316 -0 -0 -1 
1 -3.4641080185120092 -15.458677568218356 4 0.98162727483413326 -0.19080852523331637 -0 
1 -2.0000000000000004 -2.0000000000000004 12.000000953674316 -0 -0 -1 
1 -8.2953075202043163 -18.733030974117924 4 0.19080852523331637 0.98162727483413326 -0 
1 -9.0000000000000018 5.5000000000000009 15.000000953674316 -0 -0 1 
1 -11.250000000000002 5.5000000000000009 10.500000953674316 1 -0 -0 
1 -4.0000000000000009 5.5000000000000009 15.000000953674316 -0 -0 1 
1 -8.2953075202043163 -18.733030974117924 4 0.19080852523331637 0.98162727483413326 -0 
1 -2.6645788759562281 7.0000000000000027 4 1 -4.4408920985006262e-16 -0 
1 -16 -2 12 -0 -0 -1 
1 -16 -16 12 -0 -0 -1 
1 -7.0000000000000053 -8.8108289745278192 4 4.4408920985006262e-16 1 -0 
1 -4 -8.5 15 -0 -0 -1 
1 -4.25 -8.5 10.5 -1 -0 -0 
1 -9 -8.5 15 -0 -0 -1 
1 -7.0000000000000053 -8.8108289745278192 4 4.4408920985006262e-16 1 -0 
1 -2 -16 12 -0 -0 -1 
1 4.3354211240437657 -7.0000000000000018 4 -1 4.4408920985006262e-16 -0 
1 -2 -2 12 -0 -0 -1 
1 7 -1.8108289745278263 4 -4.4408920985006262e-16 -1 -0 
1 -9 5.5 15 -0 -0 1 
1 -11.25 5.5 10.5 1 -0 -0 
1 -4 5.5 15 -0 -0 1 
1 7 -1.8108289745278263 4 -4.4408920985006262e-16 -1 -0 
1 -12.421209926429929 -29.307186892801212 1.1999999999999988 -1.4011846931031338e-16 -1.9896427468142203e-16 1 
1 -12.120685758711877 -27.761124078871163 4 0.19080899537654469 0.98162718344766398 2.4651903288156619e-32 
1 -8.5749999999999957 -9.5201521695211788 1.1999999999999953 -0 -5.2188275932056476e-16 -1 
3 -9.0595187132193686 -12.012784861426688 2.2500000000000009 0.98162718344766409 -0.19080899537654461 1.9907897184451596e-16 -0.19080899537654461 -0.98162718344766409 8.399828675508247e-16 3.5145043324507028e-17 -8.6253607503645565e-16 -1 1.0979763443115051 1.05
3 -9.0595187132193686 -12.012784861426688 2.2500000000000009 0.98162718344766409 -0.19080899537654461 1.9907897184451596e-16 -0.19080899537654461 -0.98162718344766409 8.399828675508247e-16 3.5145043324507028e-17 -8.6253607503645565e-16 -1 1.0979763443115051 1.05
1 -8.5749999999999993 8.4181363697690994 1.8150757595082494 -0 2.2326768868452908e-16 1 
1 -8.5749999999999993 -9.6718074204323461 4 -0 1 -0 
1 12.800394719871534 10.664780885303159 1.1999999999999984 7.5824434432183093e-17 2.3123715787997611e-16 1 
1 -7.1646323296465537 8.5663719852050288 4 0.9945218953682734 0.10452846326765322 -8.6281661508548166e-32 
1 12.965027049518087 9.0984089000981392 4 0.10452846326765326 -0.9945218953682734 4.7763062620803449e-32 
1 15.908025932818877 -18.902355063995593 1.1999999999999966 1.222443970915568e-16 -2.1041928481270781e-16 1 
2 14.919014460756095 -9.4925394693833418 2.2499999999999996 0.9945218953682734 0.10452846326765351 -5.5207055336585385e-17 -0.10452846326765351 0.9945218953682734 5.5511151231257815e-17 6.0707120643463738e-17 -4.9436346680719793e-17 1 1.05
2 14.919014460756095 -9.4925394693833418 2.2499999999999996 0.9945218953682734 0.10452846326765351 -5.5207055336585385e-17 -0.10452846326765351 0.9945218953682734 5.5511151231257815e-17 6.0707120643463738e-17 -4.9436346680719793e-17 1 1.05
1 6.8879948366009582 -19.850398534436184 1.1999999999999997 -5.9255490902874207e-17 2.1703968562789064e-16 -1 
1 14.341653947613834 -19.066987393642147 4 -0.9945218953682734 -0.10452846326765315 -2.4035605705952703e-31 
1 4.4136962696975015 -32.579561163508977 1.199999999999998 5.5382253321259312e-17 -2.3696576558319477e-16 1 
1 7.1103710228176524 -18.706372232578932 4 -0.19080899537654464 -0.98162718344766409 1.8488927466117464e-32 
1 2.8676334557674292 -32.279036995790918 4 -0.98162718344766398 0.19080899537654489 -2.8349688781380112e-31 
1 1.8400087343189524 -26.167498487084163 4 0.98162727483413326 -0.19080852523331637 -0 
1 -8.3568019758464214 -16.428965343124464 4 0.19080852523331637 0.98162727483413326 -0 
1 1.8400087343189524 -26.167498487084163 4 0.98162727483413326 -0.19080852523331637 -0 
1 2.7940513604855335 -21.259362112913497 4 0.98162727483413326 -0.19080852523331637 -0 
1 6.3676071466655788 -19.291093221624209 4 0.19080852523331637 0.98162727483413326 -0 
1 2.7940513604855335 -21.259362112913497 4 0.98162727483413326 -0.19080852523331637 -0 
1 6.7674065695901859 -8.4388422517993096 4 0.9945218953682734 0.1045284632676534 -0 
1 12.220118489137702 -9.6445446018378043 4 0.10452846326765364 -0.99452189536827329 -0 
1 7.1646147300072691 -12.218025454198749 4 -0.9945218953682734 -0.1045284632676534 -0 
1 -2.6977099413863965 -11.212471550852607 4 0.10452846326765364 -0.99452189536827329 -0 
1 -2.9145788759562308 2.5000000000000018 4 -1 4.4408920985006262e-16 -0 
1 7.4999999999999982 -4.0608289745278263 4 -4.4408920985006262e-16 -1 -0 
1 -2.9145788759562308 2.5000000000000018 4 -1 4.4408920985006262e-16 -0 
1 -2.9145788759562326 -2.4999999999999982 4 -1 4.4408920985006262e-16 -0 
1 -7.5000000000000018 -4.0608289745278201 4 -4.4408920985006262e-16 -1 -0 
1 -2.9145788759562326 -2.4999999999999982 4 -1 4.4408920985006262e-16 -0 
1 -4.0000000000000009 -9.0000000000000018 10.500000953674316 -0 1 -0 
1 -4.0000000000000009 -9.0000000000000018 15.000000953674316 -0 -0 -1 
1 -9.0000000000000018 -9.0000000000000018 10.500000953674316 -0 1 -0 
1 -9.0000000000000018 -9.0000000000000018 10.500000953674316 1 -0 -0 
1 -9.0000000000000018 -9.0000000000000018 15.000000953674316 -0 -0 -1 
1 -9.0000000000000018 -9.0000000000000018 10.500000953674316 -0 1 -0 
1 -9.0000000000000018 6.0000000000000018 15.000000953674316 -0 -0 -1 
1 -9.0000000000000018 6.0000000000000018 10.500000953674316 1 -0 -0 
1 -4.0000000000000009 -9.0000000000000018 10.500000953674316 -0 1 -0 
1 -4.0000000000000009 6.0000000000000018 15.000000953674316 -0 -0 -1 
1 -4 -9 10.5 -0 1 -0 
1 -4 -9 15 -0 -0 -1 
1 -9 -9 10.5 -0 1 -0 
1 -9 -9 10.5 1 -0 -0 
1 -9 -9 15 -0 -0 -1 
1 -9 -9 10.5 -0 1 -0 
1 -9 6 15 -0 -0 -1 
1 -9 6 10.5 1 -0 -0 
1 -4 -9 10.5 -0 1 -0 
1 -4 6 15 -0 -0 -1 
1 -34.916835194088584 -13.674714642629326 2.2500000000000022 0.9945218953682734 0.1045284632676534 -5.5511151231257815e-17 
2 -2.6840230872623252 -11.342693269220806 2.2500000000000004 0.9945218953682734 0.10452846326765351 -5.5207055336585385e-17 -0.10452846326765351 0.9945218953682734 5.5511151231257815e-17 6.0707120643463738e-17 -4.9436346680719793e-17 1 1.05
2 12.233805343261778 -9.7747663202060053 2.2499999999999996 0.9945218953682734 0.10452846326765351 -5.5207055336585385e-17 -0.10452846326765351 0.9945218953682734 5.5511151231257815e-17 6.0707120643463738e-17 -4.9436346680719793e-17 1 1.05
1 -34.916835194088584 -13.674714642629326 2.2500000000000022 0.9945218953682734 0.1045284632676534 -5.5511151231257815e-17 
1 -9.1000000000000014 5.3499999999999988 5.9071549210146361e-16 1.1102230246251565e-16 -1 -1.1041411067317078e-16 
1 12.035201263053235 -7.8851747190062884 0.34999999999999948 -0.9945218953682734 -0.1045284632676534 5.5511151231257821e-17 
1 -9.1000000000000014 5.3500000000000005 5.9071549210146361e-16 1.1102230246251565e-16 -1 -1.1041411067317078e-16 
1 -12.900000000000004 0.34999999999999881 3.8644938735609737e-17 -1.1102230246251565e-16 1 1.1041411067317078e-16 
1 -9.1000000000000014 0.34999999999999926 3.8644938735609743e-17 -1 -1.1102230246251563e-16 -3.0646071978216101e-33 
1 -12.900000000000004 0.35000000000000048 3.8644938735609737e-17 -1.1102230246251565e-16 1 1.1041411067317078e-16 
1 12.43240942347032 -11.664357921405728 0.34999999999999942 -0.9945218953682734 -0.1045284632676534 5.5511151231257821e-17 
1 -9.1000000000000014 0.35000000000000092 3.8644938735609743e-17 -1 -1.1102230246251563e-16 -3.0646071978216101e-33 
Polygon3D 0
PolygonOnTriangulations 0
Surfaces 51
1 1.7016963278259021 -10.681654501847417 -3.4774282087206048e-16 -0 -0 -1 1 -0 -0 -0 1 -0 
1 2.0549439117885915 10.59117218907636 0.59999999999999754 -0.10452846326765307 0.9945218953682734 2.8310221629509898e-15 0.9945218953682734 0.10452846326765307 3.4512664603419266e-31 2.9592239616993392e-16 -2.8155135273276075e-15 1 
1 -9.6249999999999964 -0.027744026315941098 0.59999999999999487 -1 -0 0 -0 -0 1 -0 -1 -0 
1 15.398458316481888 -4.0090322029151775 0.59999999999999676 0.9945218953682734 0.10452846326765353 -2.8033303842275214e-15 -0.10452846326765353 0.9945218953682734 -0 -2.787973447065424e-15 -2.9302781709482349e-16 -1 
1 -11.638633957097676 -19.77829732959481 0.60000000000000064 -0.98162718344766409 0.19080899537654455 -2.3433844540045678e-15 -0.19080899537654455 -0.98162718344766409 4.9303806576313227e-32 2.3003298813195455e-15 -4.4713883344962387e-16 -1 
1 12.41624069889823 -20.325140174260493 0.59999999999999887 0.10452846326765253 -0.99452189536827351 2.2397666506426372e-15 -0.99452189536827351 -0.10452846326765253 -3.4512664603419258e-31 -2.3411936606981235e-16 2.2274969745797649e-15 1 
1 -4.2041062735115888 -31.974082570775138 0.59999999999999809 -0.19080899537654564 -0.98162718344766386 6.0339274564029996e-15 -0.98162718344766386 0.19080899537654564 -1.3805065841367707e-30 1.1513276361312103e-15 5.9230672141564031e-15 1 
1 6.5072539777910272 -27.31202566604707 0.59999999999999831 0.98162718344766409 -0.19080899537654461 -2.3525390844009685e-15 0.19080899537654461 0.98162718344766409 -0 -2.3093163153710688e-15 4.4888561927860483e-16 -1 
1 -9.0000000000000018 -9.0000000000000018 3.0000009536743164 -0 -0 -1 1 -0 -0 -0 1 -0 
1 1.7016963278259021 -10.681654501847417 -3.4774282087206048e-16 -0 -0 -1 1 -0 -0 -0 1 -0 
1 1.7016963278259056 -10.681654501847417 1.1999999999999962 -0 -0 1 -1 -0 -0 -0 1 -0 
1 1.7016963278259056 -10.681654501847417 1.1999999999999962 -0 -0 1 -1 -0 -0 -0 1 -0 
1 -16.000000000000004 -16.000000000000004 12.000000953674316 -1 -0 -0 -0 1 -0 -0 -0 1 
1 -2.0000000000000004 -16.000000000000004 12.000000953674316 -0 -1 -0 -1 -0 -0 -0 -0 1 
1 -2.0000000000000004 -2.0000000000000004 12.000000953674316 1 -0 -0 -0 -1 -0 -0 -0 1 
1 -16.000000000000004 -2.0000000000000004 12.000000953674316 -0 1 -0 1 -0 -0 -0 -0 1 
1 -16 -16 12 -1 -0 -0 -0 1 -0 -0 -0 1 
1 -2 -16 12 -0 -1 -0 -1 -0 -0 -0 -0 1 
1 -2 -2 12 1 -0 -0 -0 -1 -0 -0 -0 1 
1 -16 -2 12 -0 1 -0 1 -0 -0 -0 -0 1 
1 -10.498104963214967 -19.413669531161208 2.600000000000001 -0.98162718344766409 0.19080899537654461 -1.9907897184451596e-16 -0.19080899537654461 -0.98162718344766409 -0 1.9542133041538897e-16 -3.7986058618247493e-17 -1 
2 -34.80708030765755 -14.718962632766015 2.2500000000000022 -0.9945218953682734 -0.10452846326765351 5.5207055336585398e-17 -0.10452846326765351 0.9945218953682734 5.5511151231257821e-17 -6.0707120643463751e-17 4.9436346680719811e-17 -1 1.05
1 -8.5749999999999975 -0.5510078998760416 2.5999999999999996 -1 -0 0 -0 -0 1 -0 -1 -0 
1 2.1126973599357677 9.5414586275361337 2.6000000000000005 -0.10452846326765312 0.9945218953682734 5.1647390099804589e-16 0.9945218953682734 0.10452846326765312 -0 5.3986223189175757e-17 -5.1364460292882258e-16 1 
1 14.3542103263452 -4.1187870893462115 2.5999999999999996 0.9945218953682734 0.10452846326765328 -0 -0.10452846326765328 0.9945218953682734 -0 -0 -0 -1 
2 -34.80708030765755 -14.718962632766015 2.2500000000000022 -0.9945218953682734 -0.10452846326765351 5.5207055336585398e-17 -0.10452846326765351 0.9945218953682734 5.5511151231257821e-17 -6.0707120643463751e-17 4.9436346680719811e-17 -1 1.05
1 11.398010384709908 -19.37637679921589 2.6000000000000001 0.10452846326765299 -0.9945218953682734 -0 -0.9945218953682734 -0.10452846326765299 -0 -0 0 1 
1 5.6508455531492254 -26.214979848972586 2.5999999999999992 0.98162718344766409 -0.19080899537654461 -0 0.19080899537654461 0.98162718344766409 -0 -0 -0 -1 
1 -4.0037568283662184 -30.943374028155105 2.6000000000000005 -0.19080899537654522 -0.98162718344766386 0 -0.98162718344766386 0.19080899537654522 -0 -0 -0 1 
1 1.670842248087532 -10.621657949055647 4 -0 -0 1 -1 -0 -0 -0 1 -0 
1 -4.0000000000000009 -9.0000000000000018 15.000000953674316 1 -0 -0 -0 -0 -1 -0 -1 -0 
1 -9.0000000000000018 -9.0000000000000018 10.500000953674316 -0 -0 -1 1 -0 -0 -0 1 -0 
1 -9.0000000000000018 -9.0000000000000018 15.000000953674316 1 -0 -0 -0 -0 -1 -0 -1 -0 
1 -9.0000000000000018 -9.0000000000000018 15.000000953674316 1 -0 -0 -0 -0 -1 -0 -1 -0 
1 -9.0000000000000018 -9.0000000000000018 10.500000953674316 -0 -0 -1 1 -0 -0 -0 1 -0 
1 -4.0000000000000009 -9.0000000000000018 15.000000953674316 1 -0 -0 -0 -0 -1 -0 -1 -0 
1 -4 -9 15 1 -0 -0 -0 -0 -1 -0 -1 -0 
1 -9 -9 10.5 -0 -0 -1 1 -0 -0 -0 1 -0 
1 -9 -9 15 1 -0 -0 -0 -0 -1 -0 -1 -0 
1 -9 -9 15 1 -0 -0 -0 -0 -1 -0 -1 -0 
1 -9 -9 10.5 -0 -0 -1 1 -0 -0 -0 1 -0 
1 -4 -9 15 1 -0 -0 -0 -0 -1 -0 -1 -0 
1 -9.0000000000000018 6.0000000000000018 15.000000953674316 -0 1 -0 -0 -0 -1 1 -0 -0 
1 -9.0000000000000018 -9.0000000000000018 15.000000953674316 -0 1 -0 -0 -0 -1 1 -0 -0 
1 12.035201263053237 -7.8851747190062884 5.3499999999999988 -0.1045284632676534 0.9945218953682734 5.5511151231257821e-17 -6.0707120643463738e-17 4.9436346680719805e-17 -1 0.9945218953682734 0.1045284632676534 -5.5207055336585392e-17 
1 12.233805343261775 -9.7747663202060071 2.8499999999999988 0.99452189536827329 0.10452846326765364 -1.7731293154120374e-16 -0.10452846326765364 0.99452189536827329 3.0814879110195774e-33 -1.7634159274966285e-16 -1.8534248251484696e-17 -1 
1 12.43240942347032 -11.664357921405728 0.34999999999999942 0.1045284632676534 -0.9945218953682734 -5.5511151231257821e-17 6.0707120643463738e-17 -4.9436346680719805e-17 1 0.9945218953682734 0.1045284632676534 -5.5207055336585392e-17 
1 12.233805343261775 -9.7747663202060071 2.8500000000000005 0.99452189536827329 0.10452846326765364 -1.7731293154120374e-16 -0.10452846326765364 0.99452189536827329 3.0814879110195774e-33 -1.7634159274966285e-16 -1.8534248251484696e-17 -1 
1 -9 6 15 -0 1 -0 -0 -0 -1 1 -0 -0 
1 -9 -9 15 -0 1 -0 -0 -0 -1 1 -0 -0 
1 12.035201263053235 -7.8851747190062884 0.34999999999999964 -6.1009550669007073e-17 4.9404560004163692e-17 -1 0.10452846326765351 -0.9945218953682734 -5.5511151231257821e-17 0.9945218953682734 0.10452846326765351 -5.5511151231257821e-17 
Triangulations 0

TShapes 363
Ve
1.50000007512925e-07
-9.625 9.36356061628183 -2.91433543964103e-16
0 0

0101101
*
Ve
1.50000009156543e-07
13.7348878235772 11.8187837618709 -4.22132195540118e-16
0 0

0101101
*
Ed
 1.5e-07 1 1 0
1  1 0 -2.36356061628183 21.125
0

0101000
+363 6 -362 6 *
Ve
1.50000051637725e-07
-9.625 -9.41904866891381 -1.30698651576013e-16
0 0

0101101
*
Ed
 1.5e-07 1 1 0
1  2 0 0.252758751518542 19.0353680367142
0

0101000
+360 6 -363 6 *
Ve
1.50000010958414e-07
17.0620288093866 -19.8368481677012 -4.22132195540116e-16
0 0

0101101
*
Ed
 1.5e-07 1 1 0
1  3 0 -2.625 29.205
0

0101000
+362 6 -358 6 *
Ve
1.50000018251639e-07
-13.6522679141954 -30.1375459902759 -4.22132195540119e-16
0 0

0101101
*
Ed
 1.5e-07 1 1 0
1  4 0 -2.62499999999999 18.4812791156565
0

0101000
+356 6 -360 6 *
Ve
1.50000005551156e-07
7.77045258840987 -20.8134321808197 -4.22132195540118e-16
0 0

0101101
*
Ed
 1.5e-07 1 1 0
1  5 0 -2.625 6.71775682038758
0

0101000
+358 6 -354 6 *
Ve
1.50000008342646e-07
5.24405536717217 -33.8106191512744 -4.22132195540117e-16
0 0

0101101
*
Ed
 1.5e-07 1 1 0
1  6 0 -2.625 16.625
0

0101000
+352 6 -356 6 *
Ed
 1.5e-07 1 1 0
1  7 0 1.94239782194978 15.1828491762063
0

0101000
+354 6 -352 6 *
Wi

0101100
-361 5 -359 5 -357 5 -355 5 -353 5 -351 5 -350 5 *
Ve
5.76837158550868e-07
5.14698200286182 -33.4319652303922 4.76837158203125e-07
0 0

0101101
*
Ve
5.76837158550868e-07
8.58153545706151 -15.7626742833778 4.76837158203125e-07
0 0

0101101
*
Ed
 5.76837158550868e-07 1 1 0
1  8 0 0 18
0

0101000
+348 16 -347 16 *
Ve
5.76837158550868e-07
-9.08775548995288 -12.3281208291781 4.76837158203125e-07
0 0

0101101
*
Ed
 5.76837158550868e-07 1 1 0
1  9 0 0 18
0

0101000
+347 16 -345 16 *
Ve
5.76837158550868e-07
-12.5223089441526 -29.9974117761925 4.76837158203125e-07
0 0

0101101
*
Ed
 5.76837158550868e-07 1 1 0
1  10 0 0 18
0

0101000
+343 16 -345 16 *
Ed
 5.76837158550868e-07 1 1 0
1  11 0 0 18
0

0101000
+348 16 -343 16 *
Wi

0101100
-346 15 -344 15 +342 15 +341 15 *
Ve
1.00000000347743e-07
-9 9 0
0 0

0101101
*
Ve
1.00000000347743e-07
-9 -9 0
0 0

0101101
*
Ed
 1.00000000347743e-07 1 1 0
1  12 0 0 18
0

0101000
+339 20 -338 20 *
Ve
1.00000000347743e-07
9 -9 0
0 0

0101101
*
Ed
 1.00000000347743e-07 1 1 0
1  13 0 0 18
0

0101000
+338 20 -336 20 *
Ve
1.00000000347743e-07
9 9 0
0 0

0101101
*
Ed
 1.00000000347743e-07 1 1 0
1  14 0 0 18
0

0101000
+334 20 -336 20 *
Ed
 1.00000000347743e-07 1 1 0
1  15 0 0 18
0

0101000
+339 20 -334 20 *
Wi

0101100
-337 19 -335 19 +333 19 +332 19 *
Fa
0  1e-07 1 5

0101000
+349 0 +340 0 +331 0 *
Ve
1.50000005551115e-07
13.7348878235772 11.8187837618709 1.2
0 0

0101101
*
Ed
 1e-07 1 1 0
1  16 0 6.99069701420203e-16 1.2
0

0101000
+362 6 -329 6 *
Ve
1.50000005862146e-07
-9.625 9.36356061628183 1.2
0 0

0101101
*
Ed
 1.5e-07 1 1 0
1  17 0 -2.36356061628183 21.125
0

0101000
+327 6 -329 6 *
Ed
 1e-07 1 1 0
1  18 0 -0.76507575950776 0.434924240492237
0

0101000
+363 6 -327 6 *
Wi

0101000
+361 0 +328 0 -326 0 -325 0 *
Fa
0  1.5e-07 2 0

0101000
+324 0 *
Ve
1.50000142707499e-07
-9.62499999999998 -9.41904866891361 1.2
0 0

0101101
*
Ed
 1.5e-07 1 1 0
1  19 0 0.252758751518738 19.0353680367142
0

0101000
+322 6 -327 6 *
Ed
 1e-07 1 1 0
1  20 0 -1.2 -4.22509435859319e-15
0

0101000
+322 6 -360 6 *
Wi

0101000
+359 0 +325 0 -321 0 +320 0 *
Fa
0  1.5e-07 3 0

0101000
+319 0 *
Ve
1.50000009892828e-07
17.0620288093866 -19.8368481677012 1.19999999999999
0 0

0101101
*
Ed
 1e-07 1 1 0
1  21 0 2.72892819452865e-15 1.2
0

0101000
+358 6 -317 6 *
Ve
1.50000009630185e-07
15.9632624508928 -9.38278458295231 1.19999999999999
0 0

0101101
*
Ed
 1.5e-07 1 1 0
1  22 0 -2.62499999999999 18.6933525104515
0

0101000
+329 6 -315 6 *
Ed
 1.5e-07 1 1 0
1  23 0 18.6933525104515 29.205
0

0101000
+315 6 -317 6 *
Wi

0101100
+357 21 +316 21 -314 21 -313 21 -328 21 *
Fa
0  1.5e-07 4 21

0101000
+312 0 *
Ve
1.50000005687117e-07
-13.6522679141954 -30.1375459902759 1.2
0 0

0101101
*
Ve
1.500000037943e-07
-10.1514802282336 -12.1275546414018 1.19999999999999
0 0

0101101
*
Ed
 1.5e-07 1 1 0
1  24 0 -2.62499999999997 15.722078863097
0

0101000
+310 6 -309 6 *
Ed
 1.5e-07 1 1 0
1  25 0 15.722078863097 18.4812791156567
0

0101000
+309 6 -322 6 *
Ed
 1e-07 1 1 0
1  26 0 4.75014870147037e-16 1.2
0

0101000
+356 6 -310 6 *
Wi

0101100
+355 21 -320 21 -308 21 -307 21 -306 21 *
Fa
0  1.5e-07 5 21

0101000
+305 0 *
Ve
1.500000037943e-07
7.77045258840988 -20.8134321808197 1.2
0 0

0101101
*
Ed
 1e-07 1 1 0
1  27 0 -1.2 5.69981103088877e-16
0

0101000
+303 6 -354 6 *
Ed
 1.5e-07 1 1 0
1  28 0 -2.62500000000001 6.71775682038757
0

0101000
+317 6 -303 6 *
Wi

0101000
+353 0 -302 0 -301 0 -316 0 *
Fa
0  1.5e-07 6 0

0101000
+300 0 *
Ve
1.50000003774758e-07
5.24405536717218 -33.8106191512744 1.2
0 0

0101101
*
Ed
 1.5e-07 1 1 0
1  29 0 -2.625 16.625
0

0101000
+298 6 -310 6 *
Ed
 1e-07 1 1 0
1  30 0 1.17215672459441e-15 1.2
0

0101000
+352 6 -298 6 *
Wi

0101000
+351 0 +306 0 -297 0 -296 0 *
Fa
0  1.5e-07 7 0

0101000
+295 0 *
Ed
 1.5e-07 1 1 0
1  31 0 1.94239782194977 15.1828491762063
0

0101000
+303 6 -298 6 *
Wi

0101000
+350 0 +296 0 -293 0 +302 0 *
Fa
0  1.5e-07 8 0

0101000
+292 0 *
Wi

0101100
-341 15 -342 15 +346 15 +344 15 *
Ve
1e-07
3.56534450366019 -31.0870936302573 4.76837158203125e-07
0 0

0101101
*
Ve
1e-07
-10.1774373440177 -28.4157742769909 4.76837158203125e-07
0 0

0101101
*
Ed
 1e-07 1 1 0
1  32 0 0 14
0

0101000
+289 29 -288 29 *
Ve
1e-07
6.23666385692662 -17.3443117825794 4.76837158203125e-07
0 0

0101101
*
Ed
 1e-07 1 1 0
1  33 0 0 14
0

0101000
+286 29 -289 29 *
Ve
1e-07
-7.50611799075125 -14.672992429313 4.76837158203125e-07
0 0

0101101
*
Ed
 1e-07 1 1 0
1  34 0 0 14
0

0101000
+284 29 -286 29 *
Ed
 1e-07 1 1 0
1  35 0 0 14
0

0101000
+288 29 -284 29 *
Wi

0101100
+287 28 +285 28 +283 28 +282 28 *
Fa
0  1e-07 9 15

0101000
+290 0 +281 0 *
Wi

0101100
-332 19 -333 19 +335 19 +337 19 *
Ve
1.00000000347743e-07
-7 7 0
0 0

0101101
*
Ve
1.00000000347743e-07
7 7 0
0 0

0101101
*
Ed
 1.00000000347743e-07 1 1 0
1  36 0 0 14
0

0101000
+278 31 -277 31 *
Ve
1.00000000347743e-07
-7 -7 0
0 0

0101101
*
Ed
 1.00000000347743e-07 1 1 0
1  37 0 0 14
0

0101000
+275 31 -278 31 *
Ve
1.00000000347743e-07
7 -7 0
0 0

0101101
*
Ed
 1.00000000347743e-07 1 1 0
1  38 0 0 14
0

0101000
+273 31 -275 31 *
Ed
 1.00000000347743e-07 1 1 0
1  39 0 0 14
0

0101000
+277 31 -273 31 *
Wi

0101100
+276 30 +274 30 +272 30 +271 30 *
Fa
0  1e-07 10 5

0101000
+279 0 +270 0 *
Ve
1.50000005891509e-07
-9.05951871321937 -12.0127848614267 1.2
0 0

0101101
*
Ed
 1.5e-07 1 1 0
1  40 0 -25.8893863617792 -24.7914100174677
0

0101000
+268 32 -309 32 *
Ve
1.50000007119292e-07
-8.575 -9.52015216952119 1.2
0 0

0101101
*
Ed
 1.5e-07 1 1 0
1  41 0 16.0430960786286 18.5823826162639
0

0101000
+268 6 -266 6 *
Ve
1.50000003389364e-07
-8.575 8.4181363697691 1.2
0 0

0101101
*
Ed
 1.5e-07 1 1 0
1  42 0 0.151655250911164 18.0899437902014
0

0101000
+266 6 -264 6 *
Ve
1.50000009506518e-07
12.8003947198715 10.6647808853032 1.2
0 0

0101101
*
Ed
 1.5e-07 1 1 0
1  43 0 -1.4181363697691 20.075
0

0101000
+264 6 -262 6 *
Ve
1.50000012578391e-07
14.9190144607561 -9.49253946938334 1.2
0 0

0101101
*
Ed
 1.5e-07 1 1 0
1  44 0 -1.575 18.6933525104515
0

0101000
+262 6 -260 6 *
Ed
 1.5e-07 1 1 0
1  45 0 -51.05 -50
0

0101000
+315 32 -260 32 *
Wi

0101100
+321 21 +307 21 +267 0 -265 21 -263 21 -261 21 -259 21 +258 0 +314 21 +326 21 
*
Fa
0  1.5e-07 11 21

0111000
+257 0 *
Ve
1.50000012817187e-07
15.9080259328189 -18.9023550639956 1.2
0 0

0101101
*
Ed
 1.5e-07 1 1 0
1  46 0 18.6933525104515 28.155
0

0101000
+260 6 -255 6 *
Ve
1.50000011137701e-07
6.88799483660096 -19.8503985344362 1.2
0 0

0101101
*
Ed
 1.5e-07 1 1 0
1  47 0 -1.575 7.49471594916749
0

0101000
+255 6 -253 6 *
Ve
1.50000008200634e-07
4.4136962696975 -32.579561163509 1.2
0 0

0101101
*
Ed
 1.5e-07 1 1 0
1  48 0 1.16543869316987 14.1328491762063
0

0101000
+253 6 -251 6 *
Ve
1.50000018769009e-07
-12.4212099264299 -29.3071868928012 1.2
0 0

0101101
*
Ed
 1.5e-07 1 1 0
1  49 0 -1.575 15.575
0

0101000
+251 6 -249 6 *
Ed
 1.5e-07 1 1 0
1  50 0 -1.57499999999999 16.0430960786286
0

0101000
+249 6 -268 6 *
Wi

0101100
-258 0 -254 21 -252 21 -250 21 -248 21 -247 21 -267 0 +308 21 +297 21 +293 21 
+301 21 +313 21 *
Fa
0  1.5e-07 12 21

0111000
+246 0 *
Ve
2.00000001776357e-07
3.56534450366019 -31.0870936302573 4
0 0

0101101
*
Ve
2.00000003552714e-07
-10.1774373440177 -28.4157742769909 4
0 0

0101101
*
Ed
 2e-07 1 1 0
1  51 0 -2.88233734344614 11.1176626565539
0

0101000
+244 34 -243 34 *
Ed
 1e-07 1 1 0
1  52 0 2.00000047683716 6
0

0101000
+243 35 -288 35 *
Ed
 1e-07 1 1 0
1  53 0 2.00000047683716 6
0

0101000
+244 35 -289 35 *
Wi

0101100
-242 0 -241 33 +287 28 +240 33 *
Fa
0  1e-07 13 33

0111000
+239 0 *
Ve
2.00000001776357e-07
6.23666385692662 -17.3443117825794 4
0 0

0101101
*
Ve
2.00000003662053e-07
5.37802549337669 -21.761634519333 4
0 0

0101101
*
Ed
 2e-07 1 1 0
1  54 0 2.8639713372971 7.36397133729711
0

0101000
+237 34 -236 34 *
Ve
1.5e-07
5.37802549337669 -21.761634519333 1.50000047683716
0 0

0101101
*
Ed
 1.5e-07 1 1 0
1  55 0 2.00000047683716 4.5
0

0101000
+236 37 -234 37 *
Ve
1.5e-07
4.42398286721011 -26.6697708935037 1.50000047683716
0 0

0101101
*
Ed
 1.5e-07 1 1 0
1  56 0 -0.25 4.75
0

0101000
+234 37 -232 37 *
Ve
2.00000003662053e-07
4.42398286721011 -26.6697708935037 4
0 0

0101101
*
Ed
 1.5e-07 1 1 0
1  57 0 2.00000047683716 4.5
0

0101000
+230 37 -232 37 *
Ed
 2e-07 1 1 0
1  58 0 12.3639713372971 16.8639713372971
0

0101000
+230 34 -244 34 *
Ed
 1e-07 1 1 0
1  59 0 2.00000047683716 6
0

0101000
+237 35 -286 35 *
Wi

0101100
-235 0 -233 36 -231 36 +229 36 -228 0 -240 33 +285 28 +227 33 *
Fa
0  1e-07 14 33

0111000
+226 0 *
Ve
2.00000003552714e-07
-7.50611799075125 -14.672992429313 4
0 0

0101101
*
Ed
 2e-07 1 1 0
1  60 0 -4.11766265655386 9.88233734344614
0

0101000
+224 34 -237 34 *
Ed
 1e-07 1 1 0
1  61 0 2.00000047683716 6
0

0101000
+224 35 -284 35 *
Wi

0101100
-223 0 -227 33 +283 28 +222 33 *
Fa
0  1e-07 15 33

0111000
+221 0 *
Ve
2.00000001776357e-07
-9.31879898046776 -23.9984515402373 4
0 0

0101101
*
Ed
 2e-07 1 1 0
1  62 0 -9.86397133729711 -5.3639713372971
0

0101000
+243 34 -219 34 *
Ve
1.5e-07
-9.31879898046776 -23.9984515402373 1.50000047683716
0 0

0101101
*
Ed
 1.5e-07 1 1 0
1  63 0 -4.5 -2.00000047683716
0

0101000
+217 37 -219 37 *
Ve
1.5e-07
-8.36475635430117 -19.0903151660666 1.50000047683716
0 0

0101101
*
Ed
 1.5e-07 1 1 0
1  64 0 2.25 7.25
0

0101000
+217 37 -215 37 *
Ve
2.00000003552714e-07
-8.36475635430117 -19.0903151660666 4
0 0

0101101
*
Ed
 1.5e-07 1 1 0
1  65 0 -4.5 -2.00000047683716
0

0101000
+215 37 -213 37 *
Ed
 2e-07 1 1 0
1  66 0 -0.363971337297103 4.13602866270289
0

0101000
+213 34 -224 34 *
Wi

0101100
-218 0 +216 36 -214 36 -212 36 -211 0 -222 33 +282 28 +241 33 *
Fa
0  1e-07 16 33

0111000
+210 0 *
Ve
2.00000001776357e-07
-7 7 4
0 0

0101101
*
Ve
2.00000001986027e-07
7 7 4
0 0

0101101
*
Ed
 2e-07 1 1 0
1  67 0 -4.33542112404377 9.66457887595623
0

0101000
+208 34 -207 34 *
Ed
 1e-07 1 1 0
1  68 0 2 6
0

0101000
+207 39 -277 39 *
Ed
 1e-07 1 1 0
1  69 0 2 6
0

0101000
+208 39 -278 39 *
Wi

0101100
-206 0 -205 38 +276 30 +204 38 *
Fa
0  1e-07 17 38

0101000
+203 0 *
Ve
2.00000000888178e-07
-7 -7 4
0 0

0101101
*
Ve
2.00000001776357e-07
-7 -2.5 4
0 0

0101101
*
Ed
 2e-07 1 1 0
1  70 0 1.81082897452782 6.31082897452782
0

0101000
+201 34 -200 34 *
Ve
1.5e-07
-7 -2.5 1.5
0 0

0101101
*
Ed
 1.5e-07 1 1 0
1  71 0 2 4.5
0

0101000
+200 41 -198 41 *
Ve
1.5e-07
-7 2.5 1.5
0 0

0101101
*
Ed
 1.5e-07 1 1 0
1  72 0 -0.25 4.75
0

0101000
+198 41 -196 41 *
Ve
2.00000000888178e-07
-7 2.5 4
0 0

0101101
*
Ed
 1.5e-07 1 1 0
1  73 0 2 4.5
0

0101000
+194 41 -196 41 *
Ed
 2e-07 1 1 0
1  74 0 11.3108289745278 15.8108289745278
0

0101000
+194 34 -208 34 *
Ed
 1e-07 1 1 0
1  75 0 2 6
0

0101000
+201 39 -275 39 *
Wi

0101100
-199 0 -197 40 -195 40 +193 40 -192 0 -204 38 +274 30 +191 38 *
Fa
0  1e-07 18 38

0101000
+190 0 *
Ve
2.00000000888178e-07
7 -7 4
0 0

0101101
*
Ed
 2e-07 1 1 0
1  76 0 -2.66457887595623 11.3354211240438
0

0101000
+188 34 -201 34 *
Ed
 1e-07 1 1 0
1  77 0 2 6
0

0101000
+188 39 -273 39 *
Wi

0101100
-187 0 -191 38 +272 30 +186 38 *
Fa
0  1e-07 19 38

0101000
+185 0 *
Ve
2.00000001256074e-07
7 2.5 4
0 0

0101101
*
Ed
 2e-07 1 1 0
1  78 0 -8.81082897452782 -4.31082897452782
0

0101000
+207 34 -183 34 *
Ve
1.5e-07
7 2.5 1.5
0 0

0101101
*
Ed
 1.5e-07 1 1 0
1  79 0 -4.5 -2
0

0101000
+181 41 -183 41 *
Ve
1.5e-07
7 -2.5 1.5
0 0

0101101
*
Ed
 1.5e-07 1 1 0
1  80 0 2.25 7.25
0

0101000
+181 41 -179 41 *
Ve
2.00000000888178e-07
7 -2.5 4
0 0

0101101
*
Ed
 1.5e-07 1 1 0
1  81 0 -4.5 -2
0

0101000
+179 41 -177 41 *
Ed
 2e-07 1 1 0
1  82 0 0.689171025472176 5.18917102547218
0

0101000
+177 34 -188 34 *
Wi

0101100
-182 0 +180 40 -178 40 -176 40 -175 0 -186 38 +271 30 +205 38 *
Fa
0  1e-07 20 38

0101000
+174 0 *
Ve
1.50000018736144e-07
-12.4212099264299 -29.3071868928012 4
0 0

0101101
*
Ed
 1e-07 1 1 0
1  83 0 1.33226762955019e-15 2.8
0

0101000
+249 6 -172 6 *
Ve
1.50000005329071e-07
-8.575 -9.52015216952118 4
0 0

