<?xml version='1.0' encoding='utf-8'?>
<!-- FreeCAD DocumentObject -->
<Document SchemaVersion="4" FileVersion="2">
<Object name="Pad002">
  <Properties Count="47" TransientCount="2">
    <_Property name="_Body" type="App::PropertyLinkHidden" status="251658240"/>
    <_Property name="_ElementMapVersion" type="App::PropertyString" status="234881024"/>
    <Property name="AddSubShape" type="Part::PropertyPartShape">
      <Part HasherIndex="0" ElementMap="1.15.70200.4" brep="1">
<![CDATA[

CASCADE Topology V1, (c) Matra-Datavision
Locations 5
1
              1               0               0               0 
              0               1               0               0 
              0               0               1               0 
1
-0.104528463267654 3.15290077076531e-15 0.994521895368273 8.10042656121277 
0.994521895368273 -1.15152152989207e-16 0.104528463267654 0.851389139042043 
4.44089209850062e-16               1 -3.12359217285568e-15 -2.76126251354255e-14 
2  1 1 2 1 0
1
              1               0               0 -14.9178284305241 
              0               1               0 -1.5679269490148 
              0               0               1 4.66293670342566e-14 
2  1 1 2 1 4 1 0
Curve2ds 0
Curves 8
1 9.4488437373654914 -11.977943311208683 -5.3500000000000325 -0.99452189536827329 -0.10452846326765362 3.1086244689504379e-15 
1 9.0516355769484065 -8.1987601088092443 -5.3500000000000316 -0.99452189536827329 -0.10452846326765362 3.1086244689504379e-15 
1 -12.9 -5.3499999999999996 0 1 0 0 
1 9.0516355769484225 -8.1987601088092443 -0.35000000000003145 -0.99452189536827329 -0.10452846326765362 3.1086244689504379e-15 
1 -9.0999999999999996 -5.3499999999999996 0 0 1 0 
1 9.4488437373655074 -11.977943311208683 -0.35000000000003328 -0.99452189536827329 -0.10452846326765362 3.1086244689504379e-15 
1 -9.0999999999999996 -0.34999999999999998 0 -1 0 0 
1 -12.9 -0.34999999999999998 0 0 -1 0 
Polygon3D 0
PolygonOnTriangulations 0
Surfaces 5
1 9.4488437373654914 -11.977943311208683 -5.3500000000000325 -3.1380150615081551e-15 1.167167040770676e-16 -1 -0.10452846326765372 0.99452189536827329 4.4408920985006247e-16 0.99452189536827329 0.10452846326765372 -3.1086244689504379e-15 
1 9.0516355769484065 -8.1987601088092443 -5.3500000000000316 -0.10452846326765362 0.99452189536827329 4.4408920985006222e-16 3.1529007707653082e-15 -1.1515215298920737e-16 1 0.99452189536827329 0.10452846326765362 -3.1235921728556804e-15 
1 9.0516355769484225 -8.1987601088092443 -0.35000000000003162 3.1380150615081551e-15 -1.167167040770676e-16 1 0.10452846326765372 -0.99452189536827329 -4.4408920985006247e-16 0.99452189536827329 0.10452846326765372 -3.1086244689504379e-15 
1 9.4488437373655074 -11.977943311208683 -0.35000000000003328 0.10452846326765362 -0.99452189536827329 -4.4408920985006222e-16 -3.1529007707653082e-15 1.1515215298920737e-16 -1 0.99452189536827329 0.10452846326765362 -3.1235921728556804e-15 
1 9.2502396571569552 -10.088351710008965 -2.8500000000000321 0.99452189536827329 0.10452846326765391 -3.184669191848796e-15 -0.10452846326765391 0.99452189536827329 -4.9303806576313238e-32 3.1672232407984117e-15 3.3288857663979602e-16 1 
Triangulations 0

TShapes 24
Ve
1e-07
-12.9 -5.35 0
0 0

0101101
*
Ed
 1e-07 1 1 0
1  1 0 0 15
0

0101000
+24 3 -24 5 *
Ve
1e-07
-9.1 -5.35 0
0 0

0101101
*
Ed
 1e-07 1 1 0
1  2 0 0 15
0

0101000
+22 3 -22 5 *
Ed
 1e-07 1 1 0
1  3 0 0 3.8
0

0101000
+24 0 -22 0 *
Wi

0101100
+23 0 -21 0 -20 3 +20 5 *
Fa
0  1e-07 1 0

0101000
+19 0 *
Ve
1.00000000166533e-07
-9.1 -0.35 0
0 0

0101101
*
Ed
 1.00000000166533e-07 1 1 0
1  4 0 0 15
0

0101000
+17 3 -17 5 *
Ed
 1e-07 1 1 0
1  5 0 0 5
0

0101000
+22 0 -17 0 *
Wi

0101100
+21 0 -16 0 -15 3 +15 5 *
Fa
0  1e-07 2 0

0101000
+14 0 *
Ve
1e-07
-12.9 -0.35 0
0 0

0101101
*
Ed
 1e-07 1 1 0
1  6 0 0 15
0

0101000
+12 3 -12 5 *
Ed
 1e-07 1 1 0
1  7 0 0 3.8
0

0101000
+17 0 -12 0 *
Wi

0101100
+16 0 -11 0 -10 3 +10 5 *
Fa
0  1e-07 3 0

0111000
+9 0 *
Ed
 1e-07 1 1 0
1  8 0 0 5
0

0101000
+12 0 -24 0 *
Wi

0101100
+11 0 -23 0 -7 3 +7 5 *
Fa
0  1e-07 4 0

0101000
+6 0 *
Wi

0101100
+20 0 +15 0 +10 0 +7 0 *
Fa
0  1e-07 5 0

0101000
+4 3 *
Sh

0101100
+18 0 +13 0 +8 0 +5 0 +3 0 -3 4 *
So

1100000
+2 0 *

+1 0 ]]>
      </Part>
      <ElementMap new="1" count="1"><Element key="Dummy" value="Dummy"/></ElementMap>
      <ElementMap2 count="26">
<![CDATA[
21 PostfixCount 11
Edge
Face
Vertex
;:G;XTR;:H8aa:7,F
;FAC;:H8aa:4,F
;:G;XTR;:H8aa:7,E
;:G0;XTR;:H8aa:8,F
;:U;XTR;:H8aa:7,E
;:U;XTR;:H8aa:7,V
;SKT;:H8aa,E
;SKT;:H8aa,V

MapCount 1

ElementMap 1 21 3

Edge

ChildCount 0

NameCount 13
0
$#66f1.6 0
$#66f2.6 0
;g4.a 0
$#6703.8 0
$#66f3.6 0
;g5.a 0
$#6704.8 0
$#66f4.6 0
;g6.a 0
$#6705.8 0
;g7.a 0
$#6706.8 0

Face

ChildCount 0

NameCount 7
0
$#66ee.4 0
$#66f9.4 0
$#66fa.4 0
$#66fb.4 0
$#66ee.5 0
$#66fd.7 0

Vertex

ChildCount 0

NameCount 9
0
;g4v1.b 0
$#670c.9 0
;g4v2.b 0
$#670d.9 0
;g5v2.b 0
$#670e.9 0
;g6v2.b 0
$#670f.9 0

EndMap
]]>
      </ElementMap2>
    </Property>
    <Property name="AddSubType" type="App::PropertyEnumeration">
      <Integer value="1"/>
    </Property>
    <Property name="AllowMultiFace" type="App::PropertyBool">
      <Bool value="true"/>
    </Property>
    <Property name="AlongSketchNormal" type="App::PropertyBool">
      <Bool value="false"/>
    </Property>
    <Property name="AutoTaperInnerAngle" type="App::PropertyBool">
      <Bool value="true"/>
    </Property>
    <Property name="BaseFeature" type="App::PropertyLink" status="8">
      <Link value="Pad001"/>
    </Property>
    <Property name="CheckUpToFaceLimits" type="App::PropertyBool">
      <Bool value="true"/>
    </Property>
    <Property name="ClaimChildren" type="App::PropertyBool" status="134217728">
      <Bool value="false"/>
    </Property>
    <Property name="ColoredElements" type="App::PropertyLinkSubHidden" status="218103808">
      <LinkSub value="" count="0">
      </LinkSub>
    </Property>
    <Property name="Direction" type="App::PropertyVector" status="4">
      <PropertyVector valueX="0.9945218953682734" valueY="0.1045284632676536" valueZ="-3.108624468950438e-15"/>
    </Property>
    <Property name="ExpressionEngine" type="App::PropertyExpressionEngine" status="67108864">
      <ExpressionEngine count="0"></ExpressionEngine>
    </Property>
    <Property name="Fit" type="App::PropertyDistance">
      <Float value="0"/>
    </Property>
    <Property name="FitJoin" type="App::PropertyEnumeration">
      <Integer value="0"/>
    </Property>
    <Property name="FixShape" type="App::PropertyEnumeration">
      <Integer value="1"/>
    </Property>
    <Property name="InnerFit" type="App::PropertyDistance">
      <Float value="0"/>
    </Property>
    <Property name="InnerFitJoin" type="App::PropertyEnumeration">
      <Integer value="0"/>
    </Property>
    <Property name="InvalidShape" type="App::PropertyBool" status="67108864">
      <Bool value="false"/>
    </Property>
    <Property name="Label" type="App::PropertyString" status="134217728">
      <String value="Pad002"/>
    </Property>
    <Property name="Label2" type="App::PropertyString" status="128">
      <String value=""/>
    </Property>
    <Property name="Length" type="App::PropertyLength">
      <Float value="15"/>
    </Property>
    <Property name="Length2" type="App::PropertyLength" status="4">
      <Float value="10"/>
    </Property>
    <Property name="Linearize" type="App::PropertyBool">
      <Bool value="true"/>
    </Property>
    <Property name="Midplane" type="App::PropertyBool">
      <Bool value="false"/>
    </Property>
    <Property name="NewSolid" type="App::PropertyBool">
      <Bool value="false"/>
    </Property>
    <Property name="Offset" type="App::PropertyLength" status="4">
      <Float value="0"/>
    </Property>
    <Property name="Placement" type="App::PropertyPlacement" status="8388620">
      <PropertyPlacement Px="0" Py="0" Pz="0" Q0="0" Q1="0" Q2="0" Q3="1" A="0" Ox="0" Oy="0" Oz="1"/>
    </Property>
    <Property name="Profile" type="App::PropertyLinkSub">
      <LinkSub value="Sketch033" count="1">
        <Sub value=""/>
      </LinkSub>
    </Property>
    <Property name="ReferenceAxis" type="App::PropertyLinkSub">
      <LinkSub value="Sketch033" count="1">
        <Sub value="N_Axis"/>
      </LinkSub>
    </Property>
    <Property name="Refine" type="App::PropertyBool">
      <Bool value="false"/>
    </Property>
    <Property name="Reversed" type="App::PropertyBool">
      <Bool value="true"/>
    </Property>
    <Property name="Shape" type="Part::PropertyPartShape">
      <Part HasherIndex="0" ElementMap="1.15.70200.4" brep="1">
<![CDATA[

CASCADE Topology V1, (c) Matra-Datavision
Locations 48
1
              1               0               0               0 
              0               1               0               0 
              0               0               1               0 
1
              1               0               0               0 
              0               1               0               0 
              0               0               1               0 
2  1 1 2 1 0
1
              1               0               0               0 
              0               1               0               0 
              0               0               1               0 
1
              1               0               0               0 
              0               1               0               0 
              0               0               1               0 
1
              1               0               0               0 
              0               1               0               0 
              0               0               1               0 
1
              1               0               0               0 
              0               1               0               0 
              0               0               1               0 
1
0.190808525233316 -0.981627274834133               0 -1.97038674354553 
0.981627274834133 0.190808525233316               0 -22.8800430297852 
              0               0               1 -3.00000047683716 
1
              1               0               0               0 
              0               1               0               0 
              0               0               1               0 
1
              1               0               0               0 
              0               1               0               0 
              0               0               1               0 
1
              1               0               0               0 
              0               1               0               0 
              0               0               1               0 
2  4 1 5 1 6 1 7 1 8 1 9 1 10 1 11 1 0
2  11 -1 10 -1 9 -1 8 -1 7 -1 6 -1 5 -1 4 -1 0
1
              1               0               0               0 
              0               1               0               0 
              0               0               1              -3 
1
              1               0               0               0 
              0               1               0               0 
              0               0               1               0 
2  4 1 5 1 6 1 7 1 14 1 15 1 10 1 11 1 0
2  11 -1 10 -1 15 -1 14 -1 7 -1 6 -1 5 -1 4 -1 0
2  2 -1 1 -1 0
1
              1               0               0               0 
              0               1               0               0 
              0               0               1               0 
1
              1               0               0               0 
              0               1               0               0 
              0               0               1              -3 
1
              1               0               0               0 
              0               1               0               0 
              0               0               1               6 
1
              1               0               0            -2.5 
              0               1               0            -7.5 
              0               0               1              -3 
1
              1               0               0            -2.5 
              0               1               0            -7.5 
              0               0               1              -3 
1
              1               0               0              -9 
              0               1               0              -9 
              0               0               1               3 
2  19 1 20 1 21 1 22 -1 23 1 24 -1 4 1 5 1 6 1 7 1 8 1 9 1 10 1 11 1 0
1
              1               0               0              -9 
              0               1               0              -9 
              0               0               1               3 
2  26 -1 24 1 23 -1 22 1 21 -1 20 -1 19 -1 0
2  19 1 20 1 21 1 22 -1 23 1 24 -1 4 1 5 1 6 1 7 1 14 1 15 1 10 1 11 1 0
2  11 -1 10 -1 15 -1 14 -1 7 -1 6 -1 5 -1 4 -1 24 1 23 -1 22 1 21 -1 20 -1 19 -1 0
2  22 -1 23 1 24 -1 4 1 5 1 6 1 7 1 8 1 9 1 10 1 11 1 0
2  23 1 24 -1 4 1 5 1 6 1 7 1 8 1 9 1 10 1 11 1 0
1
              1               0               0 -14.9178284305241 
              0               1               0 -1.5679269490148 
              0               0               1 4.66293670342566e-14 
2  22 -1 23 1 24 -1 4 1 5 1 6 1 7 1 14 1 15 1 10 1 11 1 0
2  23 1 24 -1 4 1 5 1 6 1 7 1 14 1 15 1 10 1 11 1 0
2  11 -1 10 -1 9 -1 8 -1 7 -1 6 -1 5 -1 4 -1 24 1 23 -1 22 1 0
2  26 -1 24 1 23 -1 22 1 0
2  11 -1 10 -1 9 -1 8 -1 7 -1 6 -1 5 -1 4 -1 24 1 23 -1 0
2  26 -1 24 1 23 -1 0
2  11 -1 10 -1 15 -1 14 -1 7 -1 6 -1 5 -1 4 -1 24 1 23 -1 22 1 0
2  11 -1 10 -1 15 -1 14 -1 7 -1 6 -1 5 -1 4 -1 24 1 23 -1 0
1
              1               0               0               0 
              0               1               0               0 
              0               0               1               0 
1
-0.104528463267654 3.15290077076531e-15 0.994521895368273 8.10042656121277 
0.994521895368273 -1.15152152989207e-16 0.104528463267654 0.851389139042043 
4.44089209850062e-16               1 -3.12359217285568e-15 -2.76126251354255e-14 
2  41 1 42 1 0
2  42 -1 41 -1 0
2  41 1 42 1 32 1 0
2  32 -1 42 -1 41 -1 0
2  23 1 24 -1 4 1 5 1 6 1 7 1 8 1 9 1 10 1 11 1 2 1 0
2  23 1 24 -1 4 1 5 1 6 1 7 1 14 1 15 1 10 1 11 1 2 1 0
Curve2ds 122
1 2.625 -4.4408920985006262e-16 7.547468613682779e-48 1 
1 -3.021553832301418e-16 -8.8331288538536627e-16 4.0663417141853116e-16 1 
8 -4.0731301927326342 -1.5896512661278308
1 3.7664422367832544 17.484786712202244 0.92470460274101129 -0.38068543138605715 
8 -4.0731301927326342 -1.5896512661278308
1 3.7664422367832469 -0.81297929176983763 0.92470460274101163 0.38068543138605648 
1 2.2964843942417734 -3.0079060076015938e-16 -1.610035274360137e-19 1 
1 4.4408920985006262e-16 -1.9721522630525295e-31 -1.040834085586084e-16 1 
8 -4.3141143435262412 -1.7889726498789424
1 3.9234615189346256 16.331112523468065 0.90944773515847133 -0.41581824997843336 
8 -4.3141143435262412 -1.7889726498789424
1 3.9234615189346136 -0.83111252346805531 0.90944773515847199 0.41581824997843236 
1 2.625 0 0 1 
1 -3.1238717817075763e-16 1.2337800615105778e-31 3.9495220922164962e-16 1 
1 2.6250000000000009 -2.2204460492503131e-16 0 1 
1 -9.5126676890294037e-16 2.2265861388439463e-31 3.9476581216327883e-16 1 
1 2.6250000000000004 2.7755575615628914e-16 -5.0602550127506504e-80 1 
1 -3.1238717817075763e-16 1.1211583419026314e-31 3.9727280715842607e-16 1 
1 2.6249999999999991 -3.3306690738754696e-16 2.0378165256943503e-47 1 
1 -2.261325803599179e-16 2.2936249888360392e-31 4.0286888823025483e-16 1 
1 2.625 -1.1102230246251565e-16 2.8303007301310419e-47 1 
1 -2.261325803599179e-16 2.8229230631828166e-31 3.6624951479710603e-16 1 
1 2.6250000000000009 -1.8873791418627661e-15 1.1469911362234807e-78 1 
1 2.4270888611301801e-16 -3.4874403221169249e-15 4.1616458495653505e-16 1 
8 -2.6995789544570346 -0.40087007971210947
1 -0.40048215426125833 18.463647753637208 -0.99903229133206428 -0.043982733837329806 
8 -2.6995789544570346 -0.40087007971210947
1 -0.40048215426125655 0.27039011353799064 -0.99903229133206428 0.043982733837331166 
1 2.296484394241773 8.6935525445142066e-16 -4.9303806576313238e-32 1 
1 0 0 9.2837154836774833e-17 1 
1 0 0 -7.547468613682779e-48 1 
1 1.76373124049175 1.0005887240751444e-16 4.4408920985006252e-16 1 
8 -6.6177474484067726 -4.0926057547594672
1 6.0184954288042967 26.453219837204255 0.90944773515847133 -0.41581824997843375 
8 -6.6177474484067726 -4.0926057547594672
1 6.0184954288042904 0.1267801627957314 0.90944773515847177 0.4158182499784327 
1 2.2964843942417725 5.7404372921787683e-16 7.0598411167988026e-18 1 
1 0 0 2.3592239273284576e-16 1 
3 2.5299281756945495 18.693352510451479 1 -2.4064499930390602e-16 2.4064499930390602e-16 1 1.1806331486574317 1.05
7 0 0  8 9 2  3.1383779813862889 -49.894999999999996  2.7464825677384406 -50.106547895963367  2.3545871540893586 -50.317792862995702  1.9626917404439155 -50.479206973192049  1.5707963267914238 -50.541495771933114  1.1789009131416606 -50.479206973250257  0.78700549949826382 -50.31779286301753  0.39511008585135093 -50.106547895963367  0.0032146722035026154 -49.894999999999996 
 1.5740109989984006 9 4.7091743081811863 9
1 2.2964843942417739 6.8036024036821614e-16 1.3065438419378497e-17 1 
1 0 0 1.2490009027033028e-16 1 
3 2.5299281756944767 16.075728337264056 -0.83128006147930522 -0.55585381116527643 0.55585381116527643 -0.83128006147930522 1.234578350986546 1.05
7 0 0  7 14 3  0.0032146722034400205 -29.32019955302858  0.22715490857364806 -29.193560517250315  0.45109514494384939 -29.048246035360535  0.67503538131404639 -28.89462781498878  0.89897561768430023 -28.74537780130413  1.1229158540544972 -28.61332751592181  1.3468560904246869 -28.508412596137042  1.7947365631651031 -28.364635253886938  2.0186767995351147 -28.325773406019835  2.2426170359065054 -28.325819786939974  2.466557272275395 -28.366632779823703  2.6904975086462173 -28.444703555364867  2.9144377450161452 -28.551991599843404  3.1383779813863533 -28.67816843939212 
 4.1985162482513854 8 5.7660979028428416 6 7.3336795574342979 8
8 -4.002250656042408 -1.4771089623951206
1 3.6398377946742944 14.960791136229412 0.90944773515847133 -0.4158182499784337 
8 -4.002250656042408 -1.4771089623951206
1 3.6398377946742739 -0.96079113622937895 0.9094477351584721 0.41581824997843198 
1 2.2964843942417716 6.8341041159492028e-16 -4.5619194987407886e-18 1 
1 -0 0 -4.5796699765787727e-16 1 
8 -2.7088408182302457 -0.28448398377075745
1 -0.269478906675439 3.6265852465331601 -0.94725510766395626 -0.3204805157954953 
8 -2.7088408182302457 -0.28448398377075745
1 -0.26947890667544205 2.0335693958041863 -0.94725510766395582 0.32048051579549675 
8 -3.7024143401649985 -1.1772726465176995
1 3.3671523362813143 13.643317724583852 0.9094477351584711 -0.41581824997843408 
8 -3.7024143401649985 -1.1772726465176995
1 3.3671523362813027 -1.0854685483775295 0.90944773515847177 0.41581824997843242 
1 2.2964843942417721 9.1719964956382545e-17 1.5079949608824433e-17 1 
1 -0 0 -6.6613381477509392e-16 1 
1 2.2964843942417725 -7.962833170616077e-17 1.4247182928487056e-17 1 
1 -0 0 -1.2490009027033001e-16 1 
1 0 0 0 1 
1 1.76373124049175 -7.8325401297785202e-16 4.4408920985006262e-16 1 
1 0 0 0 1 
1 1.76373124049175 -7.8325401297785193e-16 4.4408920985006262e-16 1 
2 -5.4033525104514766 0.77119299999995761 1 4.4408920985006217e-16 4.4408920985006217e-16 -1 1.05
1 6.2831853071795862 -49.999999999999993 -1 0 
2 -5.4033525104514766 0.77119299999995761 1 4.4408920985006217e-16 4.4408920985006217e-16 -1 1.05
1 6.2831853071795862 -49.999999999999993 -1 0 
1 0 0 5.0602550127506504e-80 1 
1 1.76373124049175 -7.8325401297785222e-16 4.4408920985006271e-16 1 
1 0 0 -2.0378165256943503e-47 1 
1 1.76373124049175 -7.8325401297785193e-16 4.4408920985006257e-16 1 
1 0 0 -2.8303007301310419e-47 1 
1 1.76373124049175 8.8606067551379292e-17 4.4408920985006242e-16 1 
1 0 0 -1.1469911362234807e-78 1 
1 1.76373124049175 -7.8325401297785222e-16 4.4408920985006271e-16 1 
8 -9.5526958391990888 4.4473041608009112
1 8.7533530104285209 -8.030014713848006 -0.19080852523331637 0.98162727483413326 
8 -9.5526958391990888 4.4473041608009112
1 9.5526958391990888 -2.0000004768371582 1 0 
8 -3.4698326019315324 10.530167398068468
1 0.23938928899535106 -19.41644720948576 0.98162727483413326 0.19080852523331637 
8 -3.4698326019315324 10.530167398068468
1 3.4698326019315324 -2.0000004768371582 1 0 
8 -11.280167398068468 -10.780167398068468
1 -0.86465589326310677 -15.046826604040488 -0.98162727483413326 -0.19080852523331637 
8 -11.280167398068468 -10.780167398068468
1 2.0000004768371582 -3.7198326019315324 0 1 
8 2.552695839199087 16.552695839199089
1 -6.3250885138825597 -3.8299431432755018 0.19080852523331637 -0.98162727483413326 
8 2.552695839199087 16.552695839199089
1 -2.552695839199087 -2.0000004768371582 1 0 
8 -7.3026958391990862 -2.3026958391990862
1 8.814847466070626 -5.7259490828545498 -0.19080852523331637 0.98162727483413326 
8 -7.3026958391990862 -2.3026958391990862
1 2.0000004768371582 7.3026958391990862 0 1 
8 3.2198326019315324 3.7198326019315324
1 -0.86465589326310677 -15.046826604040488 -0.98162727483413326 -0.19080852523331637 
8 3.2198326019315324 3.7198326019315324
1 2.0000004768371582 -3.7198326019315324 0 1 
8 -11.280167398068468 -10.780167398068468
1 -1.8186985194296883 -10.138690229869821 -0.98162727483413326 -0.19080852523331637 
8 -11.280167398068468 -10.780167398068468
1 2.0000004768371582 -3.719832601931532 0 1 
8 -7.3026958391990862 -2.3026958391990862
1 -5.9095616564413715 -8.5880769613542913 -0.19080852523331637 0.98162727483413326 
8 -7.3026958391990862 -2.3026958391990862
1 2.0000004768371582 7.3026958391990862 0 1 
8 3.219832601931532 3.719832601931532
1 -1.8186985194296883 -10.138690229869821 -0.98162727483413326 -0.19080852523331637 
8 3.219832601931532 3.719832601931532
1 2.0000004768371582 -3.719832601931532 0 1 
8 -3.5301673980684694 10.469832601931531
1 4.4394608595678546 -4.3380056851746804 -0.98162727483413326 -0.19080852523331637 
8 -3.5301673980684694 10.469832601931531
1 3.5301673980684694 -2.0000004768371582 1 0 
8 -10.550356223171935 4.4496437768280659
1 -4.2277159428128641 2.3446982443009503 -0.99452189536827329 0.10452846326765362 
8 -10.550356223171935 4.4496437768280659
1 1.3500000000000176 -4.4496437768280659 3.1235921728556804e-15 1 
8 -1.8949685456772281 1.9050314543227744
1 -8.8510622554777338 0.92522496067108939 -0.10452846326765391 -0.99452189536827329 
8 -1.8949685456772281 1.9050314543227744
1 0.0050314543227741775 -1.1499999999999679 -1 -9.8607613152626476e-32 
8 -4.449643776828057 10.550356223171946
1 -4.6249241032299571 -1.4344849580984889 0.99452189536827329 -0.10452846326765362 
8 -4.449643776828057 10.550356223171946
1 3.6499999999999804 -4.449643776828057 3.1235921728556804e-15 -1 
8 -1.8949685456772298 1.9050314543227727
1 6.0667661750463679 -0.64270198834371683 -0.10452846326765391 -0.99452189536827329 
8 -1.8949685456772298 1.9050314543227727
1 0.005031454322772317 -1.1500000000000146 -1 -9.8607613152626476e-32 
8 -3.6993257357454286 10.300674264254571
1 3.6993257357454281 18.008572779190509 -1 0 
8 -3.6993257357454286 10.300674264254571
1 3.6993257357454286 -2 1 0 
8 2.0042863895952543 16.004286389595254
1 7.3986514714908571 2.0042863895952561 0 1 
8 2.0042863895952543 16.004286389595254
1 -2.0042863895952543 -2 1 0 
8 -16.754286389595254 -16.254286389595254
1 2.8986514714908571 1.7542863895952561 0 -1 
8 -16.754286389595254 -16.254286389595254
1 2 1.7542863895952543 0 1 
8 -3.3006742642545714 10.699325735745429
1 -3.3006742642545719 4.0085727791905104 1 0 
8 -3.3006742642545714 10.699325735745429
1 3.3006742642545714 -2 1 0 
8 -1.4493257357454286 3.5506742642545714
1 1.4493257357454283 18.508572779190509 -1 0 
8 -1.4493257357454286 3.5506742642545714
1 2 1.4493257357454286 0 1 
8 -2.2542863895952543 -1.7542863895952543
1 2.8986514714908571 1.7542863895952561 0 -1 
8 -2.2542863895952543 -1.7542863895952543
1 2 1.7542863895952543 0 1 
8 -16.754286389595254 -16.254286389595254
1 -2.1013485285091429 1.7542863895952561 0 -1 
8 -16.754286389595254 -16.254286389595254
1 2 1.7542863895952543 0 1 
8 -1.4493257357454286 3.5506742642545714
1 1.4493257357454283 3.5085727791905104 -1 0 
8 -1.4493257357454286 3.5506742642545714
1 2 1.4493257357454286 0 1 
8 -2.2542863895952543 -1.7542863895952543
1 -2.1013485285091429 1.7542863895952561 0 -1 
8 -2.2542863895952543 -1.7542863895952543
1 2 1.7542863895952543 0 1 
8 -9.0042863895952543 4.9957136104047457
1 -6.6013485285091429 9.0042863895952543 0 -1 
8 -9.0042863895952543 4.9957136104047457
1 9.0042863895952543 -2 1 0 
1 6.2831853071795862 -47.299999999999997 -1 0 
2 5.4855571629496918e-15 0.59999999999999876 1 4.4408920985006321e-16 4.4408920985006321e-16 -1 1.05
1 0 0 0 -1 
1 6.2831853071795862 0 0 -1 
3 -7.5394047704966711 0.771193000000022 1 1.3825196713599831e-14 -1.3825196713599831e-14 1 1.0979763443115054 1.05
7 0 0  5 6 2  0.39430547040446384 -29.18576987262454  0.31544437632357086 -29.195495356796329  0.23658328224268166 -29.202916838652641  0.15772218816178407 -29.20790807682954  0.078861094080893382 -29.210403577310792  4.2294210461910698e-16 -29.210403577310792 
 2.7472871831853141 6 3.1415926535897789 6
3 -7.5394047704966711 0.771193000000022 1 1.3825196713599831e-14 -1.3825196713599831e-14 1 1.0979763443115054 1.05
7 0 0  7 14 3  6.2831853071795862 -29.210403577310792  6.0306211554657114 -29.210403577310792  5.7780570037518757 -29.186512673650213  5.5254928520373809 -29.138737315457547  5.2729287003245631 -29.070784819807159  5.0203645486100967 -28.99019870210941  4.7678003968963383 -28.906012975473203  4.2626720934685869 -28.746999314827306  4.0101079417544483 -28.672172994002722  3.7575437900404935 -28.610303161476622  3.5049796383266525 -28.56897146645133  3.2524154866128114 -28.552766206636988  2.9998513348992049 -28.561855569901532  2.7472871831853296 -28.593002850933857 
 3.1415926535897789 8 4.9095417155869061 6 6.6774907775840351 8
1 6.2831853071795862 -32.299999999999997 -1 0 
2 3.1618918402664751e-15 0.5999999999999992 1 4.4408920985006321e-16 4.4408920985006321e-16 -1 1.05
Curves 101
1 -7.2743872160775922 9.6106199753417147 3.2146978477618021e-16 0.9945218953682734 0.10452846326765333 6.1629758220391547e-32 
1 -7.902904975736555 7.8129792917698353 -3.3496978745003068 0.42279400431050468 -0.38068543138605687 -0.82238910027401313 
1 -7.1646323296465546 8.5663719852050271 -2.0423860000000005 0.99452189536827351 0.10452846326765317 5.4817261840867104e-16 
1 9.1547740654313863 9.5336256976330009 -3.4893434929944336 -0.37007551142837919 -0.45700519676615992 -0.80882035457185864 
1 -9.6250000000000018 -9.67180742043241 0 0 1 0 
1 11.025709353549955 8.8945783967262155 0 0.10452846326765339 -0.9945218953682734 0 
1 -13.151394301331917 -27.560774633725803 6.4711246131411125e-32 0.19080899537654453 0.98162718344766409 -2.0526832973508063e-48 
1 11.467843147940052 -20.424820773581793 3.2146978477618026e-16 -0.9945218953682734 -0.10452846326765342 1.6640034719505718e-31 
1 2.6672840106220699 -33.309745538410965 3.2146978477618021e-16 -0.98162718344766409 0.19080899537654419 2.311115933264683e-31 
1 8.1410795654377033 -18.906721677724299 1.2942249226282225e-31 -0.19080899537654397 -0.9816271834476642 2.3263744036642471e-47 
1 -9 -9 3 1 0 0 
1 9 -9 3 0 1 0 
1 -9 9 3 1 0 0 
1 -9 -9 3 0 1 0 
1 -9.8081086956343668 -9.4014173068944196 0.35617012994469099 -0.45677815557070656 0.04398273383733077 0.88849267623184036 
1 -8.5750000000000011 -9.6718074204324083 -2.0423860000000005 -1.8058029077948654e-16 1 3.5125205501328778e-16 
1 9.8168290337667123 10.3511954955002 -2.0423860000000005 -1.2801044796052554e-17 1.2179380558447171e-16 -1 
1 -7.1646323296465537 8.5663719852050271 -4 0.9945218953682734 0.10452846326765333 6.1629758220391547e-32 
1 -8.5750000000000011 8.4181363697691012 -2.2362687595082491 -3.9734939683789073e-33 1.2313924960836246e-16 -1 
1 11.054118148473888 -17.701367286031218 -5.3525688376873752 -0.4570051967661603 0.37007551142837947 -0.8088203545718583 
1 9.9814613634132652 8.7848235102951779 -2.0423860000000005 0.10452846326765383 -0.9945218953682734 2.0816681711721685e-16 
3 11.829298173234974 -9.8172817369711485 -2.2500000000000413 -0.88448134064689099 -0.092962734915451983 0.4572206119200205 -0.45471590956814051 -0.047792567938296011 -0.88935331113988791 0.10452846326765372 -0.99452189536827329 -6.9388939039072268e-18 1.1806331486574317 1.05
1 -12.120685758711868 -27.761124078871173 -2.0423860000000005 0.19080899537654428 0.9816271834476642 3.1918911957973251e-16 
3 -8.9485179043721992 -12.001118206298933 -2.249999999999976 0.87301338590410216 -0.16969661183340534 0.4572206119200205 -0.47915717534954577 -0.47311883751854988 0.73930167516118939 0.090862695003505412 -0.86450079555623238 -0.4943504274695647 1.234578350986546 1.05
1 -11.701089233190775 -28.821459352056934 -3.2371017947056737 0.48752036009008354 0.32883663501484756 -0.80882035457185875 
1 11.358088261509014 -19.380572783445107 -2.042386 -0.99452189536827351 -0.10452846326765255 9.0205620750793989e-16 
1 7.8740038037984998 -20.926438502469395 0.23966195793416178 0.36399664408546567 -0.39723263205115483 0.84244446649511007 
1 4.0265658941216014 -32.005616778954469 -2.9945880793841879 -0.32883663501484806 0.48752036009008398 -0.8088203545718583 
1 2.8676334557674403 -32.279036995790918 -2.042386 -0.98162718344766398 0.19080899537654555 1.1102230246251565e-15 
1 7.1103710228176551 -18.706372232578932 -2.0423860000000005 -0.19080899537654417 -0.98162718344766409 5.6898930012039273e-16 
1 -16 -16 3 0 1 0 
1 -2 -16 3 -1 0 0 
1 -2 -2 3 0 -1 0 
1 -16 -2 3 1 0 0 
1 -8.5749999999999993 -9.6718074204324083 -4 -0 1 0 
1 -8.5749999999999957 -9.5201521695212445 -2.0423860000000005 3.9734939683789073e-33 2.0441854352457554e-32 1 
1 9.9814613634132652 8.7848235102951779 -4 0.10452846326765339 -0.9945218953682734 0 
1 12.924460246714055 -19.215940453798556 -2.0423859999999987 1.28010447960523e-17 -1.2179380558447211e-16 -1 
2 11.935448774651292 -9.8061248591862942 -2.2500000000000417 -0.99452189536827329 -0.10452846326765372 3.1235921728556804e-15 -0.10452846326765372 0.99452189536827329 4.4408920985006247e-16 -3.1529007707653082e-15 1.1515215298920732e-16 -1 1.05
2 11.935448774651292 -9.8061248591862942 -2.2500000000000417 -0.99452189536827329 -0.10452846326765372 3.1235921728556804e-15 -0.10452846326765372 0.99452189536827329 4.4408920985006247e-16 -3.1529007707653082e-15 1.1515215298920732e-16 -1 1.05
1 -12.120685758711868 -27.761124078871173 -4 0.19080899537654453 0.98162718344766409 -2.0526832973508063e-48 
1 11.358088261509014 -19.380572783445107 -4 -0.9945218953682734 -0.10452846326765342 1.6640034719505718e-31 
1 2.8676334557674394 -32.279036995790918 -4 -0.98162718344766409 0.19080899537654419 2.311115933264683e-31 
1 7.1103710228176542 -18.706372232578932 -4 -0.19080899537654397 -0.9816271834476642 2.3263744036642471e-47 
1 -8.3547015389376647 -19.038587493038516 -4 0.19080852523331637 0.98162727483413326 -0 
1 0.15926218249550583 -30.425019988676269 -4 -0.98162727483413326 0.19080852523331637 0 
1 1.2633073647539637 -26.055399383230998 -4 0.98162727483413326 -0.19080852523331637 0 
1 6.7237399853734168 -14.838515922466012 -4 -0.19080852523331637 -0.98162727483413326 0 
1 -8.4161959945797697 -16.73452186204506 -4 0.19080852523331637 0.98162727483413326 -0 
1 1.2633073647539637 -26.055399383230998 -4 0.98162727483413326 -0.19080852523331637 0 
1 2.2173499909205452 -21.147263009060332 -4 0.98162727483413326 -0.19080852523331637 0 
1 6.3082131279322287 -19.596649740544802 -4 0.19080852523331637 0.98162727483413326 -0 
1 2.2173499909205452 -21.147263009060332 -4 0.98162727483413326 -0.19080852523331637 0 
1 -4.0408093880769975 -15.346578464365191 -4 0.98162727483413326 -0.19080852523331637 0 
1 4.6263674143037212 -8.6638745348895601 -4 0.99452189536827329 0.10452846326765362 -0 
1 9.2497137269685901 -10.083347818519421 -4 0.10452846326765391 -0.99452189536827329 0 
1 5.0235755747208142 -12.443057737288999 -4 -0.99452189536827329 -0.10452846326765362 0 
1 -5.6681147035555108 -11.651274767534227 -4 0.10452846326765391 -0.99452189536827329 0 
1 -3.3006742642545714 6.9999999999999991 -4 1 0 0 
1 -7 -9.0042863895952543 -4 0 1 -0 
1 -2.5 -9.2542863895952543 -4 0 -1 0 
1 3.6993257357454286 -7 -4 -1 0 0 
1 -1.0506742642545714 7.4999999999999991 -4 1 0 0 
1 -2.5 -9.2542863895952543 -4 0 -1 0 
1 2.5 -9.2542863895952543 -4 0 -1 0 
1 -1.0506742642545714 -7.5 -4 1 0 0 
1 2.5 -9.2542863895952543 -4 0 -1 0 
1 7 -2.0042863895952552 -4 0 -1 0 
2 9.2502396571569534 -10.088351710008959 -2.2500000000000333 -0.99452189536827329 -0.10452846326765372 3.1235921728556804e-15 -0.10452846326765372 0.99452189536827329 4.4408920985006247e-16 -3.1529007707653082e-15 1.1515215298920732e-16 -1 1.05
1 -37.900400880193402 -13.988300032432292 -2.249999999999885 0.99452189536827329 0.10452846326765364 -3.1086244689504383e-15 
1 -12.421209926429921 -29.307186892801212 -2.0423860000000005 -2.3367362543640893e-17 -1.2021465881652221e-16 -1 
3 -9.0595187132193651 -12.012784861426685 -2.2499999999999756 -0.98162718344766409 0.19080899537654444 -9.6047222676594146e-16 -0.19080899537654444 -0.98162718344766409 1.3825196713599831e-14 1.6951462490651306e-15 1.3754455651257186e-14 1 1.0979763443115054 1.05
3 -9.0595187132193651 -12.012784861426685 -2.2499999999999756 -0.98162718344766409 0.19080899537654444 -9.6047222676594146e-16 -0.19080899537654444 -0.98162718344766409 1.3825196713599831e-14 1.6951462490651306e-15 1.3754455651257186e-14 1 1.0979763443115054 1.05
2 -5.6675887733671431 -11.656278659023766 -2.2499999999999862 -0.99452189536827329 -0.10452846326765372 3.1235921728556804e-15 -0.10452846326765372 0.99452189536827329 4.4408920985006247e-16 -3.1529007707653082e-15 1.1515215298920732e-16 -1 1.05
1 6.8879948366009591 -19.850398534436192 -2.0423860000000005 2.4435058382731484e-17 1.2570747773335194e-16 1 
1 4.4136962696975033 -32.579561163508977 -2.0423859999999996 -2.3367362543640628e-17 -1.2021465881652226e-16 -1 
1 -16 -2 0 0 0 1 
1 -16 -16 0 0 0 1 
1 -4 -8.5 3 0 0 1 
1 -4.25 -8.5 7.5 -1 0 0 
1 -9 -8.5 3 0 0 1 
1 -2 -16 0 0 0 1 
1 -2 -2 0 0 0 1 
1 -9 5.5 3 0 0 -1 
1 -11.25 5.5 7.5 1 0 0 
1 -4 5.5 3 0 0 -1 
1 -9 -9 7.5 0 1 0 
1 -9 6 3 0 0 1 
1 -4 6 3 0 0 1 
1 -9 6 7.5 1 0 0 
1 -9 -9 7.5 0 1 0 
1 -9 -9 3 0 0 1 
1 -4 -9 7.5 0 1 0 
1 -4 -9 3 0 0 1 
1 -9 -9 7.5 1 0 0 
1 -4 -9 7.5 0 1 0 
1 -9.0999999999999996 -5.3499999999999996 0 0 1 0 
1 9.0516355769484225 -8.1987601088092443 -0.35000000000003145 -0.99452189536827329 -0.10452846326765362 3.1086244689504379e-15 
1 -12.9 -0.34999999999999998 0 0 -1 0 
1 -9.0999999999999996 -0.34999999999999998 0 -1 0 0 
1 9.4488437373655074 -11.977943311208683 -0.35000000000003328 -0.99452189536827329 -0.10452846326765362 3.1086244689504379e-15 
Polygon3D 0
PolygonOnTriangulations 0
Surfaces 69
1 -7.2743872160775913 9.6106199753417147 0 0.09296273491545122 -0.8844813406468911 0.45722061192002028 0.047792567938296227 -0.45471590956814034 -0.88935331113988803 0.99452189536827351 0.10452846326765317 5.4817261840867104e-16 
1 -7.0000000000000018 6.9999999999999973 0 -1.2801044796052272e-17 1.2179380558447149e-16 -1 -0.10452846326765333 0.9945218953682734 1.2246467991473532e-16 0.9945218953682734 0.10452846326765333 6.1629758220391547e-32 
1 -7.2743872160775913 9.6106199753417147 0 0.09296273491545122 -0.8844813406468911 0.45722061192002028 0.047792567938296227 -0.45471590956814034 -0.88935331113988803 0.99452189536827351 0.10452846326765317 5.4817261840867104e-16 
1 -9.6250000000000018 -9.67180742043241 -4.4408920985006262e-16 0.88935331113988791 -0 0.45722061192002045 0.45722061192002045 3.9495220922164962e-16 -0.88935331113988791 -1.8058029077948654e-16 1 3.5125205501328778e-16 
1 -7.1646323296465546 8.5663719852050271 -2.042386 0.10452846326765286 -0.99452189536827351 -1.2246467991473557e-16 4.2885539789663085e-16 1.6821376824384496e-16 -1 0.99452189536827351 0.10452846326765286 4.4408920985006262e-16 
1 11.025709353549953 8.8945783967262155 -4.4408920985006262e-16 -0.88448134064689099 -0.092962734915451983 0.45722061192002045 -0.45471590956814051 -0.047792567938296254 -0.88935331113988791 0.10452846326765383 -0.99452189536827329 2.081668171172168e-16 
1 0.41814987539792331 -11.056167280044109 1.1304698492841865e-16 0 0 1 1 0 -0 -0 1 0 
1 -7.0000000000000018 -9.67180742043241 0 0 0 -1 -1 0 0 0 1 0 
1 8.4150893782082363 8.6201911806486251 0 0 0 -1 0.9945218953682734 0.10452846326765339 0 0.10452846326765339 -0.9945218953682734 0 
1 -10.574622944781799 -28.061648246589233 0 -2.4198978391377391e-32 4.7038049005328971e-33 -1 -0.98162718344766409 0.19080899537654453 2.4651903288156619e-32 0.19080899537654453 0.98162718344766409 -2.0526832973508063e-48 
1 -13.151394301331917 -27.560774633725803 -4.4408920985006262e-16 0.87301338590410205 -0.16969661183340534 0.45722061192002045 0.44882018149326725 -0.087241805625907651 -0.88935331113988791 0.19080899537654428 0.9816271834476642 3.1918911957973251e-16 
1 11.193455931862461 -17.814200798240076 0 1.280104479605218e-17 -1.2179380558447151e-16 -1 0.10452846326765342 -0.9945218953682734 1.2246467991473535e-16 -0.9945218953682734 -0.10452846326765342 1.6640034719505718e-31 
1 11.467843147940052 -20.424820773581793 0 -0.092962734915450526 0.88448134064689121 0.45722061192002034 -0.047792567938296268 0.45471590956814034 -0.88935331113988803 -0.9945218953682734 -0.10452846326765254 9.0899510141184672e-16 
1 3.1681576234854982 -30.732974181860847 0 -2.3367362543640927e-17 -1.2021465881652132e-16 -1 -0.19080899537654419 -0.98162718344766409 1.2246467991473532e-16 -0.98162718344766409 0.19080899537654419 2.311115933264683e-31 
1 2.6672840106220699 -33.309745538410965 0 0.16969661183340681 0.87301338590410194 0.45722061192002034 0.087241805625907498 0.44882018149326702 -0.88935331113988791 -0.98162718344766398 0.19080899537654555 1.0963452368173421e-15 
1 5.5643082088875842 -18.405848064860873 0 4.8397956782754782e-32 -9.4076098010657941e-33 -1 0.9816271834476642 -0.19080899537654397 4.9303806576313238e-32 -0.19080899537654397 -0.9816271834476642 2.3263744036642471e-47 
1 8.1410795654377033 -18.906721677724303 -4.4408920985006262e-16 -0.87301338590410205 0.16969661183340534 0.45722061192002045 -0.44882018149326725 0.087241805625907373 -0.8893533111398878 -0.19080899537654417 -0.98162718344766409 5.6898930012039273e-16 
1 -9.6250000000000018 -9.67180742043241 -4.4408920985006262e-16 0.88935331113988791 -0 0.45722061192002045 0.45722061192002045 3.9495220922164962e-16 -0.88935331113988791 -1.8058029077948654e-16 1 3.5125205501328778e-16 
1 -8.5750000000000011 -9.6718074204324083 -2.0423860000000005 1 0 -3.9734939683789073e-33 -3.9734939683789073e-33 4.4408920985006262e-16 -1 1.7645857967613786e-48 1 4.4408920985006262e-16 
1 0.62091451688335642 9.3846659326346522 -3.0211929999999989 -0.10452846326765318 0.9945218953682734 3.5381221806952416e-16 0.9945218953682734 0.10452846326765318 0 -3.6983447440127153e-17 3.5187399771895604e-16 -1 
1 -7.1646323296465537 8.5663719852050271 -4 1.2801044796052272e-17 -1.2179380558447149e-16 1 0.10452846326765333 -0.9945218953682734 -1.2246467991473532e-16 0.9945218953682734 0.10452846326765333 6.1629758220391547e-32 
1 -7.1646323296465546 8.5663719852050271 -2.23626875950825 0.10452846326765286 -0.99452189536827351 -1.2246467991473557e-16 4.2885539789663085e-16 1.6821376824384496e-16 -1 0.99452189536827351 0.10452846326765286 4.4408920985006262e-16 
1 11.025709353549953 8.8945783967262155 -4.4408920985006262e-16 -0.88448134064689099 -0.092962734915451983 0.45722061192002045 -0.45471590956814051 -0.047792567938296254 -0.88935331113988791 0.10452846326765383 -0.99452189536827329 2.081668171172168e-16 
1 9.9814613634132652 8.7848235102951779 -2.0423860000000005 -0.99452189536827329 -0.10452846326765372 1.4791141972893971e-31 4.6419962659373481e-17 -4.4165644269268308e-16 -1 0.10452846326765372 -0.99452189536827329 4.4408920985006252e-16 
