<?xml version='1.0' encoding='utf-8'?>
<!-- FreeCAD DocumentObject -->
<Document SchemaVersion="4" FileVersion="2">
<Object name="Pipe">
  <Properties Count="43" TransientCount="2">
    <_Property name="_Body" type="App::PropertyLinkHidden" status="251658241"/>
    <_Property name="_ElementMapVersion" type="App::PropertyString" status="234881024"/>
    <Property name="AddSubShape" type="Part::PropertyPartShape">
      <Part HasherIndex="0" ElementMap="1.15.70200.4" brep="1">
<![CDATA[

CASCADE Topology V1, (c) Matra-Datavision
Locations 0
Curve2ds 154
1 0 0 -7.547468613682779e-48 1 
1 1.76373124049175 1.0005887240751444e-16 4.4408920985006252e-16 1 
1 1.5749999999999993 -1.9428902930940239e-16 -7.547468613682779e-48 1 
1 0 0 -4.4408920985006252e-16 1 
1 -1.0824674490095276e-15 -1.5749999999999984 0.70710678118654768 0.70710678118654746 
1 8.8817841970012523e-16 17.075000000000003 0.70710678118654746 -0.70710678118654768 
8 -3.9999999999999991 4.0870606252164505e-15
1 -6.5155913644121136e-15 16.671807420432408 -1 -3.2094996024170015e-16 
8 -3.9999999999999991 4.0870606252164505e-15
1 8.8817841970012582e-16 -1.673785845451986e-15 -1 -4.3121765332056859e-16 
1 4 -8.3108856689228968e-17 0 1 
1 0 0 -4.8572257327350589e-16 1 
8 -4 3.5527181196925993e-15
1 -6.8833827526759706e-15 15.500000000000002 -1 -4.4408920985006291e-16 
8 -4 3.5527181196925993e-15
1 -2.4360767460816795e-30 5.4855571629496918e-15 -1 -5.6655388976479816e-16 
1 2.625 -4.4408920985006262e-16 7.547468613682779e-48 1 
1 -3.021553832301418e-16 -8.8331288538536627e-16 4.0663417141853116e-16 1 
1 2.7905321389914899e-15 7.4378627843579193e-15 0.7071067811865468 -0.70710678118654824 
1 -6.4392935428259079e-15 15.500000000000005 0.70710678118654835 0.7071067811865468 
8 -4.0731301927326342 -1.5896512661278308
1 3.7664422367832544 17.484786712202244 0.92470460274101129 -0.38068543138605715 
8 -4.0731301927326342 -1.5896512661278308
1 3.7664422367832469 -0.81297929176983763 0.92470460274101163 0.38068543138605648 
1 2.2964843942417734 -3.0079060076015938e-16 -1.610035274360137e-19 1 
1 4.4408920985006262e-16 -1.9721522630525295e-31 -1.040834085586084e-16 1 
8 -4.3141143435262412 -1.7889726498789424
1 3.9234615189346256 16.331112523468065 0.90944773515847133 -0.41581824997843336 
8 -4.3141143435262412 -1.7889726498789424
1 3.9234615189346136 -0.83111252346805531 0.90944773515847199 0.41581824997843236 
8 1.8482248832234338e-16 0.19388275950824327
1 6.7012812144724474e-15 18.089943790201509 1 -3.2094996024170015e-16 
8 1.8482248832234338e-16 0.19388275950824327
1 -1.5179574796105192e-15 -1.4181363697690978 1 -4.3121765332056859e-16 
1 0.19388275950824996 -8.6101241473568438e-17 0 1 
1 0 0 0 1 
8 -1.187940995572849e-15 0.19388275950824194
1 8.0269124680398799e-15 17.074999999999999 1 -4.4408920985006291e-16 
8 -1.187940995572849e-15 0.19388275950824194
1 -6.9944050551384466e-16 -1.5749999999999911 1 -5.6655388976479816e-16 
8 1.4276997430446287e-15 1.7637312404917536
1 7.14537042432251e-15 18.089943790201509 1 -3.2094996024170015e-16 
8 1.4276997430446287e-15 1.7637312404917536
1 -1.5179574796105192e-15 -1.4181363697690978 1 -4.3121765332056859e-16 
8 5.1292747826891751e-16 1.7637312404917529
1 7.5828232581898173e-15 17.074999999999999 1 -4.4408920985006291e-16 
8 5.1292747826891751e-16 1.7637312404917529
1 -6.9944050551384466e-16 -1.5749999999999911 1 -5.6655388976479816e-16 
1 0 0 0 1 
1 1.76373124049175 -7.8325401297785193e-16 4.4408920985006262e-16 1 
1 1.5750000000000004 5.2735593669694936e-16 0 1 
1 0 0 -4.4408920985006262e-16 1 
1 4.7184478546569153e-16 -1.5750000000000004 0.7071067811865468 0.70710678118654824 
1 4 9.7310686295177346e-18 0 1 
1 0 0 3.4694469519536142e-16 1 
8 -3.9999999999999982 5.3290749590928513e-15
1 -1.0027534358414413e-14 26.580000000000002 -1 -3.2162452993532663e-16 
8 -3.9999999999999982 5.3290749590928513e-15
1 1.7763568394002564e-15 -1.4133006166165863e-14 -1 -4.4408920985006262e-16 
1 2.6250000000000009 -2.2204460492503131e-16 0 1 
1 -9.5126676890294037e-16 2.2265861388439463e-31 3.9476581216327883e-16 1 
1 4.6473306453664294e-15 -1.0228394923349408e-14 0.70710678118654857 -0.70710678118654657 
1 2.2964843942417725 5.7404372921787683e-16 7.0598411167988026e-18 1 
1 0 0 2.3592239273284576e-16 1 
8 -6.6177474484067726 -4.0926057547594672
1 6.0184954288042967 26.453219837204255 0.90944773515847133 -0.41581824997843375 
8 -6.6177474484067726 -4.0926057547594672
1 6.0184954288042904 0.1267801627957314 0.90944773515847177 0.4158182499784327 
1 0.19388275950824996 -8.6101241473568426e-17 0 1 
1 4.4408920985006262e-16 -1.9721522630525293e-31 0 1 
8 -3.2714824877524055e-15 0.19388275950823924
1 1.0726974863928261e-14 28.154999999999998 1 -3.2162452993532663e-16 
8 -3.2714824877524055e-15 0.19388275950823924
1 -2.0317081350640409e-15 -1.5750000000000104 1 -4.4408920985006262e-16 
8 2.2892147033838424e-15 1.7637312404917547
1 1.0726974863928261e-14 28.154999999999998 1 -3.2162452993532663e-16 
8 2.2892147033838424e-15 1.7637312404917547
1 -2.4757973449141035e-15 -1.5750000000000104 1 -4.4408920985006262e-16 
1 0 0 -2.0378165256943503e-47 1 
1 1.76373124049175 -7.8325401297785193e-16 4.4408920985006257e-16 1 
1 1.5750000000000004 4.7184478546569153e-16 -2.0378165256943503e-47 1 
1 0 0 -4.4408920985006257e-16 1 
1 1.3600232051658168e-15 1.1654386931698673 0.80385686061721662 -0.59482278675134215 
1 4 9.7310686295173402e-18 0 1 
1 3.5332515415414655e-15 3.71359701274988e-16 -1.3461454173580023e-15 1 
8 -2.6288742739257328e-15 4
1 -2.5136136027447575e-15 5.6601546423373508 1 4.0664799980511416e-16 
8 -2.6288742739257328e-15 4
1 3.1727301125048334e-30 -7.1443530762119582e-15 1 3.1602890360238631e-16 
1 2.6249999999999991 -3.3306690738754696e-16 2.0378165256943503e-47 1 
1 -2.261325803599179e-16 2.2936249888360392e-31 4.0286888823025483e-16 1 
1 1.9397035261680201e-16 -3.656912754095033e-15 0.80385686061721673 0.59482278675134237 
1 2.2964843942417716 6.8341041159492028e-16 -4.5619194987407886e-18 1 
1 -0 0 -4.5796699765787727e-16 1 
8 -2.7088408182302457 -0.28448398377075745
1 -0.269478906675439 3.6265852465331601 -0.94725510766395626 -0.3204805157954953 
8 -2.7088408182302457 -0.28448398377075745
1 -0.26947890667544205 2.0335693958041863 -0.94725510766395582 0.32048051579549675 
1 0.19388275950824996 -8.6101241473568426e-17 0 1 
1 -0 0 0 1 
8 -0.19388275950824752 3.0852372152513943e-15
1 2.4401440642163246e-15 4.4947159491674844 -1 4.0664799980511416e-16 
8 -0.19388275950824752 3.0852372152513943e-15
1 5.1755874837849444e-16 1.1654386931698637 -1 3.1602890360238631e-16 
8 -1.7637312404917531 7.1390871745948818e-16
1 1.996054854366262e-15 4.4947159491674844 -1 4.0664799980511416e-16 
8 -1.7637312404917531 7.1390871745948818e-16
1 5.1755874837849444e-16 1.1654386931698637 -1 3.1602890360238631e-16 
1 0 0 -1.1469911362234807e-78 1 
1 1.76373124049175 -7.8325401297785222e-16 4.4408920985006271e-16 1 
1 1.575 9.9920072216264089e-16 -1.1469911362234807e-78 1 
1 0 0 -4.4408920985006271e-16 1 
1 -9.1038288019262836e-15 -1.5750000000000017 0.70710678118654913 0.70710678118654591 
1 4 1.7763568394002509e-15 0 1 
1 6.7788972791242931e-16 3.4874403221169253e-15 -4.7184478546569153e-16 1 
8 -3.9999999999999991 4.4408965393927205e-15
1 -4.6886268983775991e-15 12.557849176206316 -1 -3.2162452993532648e-16 
8 -3.9999999999999991 4.4408965393927205e-15
1 8.8817841970012277e-16 5.2311604831753855e-15 -1 -4.4408920985006291e-16 
1 2.6250000000000009 -1.8873791418627661e-15 1.1469911362234807e-78 1 
1 2.4270888611301801e-16 -3.4874403221169249e-15 4.1616458495653505e-16 1 
1 8.4153963160477636e-15 6.055031228673606e-15 0.70710678118654591 -0.70710678118654935 
1 2.2964843942417725 -7.962833170616077e-17 1.4247182928487056e-17 1 
1 -0 0 -1.2490009027033001e-16 1 
8 -3.7024143401649985 -1.1772726465176995
1 3.3671523362813143 13.643317724583852 0.9094477351584711 -0.41581824997843408 
8 -3.7024143401649985 -1.1772726465176995
1 3.3671523362813027 -1.0854685483775295 0.90944773515847177 0.41581824997843242 
1 0.19388275950824996 -8.6101241473568463e-17 0 1 
1 4.4408920985006262e-16 -1.97215226305253e-31 0 1 
8 -7.955745870764347e-15 0.19388275950824457
1 5.3880674038914474e-15 14.132849176206317 1 -3.2162452993532648e-16 
8 -7.955745870764347e-15 0.19388275950824457
1 -1.1435297153639074e-15 -1.5749999999999926 1 -4.4408920985006291e-16 
8 1.5876144843218709e-15 1.7637312404917538
1 5.3880674038914474e-15 14.132849176206317 1 -3.2162452993532648e-16 
8 1.5876144843218709e-15 1.7637312404917538
1 -1.58761892521397e-15 -1.5749999999999926 1 -4.4408920985006291e-16 
1 0 0 -2.8303007301310419e-47 1 
1 1.76373124049175 8.8606067551379292e-17 4.4408920985006242e-16 1 
1 1.575 5.5511151231257827e-17 -2.8303007301310419e-47 1 
1 -2.0396902069930449e-31 4.3593004026461546e-16 -4.4408920985006242e-16 1 
1 -5.5511151231257827e-16 -1.5749999999999966 0.70710678118654802 0.70710678118654713 
1 4 3.2636678341787832e-17 0 1 
1 3.4874403221169249e-15 -6.778897279124301e-16 -1.915134717478395e-15 1 
8 -4 3.5527181196926016e-15
1 -6.2172489379008727e-15 14 -1 -4.4408920985006262e-16 
8 -4 3.5527181196926016e-15
1 -1.1292707589788231e-29 2.5428916846687121e-14 -1 -5.6655388976479895e-16 
1 2.625 -1.1102230246251565e-16 2.8303007301310419e-47 1 
1 -2.261325803599179e-16 2.8229230631828166e-31 3.6624951479710603e-16 1 
1 1.9195734012406312e-16 2.8916357168804045e-14 0.70710678118654413 -0.70710678118655101 
1 2.2964843942417721 9.1719964956382545e-17 1.5079949608824433e-17 1 
1 -0 0 -6.6613381477509392e-16 1 
8 -4.002250656042408 -1.4771089623951206
1 3.6398377946742944 14.960791136229412 0.90944773515847133 -0.4158182499784337 
8 -4.002250656042408 -1.4771089623951206
1 3.6398377946742739 -0.96079113622937895 0.9094477351584721 0.41581824997843198 
1 0.19388275950824996 -8.6101241473568402e-17 0 1 
1 -0 0 0 1 
8 -2.9976146564971126e-16 0.1938827595082426
1 7.3607786532647828e-15 15.574999999999999 1 -4.4408920985006262e-16 
8 -2.9976146564971126e-16 0.1938827595082426
1 -6.994405055138345e-16 -1.5749999999999678 1 -5.6655388976479895e-16 
8 4.7933224178961521e-16 1.7637312404917529
1 6.916689443414721e-15 15.574999999999999 1 -4.4408920985006262e-16 
8 4.7933224178961521e-16 1.7637312404917529
1 -6.994405055138345e-16 -1.5749999999999678 1 -5.6655388976479895e-16 
1 0 0 5.0602550127506504e-80 1 
1 1.76373124049175 -7.8325401297785222e-16 4.4408920985006271e-16 1 
1 1.5750000000000006 -1.5543122344752192e-15 5.0602550127506504e-80 1 
1 1.5487346170481534e-30 -3.4874403221169249e-15 -4.4408920985006271e-16 1 
1 1.7763568394002505e-15 0.1516552509111655 0.99539619836718207 -0.09584575252019005 
1 4 1.7763568394002509e-15 0 1 
1 6.7788972791243128e-16 3.4874403221169249e-15 8.3266726846886741e-17 1 
8 -3.4209185954213297e-16 4
1 -8.3195840737348969e-15 18.734037867174994 1 4.4408920985006271e-16 
8 -3.4209185954213297e-16 4
1 -2.2876966251409342e-29 5.1514348342607263e-14 1 4.4408920985006262e-16 
1 2.6250000000000004 2.7755575615628914e-16 -5.0602550127506504e-80 1 
1 -3.1238717817075763e-16 1.1211583419026314e-31 3.9727280715842607e-16 1 
1 -6.2172489379008766e-15 9.7699626167013776e-14 0.99539619836717874 0.095845752520225133 
1 2.2964843942417739 6.8036024036821614e-16 1.3065438419378497e-17 1 
1 0 0 1.2490009027033028e-16 1 
8 -2.6995789544570346 -0.40087007971210947
1 -0.40048215426125833 18.463647753637208 -0.99903229133206428 -0.043982733837329806 
8 -2.6995789544570346 -0.40087007971210947
1 -0.40048215426125655 0.27039011353799064 -0.99903229133206428 0.043982733837331166 
1 0.19388275950824996 -8.6101241473568463e-17 0 1 
1 4.4408920985006262e-16 -1.97215226305253e-31 0 1 
8 -0.19388275950824171 1.388629991311047e-16
1 8.2522356131881618e-15 18.582382616263867 -1 4.4408920985006271e-16 
8 -0.19388275950824171 1.388629991311047e-16
1 6.7348460546751685e-17 0.15165525091116372 -1 4.4408920985006262e-16 
8 -1.7637312404917505 1.2283750731969035e-16
1 8.2522356131881618e-15 18.582382616263867 -1 4.4408920985006271e-16 
8 -1.7637312404917505 1.2283750731969035e-16
1 6.7348460546751685e-17 0.15165525091116372 -1 4.4408920985006262e-16 
1 0 0 0 1 
1 1.76373124049175 -7.8325401297785202e-16 4.4408920985006262e-16 1 
1 1.5749999999999993 0 0 1 
1 0 0 -4.4408920985006262e-16 1 
1 4 0 0 1 
1 0 0 -1.7645857967613786e-48 1 
1 2.625 0 0 1 
1 -3.1238717817075763e-16 1.2337800615105778e-31 3.9495220922164962e-16 1 
1 2.296484394241773 8.6935525445142066e-16 -4.9303806576313238e-32 1 
1 0 0 9.2837154836774833e-17 1 
1 0.19388275950824996 -8.6101241473568438e-17 0 1 
1 4.4408920985006262e-16 -1.9721522630525295e-31 0 1 
Curves 84
1 -7.1646323296465537 8.5663719852050271 -4 0.9945218953682734 0.10452846326765333 6.1629758220391547e-32 
1 -8.5749999999999993 8.4181363697690941 -4 0.74314482547739413 -0.66913060635885835 0 
1 -7 6.9999999999999973 -4 0.9945218953682734 0.10452846326765333 6.1629758220391547e-32 
1 9.8168290337667123 10.351195495500207 -4 -0.62932039104983772 -0.77714596145697079 0 
1 -7.0000000000000018 6.9999999999999991 -3.9999999999999991 -3.9734939683789073e-33 1.2313924960836246e-16 -1 
1 -7.0000000000000018 6.9999999999999973 0 0.99452189536827351 0.10452846326765286 4.4408920985006262e-16 
1 8.4150893782082381 8.620191180648618 -4 -1.2801044796052554e-17 1.2179380558447171e-16 -1 
1 -7.0000000000000018 6.9999999999999982 3.7018848920561194e-15 -0.74314482547739447 0.66913060635885813 -1.0025094470447899e-15 
1 -7.2743872160775922 9.6106199753417147 3.2146978477618021e-16 0.9945218953682734 0.10452846326765333 6.1629758220391547e-32 
1 8.4150893782082399 8.620191180648618 3.441691376337988e-15 0.62932039104983672 0.77714596145697146 -8.8380441088721626e-16 
1 -7.902904975736555 7.8129792917698353 -3.3496978745003068 0.42279400431050468 -0.38068543138605687 -0.82238910027401313 
1 -7.1646323296465546 8.5663719852050271 -2.0423860000000005 0.99452189536827351 0.10452846326765317 5.4817261840867104e-16 
1 9.1547740654313863 9.5336256976330009 -3.4893434929944336 -0.37007551142837919 -0.45700519676615992 -0.80882035457185864 
1 -8.5750000000000011 8.4181363697691012 -2.0423859999999991 -3.9734939683789073e-33 1.2313924960836246e-16 -1 
1 -7.1646323296465546 8.5663719852050271 -2.23626875950825 0.99452189536827351 0.10452846326765286 4.4408920985006262e-16 
1 9.8168290337667123 10.3511954955002 -2.0423860000000005 -1.2801044796052554e-17 1.2179380558447171e-16 -1 
1 -8.5750000000000011 8.4181363697691012 -2.2362687595082491 -3.9734939683789073e-33 1.2313924960836246e-16 -1 
1 9.8168290337667123 10.3511954955002 -2.23626875950825 -1.2801044796052554e-17 1.2179380558447171e-16 -1 
1 9.9814613634132652 8.7848235102951779 -4 0.10452846326765339 -0.9945218953682734 0 
1 8.4150893782082345 8.6201911806486233 -4 0.10452846326765339 -0.9945218953682734 0 
1 12.924460246714045 -19.215940453798552 -4 -0.77714596145697157 0.62932039104983672 0 
1 8.4150893782082363 8.6201911806486251 0 0.10452846326765372 -0.99452189536827329 4.4408920985006257e-16 
1 11.193455931862474 -17.81420079824008 -3.9999999999999982 1.28010447960523e-17 -1.2179380558447211e-16 -1 
1 11.025709353549955 8.8945783967262155 0 0.10452846326765339 -0.9945218953682734 0 
1 11.193455931862472 -17.81420079824008 5.9019455989073294e-15 0.7771459614569699 -0.62932039104983861 -1.5465329610668839e-15 
1 9.9814613634132652 8.7848235102951779 -2.0423860000000005 0.10452846326765383 -0.9945218953682734 2.0816681711721685e-16 
1 11.054118148473888 -17.701367286031218 -5.3525688376873752 -0.4570051967661603 0.37007551142837947 -0.8088203545718583 
1 9.9814613634132652 8.7848235102951779 -2.2362687595082504 0.10452846326765372 -0.99452189536827329 4.4408920985006257e-16 
1 12.924460246714055 -19.215940453798556 -2.0423859999999987 1.28010447960523e-17 -1.2179380558447211e-16 -1 
1 12.924460246714055 -19.215940453798556 -2.2362687595082482 1.28010447960523e-17 -1.2179380558447211e-16 -1 
1 11.358088261509014 -19.380572783445107 -4 -0.9945218953682734 -0.10452846326765342 1.6640034719505718e-31 
1 11.193455931862459 -17.814200798240076 -4 -0.9945218953682734 -0.10452846326765342 1.6640034719505718e-31 
1 6.8879948366009582 -19.850398534436195 -4 -0.67559020761566024 0.7372773368101242 0 
1 11.193455931862461 -17.81420079824008 0 -0.99452189536827351 -0.10452846326765207 4.4408920985006257e-16 
1 5.564308208887585 -18.405848064860869 -4 2.4435058382731484e-17 1.2570747773335194e-16 1 
1 11.467843147940052 -20.424820773581793 3.2146978477618026e-16 -0.9945218953682734 -0.10452846326765342 1.6640034719505718e-31 
1 5.564308208887585 -18.405848064860869 1.2568068013723778e-15 0.67559020761566013 -0.73727733681012431 -3.356513995302205e-16 
1 11.358088261509014 -19.380572783445107 -2.042386 -0.99452189536827351 -0.10452846326765255 9.0205620750793989e-16 
1 7.8740038037984998 -20.926438502469395 0.23966195793416178 0.36399664408546567 -0.39723263205115483 0.84244446649511007 
1 11.358088261509014 -19.380572783445107 -2.23626875950825 -0.99452189536827351 -0.10452846326765207 4.4408920985006257e-16 
1 6.8879948366009591 -19.850398534436192 -2.0423860000000005 2.4435058382731484e-17 1.2570747773335194e-16 1 
1 6.8879948366009591 -19.850398534436192 -2.23626875950825 2.4435058382731484e-17 1.2570747773335194e-16 1 
1 7.1103710228176542 -18.706372232578932 -4 -0.19080899537654397 -0.9816271834476642 2.3263744036642471e-47 
1 5.5643082088875833 -18.405848064860876 -4 -0.19080899537654397 -0.9816271834476642 2.3263744036642471e-47 
1 4.4136962696975104 -32.579561163508984 -4 -0.55919290347074546 0.82903757255504273 0 
1 5.5643082088875842 -18.405848064860876 0 -0.19080899537654444 -0.98162718344766409 4.4408920985006271e-16 
1 3.1681576234854911 -30.73297418186085 -3.9999999999999991 -2.3367362543640628e-17 -1.2021465881652226e-16 -1 
1 8.1410795654377033 -18.906721677724299 1.2942249226282225e-31 -0.19080899537654397 -0.9816271834476642 2.3263744036642471e-47 
1 3.1681576234854907 -30.732974181860854 2.7884026590388637e-15 0.55919290347074946 -0.82903757255504007 -7.0782540819202808e-16 
1 7.1103710228176551 -18.706372232578932 -2.0423860000000005 -0.19080899537654417 -0.98162718344766409 5.6898930012039273e-16 
1 4.0265658941216014 -32.005616778954469 -2.9945880793841879 -0.32883663501484806 0.48752036009008398 -0.8088203545718583 
1 7.1103710228176542 -18.706372232578932 -2.2362687595082504 -0.19080899537654444 -0.98162718344766409 4.4408920985006271e-16 
1 4.4136962696975033 -32.579561163508977 -2.0423859999999996 -2.3367362543640628e-17 -1.2021465881652226e-16 -1 
1 4.4136962696975033 -32.579561163508977 -2.2362687595082491 -2.3367362543640628e-17 -1.2021465881652226e-16 -1 
1 2.8676334557674394 -32.279036995790918 -4 -0.98162718344766409 0.19080899537654419 2.311115933264683e-31 
1 3.1681576234854965 -30.732974181860847 -4 -0.98162718344766409 0.19080899537654419 2.311115933264683e-31 
1 -12.421209926429926 -29.307186892801241 -4 0.82903757255504185 0.55919290347074657 0 
1 3.1681576234854982 -30.73297418186085 0 -0.98162718344766375 0.19080899537654608 4.4408920985006242e-16 
1 -10.574622944781794 -28.061648246589204 -4 -2.3367362543640893e-17 -1.2021465881652221e-16 -1 
1 2.6672840106220699 -33.309745538410965 3.2146978477618021e-16 -0.98162718344766409 0.19080899537654419 2.311115933264683e-31 
1 -10.574622944781794 -28.061648246589204 3.1086244689504427e-15 -0.82903757255503885 -0.55919290347075112 -7.940848418195691e-16 
1 2.8676334557674403 -32.279036995790918 -2.042386 -0.98162718344766398 0.19080899537654555 1.1102230246251565e-15 
1 -11.701089233190775 -28.821459352056934 -3.2371017947056737 0.48752036009008354 0.32883663501484756 -0.80882035457185875 
1 2.8676334557674403 -32.279036995790918 -2.23626875950825 -0.98162718344766375 0.19080899537654608 4.4408920985006242e-16 
1 -12.421209926429921 -29.307186892801212 -2.0423860000000005 -2.3367362543640893e-17 -1.2021465881652221e-16 -1 
1 -12.421209926429921 -29.307186892801212 -2.23626875950825 -2.3367362543640893e-17 -1.2021465881652221e-16 -1 
1 -12.120685758711868 -27.761124078871173 -4 0.19080899537654453 0.98162718344766409 -2.0526832973508063e-48 
1 -10.574622944781797 -28.061648246589233 -4 0.19080899537654453 0.98162718344766409 -2.0526832973508063e-48 
1 -8.5749999999999975 -9.5201521695212428 -4 0.99539619836718207 -0.09584575252019005 0 
1 -10.574622944781799 -28.061648246589229 0 0.19080899537654444 0.98162718344766409 4.4408920985006271e-16 
1 -6.9999999999999973 -9.6718074204323567 -4 3.9734939683789073e-33 2.0441854352457554e-32 1 
1 -13.151394301331917 -27.560774633725803 6.4711246131411125e-32 0.19080899537654453 0.98162718344766409 -2.0526832973508063e-48 
1 -6.9999999999999956 -9.6718074204323123 4.1597920368674792e-15 -0.99539619836717874 0.095845752520225133 -1.5773871159984594e-15 
1 -12.120685758711868 -27.761124078871173 -2.0423860000000005 0.19080899537654428 0.9816271834476642 3.1918911957973251e-16 
1 -9.8081086956343668 -9.4014173068944196 0.35617012994469099 -0.45677815557070656 0.04398273383733077 0.88849267623184036 
1 -12.120685758711868 -27.761124078871173 -2.2362687595082504 0.19080899537654444 0.98162718344766409 4.4408920985006271e-16 
1 -8.5749999999999957 -9.5201521695212445 -2.0423860000000005 3.9734939683789073e-33 2.0441854352457554e-32 1 
1 -8.5749999999999957 -9.5201521695212445 -2.23626875950825 3.9734939683789073e-33 2.0441854352457554e-32 1 
1 -8.5749999999999993 -9.6718074204324083 -4 -0 1 0 
1 -7 -9.6718074204324083 -4 -0 1 0 
1 -7.0000000000000018 -9.67180742043241 0 1.7645857967613786e-48 1 4.4408920985006262e-16 
1 -9.6250000000000018 -9.67180742043241 0 0 1 0 
1 -8.5750000000000011 -9.6718074204324083 -2.0423860000000005 -1.8058029077948654e-16 1 3.5125205501328778e-16 
1 -8.5750000000000011 -9.6718074204324083 -2.2362687595082504 1.7645857967613786e-48 1 4.4408920985006262e-16 
Polygon3D 0
PolygonOnTriangulations 0
Surfaces 84
1 -7.1646323296465537 8.5663719852050271 -4 1.2801044796052272e-17 -1.2179380558447149e-16 1 0.10452846326765333 -0.9945218953682734 -1.2246467991473532e-16 0.9945218953682734 0.10452846326765333 6.1629758220391547e-32 
1 -7.1646323296465537 8.5663719852050271 -4 1.2801044796052272e-17 -1.2179380558447149e-16 1 0.10452846326765333 -0.9945218953682734 -1.2246467991473532e-16 0.9945218953682734 0.10452846326765333 6.1629758220391547e-32 
1 -7.1646323296465546 8.5663719852050271 -2.23626875950825 0.10452846326765286 -0.99452189536827351 -1.2246467991473557e-16 4.2885539789663085e-16 1.6821376824384496e-16 -1 0.99452189536827351 0.10452846326765286 4.4408920985006262e-16 
1 -7 6.9999999999999982 -4 -0.10452846326765286 0.99452189536827351 1.2246467991473557e-16 -4.2885539789663085e-16 -1.6821376824384496e-16 1 0.99452189536827351 0.10452846326765286 4.4408920985006262e-16 
1 9.9814613634132652 8.7848235102951779 -4 0 0 1 -0.9945218953682734 -0.10452846326765339 0 0.10452846326765339 -0.9945218953682734 0 
1 -7 6.9999999999999982 -4 -0.10452846326765286 0.99452189536827351 1.2246467991473557e-16 -4.2885539789663085e-16 -1.6821376824384496e-16 1 0.99452189536827351 0.10452846326765286 4.4408920985006262e-16 
1 -7.0000000000000018 -9.6718074204324083 -4 -1 0 3.9734939683789073e-33 3.9734939683789073e-33 -4.4408920985006262e-16 1 1.7645857967613786e-48 1 4.4408920985006262e-16 
1 -7.0000000000000018 6.9999999999999973 0 -1.2801044796052272e-17 1.2179380558447149e-16 -1 -0.10452846326765333 0.9945218953682734 1.2246467991473532e-16 0.9945218953682734 0.10452846326765333 6.1629758220391547e-32 
1 8.4150893782082363 8.6201911806486233 -4 0.99452189536827329 0.10452846326765372 -1.4791141972893971e-31 -4.6419962659373481e-17 4.4165644269268308e-16 1 0.10452846326765372 -0.99452189536827329 4.4408920985006252e-16 
1 -7.0000000000000018 6.9999999999999973 0 -1.2801044796052272e-17 1.2179380558447149e-16 -1 -0.10452846326765333 0.9945218953682734 1.2246467991473532e-16 0.9945218953682734 0.10452846326765333 6.1629758220391547e-32 
1 -7.2743872160775913 9.6106199753417147 0 0.09296273491545122 -0.8844813406468911 0.45722061192002028 0.047792567938296227 -0.45471590956814034 -0.88935331113988803 0.99452189536827351 0.10452846326765317 5.4817261840867104e-16 
1 8.4150893782082363 8.6201911806486251 0 0 0 -1 0.9945218953682734 0.10452846326765339 0 0.10452846326765339 -0.9945218953682734 0 
1 -7.2743872160775913 9.6106199753417147 0 0.09296273491545122 -0.8844813406468911 0.45722061192002028 0.047792567938296227 -0.45471590956814034 -0.88935331113988803 0.99452189536827351 0.10452846326765317 5.4817261840867104e-16 
1 -9.6250000000000018 -9.67180742043241 -4.4408920985006262e-16 0.88935331113988791 -0 0.45722061192002045 0.45722061192002045 3.9495220922164962e-16 -0.88935331113988791 -1.8058029077948654e-16 1 3.5125205501328778e-16 
1 -7.1646323296465546 8.5663719852050271 -2.042386 0.10452846326765286 -0.99452189536827351 -1.2246467991473557e-16 4.2885539789663085e-16 1.6821376824384496e-16 -1 0.99452189536827351 0.10452846326765286 4.4408920985006262e-16 
1 11.025709353549953 8.8945783967262155 -4.4408920985006262e-16 -0.88448134064689099 -0.092962734915451983 0.45722061192002045 -0.45471590956814051 -0.047792567938296254 -0.88935331113988791 0.10452846326765383 -0.99452189536827329 2.081668171172168e-16 
1 -7.1646323296465546 8.5663719852050271 -2.042386 0.10452846326765286 -0.99452189536827351 -1.2246467991473557e-16 4.2885539789663085e-16 1.6821376824384496e-16 -1 0.99452189536827351 0.10452846326765286 4.4408920985006262e-16 
1 -8.5750000000000011 -9.6718074204324083 -2.0423860000000005 1 0 -3.9734939683789073e-33 -3.9734939683789073e-33 4.4408920985006262e-16 -1 1.7645857967613786e-48 1 4.4408920985006262e-16 
1 9.9814613634132652 8.7848235102951779 -2.0423860000000005 -0.99452189536827329 -0.10452846326765372 1.4791141972893971e-31 4.6419962659373481e-17 -4.4165644269268308e-16 -1 0.10452846326765372 -0.99452189536827329 4.4408920985006252e-16 
1 -7.1646323296465546 8.5663719852050271 -2.23626875950825 0.10452846326765286 -0.99452189536827351 -1.2246467991473557e-16 4.2885539789663085e-16 1.6821376824384496e-16 -1 0.99452189536827351 0.10452846326765286 4.4408920985006262e-16 
1 -8.5750000000000011 -9.6718074204324083 -2.23626875950825 1 0 -3.9734939683789073e-33 -3.9734939683789073e-33 4.4408920985006262e-16 -1 1.7645857967613786e-48 1 4.4408920985006262e-16 
1 9.9814613634132652 8.7848235102951779 -2.23626875950825 -0.99452189536827329 -0.10452846326765372 1.4791141972893971e-31 4.6419962659373481e-17 -4.4165644269268308e-16 -1 0.10452846326765372 -0.99452189536827329 4.4408920985006252e-16 
1 9.9814613634132652 8.7848235102951779 -4 0 0 1 -0.9945218953682734 -0.10452846326765339 0 0.10452846326765339 -0.9945218953682734 0 
1 11.358088261509014 -19.380572783445107 -4 -1.280104479605218e-17 1.2179380558447151e-16 1 -0.10452846326765342 0.9945218953682734 -1.2246467991473535e-16 -0.9945218953682734 -0.10452846326765342 1.6640034719505718e-31 
1 8.4150893782082363 8.6201911806486233 -4 0.99452189536827329 0.10452846326765372 -1.4791141972893971e-31 -4.6419962659373481e-17 4.4165644269268308e-16 1 0.10452846326765372 -0.99452189536827329 4.4408920985006252e-16 
1 11.193455931862459 -17.81420079824008 -4 0.10452846326765207 -0.99452189536827351 1.2246467991473594e-16 4.2885539789663095e-16 1.6821376824384504e-16 1 -0.99452189536827351 -0.10452846326765207 4.4408920985006262e-16 
1 8.4150893782082363 8.6201911806486251 0 0 0 -1 0.9945218953682734 0.10452846326765339 0 0.10452846326765339 -0.9945218953682734 0 
1 11.193455931862461 -17.814200798240076 0 1.280104479605218e-17 -1.2179380558447151e-16 -1 0.10452846326765342 -0.9945218953682734 1.2246467991473535e-16 -0.9945218953682734 -0.10452846326765342 1.6640034719505718e-31 
1 11.025709353549953 8.8945783967262155 -4.4408920985006262e-16 -0.88448134064689099 -0.092962734915451983 0.45722061192002045 -0.45471590956814051 -0.047792567938296254 -0.88935331113988791 0.10452846326765383 -0.99452189536827329 2.081668171172168e-16 
1 11.467843147940052 -20.424820773581793 0 -0.092962734915450526 0.88448134064689121 0.45722061192002034 -0.047792567938296268 0.45471590956814034 -0.88935331113988803 -0.9945218953682734 -0.10452846326765254 9.0899510141184672e-16 
1 9.9814613634132652 8.7848235102951779 -2.0423860000000005 -0.99452189536827329 -0.10452846326765372 1.4791141972893971e-31 4.6419962659373481e-17 -4.4165644269268308e-16 -1 0.10452846326765372 -0.99452189536827329 4.4408920985006252e-16 
1 11.358088261509014 -19.380572783445107 -2.042386 -0.10452846326765207 0.99452189536827351 -1.2246467991473594e-16 -4.2885539789663095e-16 -1.6821376824384504e-16 -1 -0.99452189536827351 -0.10452846326765207 4.4408920985006262e-16 
1 9.9814613634132652 8.7848235102951779 -2.23626875950825 -0.99452189536827329 -0.10452846326765372 1.4791141972893971e-31 4.6419962659373481e-17 -4.4165644269268308e-16 -1 0.10452846326765372 -0.99452189536827329 4.4408920985006252e-16 
1 11.358088261509014 -19.380572783445107 -2.23626875950825 -0.10452846326765207 0.99452189536827351 -1.2246467991473594e-16 -4.2885539789663095e-16 -1.6821376824384504e-16 -1 -0.99452189536827351 -0.10452846326765207 4.4408920985006262e-16 
1 11.358088261509014 -19.380572783445107 -4 -1.280104479605218e-17 1.2179380558447151e-16 1 -0.10452846326765342 0.9945218953682734 -1.2246467991473535e-16 -0.9945218953682734 -0.10452846326765342 1.6640034719505718e-31 
1 7.1103710228176542 -18.706372232578932 -4 -4.8397956782754782e-32 9.4076098010657941e-33 1 -0.9816271834476642 0.19080899537654397 -4.9303806576313238e-32 -0.19080899537654397 -0.9816271834476642 2.3263744036642471e-47 
1 11.193455931862459 -17.81420079824008 -4 0.10452846326765207 -0.99452189536827351 1.2246467991473594e-16 4.2885539789663095e-16 1.6821376824384504e-16 1 -0.99452189536827351 -0.10452846326765207 4.4408920985006262e-16 
1 5.5643082088875842 -18.405848064860876 -4 0.98162718344766409 -0.19080899537654444 2.7117093616972281e-31 8.4736215989053626e-17 4.3593004026461576e-16 1 -0.19080899537654444 -0.98162718344766409 4.4408920985006271e-16 
1 11.193455931862461 -17.814200798240076 0 1.280104479605218e-17 -1.2179380558447151e-16 -1 0.10452846326765342 -0.9945218953682734 1.2246467991473535e-16 -0.9945218953682734 -0.10452846326765342 1.6640034719505718e-31 
1 5.5643082088875842 -18.405848064860873 0 4.8397956782754782e-32 -9.4076098010657941e-33 -1 0.9816271834476642 -0.19080899537654397 4.9303806576313238e-32 -0.19080899537654397 -0.9816271834476642 2.3263744036642471e-47 
1 11.467843147940052 -20.424820773581793 0 -0.092962734915450526 0.88448134064689121 0.45722061192002034 -0.047792567938296268 0.45471590956814034 -0.88935331113988803 -0.9945218953682734 -0.10452846326765254 9.0899510141184672e-16 
1 8.1410795654377033 -18.906721677724303 -4.4408920985006262e-16 -0.87301338590410205 0.16969661183340534 0.45722061192002045 -0.44882018149326725 0.087241805625907373 -0.8893533111398878 -0.19080899537654417 -0.98162718344766409 5.6898930012039273e-16 
1 11.358088261509014 -19.380572783445107 -2.042386 -0.10452846326765207 0.99452189536827351 -1.2246467991473594e-16 -4.2885539789663095e-16 -1.6821376824384504e-16 -1 -0.99452189536827351 -0.10452846326765207 4.4408920985006262e-16 
1 7.1103710228176542 -18.706372232578932 -2.0423860000000005 -0.98162718344766409 0.19080899537654444 -2.7117093616972281e-31 -8.4736215989053626e-17 -4.3593004026461576e-16 -1 -0.19080899537654444 -0.98162718344766409 4.4408920985006271e-16 
1 11.358088261509014 -19.380572783445107 -2.23626875950825 -0.10452846326765207 0.99452189536827351 -1.2246467991473594e-16 -4.2885539789663095e-16 -1.6821376824384504e-16 -1 -0.99452189536827351 -0.10452846326765207 4.4408920985006262e-16 
1 7.1103710228176542 -18.706372232578932 -2.23626875950825 -0.98162718344766409 0.19080899537654444 -2.7117093616972281e-31 -8.4736215989053626e-17 -4.3593004026461576e-16 -1 -0.19080899537654444 -0.98162718344766409 4.4408920985006271e-16 
1 7.1103710228176542 -18.706372232578932 -4 -4.8397956782754782e-32 9.4076098010657941e-33 1 -0.9816271834476642 0.19080899537654397 -4.9303806576313238e-32 -0.19080899537654397 -0.9816271834476642 2.3263744036642471e-47 
1 2.8676334557674394 -32.279036995790918 -4 2.3367362543640927e-17 1.2021465881652132e-16 1 0.19080899537654419 0.98162718344766409 -1.2246467991473532e-16 -0.98162718344766409 0.19080899537654419 2.311115933264683e-31 
1 5.5643082088875842 -18.405848064860876 -4 0.98162718344766409 -0.19080899537654444 2.7117093616972281e-31 8.4736215989053626e-17 4.3593004026461576e-16 1 -0.19080899537654444 -0.98162718344766409 4.4408920985006271e-16 
1 3.1681576234854965 -30.73297418186085 -4 -0.19080899537654608 -0.98162718344766375 1.2246467991473618e-16 4.5929740280825634e-16 3.5478442827467596e-17 1 -0.98162718344766375 0.19080899537654608 4.4408920985006242e-16 
1 5.5643082088875842 -18.405848064860873 0 4.8397956782754782e-32 -9.4076098010657941e-33 -1 0.9816271834476642 -0.19080899537654397 4.9303806576313238e-32 -0.19080899537654397 -0.9816271834476642 2.3263744036642471e-47 
1 3.1681576234854982 -30.732974181860847 0 -2.3367362543640927e-17 -1.2021465881652132e-16 -1 -0.19080899537654419 -0.98162718344766409 1.2246467991473532e-16 -0.98162718344766409 0.19080899537654419 2.311115933264683e-31 
1 8.1410795654377033 -18.906721677724303 -4.4408920985006262e-16 -0.87301338590410205 0.16969661183340534 0.45722061192002045 -0.44882018149326725 0.087241805625907373 -0.8893533111398878 -0.19080899537654417 -0.98162718344766409 5.6898930012039273e-16 
1 2.6672840106220699 -33.309745538410965 0 0.16969661183340681 0.87301338590410194 0.45722061192002034 0.087241805625907498 0.44882018149326702 -0.88935331113988791 -0.98162718344766398 0.19080899537654555 1.0963452368173421e-15 
1 7.1103710228176542 -18.706372232578932 -2.0423860000000005 -0.98162718344766409 0.19080899537654444 -2.7117093616972281e-31 -8.4736215989053626e-17 -4.3593004026461576e-16 -1 -0.19080899537654444 -0.98162718344766409 4.4408920985006271e-16 
1 2.8676334557674403 -32.279036995790918 -2.042386 0.19080899537654608 0.98162718344766375 -1.2246467991473618e-16 -4.5929740280825634e-16 -3.5478442827467596e-17 -1 -0.98162718344766375 0.19080899537654608 4.4408920985006242e-16 
1 7.1103710228176542 -18.706372232578932 -2.23626875950825 -0.98162718344766409 0.19080899537654444 -2.7117093616972281e-31 -8.4736215989053626e-17 -4.3593004026461576e-16 -1 -0.19080899537654444 -0.98162718344766409 4.4408920985006271e-16 
1 2.8676334557674403 -32.279036995790918 -2.23626875950825 0.19080899537654608 0.98162718344766375 -1.2246467991473618e-16 -4.5929740280825634e-16 -3.5478442827467596e-17 -1 -0.98162718344766375 0.19080899537654608 4.4408920985006242e-16 
1 2.8676334557674394 -32.279036995790918 -4 2.3367362543640927e-17 1.2021465881652132e-16 1 0.19080899537654419 0.98162718344766409 -1.2246467991473532e-16 -0.98162718344766409 0.19080899537654419 2.311115933264683e-31 
1 -12.120685758711868 -27.761124078871173 -4 2.4198978391377391e-32 -4.7038049005328971e-33 1 0.98162718344766409 -0.19080899537654453 -2.4651903288156619e-32 0.19080899537654453 0.98162718344766409 -2.0526832973508063e-48 
1 3.1681576234854965 -30.73297418186085 -4 -0.19080899537654608 -0.98162718344766375 1.2246467991473618e-16 4.5929740280825634e-16 3.5478442827467596e-17 1 -0.98162718344766375 0.19080899537654608 4.4408920985006242e-16 
1 -10.574622944781799 -28.061648246589229 -4 -0.98162718344766409 0.19080899537654444 0 -8.4736215989053898e-17 -4.3593004026461571e-16 1 0.19080899537654444 0.98162718344766409 4.4408920985006271e-16 
1 3.1681576234854982 -30.732974181860847 0 -2.3367362543640927e-17 -1.2021465881652132e-16 -1 -0.19080899537654419 -0.98162718344766409 1.2246467991473532e-16 -0.98162718344766409 0.19080899537654419 2.311115933264683e-31 
1 -10.574622944781799 -28.061648246589233 0 -2.4198978391377391e-32 4.7038049005328971e-33 -1 -0.98162718344766409 0.19080899537654453 2.4651903288156619e-32 0.19080899537654453 0.98162718344766409 -2.0526832973508063e-48 
1 2.6672840106220699 -33.309745538410965 0 0.16969661183340681 0.87301338590410194 0.45722061192002034 0.087241805625907498 0.44882018149326702 -0.88935331113988791 -0.98162718344766398 0.19080899537654555 1.0963452368173421e-15 
1 -13.151394301331917 -27.560774633725803 -4.4408920985006262e-16 0.87301338590410205 -0.16969661183340534 0.45722061192002045 0.44882018149326725 -0.087241805625907651 -0.88935331113988791 0.19080899537654428 0.9816271834476642 3.1918911957973251e-16 
1 2.8676334557674403 -32.279036995790918 -2.042386 0.19080899537654608 0.98162718344766375 -1.2246467991473618e-16 -4.5929740280825634e-16 -3.5478442827467596e-17 -1 -0.98162718344766375 0.19080899537654608 4.4408920985006242e-16 
1 -12.120685758711868 -27.761124078871173 -2.0423860000000005 0.98162718344766409 -0.19080899537654444 0 8.4736215989053898e-17 4.3593004026461571e-16 -1 0.19080899537654444 0.98162718344766409 4.4408920985006271e-16 
1 2.8676334557674403 -32.279036995790918 -2.23626875950825 0.19080899537654608 0.98162718344766375 -1.2246467991473618e-16 -4.5929740280825634e-16 -3.5478442827467596e-17 -1 -0.98162718344766375 0.19080899537654608 4.4408920985006242e-16 
1 -12.120685758711868 -27.761124078871173 -2.23626875950825 0.98162718344766409 -0.19080899537654444 0 8.4736215989053898e-17 4.3593004026461571e-16 -1 0.19080899537654444 0.98162718344766409 4.4408920985006271e-16 
1 -12.120685758711868 -27.761124078871173 -4 2.4198978391377391e-32 -4.7038049005328971e-33 1 0.98162718344766409 -0.19080899537654453 -2.4651903288156619e-32 0.19080899537654453 0.98162718344766409 -2.0526832973508063e-48 
1 -8.5749999999999993 -9.6718074204324083 -4 0 0 1 1 0 -0 -0 1 0 
1 -10.574622944781799 -28.061648246589229 -4 -0.98162718344766409 0.19080899537654444 0 -8.4736215989053898e-17 -4.3593004026461571e-16 1 0.19080899537654444 0.98162718344766409 4.4408920985006271e-16 
1 -10.574622944781799 -28.061648246589233 0 -2.4198978391377391e-32 4.7038049005328971e-33 -1 -0.98162718344766409 0.19080899537654453 2.4651903288156619e-32 0.19080899537654453 0.98162718344766409 -2.0526832973508063e-48 
1 -7.0000000000000018 -9.67180742043241 0 0 0 -1 -1 0 0 0 1 0 
1 -13.151394301331917 -27.560774633725803 -4.4408920985006262e-16 0.87301338590410205 -0.16969661183340534 0.45722061192002045 0.44882018149326725 -0.087241805625907651 -0.88935331113988791 0.19080899537654428 0.9816271834476642 3.1918911957973251e-16 
1 -12.120685758711868 -27.761124078871173 -2.0423860000000005 0.98162718344766409 -0.19080899537654444 0 8.4736215989053898e-17 4.3593004026461571e-16 -1 0.19080899537654444 0.98162718344766409 4.4408920985006271e-16 
1 -12.120685758711868 -27.761124078871173 -2.23626875950825 0.98162718344766409 -0.19080899537654444 0 8.4736215989053898e-17 4.3593004026461571e-16 -1 0.19080899537654444 0.98162718344766409 4.4408920985006271e-16 
1 -8.5749999999999993 -9.6718074204324083 -4 0 0 1 1 0 -0 -0 1 0 
1 -7.0000000000000018 -9.6718074204324083 -4 -1 0 3.9734939683789073e-33 3.9734939683789073e-33 -4.4408920985006262e-16 1 1.7645857967613786e-48 1 4.4408920985006262e-16 
1 -7.0000000000000018 -9.67180742043241 0 0 0 -1 -1 0 0 0 1 0 
1 -9.6250000000000018 -9.67180742043241 -4.4408920985006262e-16 0.88935331113988791 -0 0.45722061192002045 0.45722061192002045 3.9495220922164962e-16 -0.88935331113988791 -1.8058029077948654e-16 1 3.5125205501328778e-16 
1 -8.5750000000000011 -9.6718074204324083 -2.0423860000000005 1 0 -3.9734939683789073e-33 -3.9734939683789073e-33 4.4408920985006262e-16 -1 1.7645857967613786e-48 1 4.4408920985006262e-16 
1 -8.5750000000000011 -9.6718074204324083 -2.23626875950825 1 0 -3.9734939683789073e-33 -3.9734939683789073e-33 4.4408920985006262e-16 -1 1.7645857967613786e-48 1 4.4408920985006262e-16 
Triangulations 0

TShapes 212
Ve
1.50000007793734e-07
-8.575 8.41813636976909 -4
0 0

0101101
*
Ve
1.500000075886e-07
9.81682903376671 10.3511954955002 -4
0 0

0101101
*
Ed
 1.5e-07 1 1 0
1  1 0 -1.4181363697691 17.075
2  1 2 0 -1.4181363697691 17.075
2  2 3 0 -1.4181363697691 17.075
0

0101000
