<?xml version='1.0' encoding='utf-8'?>
<!-- FreeCAD DocumentObject -->
<Document SchemaVersion="4" FileVersion="2">
<Object name="Reference">
  <Properties Count="35" TransientCount="1">
    <_Property name="_ElementMapVersion" type="App::PropertyString" status="234881024"/>
    <Property name="BindCopyOnChange" type="App::PropertyEnumeration">
      <Integer value="0"/>
    </Property>
    <Property name="BindMode" type="App::PropertyEnumeration">
      <Integer value="0"/>
    </Property>
    <Property name="Cache_Pipe" type="App::PropertyMatrix" group="Cache" attr="0" ro="0" hide="1" doc="" status="69206016">
      <PropertyMatrix a11="1" a12="0" a13="0" a14="0" a21="0" a22="1" a23="0" a24="0" a31="0" a32="0" a33="1" a34="0" a41="0" a42="0" a43="0" a44="1"/>
    </Property>
    <Property name="ClaimChildren" type="App::PropertyBool" status="134217728">
      <Bool value="false"/>
    </Property>
    <Property name="ColoredElements" type="App::PropertyLinkSubHidden" status="218103808">
      <LinkSub value="" count="0">
      </LinkSub>
    </Property>
    <Property name="Context" type="App::PropertyXLink" status="67108864">
      <XLink file="" stamp="" name="Body" sub="Boolean.Reference."/>
    </Property>
    <Property name="EdgeTolerance" type="App::PropertyPrecision">
      <Float value="1e-06"/>
    </Property>
    <Property name="ExpressionEngine" type="App::PropertyExpressionEngine" status="67108864">
      <ExpressionEngine count="0"></ExpressionEngine>
    </Property>
    <Property name="FaceMaker" type="App::PropertyString">
      <String value=""/>
    </Property>
    <Property name="FillStyle" type="App::PropertyEnumeration">
      <Integer value="0"/>
    </Property>
    <Property name="FixShape" type="App::PropertyEnumeration">
      <Integer value="1"/>
    </Property>
    <Property name="Fuse" type="App::PropertyBool">
      <Bool value="false"/>
    </Property>
    <Property name="InvalidShape" type="App::PropertyBool" status="67108864">
      <Bool value="false"/>
    </Property>
    <Property name="Label" type="App::PropertyString" status="134217728">
      <String value="Reference(Pipe)"/>
    </Property>
    <Property name="Label2" type="App::PropertyString" status="128">
      <String value=""/>
    </Property>
    <Property name="MakeFace" type="App::PropertyBool">
      <Bool value="true"/>
    </Property>
    <Property name="MergeEdges" type="App::PropertyBool">
      <Bool value="true"/>
    </Property>
    <Property name="Offset" type="App::PropertyFloat">
      <Float value="0"/>
    </Property>
    <Property name="OffsetFill" type="App::PropertyBool">
      <Bool value="false"/>
    </Property>
    <Property name="OffsetIntersection" type="App::PropertyBool">
      <Bool value="false"/>
    </Property>
    <Property name="OffsetJoinType" type="App::PropertyEnumeration">
      <Integer value="0"/>
    </Property>
    <Property name="OffsetOpenResult" type="App::PropertyBool">
      <Bool value="false"/>
    </Property>
    <Property name="Outline" type="App::PropertyBool">
      <Bool value="false"/>
    </Property>
    <Property name="PartialLoad" type="App::PropertyBool" status="1024">
      <Bool value="false"/>
    </Property>
    <Property name="Placement" type="App::PropertyPlacement" status="8388608">
      <PropertyPlacement Px="0" Py="0" Pz="0" Q0="0" Q1="0" Q2="0" Q3="1" A="0" Ox="0" Oy="0" Oz="1"/>
    </Property>
    <Property name="Refine" type="App::PropertyBool">
      <Bool value="false"/>
    </Property>
    <Property name="Relative" type="App::PropertyBool">
      <Bool value="true"/>
    </Property>
    <Property name="Shape" type="Part::PropertyPartShape">
      <Part HasherIndex="0" ElementMap="1.15.70200.4" brep="1">
<![CDATA[

CASCADE Topology V1, (c) Matra-Datavision
Locations 4
1
              1               0               0               0 
              0               1               0               0 
              0               0               1               0 
1
              1               0               0               0 
              0               1               0               0 
              0               0               1               0 
1
              1               0               0               0 
              0               1               0               0 
              0               0               1               0 
2  2 1 3 1 0
Curve2ds 56
1 2.625 -4.4408920985006262e-16 7.547468613682779e-48 1 
1 -3.214697847761806e-16 -8.8331288538536637e-16 4.4408920985006252e-16 1 
1 2.625 0 0 1 
1 -4.4408920985006262e-16 1.9721522630525295e-31 4.4408920985006262e-16 1 
1 2.6250000000000004 2.7755575615628914e-16 -5.0602550127506504e-80 1 
1 -4.4408920985006271e-16 1.9721522630525304e-31 4.4408920985006271e-16 1 
1 2.625 -1.1102230246251565e-16 2.8303007301310419e-47 1 
1 -3.2146978477618021e-16 1.4276126271192349e-31 4.4408920985006242e-16 1 
1 2.6250000000000009 -1.8873791418627661e-15 1.1469911362234807e-78 1 
1 -4.4408920985006429e-16 -3.4874403221169245e-15 4.4408920985006271e-16 1 
1 2.6249999999999991 -3.3306690738754696e-16 2.0378165256943503e-47 1 
1 -3.2146978477618026e-16 1.4276126271192356e-31 4.4408920985006257e-16 1 
1 2.6250000000000009 -2.2204460492503131e-16 0 1 
1 -4.4408920985006262e-16 1.9721522630525293e-31 4.4408920985006262e-16 1 
1 0.43492424049223799 -1.9314516230483658e-16 0 1 
1 0 0 4.8572257327350589e-16 1 
1 0.43492424049223799 -1.9314516230483655e-16 0 1 
1 -1.8567985063749395e-16 -1.7666257707707327e-15 -3.4694469519536142e-16 1 
1 0.43492424049223799 -1.9314516230483655e-16 0 1 
1 -1.85679850637494e-16 -1.7666257707707327e-15 1.3461454173580023e-15 1 
1 0.43492424049223799 -1.9314516230483663e-16 0 1 
1 0 0 4.7184478546569153e-16 1 
1 0.43492424049223799 -1.931451623048365e-16 0 1 
1 8.4736215989053762e-17 -4.3593004026461561e-16 1.915134717478395e-15 1 
1 0.43492424049223799 -1.9314516230483663e-16 0 1 
1 0 0 -8.3266726846886741e-17 1 
1 0.43492424049223799 -1.9314516230483658e-16 0 1 
1 0 0 1.7645857967613786e-48 1 
1 0.61507575950825133 -5.5511151231257827e-17 0 1 
1 4.4408920985006262e-16 -1.9721522630525293e-31 4.4408920985006262e-16 1 
1 0.61507575950825133 -1.3877787807814457e-17 -7.547468613682779e-48 1 
1 0 0 4.4408920985006252e-16 1 
1 0.615075759508251 0 0 1 
1 4.4408920985006262e-16 -1.9721522630525295e-31 4.4408920985006262e-16 1 
1 0.61507575950825122 1.8179902028236938e-15 5.0602550127506504e-80 1 
1 4.4408920985006419e-16 3.4874403221169245e-15 4.4408920985006271e-16 1 
1 0.61507575950825322 6.5225602696727947e-16 -2.8303007301310419e-47 1 
1 2.0396902069930449e-31 4.3593004026461546e-16 4.4408920985006242e-16 1 
1 0.61507575950825133 1.4710455076283324e-15 -1.1469911362234807e-78 1 
1 4.4408920985006262e-16 -1.97215226305253e-31 4.4408920985006271e-16 1 
1 0.61507575950825133 -6.9388939039072284e-17 -2.0378165256943503e-47 1 
1 -0 0 4.4408920985006257e-16 1 
1 0 0 -7.547468613682779e-48 1 
1 2.1849242404917488 -8.6988394156862459e-17 4.4408920985006252e-16 1 
1 0 0 0 1 
1 2.1849242404917488 -9.7030127954222873e-16 4.4408920985006262e-16 1 
1 0 0 -2.0378165256943503e-47 1 
1 2.1849242404917488 -9.7030127954222873e-16 4.4408920985006257e-16 1 
1 0 0 -1.1469911362234807e-78 1 
1 2.1849242404917488 -9.7030127954222912e-16 4.4408920985006271e-16 1 
1 0 0 -2.8303007301310419e-47 1 
1 2.1849242404917488 -9.8441199012997607e-17 4.4408920985006242e-16 1 
1 0 0 5.0602550127506504e-80 1 
1 2.1849242404917488 -9.7030127954222912e-16 4.4408920985006271e-16 1 
1 0 0 0 1 
1 2.1849242404917488 8.0605555985802154e-16 4.4408920985006262e-16 1 
Curves 42
1 -7.2743872160775922 9.6106199753417147 3.2146978477618021e-16 0.9945218953682734 0.10452846326765333 6.1629758220391547e-32 
1 -9.6250000000000018 -9.67180742043241 0 0 1 0 
1 -13.151394301331917 -27.560774633725803 6.4711246131411125e-32 0.19080899537654453 0.98162718344766409 -2.0526832973508063e-48 
1 2.6672840106220699 -33.309745538410965 3.2146978477618021e-16 -0.98162718344766409 0.19080899537654419 2.311115933264683e-31 
1 8.1410795654377033 -18.906721677724299 1.2942249226282225e-31 -0.19080899537654397 -0.9816271834476642 2.3263744036642471e-47 
1 11.467843147940052 -20.424820773581793 3.2146978477618026e-16 -0.9945218953682734 -0.10452846326765342 1.6640034719505718e-31 
1 11.025709353549955 8.8945783967262155 0 0.10452846326765339 -0.9945218953682734 0 
1 10.751322137472364 11.505198372067923 -6.1309712536943743e-17 -1.2801044796052554e-17 1.2179380558447171e-16 -1 
1 -7.2743872160775913 9.6106199753417147 -1.2 0.99452189536827351 0.10452846326765286 4.4408920985006262e-16 
1 -9.6250000000000018 9.3635606162818306 -0.76507575950776108 -3.9734939683789073e-33 1.2313924960836246e-16 -1 
1 14.078463123281779 -20.150433557504208 1.5662458835299002e-15 1.28010447960523e-17 -1.2179380558447211e-16 -1 
1 11.025709353549953 8.8945783967262155 -1.2000000000000004 0.10452846326765372 -0.99452189536827329 4.4408920985006257e-16 
1 7.7704525884098778 -20.813432180819738 -2.8073917954091895e-17 2.4435058382731484e-17 1.2570747773335194e-16 1 
1 11.467843147940052 -20.424820773581796 -1.2 -0.99452189536827351 -0.10452846326765207 4.4408920985006257e-16 
1 5.2440553671721801 -33.810619151274395 7.0763677735388125e-16 -2.3367362543640628e-17 -1.2021465881652226e-16 -1 
1 8.1410795654377033 -18.906721677724303 -1.2000000000000004 -0.19080899537654444 -0.98162718344766409 4.4408920985006271e-16 
1 -13.652267914195342 -30.137545990275889 -6.1309712536943682e-17 -2.3367362543640893e-17 -1.2021465881652221e-16 -1 
1 2.6672840106220694 -33.309745538410965 -1.2 -0.98162718344766375 0.19080899537654608 4.4408920985006242e-16 
1 -9.6249999999999964 -9.4190486689138169 -4.4408920985006281e-16 3.9734939683789073e-33 2.0441854352457554e-32 1 
1 -13.151394301331917 -27.560774633725803 -1.2000000000000004 0.19080899537654444 0.98162718344766409 4.4408920985006271e-16 
1 -9.6250000000000018 -9.67180742043241 -1.2000000000000004 1.7645857967613786e-48 1 4.4408920985006262e-16 
1 9.9814613634132652 8.7848235102951779 -1.2000000000000002 0.10452846326765339 -0.9945218953682734 0 
1 -7.1646323296465546 8.5663719852050271 -1.1999999999999997 0.9945218953682734 0.10452846326765333 6.1629758220391547e-32 
1 -8.5750000000000011 -9.67180742043241 -1.2000000000000002 -0 1 0 
1 -12.120685758711868 -27.76112407887117 -1.2000000000000002 0.19080899537654453 0.98162718344766409 -2.0526832973508063e-48 
1 2.8676334557674403 -32.279036995790918 -1.1999999999999997 -0.98162718344766409 0.19080899537654419 2.311115933264683e-31 
1 7.1103710228176542 -18.706372232578932 -1.2000000000000002 -0.19080899537654397 -0.9816271834476642 2.3263744036642471e-47 
1 11.358088261509014 -19.380572783445107 -1.1999999999999997 -0.9945218953682734 -0.10452846326765342 1.6640034719505718e-31 
1 9.8168290337667123 10.3511954955002 -1.1999999999999997 -1.2801044796052554e-17 1.2179380558447171e-16 -1 
1 -7.1646323296465537 8.5663719852050271 -4 0.9945218953682734 0.10452846326765333 6.1629758220391547e-32 
1 -8.5750000000000011 8.4181363697690994 -1.8150757595082501 -3.9734939683789073e-33 1.2313924960836246e-16 -1 
1 12.924460246714055 -19.215940453798556 -1.199999999999998 1.28010447960523e-17 -1.2179380558447211e-16 -1 
1 9.9814613634132652 8.7848235102951779 -4 0.10452846326765339 -0.9945218953682734 0 
1 6.8879948366009591 -19.850398534436192 -1.1999999999999995 2.4435058382731484e-17 1.2570747773335194e-16 1 
1 11.358088261509014 -19.380572783445107 -4 -0.9945218953682734 -0.10452846326765342 1.6640034719505718e-31 
1 4.4136962696975033 -32.579561163508977 -1.1999999999999988 -2.3367362543640628e-17 -1.2021465881652226e-16 -1 
1 7.1103710228176542 -18.706372232578932 -4 -0.19080899537654397 -0.9816271834476642 2.3263744036642471e-47 
1 -12.421209926429921 -29.307186892801212 -1.1999999999999997 -2.3367362543640893e-17 -1.2021465881652221e-16 -1 
1 2.8676334557674394 -32.279036995790918 -4 -0.98162718344766409 0.19080899537654419 2.311115933264683e-31 
1 -8.5749999999999957 -9.5201521695212428 -1.1999999999999997 3.9734939683789073e-33 2.0441854352457554e-32 1 
1 -12.120685758711868 -27.761124078871173 -4 0.19080899537654453 0.98162718344766409 -2.0526832973508063e-48 
1 -8.5749999999999993 -9.6718074204324083 -4 -0 1 0 
Polygon3D 0
PolygonOnTriangulations 0
Surfaces 73
1 0.41814987539792331 -11.056167280044109 1.1304698492841865e-16 0 0 1 1 0 -0 -0 1 0 
1 -7.0000000000000018 6.9999999999999973 0 -1.2801044796052272e-17 1.2179380558447149e-16 -1 -0.10452846326765333 0.9945218953682734 1.2246467991473532e-16 0.9945218953682734 0.10452846326765333 6.1629758220391547e-32 
1 -7.2743872160775913 9.6106199753417147 0 0.10452846326765286 -0.99452189536827351 -1.2246467991473557e-16 4.2885539789663085e-16 1.6821376824384496e-16 -1 0.99452189536827351 0.10452846326765286 4.4408920985006262e-16 
1 -7.0000000000000018 -9.67180742043241 0 0 0 -1 -1 0 0 0 1 0 
1 -9.6250000000000018 -9.67180742043241 -4.4408920985006262e-16 1 0 -3.9734939683789073e-33 -3.9734939683789073e-33 4.4408920985006262e-16 -1 1.7645857967613786e-48 1 4.4408920985006262e-16 
1 -10.574622944781799 -28.061648246589233 0 -2.4198978391377391e-32 4.7038049005328971e-33 -1 -0.98162718344766409 0.19080899537654453 2.4651903288156619e-32 0.19080899537654453 0.98162718344766409 -2.0526832973508063e-48 
1 -13.151394301331917 -27.560774633725803 -4.4408920985006262e-16 0.98162718344766409 -0.19080899537654444 0 8.4736215989053898e-17 4.3593004026461571e-16 -1 0.19080899537654444 0.98162718344766409 4.4408920985006271e-16 
1 3.1681576234854982 -30.732974181860847 0 -2.3367362543640927e-17 -1.2021465881652132e-16 -1 -0.19080899537654419 -0.98162718344766409 1.2246467991473532e-16 -0.98162718344766409 0.19080899537654419 2.311115933264683e-31 
1 2.6672840106220699 -33.309745538410965 0 0.19080899537654608 0.98162718344766375 -1.2246467991473618e-16 -4.5929740280825634e-16 -3.5478442827467596e-17 -1 -0.98162718344766375 0.19080899537654608 4.4408920985006242e-16 
1 5.5643082088875842 -18.405848064860873 0 4.8397956782754782e-32 -9.4076098010657941e-33 -1 0.9816271834476642 -0.19080899537654397 4.9303806576313238e-32 -0.19080899537654397 -0.9816271834476642 2.3263744036642471e-47 
1 8.1410795654377033 -18.906721677724303 -4.4408920985006262e-16 -0.98162718344766409 0.19080899537654444 -2.7117093616972281e-31 -8.4736215989053626e-17 -4.3593004026461576e-16 -1 -0.19080899537654444 -0.98162718344766409 4.4408920985006271e-16 
1 11.193455931862461 -17.814200798240076 0 1.280104479605218e-17 -1.2179380558447151e-16 -1 0.10452846326765342 -0.9945218953682734 1.2246467991473535e-16 -0.9945218953682734 -0.10452846326765342 1.6640034719505718e-31 
1 11.467843147940052 -20.424820773581793 0 -0.10452846326765207 0.99452189536827351 -1.2246467991473594e-16 -4.288553978966309e-16 -1.6821376824384501e-16 -1 -0.99452189536827351 -0.10452846326765207 4.4408920985006257e-16 
1 8.4150893782082363 8.6201911806486251 0 0 0 -1 0.9945218953682734 0.10452846326765339 0 0.10452846326765339 -0.9945218953682734 0 
1 11.025709353549953 8.8945783967262155 -4.4408920985006262e-16 -0.99452189536827329 -0.10452846326765372 1.4791141972893971e-31 4.6419962659373487e-17 -4.4165644269268313e-16 -1 0.10452846326765372 -0.99452189536827329 4.4408920985006257e-16 
1 0.56316106873618177 10.434379494174879 -0.59999999999999765 -0.10452846326765304 0.9945218953682734 -2.7378903597693847e-15 0.9945218953682734 0.10452846326765304 0 2.8618747190201551e-16 -2.7228919099083726e-15 -1 
1 -7.2743872160775913 9.6106199753417147 -0.76507575950776197 0.10452846326765286 -0.99452189536827351 -1.2246467991473557e-16 4.2885539789663085e-16 1.6821376824384496e-16 -1 0.99452189536827351 0.10452846326765286 4.4408920985006262e-16 
1 -7.2743872160775913 9.6106199753417147 -1.1999999999999997 1.2801044796052272e-17 -1.2179380558447149e-16 1 0.10452846326765333 -0.9945218953682734 -1.2246467991473532e-16 0.9945218953682734 0.10452846326765333 6.1629758220391547e-32 
1 12.41489263037707 -4.3226175927181387 -0.59999999999999709 0.9945218953682734 0.10452846326765361 2.5447446474431282e-15 -0.10452846326765361 0.9945218953682734 -4.9303806576313227e-32 -2.5308042700034083e-15 -2.6599824740581706e-16 1 
1 11.025709353549953 8.8945783967262155 -0.76507575950776241 -0.99452189536827329 -0.10452846326765372 1.4791141972893971e-31 4.6419962659373487e-17 -4.4165644269268313e-16 -1 0.10452846326765372 -0.99452189536827329 4.4408920985006257e-16 
1 11.025709353549953 8.8945783967262138 -1.2000000000000002 0 0 1 -0.9945218953682734 -0.10452846326765339 0 0.10452846326765339 -0.9945218953682734 0 
1 10.924457855845823 -20.48193286916197 -0.59999999999999909 0.10452846326765253 -0.99452189536827351 1.9170609788232355e-15 -0.99452189536827351 -0.10452846326765253 -2.4651903288156613e-32 2.0038743810677456e-16 -1.9065591181958413e-15 -1 
1 11.467843147940052 -20.424820773581796 -0.76507575950776197 -0.10452846326765207 0.99452189536827351 -1.2246467991473594e-16 -4.288553978966309e-16 -1.6821376824384501e-16 -1 -0.99452189536827351 -0.10452846326765207 4.4408920985006257e-16 
1 11.46784314794005 -20.424820773581796 -1.1999999999999997 -1.280104479605218e-17 1.2179380558447151e-16 1 -0.10452846326765342 0.9945218953682734 -1.2246467991473535e-16 -0.9945218953682734 -0.10452846326765342 1.6640034719505718e-31 
1 6.5072539777910299 -27.312025666047067 -0.59999999999999809 0.98162718344766409 -0.19080899537654444 -2.6403684189686699e-15 0.19080899537654444 0.98162718344766409 0 2.5918574143763774e-15 -5.0380604544736688e-16 1 
1 8.1410795654377033 -18.906721677724303 -0.76507575950776241 -0.98162718344766409 0.19080899537654444 -2.7117093616972281e-31 -8.4736215989053626e-17 -4.3593004026461576e-16 -1 -0.19080899537654444 -0.98162718344766409 4.4408920985006271e-16 
1 8.1410795654377033 -18.906721677724303 -1.2000000000000002 -4.8397956782754782e-32 9.4076098010657941e-33 1 -0.9816271834476642 0.19080899537654397 -4.9303806576313238e-32 -0.19080899537654397 -0.9816271834476642 2.3263744036642471e-47 
1 -4.2041062735115808 -31.974082570775142 -0.59999999999999798 -0.19080899537654525 -0.98162718344766386 -1.2006674541144367e-14 -0.98162718344766386 0.19080899537654525 0 2.2909815070088991e-15 1.1786078112396317e-14 -1 
1 2.6672840106220694 -33.309745538410965 -0.76507575950776197 0.19080899537654608 0.98162718344766375 -1.2246467991473618e-16 -4.5929740280825634e-16 -3.5478442827467596e-17 -1 -0.98162718344766375 0.19080899537654608 4.4408920985006242e-16 
1 2.667284010622069 -33.309745538410965 -1.1999999999999997 2.3367362543640927e-17 1.2021465881652132e-16 1 0.19080899537654419 0.98162718344766409 -1.2246467991473532e-16 -0.98162718344766409 0.19080899537654419 2.311115933264683e-31 
1 -11.638633957097667 -19.778297329594846 -0.59999999999999798 -0.98162718344766409 0.19080899537654447 6.9202228688007142e-16 -0.19080899537654447 -0.98162718344766409 -2.4651903288156619e-32 6.7930788835309585e-16 -1.3204407733776531e-16 1 
1 -13.151394301331917 -27.560774633725803 -0.76507575950776241 0.98162718344766409 -0.19080899537654444 0 8.4736215989053898e-17 4.3593004026461571e-16 -1 0.19080899537654444 0.98162718344766409 4.4408920985006271e-16 
1 -13.151394301331917 -27.560774633725803 -1.2000000000000002 2.4198978391377391e-32 -4.7038049005328971e-33 1 0.98162718344766409 -0.19080899537654453 -2.4651903288156619e-32 0.19080899537654453 0.98162718344766409 -2.0526832973508063e-48 
1 -9.6249999999999982 -0.027744026315971972 -0.59999999999999776 -1 -0 -0 0 0 -1 0 -1 0 
1 -9.6250000000000018 -9.67180742043241 -0.76507575950776241 1 0 -3.9734939683789073e-33 -3.9734939683789073e-33 4.4408920985006262e-16 -1 1.7645857967613786e-48 1 4.4408920985006262e-16 
1 -9.6250000000000018 -9.67180742043241 -1.2000000000000002 0 0 1 1 0 -0 -0 1 0 
1 0.4181498753979262 -11.056167280044106 -1.1999999999999964 -0 -0 -1 -1 0 0 0 1 -0 
1 10.593167673554492 8.8491164342297601 -1.2000000000000002 0 0 1 -0.9945218953682734 -0.10452846326765339 0 0.10452846326765339 -0.9945218953682734 0 
1 9.9814613634132652 8.7848235102951779 -1.1999999999999997 -0.99452189536827329 -0.10452846326765372 1.4791141972893971e-31 4.6419962659373487e-17 -4.4165644269268313e-16 -1 0.10452846326765372 -0.99452189536827329 4.4408920985006257e-16 
1 -7.2289252535811368 9.1780782953462534 -1.1999999999999997 1.2801044796052272e-17 -1.2179380558447149e-16 1 0.10452846326765333 -0.9945218953682734 -1.2246467991473532e-16 0.9945218953682734 0.10452846326765333 6.1629758220391547e-32 
1 -7.1646323296465546 8.5663719852050271 -1.1999999999999997 0.10452846326765286 -0.99452189536827351 -1.2246467991473557e-16 4.2885539789663085e-16 1.6821376824384496e-16 -1 0.99452189536827351 0.10452846326765286 4.4408920985006262e-16 
1 -9.1900757595082521 -9.67180742043241 -1.2000000000000002 0 0 1 1 0 -0 -0 1 0 
1 -8.5750000000000011 -9.67180742043241 -1.1999999999999997 1 0 -3.9734939683789073e-33 -3.9734939683789073e-33 4.4408920985006262e-16 -1 1.7645857967613786e-48 1 4.4408920985006262e-16 
1 -12.724460844124886 -27.643762091118937 -1.2000000000000002 2.4198978391377391e-32 -4.7038049005328971e-33 1 0.98162718344766409 -0.19080899537654453 -2.4651903288156619e-32 0.19080899537654453 0.98162718344766409 -2.0526832973508063e-48 
1 -12.120685758711868 -27.761124078871173 -1.1999999999999997 0.98162718344766409 -0.19080899537654444 0 8.4736215989053898e-17 4.3593004026461571e-16 -1 0.19080899537654444 0.98162718344766409 4.4408920985006271e-16 
1 2.7502714680152063 -32.882812081203937 -1.1999999999999997 2.3367362543640927e-17 1.2021465881652132e-16 1 0.19080899537654419 0.98162718344766409 -1.2246467991473532e-16 -0.98162718344766409 0.19080899537654419 2.311115933264683e-31 
1 2.8676334557674408 -32.279036995790918 -1.1999999999999997 0.19080899537654608 0.98162718344766375 -1.2246467991473618e-16 -4.5929740280825634e-16 -3.5478442827467596e-17 -1 -0.98162718344766375 0.19080899537654608 4.4408920985006242e-16 
1 7.7141461082306719 -18.823734220331165 -1.2000000000000002 -4.8397956782754782e-32 9.4076098010657941e-33 1 -0.9816271834476642 0.19080899537654397 -4.9303806576313238e-32 -0.19080899537654397 -0.9816271834476642 2.3263744036642471e-47 
1 7.1103710228176542 -18.706372232578932 -1.1999999999999997 -0.98162718344766409 0.19080899537654444 -2.7117093616972281e-31 -8.4736215989053626e-17 -4.3593004026461576e-16 -1 -0.19080899537654444 -0.98162718344766409 4.4408920985006271e-16 
1 11.422381185443596 -19.992279093586333 -1.1999999999999997 -1.280104479605218e-17 1.2179380558447151e-16 1 -0.10452846326765342 0.9945218953682734 -1.2246467991473535e-16 -0.9945218953682734 -0.10452846326765342 1.6640034719505718e-31 
1 11.358088261509014 -19.380572783445107 -1.1999999999999997 -0.10452846326765207 0.99452189536827351 -1.2246467991473594e-16 -4.288553978966309e-16 -1.6821376824384501e-16 -1 -0.99452189536827351 -0.10452846326765207 4.4408920985006257e-16 
1 0.62091451688335741 9.384665932634654 -2.6000000000000001 -0.10452846326765322 0.9945218953682734 -2.9071084630816699e-16 0.9945218953682734 0.10452846326765322 0 3.0387558019831617e-17 -2.8911830187451309e-16 -1 
1 -7.1646323296465537 8.5663719852050271 -4 1.2801044796052272e-17 -1.2179380558447149e-16 1 0.10452846326765333 -0.9945218953682734 -1.2246467991473532e-16 0.9945218953682734 0.10452846326765333 6.1629758220391547e-32 
1 -7.1646323296465546 8.5663719852050271 -1.8150757595082512 0.10452846326765286 -0.99452189536827351 -1.2246467991473557e-16 4.2885539789663085e-16 1.6821376824384496e-16 -1 0.99452189536827351 0.10452846326765286 4.4408920985006262e-16 
1 11.37064464024038 -4.4323724791491728 -2.5999999999999996 0.9945218953682734 0.10452846326765337 0 -0.10452846326765337 0.9945218953682734 0 0 -0 1 
1 9.9814613634132652 8.7848235102951779 -4 0 0 1 -0.9945218953682734 -0.10452846326765339 0 0.10452846326765339 -0.9945218953682734 0 
1 9.9814613634132652 8.7848235102951779 -1.8150757595082512 -0.99452189536827329 -0.10452846326765372 1.4791141972893971e-31 4.6419962659373487e-17 -4.4165644269268313e-16 -1 0.10452846326765372 -0.99452189536827329 4.4408920985006257e-16 
1 9.9062275416575005 -19.533169494117374 -2.6000000000000005 0.1045284632676529 -0.9945218953682734 -0 -0.9945218953682734 -0.1045284632676529 0 -0 0 -1 
1 11.358088261509014 -19.380572783445107 -4 -1.280104479605218e-17 1.2179380558447151e-16 1 -0.10452846326765342 0.9945218953682734 -1.2246467991473535e-16 -0.9945218953682734 -0.10452846326765342 1.6640034719505718e-31 
1 11.358088261509014 -19.380572783445107 -1.8150757595082512 -0.10452846326765207 0.99452189536827351 -1.2246467991473594e-16 -4.288553978966309e-16 -1.6821376824384501e-16 -1 -0.99452189536827351 -0.10452846326765207 4.4408920985006257e-16 
1 5.6508455531492334 -26.214979848972593 -2.5999999999999996 0.9816271834476642 -0.19080899537654383 0 0.19080899537654383 0.9816271834476642 0 -0 0 1 
1 7.1103710228176542 -18.706372232578932 -4 -4.8397956782754782e-32 9.4076098010657941e-33 1 -0.9816271834476642 0.19080899537654397 -4.9303806576313238e-32 -0.19080899537654397 -0.9816271834476642 2.3263744036642471e-47 
1 7.1103710228176542 -18.706372232578932 -1.8150757595082512 -0.98162718344766409 0.19080899537654444 -2.7117093616972281e-31 -8.4736215989053626e-17 -4.3593004026461576e-16 -1 -0.19080899537654444 -0.98162718344766409 4.4408920985006271e-16 
1 -4.0037568283662086 -30.943374028155116 -2.6000000000000005 -0.19080899537654461 -0.98162718344766409 -0 -0.98162718344766409 0.19080899537654461 0 0 0 -1 
1 2.8676334557674394 -32.279036995790918 -4 2.3367362543640927e-17 1.2021465881652132e-16 1 0.19080899537654419 0.98162718344766409 -1.2246467991473532e-16 -0.98162718344766409 0.19080899537654419 2.311115933264683e-31 
1 2.8676334557674403 -32.279036995790918 -1.8150757595082512 0.19080899537654608 0.98162718344766375 -1.2246467991473618e-16 -4.5929740280825634e-16 -3.5478442827467596e-17 -1 -0.98162718344766375 0.19080899537654608 4.4408920985006242e-16 
1 -10.49810496321496 -19.413669531161247 -2.600000000000001 -0.98162718344766409 0.1908089953765445 -0 -0.1908089953765445 -0.98162718344766409 0 0 0 1 
1 -12.120685758711868 -27.761124078871173 -4 2.4198978391377391e-32 -4.7038049005328971e-33 1 0.98162718344766409 -0.19080899537654453 -2.4651903288156619e-32 0.19080899537654453 0.98162718344766409 -2.0526832973508063e-48 
1 -12.120685758711868 -27.761124078871173 -1.8150757595082512 0.98162718344766409 -0.19080899537654444 0 8.4736215989053898e-17 4.3593004026461571e-16 -1 0.19080899537654444 0.98162718344766409 4.4408920985006271e-16 
1 -8.5749999999999975 -0.55100789987607435 -2.6000000000000001 -1 -0 -5.7539066882288557e-16 5.7539066882288557e-16 0 -1 0 -1 0 
1 -8.5749999999999993 -9.6718074204324083 -4 0 0 1 1 0 -0 -0 1 0 
1 -8.5750000000000011 -9.67180742043241 -1.8150757595082512 1 0 -3.9734939683789073e-33 -3.9734939683789073e-33 4.4408920985006262e-16 -1 1.7645857967613786e-48 1 4.4408920985006262e-16 
1 0.39865147149085689 -11.00857277919051 -4 -0 -0 -1 -1 0 0 0 1 -0 
Triangulations 0

TShapes 108
Ve
1.50000004237665e-07
-9.625 9.36356061628183 1.6073489238809e-16
0 0

0101101
*
Ve
1.50000007654981e-07
10.7513221374724 11.5051983720679 1.60734892388091e-16
0 0

0101101
*
Ed
 1.5e-07 1 1 0
1  1 0 -2.36356061628183 18.125
2  1 2 0 -2.36356061628183 18.125
2  2 3 0 -2.36356061628183 18.125
0

0101000
+108 0 -107 0 *
Ve
1.50000046323947e-07
-9.62499999999999 -9.41904866891377 3.23556230657055e-32
0 0

0101101
*
Ed
 1.5e-07 1 1 0
1  2 0 0.25275875151864 19.0353680367142
2  3 4 0 0.25275875151864 19.0353680367142
2  4 5 0 0.25275875151864 19.0353680367142
0

0101000
+105 0 -108 0 *
Ve
1.5000002872928e-07
-13.6522679141953 -30.1375459902759 1.60734892388092e-16
0 0

0101101
*
Ed
 1.5e-07 1 1 0
1  3 0 -2.625 18.4812791156565
2  5 6 0 -2.625 18.4812791156565
2  6 7 0 -2.625 18.4812791156565
0

0101000
+103 0 -105 0 *
Ve
1.50000007548375e-07
5.24405536717219 -33.8106191512744 1.6073489238809e-16
0 0

0101101
*
Ed
 1.5e-07 1 1 0
1  4 0 -2.625 16.625
2  7 8 0 -2.625 16.625
2  8 9 0 -2.625 16.625
0

0101000
+101 0 -103 0 *
Ve
1.50000004869865e-07
7.77045258840988 -20.8134321808197 1.60734892388091e-16
0 0

0101101
*
Ed
 1.5e-07 1 1 0
1  5 0 1.94239782194978 15.1828491762063
2  9 10 0 1.94239782194978 15.1828491762063
2  10 11 0 1.94239782194978 15.1828491762063
0

0101000
+99 0 -101 0 *
Ve
1.50000007548375e-07
14.0784631232818 -20.1504335575042 1.6073489238809e-16
0 0

0101101
*
Ed
 1.5e-07 1 1 0
1  6 0 -2.625 3.71775682038757
2  11 12 0 -2.625 3.71775682038757
2  12 13 0 -2.625 3.71775682038757
0

0101000
+97 0 -99 0 *
Ed
 1.5e-07 1 1 0
1  7 0 -2.625 29.205
2  13 14 0 -2.625 29.205
2  14 15 0 -2.625 29.205
0

0101000
+107 0 -97 0 *
Wi

0101100
-106 0 -104 0 -102 0 -100 0 -98 0 -96 0 -95 0 *
Fa
0  1e-07 1 0

0111000
+94 0 *
Ve
1.50000004662937e-07
10.7513221374724 11.5051983720679 -1.2
0 0

0101101
*
Ed
 1e-07 1 1 0
1  8 0 -2.22044604925034e-16 1.2
0

0101000
+107 0 -92 0 *
Ve
1.50000004989832e-07
-9.625 9.36356061628183 -1.2
0 0

0101101
*
Ed
 1.5e-07 1 1 0
1  9 0 -2.36356061628183 18.125
2  15 17 0 -2.36356061628183 18.125
2  16 18 0 -2.36356061628183 18.125
0

0101000
+90 0 -92 0 *
Ed
 1e-07 1 1 0
1  10 0 -0.765075759507761 0.434924240492236
0

0101000
+108 0 -90 0 *
Wi

0101000
+106 0 +91 0 -89 0 -88 0 *
Fa
0  1.5e-07 16 0

0111000
+87 0 *
Ve
1.50000006883383e-07
14.0784631232818 -20.1504335575042 -1.19999999999999
0 0

0101101
*
Ed
 1e-07 1 1 0
1  11 0 1.40551099114181e-15 1.2
0

0101000
+97 0 -85 0 *
Ed
 1.5e-07 1 1 0
1  12 0 -2.62499999999999 29.205
2  17 20 0 -2.62499999999999 29.205
2  18 21 0 -2.62499999999999 29.205
0

0101000
+92 0 -85 0 *
Wi

0101000
+95 0 +84 0 -83 0 -91 0 *
Fa
0  1.5e-07 19 0

0111000
+82 0 *
Ve
1.50000003996803e-07
7.77045258840988 -20.8134321808197 -1.2
0 0

0101101
*
Ed
 1e-07 1 1 0
1  13 0 -1.2 1.88808810342182e-16
0

0101000
+80 0 -99 0 *
Ed
 1.5e-07 1 1 0
1  14 0 -2.62500000000001 3.71775682038757
2  19 23 0 -2.62500000000001 3.71775682038757
2  20 24 0 -2.62500000000001 3.71775682038757
0

0101000
+85 0 -80 0 *
Wi

0101000
+96 0 -79 0 -78 0 -84 0 *
Fa
0  1.5e-07 22 0

0111000
+77 0 *
Ve
1.50000003774758e-07
5.24405536717218 -33.8106191512744 -1.2
0 0

0101101
*
Ed
 1e-07 1 1 0
1  15 0 5.46901884965791e-16 1.2
0

0101000
+101 0 -75 0 *
Ed
 1.5e-07 1 1 0
1  16 0 1.94239782194978 15.1828491762063
2  21 26 0 1.94239782194978 15.1828491762063
2  22 27 0 1.94239782194978 15.1828491762063
0

0101000
+80 0 -75 0 *
Wi

0101000
+98 0 +74 0 -73 0 +79 0 *
Fa
0  1.5e-07 25 0

0111000
+72 0 *
Ve
1.50000004440892e-07
-13.6522679141953 -30.1375459902759 -1.2
0 0

0101101
*
Ed
 1e-07 1 1 0
1  17 0 -2.22044604925032e-16 1.2
0

0101000
+103 0 -70 0 *
Ed
 1.5e-07 1 1 0
1  18 0 -2.62499999999999 16.625
2  23 29 0 -2.62499999999999 16.625
2  24 30 0 -2.62499999999999 16.625
0

0101000
+75 0 -70 0 *
Wi

0101000
+100 0 +69 0 -68 0 -74 0 *
Fa
0  1.5e-07 28 0

0111000
+67 0 *
Ve
1.50000046391915e-07
-9.62499999999999 -9.41904866891377 -1.2
0 0

0101101
*
Ed
 1e-07 1 1 0
1  19 0 -1.2 4.44089209850063e-16
0

0101000
+65 0 -105 0 *
Ed
 1.5e-07 1 1 0
1  20 0 -2.62499999999997 18.4812791156565
2  25 32 0 -2.62499999999997 18.4812791156565
2  26 33 0 -2.62499999999997 18.4812791156565
0

0101000
+70 0 -65 0 *
Wi

0101000
+102 0 -64 0 -63 0 -69 0 *
Fa
0  1.5e-07 31 0

0111000
+62 0 *
Ed
 1.5e-07 1 1 0
1  21 0 0.25275875151864 19.0353680367142
2  27 35 0 0.25275875151864 19.0353680367142
2  28 36 0 0.25275875151864 19.0353680367142
0

0101000
+65 0 -90 0 *
Wi

0101000
+104 0 +88 0 -60 0 +64 0 *
Fa
0  1.5e-07 34 0

0111000
+59 0 *
Wi

0101100
+89 0 +83 0 +78 0 +73 0 +68 0 +63 0 +60 0 *
Ve
1.500000075886e-07
9.81682903376671 10.3511954955002 -1.2
0 0

0101101
*
Ve
1.50000011656813e-07
12.924460246714 -19.2159404537986 -1.2
0 0

0101101
*
Ed
 1.5e-07 1 1 0
1  22 0 -1.575 28.155
2  29 38 0 -1.575 28.155
2  30 39 0 -1.575 28.155
0

0101000
+56 0 -55 0 *
Ve
1.50000006060638e-07
-8.575 8.41813636976909 -1.2
0 0

0101101
*
Ed
 1.5e-07 1 1 0
1  23 0 -1.4181363697691 17.075
2  31 40 0 -1.4181363697691 17.075
2  32 41 0 -1.4181363697691 17.075
0

0101000
+53 0 -56 0 *
Ve
1.50000005068262e-07
-8.575 -9.52015216952125 -1.2
0 0

0101101
*
Ed
 1.5e-07 1 1 0
1  24 0 0.151655250911164 18.0899437902015
2  33 42 0 0.151655250911164 18.0899437902015
2  34 43 0 0.151655250911164 18.0899437902015
0

0101000
+51 0 -53 0 *
Ve
1.50000029417349e-07
-12.4212099264299 -29.3071868928012 -1.2
0 0

0101101
*
Ed
 1.5e-07 1 1 0
1  25 0 -1.575 18.5823826162639
2  35 44 0 -1.575 18.5823826162639
2  36 45 0 -1.575 18.5823826162639
0

0101000
+49 0 -51 0 *
Ve
1.50000010518448e-07
4.41369626969751 -32.579561163509 -1.2
0 0

0101101
*
Ed
 1.5e-07 1 1 0
1  26 0 -1.575 15.575
2  37 46 0 -1.575 15.575
2  38 47 0 -1.575 15.575
0

0101000
+47 0 -49 0 *
Ve
1.50000004662937e-07
6.88799483660096 -19.8503985344362 -1.2
0 0

0101101
*
Ed
 1.5e-07 1 1 0
1  27 0 1.16543869316987 14.1328491762063
2  39 48 0 1.16543869316987 14.1328491762063
2  40 49 0 1.16543869316987 14.1328491762063
0

0101000
+45 0 -47 0 *
Ed
 1.5e-07 1 1 0
1  28 0 -1.575 4.49471594916749
2  41 50 0 -1.575 4.49471594916749
2  42 51 0 -1.575 4.49471594916749
0

0101000
+55 0 -45 0 *
Wi

0101100
-54 0 -52 0 -50 0 -48 0 -46 0 -44 0 -43 0 *
Fa
0  1.5e-07 37 0

0111000
+57 0 +42 0 *
Ve
1.50000007944109e-07
9.81682903376671 10.3511954955002 -4
0 0

0101101
*
Ed
 1e-07 1 1 0
1  29 0 2.22044604925032e-16 2.8
0

0101000
+56 0 -40 0 *
Ve
1.50000006217249e-07
-8.575 8.41813636976909 -4
0 0

0101101
*
Ed
 1.5e-07 1 1 0
1  30 0 -1.4181363697691 17.075
2  43 53 0 -1.4181363697691 17.075
2  44 54 0 -1.4181363697691 17.075
0

0101000
+38 0 -40 0 *
Ed
 1e-07 1 1 0
1  31 0 -0.61507575950825 2.18492424049175
0

0101000
+53 0 -38 0 *
Wi

0101000
+52 0 +39 0 -37 0 -36 0 *
Fa
0  1.5e-07 52 0

0111000
+35 0 *
Ve
1.50000011783018e-07
12.924460246714 -19.2159404537986 -4
0 0

0101101
*
Ed
 1e-07 1 1 0
1  32 0 1.99840144432528e-15 2.8
0

0101000
+55 0 -33 0 *
Ed
 1.5e-07 1 1 0
1  33 0 -1.575 28.155
2  45 56 0 -1.575 28.155
2  46 57 0 -1.575 28.155
0

0101000
+40 0 -33 0 *
Wi

0101000
+54 0 +32 0 -31 0 -39 0 *
Fa
0  1.5e-07 55 0

0111000
+30 0 *
Ve
1.50000005102197e-07
6.88799483660096 -19.8503985344362 -4
0 0

0101101
*
Ed
 1e-07 1 1 0
1  34 0 -2.8 -4.44089209850063e-16
0

0101000
+28 0 -45 0 *
Ed
 1.5e-07 1 1 0
1  35 0 -1.575 4.49471594916749
2  47 59 0 -1.575 4.49471594916749
2  48 60 0 -1.575 4.49471594916749
0

0101000
+33 0 -28 0 *
Wi

0101000
+43 0 -27 0 -26 0 -32 0 *
Fa
0  1.5e-07 58 0

0111000
+25 0 *
Ve
1.50000010658141e-07
4.41369626969751 -32.579561163509 -4
0 0

0101101
*
Ed
 1e-07 1 1 0
1  36 0 1.11022302462516e-15 2.8
0

0101000
+47 0 -23 0 *
Ed
 1.5e-07 1 1 0
1  37 0 1.16543869316987 14.1328491762063
2  49 62 0 1.16543869316987 14.1328491762063
2  50 63 0 1.16543869316987 14.1328491762063
0

0101000
+28 0 -23 0 *
Wi

0101000
+44 0 +22 0 -21 0 +27 0 *
Fa
0  1.5e-07 61 0

0111000
+20 0 *
Ve
1.50000029039496e-07
-12.4212099264299 -29.3071868928012 -4
0 0

0101101
*
Ed
 1e-07 1 1 0
1  38 0 2.22044604925035e-16 2.8
0

0101000
+49 0 -18 0 *
Ed
 1.5e-07 1 1 0
1  39 0 -1.575 15.575
2  51 65 0 -1.575 15.575
2  52 66 0 -1.575 15.575
0

0101000
+23 0 -18 0 *
Wi

0101000
+46 0 +17 0 -16 0 -22 0 *
Fa
0  1.5e-07 64 0

0111000
+15 0 *
Ve
1.50000001776357e-07
-8.575 -9.52015216952124 -4
0 0

0101101
*
Ed
 1e-07 1 1 0
1  40 0 -2.8 -4.44089209850063e-16
0

0101000
+13 0 -51 0 *
Ed
 1.5e-07 1 1 0
1  41 0 -1.575 18.5823826162639
2  53 68 0 -1.575 18.5823826162639
2  54 69 0 -1.575 18.5823826162639
0

0101000
+18 0 -13 0 *
Wi

0101000
+48 0 -12 0 -11 0 -17 0 *
Fa
0  1.5e-07 67 0

0111000
+10 0 *
Ed
 1.5e-07 1 1 0
1  42 0 0.151655250911164 18.0899437902015
2  55 71 0 0.151655250911164 18.0899437902015
2  56 72 0 0.151655250911164 18.0899437902015
0

0101000
+13 0 -38 0 *
Wi

0101000
+50 0 +36 0 -8 0 +12 0 *
Fa
0  1.5e-07 70 0

0111000
+7 0 *
Wi

0101100
+37 0 +31 0 +26 0 +21 0 +16 0 +11 0 +8 0 *
Fa
0  1.5e-07 73 0

0111000
+5 0 *
Sh

0101000
+93 0 +86 0 +81 0 +76 0 +71 0 +66 0 +61 0 +58 0 +41 0 +34 0 
+29 0 +24 0 +19 0 +14 0 +9 0 +6 0 +4 0 *
So

0100000
+3 0 *
Co

1100000
+2 4 *

+1 1 ]]>
      </Part>
      <ElementMap new="1" count="1"><Element key="Dummy" value="Dummy"/></ElementMap>
      <ElementMap2 count="87">
<![CDATA[
11 PostfixCount 36
Edge
Face
Vertex
;:M#764f;RFI;:H-890:c,F
;:M#3bf3;RFI;:H-890:c,F
;:H-890,V
;:H-890,E
;:M#764c;RFI;:H-890:c,F
;:M#6515;RFI;:H-890:c,E
;:M#6529;RFI;:H-890:c,E
;:M#652b;RFI;:H-890:c,E
;:M#652d;RFI;:H-890:c,E
;:M#652f;RFI;:H-890:c,E
;:M#6531;RFI;:H-890:c,E
;:M#6537;RFI;:H-890:c,E
;:M#654b;RFI;:H-890:c,E
;:M#654d;RFI;:H-890:c,E
;:M#654f;RFI;:H-890:c,E
;:M#6551;RFI;:H-890:c,E
;:M#6553;RFI;:H-890:c,E
;:M#656a;RFI;:H-890:c,F
;:M#656c;RFI;:H-890:c,F
;:M#656e;RFI;:H-890:c,F
;:M#6570;RFI;:H-890:c,F
;:M#6572;RFI;:H-890:c,F
;:M#6589;RFI;:H-890:c,F
;:M#658b;RFI;:H-890:c,F
;:M#658d;RFI;:H-890:c,F
;:M#658f;RFI;:H-890:c,F
;:M#6591;RFI;:H-890:c,F
;:M#7645;RFI;:H-890:c,E
;:M#7647;RFI;:H-890:c,E
;:M#7649;RFI;:H-890:c,F
;:M#764d;RFI;:H-890:c,F
;:M#7650;RFI;:H-890:c,F
;:M#7652;RFI;:H-890:c,F

MapCount 2

ElementMap 1 7 3

Edge

ChildCount 0

NameCount 43
0
$#613f.7 0
$#614a.7 0
$#614b.7 0
$#614c.7 0
$#614d.7 0
$#614e.7 0
$#614f.7 0
$#7646.1f 0
$#649a.7 0
$#652a.a 0
$#6516.9 0
$#64aa.7 0
$#652e.c 0
$#64a9.7 0
$#6532.e 0
$#64a8.7 0
$#6530.d 0
$#64a7.7 0
$#652c.b 0
$#64a6.7 0
$#64a5.7 0
$#64dd.7 0
$#64cd.7 0
$#64d8.7 0
$#64d9.7 0
$#64da.7 0
$#64db.7 0
$#64dc.7 0
$#7648.20 0
$#3c43.7 0
$#654c.10 0
$#6538.f 0
$#3c44.7 0
$#6554.14 0
$#3c45.7 0
$#6552.13 0
$#3c46.7 0
$#6550.12 0
$#3c47.7 0
$#654e.11 0
$#3c48.7 0
$#3c49.7 0

Face

ChildCount 0

NameCount 18
0
$#764b.21 0
$#5c0a.8.61a5.764c 0
$#764e.22 0
$#656d.16 0
$#6573.19 0
$#6571.18 0
$#656f.17 0
$#656b.15 0
$#3bf4.5 0
$#3bee.4.6500.764f 0
$#7651.23 0
$#6592.1e 0
$#6590.1d 0
$#658e.1c 0
$#658c.1b 0
$#658a.1a 0
$#7653.24 0

Vertex

ChildCount 0

NameCount 29
0
$#6122.6 0
$#75ae.6 0
$#611f.6 0
$#611c.6 0
$#6119.6 0
$#6116.6 0
$#6113.6 0
$#75b1.6 0
$#75b0.6 0
$#644e.6 0
$#6452.6 0
$#75bd.6 0
$#75c0.6 0
$#75c3.6 0
$#75b4.6 0
$#6450.6 0
$#6464.6 0
$#6460.6 0
$#645c.6 0
$#6458.6 0
$#6454.6 0
$#75ad.6 0
$#3c39.6 0
$#3c34.6 0
$#3c35.6 0
$#3c36.6 0
$#3c37.6 0
$#3c38.6 0

EndMap

ElementMap 2 11 3

Edge

ChildCount 1
1 0 42 2192 1 ;:H890,E 0

NameCount 0

Face

ChildCount 1
1 0 17 2192 1 ;:H890,F 0

NameCount 0

Vertex

ChildCount 1
1 0 28 2192 1 ;:H890,V 0

NameCount 0

EndMap
]]>
      </ElementMap2>
    </Property>
    <Property name="SplitEdges" type="App::PropertyBool">
      <Bool value="false"/>
    </Property>
    <Property name="Support" type="App::PropertyXLinkSubList">
      <XLinkSubList count="1">
        <XLink file="" stamp="" name="Pipe" sub=""/>
      </XLinkSubList>
    </Property>
    <Property name="TightBound" type="App::PropertyBool">
      <Bool value="false"/>
    </Property>
    <Property name="TreeRank" type="App::PropertyInteger" status="2184">
      <Integer value="96"/>
    </Property>
    <Property name="ValidateShape" type="App::PropertyBool">
      <Bool value="false"/>
    </Property>
    <Property name="Visibility" type="App::PropertyBool" status="648">
      <Bool value="false"/>
    </Property>
    <Property name="_Version" type="App::PropertyInteger" status="83886080">
      <Integer value="8"/>
    </Property>
  </Properties>
</Object>
</Document>
