<?xml version='1.0' encoding='utf-8'?>
<!-- FreeCAD DocumentObject -->
<Document SchemaVersion="4" FileVersion="2">
<Object name="Reference">
  <Properties Count="35" TransientCount="1">
    <_Property name="_ElementMapVersion" type="App::PropertyString" status="234881024"/>
    <Property name="BindCopyOnChange" type="App::PropertyEnumeration">
      <Integer value="0"/>
    </Property>
    <Property name="BindMode" type="App::PropertyEnumeration">
      <Integer value="0"/>
    </Property>
    <Property name="Cache_Pipe" type="App::PropertyMatrix" group="Cache" attr="0" ro="0" hide="1" doc="" status="69206016">
      <PropertyMatrix a11="1" a12="0" a13="0" a14="0" a21="0" a22="1" a23="0" a24="0" a31="0" a32="0" a33="1" a34="0" a41="0" a42="0" a43="0" a44="1"/>
    </Property>
    <Property name="ClaimChildren" type="App::PropertyBool" status="134217728">
      <Bool value="false"/>
    </Property>
    <Property name="ColoredElements" type="App::PropertyLinkSubHidden" status="218103808">
      <LinkSub value="" count="0">
      </LinkSub>
    </Property>
    <Property name="Context" type="App::PropertyXLink" status="67108864">
      <XLink file="" stamp="" name="Body" sub="Boolean.Reference."/>
    </Property>
    <Property name="EdgeTolerance" type="App::PropertyPrecision">
      <Float value="1e-06"/>
    </Property>
    <Property name="ExpressionEngine" type="App::PropertyExpressionEngine" status="67108864">
      <ExpressionEngine count="0"></ExpressionEngine>
    </Property>
    <Property name="FaceMaker" type="App::PropertyString">
      <String value=""/>
    </Property>
    <Property name="FillStyle" type="App::PropertyEnumeration">
      <Integer value="0"/>
    </Property>
    <Property name="FixShape" type="App::PropertyEnumeration">
      <Integer value="1"/>
    </Property>
    <Property name="Fuse" type="App::PropertyBool">
      <Bool value="false"/>
    </Property>
    <Property name="InvalidShape" type="App::PropertyBool" status="67108864">
      <Bool value="false"/>
    </Property>
    <Property name="Label" type="App::PropertyString" status="134217728">
      <String value="Reference(Pipe)"/>
    </Property>
    <Property name="Label2" type="App::PropertyString" status="128">
      <String value=""/>
    </Property>
    <Property name="MakeFace" type="App::PropertyBool">
      <Bool value="true"/>
    </Property>
    <Property name="MergeEdges" type="App::PropertyBool">
      <Bool value="true"/>
    </Property>
    <Property name="Offset" type="App::PropertyFloat">
      <Float value="0"/>
    </Property>
    <Property name="OffsetFill" type="App::PropertyBool">
      <Bool value="false"/>
    </Property>
    <Property name="OffsetIntersection" type="App::PropertyBool">
      <Bool value="false"/>
    </Property>
    <Property name="OffsetJoinType" type="App::PropertyEnumeration">
      <Integer value="0"/>
    </Property>
    <Property name="OffsetOpenResult" type="App::PropertyBool">
      <Bool value="false"/>
    </Property>
    <Property name="Outline" type="App::PropertyBool">
      <Bool value="false"/>
    </Property>
    <Property name="PartialLoad" type="App::PropertyBool" status="1024">
      <Bool value="false"/>
    </Property>
    <Property name="Placement" type="App::PropertyPlacement" status="8388608">
      <PropertyPlacement Px="0" Py="0" Pz="0" Q0="0" Q1="0" Q2="0" Q3="1" A="0" Ox="0" Oy="0" Oz="1"/>
    </Property>
    <Property name="Refine" type="App::PropertyBool">
      <Bool value="false"/>
    </Property>
    <Property name="Relative" type="App::PropertyBool">
      <Bool value="true"/>
    </Property>
    <Property name="Shape" type="Part::PropertyPartShape">
      <Part HasherIndex="0" ElementMap="1.15.70200.4" brep="1">
<![CDATA[

CASCADE Topology V1, (c) Matra-Datavision
Locations 4
1
              1               0               0               0 
              0               1               0               0 
              0               0               1               0 
1
              1               0               0               0 
              0               1               0               0 
              0               0               1               0 
1
              1               0               0               0 
              0               1               0               0 
              0               0               1               0 
2  2 1 3 1 0
Curve2ds 56
1 2.625 -4.4408920985006262e-16 7.547468613682779e-48 1 
1 -3.021553832301418e-16 -8.8331288538536627e-16 4.0663417141853116e-16 1 
8 -4.0731301927326342 -1.5896512661278308
1 3.7664422367832544 17.484786712202244 0.92470460274101129 -0.38068543138605715 
8 -4.0731301927326342 -1.5896512661278308
1 3.7664422367832469 -0.81297929176983763 0.92470460274101163 0.38068543138605648 
1 2.2964843942417734 -3.0079060076015938e-16 -1.610035274360137e-19 1 
1 4.4408920985006262e-16 -1.9721522630525295e-31 -1.040834085586084e-16 1 
8 -4.3141143435262412 -1.7889726498789424
1 3.9234615189346256 16.331112523468065 0.90944773515847133 -0.41581824997843336 
8 -4.3141143435262412 -1.7889726498789424
1 3.9234615189346136 -0.83111252346805531 0.90944773515847199 0.41581824997843236 
1 2.6250000000000009 -2.2204460492503131e-16 0 1 
1 -9.5126676890294037e-16 2.2265861388439463e-31 3.9476581216327883e-16 1 
1 2.2964843942417725 5.7404372921787683e-16 7.0598411167988026e-18 1 
1 0 0 2.3592239273284576e-16 1 
8 -6.6177474484067726 -4.0926057547594672
1 6.0184954288042967 26.453219837204255 0.90944773515847133 -0.41581824997843375 
8 -6.6177474484067726 -4.0926057547594672
1 6.0184954288042904 0.1267801627957314 0.90944773515847177 0.4158182499784327 
1 2.6249999999999991 -3.3306690738754696e-16 2.0378165256943503e-47 1 
1 -2.261325803599179e-16 2.2936249888360392e-31 4.0286888823025483e-16 1 
1 2.2964843942417716 6.8341041159492028e-16 -4.5619194987407886e-18 1 
1 -0 0 -4.5796699765787727e-16 1 
8 -2.7088408182302457 -0.28448398377075745
1 -0.269478906675439 3.6265852465331601 -0.94725510766395626 -0.3204805157954953 
8 -2.7088408182302457 -0.28448398377075745
1 -0.26947890667544205 2.0335693958041863 -0.94725510766395582 0.32048051579549675 
1 2.6250000000000009 -1.8873791418627661e-15 1.1469911362234807e-78 1 
1 2.4270888611301801e-16 -3.4874403221169249e-15 4.1616458495653505e-16 1 
1 2.2964843942417725 -7.962833170616077e-17 1.4247182928487056e-17 1 
1 -0 0 -1.2490009027033001e-16 1 
8 -3.7024143401649985 -1.1772726465176995
1 3.3671523362813143 13.643317724583852 0.9094477351584711 -0.41581824997843408 
8 -3.7024143401649985 -1.1772726465176995
1 3.3671523362813027 -1.0854685483775295 0.90944773515847177 0.41581824997843242 
1 2.625 -1.1102230246251565e-16 2.8303007301310419e-47 1 
1 -2.261325803599179e-16 2.8229230631828166e-31 3.6624951479710603e-16 1 
1 2.2964843942417721 9.1719964956382545e-17 1.5079949608824433e-17 1 
1 -0 0 -6.6613381477509392e-16 1 
8 -4.002250656042408 -1.4771089623951206
1 3.6398377946742944 14.960791136229412 0.90944773515847133 -0.4158182499784337 
8 -4.002250656042408 -1.4771089623951206
1 3.6398377946742739 -0.96079113622937895 0.9094477351584721 0.41581824997843198 
1 2.6250000000000004 2.7755575615628914e-16 -5.0602550127506504e-80 1 
1 -3.1238717817075763e-16 1.1211583419026314e-31 3.9727280715842607e-16 1 
1 2.2964843942417739 6.8036024036821614e-16 1.3065438419378497e-17 1 
1 0 0 1.2490009027033028e-16 1 
8 -2.6995789544570346 -0.40087007971210947
1 -0.40048215426125833 18.463647753637208 -0.99903229133206428 -0.043982733837329806 
8 -2.6995789544570346 -0.40087007971210947
1 -0.40048215426125655 0.27039011353799064 -0.99903229133206428 0.043982733837331166 
1 2.625 0 0 1 
1 -3.1238717817075763e-16 1.2337800615105778e-31 3.9495220922164962e-16 1 
1 2.296484394241773 8.6935525445142066e-16 -4.9303806576313238e-32 1 
1 0 0 9.2837154836774833e-17 1 
1 0 0 -7.547468613682779e-48 1 
1 1.76373124049175 1.0005887240751444e-16 4.4408920985006252e-16 1 
1 0 0 0 1 
1 1.76373124049175 -7.8325401297785193e-16 4.4408920985006262e-16 1 
1 0 0 -2.0378165256943503e-47 1 
1 1.76373124049175 -7.8325401297785193e-16 4.4408920985006257e-16 1 
1 0 0 -1.1469911362234807e-78 1 
1 1.76373124049175 -7.8325401297785222e-16 4.4408920985006271e-16 1 
1 0 0 -2.8303007301310419e-47 1 
1 1.76373124049175 8.8606067551379292e-17 4.4408920985006242e-16 1 
1 0 0 5.0602550127506504e-80 1 
1 1.76373124049175 -7.8325401297785222e-16 4.4408920985006271e-16 1 
1 0 0 0 1 
1 1.76373124049175 -7.8325401297785202e-16 4.4408920985006262e-16 1 
Curves 35
1 -7.2743872160775922 9.6106199753417147 3.2146978477618021e-16 0.9945218953682734 0.10452846326765333 6.1629758220391547e-32 
1 -7.902904975736555 7.8129792917698353 -3.3496978745003068 0.42279400431050468 -0.38068543138605687 -0.82238910027401313 
1 -7.1646323296465546 8.5663719852050271 -2.0423860000000005 0.99452189536827351 0.10452846326765317 5.4817261840867104e-16 
1 9.1547740654313863 9.5336256976330009 -3.4893434929944336 -0.37007551142837919 -0.45700519676615992 -0.80882035457185864 
1 11.025709353549955 8.8945783967262155 0 0.10452846326765339 -0.9945218953682734 0 
1 9.9814613634132652 8.7848235102951779 -2.0423860000000005 0.10452846326765383 -0.9945218953682734 2.0816681711721685e-16 
1 11.054118148473888 -17.701367286031218 -5.3525688376873752 -0.4570051967661603 0.37007551142837947 -0.8088203545718583 
1 11.467843147940052 -20.424820773581793 3.2146978477618026e-16 -0.9945218953682734 -0.10452846326765342 1.6640034719505718e-31 
1 11.358088261509014 -19.380572783445107 -2.042386 -0.99452189536827351 -0.10452846326765255 9.0205620750793989e-16 
1 7.8740038037984998 -20.926438502469395 0.23966195793416178 0.36399664408546567 -0.39723263205115483 0.84244446649511007 
1 8.1410795654377033 -18.906721677724299 1.2942249226282225e-31 -0.19080899537654397 -0.9816271834476642 2.3263744036642471e-47 
1 7.1103710228176551 -18.706372232578932 -2.0423860000000005 -0.19080899537654417 -0.98162718344766409 5.6898930012039273e-16 
1 4.0265658941216014 -32.005616778954469 -2.9945880793841879 -0.32883663501484806 0.48752036009008398 -0.8088203545718583 
1 2.6672840106220699 -33.309745538410965 3.2146978477618021e-16 -0.98162718344766409 0.19080899537654419 2.311115933264683e-31 
1 2.8676334557674403 -32.279036995790918 -2.042386 -0.98162718344766398 0.19080899537654555 1.1102230246251565e-15 
1 -11.701089233190775 -28.821459352056934 -3.2371017947056737 0.48752036009008354 0.32883663501484756 -0.80882035457185875 
1 -13.151394301331917 -27.560774633725803 6.4711246131411125e-32 0.19080899537654453 0.98162718344766409 -2.0526832973508063e-48 
1 -12.120685758711868 -27.761124078871173 -2.0423860000000005 0.19080899537654428 0.9816271834476642 3.1918911957973251e-16 
1 -9.8081086956343668 -9.4014173068944196 0.35617012994469099 -0.45677815557070656 0.04398273383733077 0.88849267623184036 
1 -9.6250000000000018 -9.67180742043241 0 0 1 0 
1 -8.5750000000000011 -9.6718074204324083 -2.0423860000000005 -1.8058029077948654e-16 1 3.5125205501328778e-16 
1 9.8168290337667123 10.3511954955002 -2.0423860000000005 -1.2801044796052554e-17 1.2179380558447171e-16 -1 
1 -7.1646323296465537 8.5663719852050271 -4 0.9945218953682734 0.10452846326765333 6.1629758220391547e-32 
1 -8.5750000000000011 8.4181363697691012 -2.2362687595082491 -3.9734939683789073e-33 1.2313924960836246e-16 -1 
1 12.924460246714055 -19.215940453798556 -2.0423859999999987 1.28010447960523e-17 -1.2179380558447211e-16 -1 
1 9.9814613634132652 8.7848235102951779 -4 0.10452846326765339 -0.9945218953682734 0 
1 6.8879948366009591 -19.850398534436192 -2.0423860000000005 2.4435058382731484e-17 1.2570747773335194e-16 1 
1 11.358088261509014 -19.380572783445107 -4 -0.9945218953682734 -0.10452846326765342 1.6640034719505718e-31 
1 4.4136962696975033 -32.579561163508977 -2.0423859999999996 -2.3367362543640628e-17 -1.2021465881652226e-16 -1 
1 7.1103710228176542 -18.706372232578932 -4 -0.19080899537654397 -0.9816271834476642 2.3263744036642471e-47 
1 -12.421209926429921 -29.307186892801212 -2.0423860000000005 -2.3367362543640893e-17 -1.2021465881652221e-16 -1 
1 2.8676334557674394 -32.279036995790918 -4 -0.98162718344766409 0.19080899537654419 2.311115933264683e-31 
1 -8.5749999999999957 -9.5201521695212445 -2.0423860000000005 3.9734939683789073e-33 2.0441854352457554e-32 1 
1 -12.120685758711868 -27.761124078871173 -4 0.19080899537654453 0.98162718344766409 -2.0526832973508063e-48 
1 -8.5749999999999993 -9.6718074204324083 -4 -0 1 0 
Polygon3D 0
PolygonOnTriangulations 0
Surfaces 51
1 -7.2743872160775913 9.6106199753417147 0 0.09296273491545122 -0.8844813406468911 0.45722061192002028 0.047792567938296227 -0.45471590956814034 -0.88935331113988803 0.99452189536827351 0.10452846326765317 5.4817261840867104e-16 
1 -7.0000000000000018 6.9999999999999973 0 -1.2801044796052272e-17 1.2179380558447149e-16 -1 -0.10452846326765333 0.9945218953682734 1.2246467991473532e-16 0.9945218953682734 0.10452846326765333 6.1629758220391547e-32 
1 -7.2743872160775913 9.6106199753417147 0 0.09296273491545122 -0.8844813406468911 0.45722061192002028 0.047792567938296227 -0.45471590956814034 -0.88935331113988803 0.99452189536827351 0.10452846326765317 5.4817261840867104e-16 
1 -9.6250000000000018 -9.67180742043241 -4.4408920985006262e-16 0.88935331113988791 -0 0.45722061192002045 0.45722061192002045 3.9495220922164962e-16 -0.88935331113988791 -1.8058029077948654e-16 1 3.5125205501328778e-16 
1 -7.1646323296465546 8.5663719852050271 -2.042386 0.10452846326765286 -0.99452189536827351 -1.2246467991473557e-16 4.2885539789663085e-16 1.6821376824384496e-16 -1 0.99452189536827351 0.10452846326765286 4.4408920985006262e-16 
1 11.025709353549953 8.8945783967262155 -4.4408920985006262e-16 -0.88448134064689099 -0.092962734915451983 0.45722061192002045 -0.45471590956814051 -0.047792567938296254 -0.88935331113988791 0.10452846326765383 -0.99452189536827329 2.081668171172168e-16 
1 11.025709353549953 8.8945783967262155 -4.4408920985006262e-16 -0.88448134064689099 -0.092962734915451983 0.45722061192002045 -0.45471590956814051 -0.047792567938296254 -0.88935331113988791 0.10452846326765383 -0.99452189536827329 2.081668171172168e-16 
1 8.4150893782082363 8.6201911806486251 0 0 0 -1 0.9945218953682734 0.10452846326765339 0 0.10452846326765339 -0.9945218953682734 0 
1 9.9814613634132652 8.7848235102951779 -2.0423860000000005 -0.99452189536827329 -0.10452846326765372 1.4791141972893971e-31 4.6419962659373481e-17 -4.4165644269268308e-16 -1 0.10452846326765372 -0.99452189536827329 4.4408920985006252e-16 
1 11.467843147940052 -20.424820773581793 0 -0.092962734915450526 0.88448134064689121 0.45722061192002034 -0.047792567938296268 0.45471590956814034 -0.88935331113988803 -0.9945218953682734 -0.10452846326765254 9.0899510141184672e-16 
1 11.467843147940052 -20.424820773581793 0 -0.092962734915450526 0.88448134064689121 0.45722061192002034 -0.047792567938296268 0.45471590956814034 -0.88935331113988803 -0.9945218953682734 -0.10452846326765254 9.0899510141184672e-16 
1 11.193455931862461 -17.814200798240076 0 1.280104479605218e-17 -1.2179380558447151e-16 -1 0.10452846326765342 -0.9945218953682734 1.2246467991473535e-16 -0.9945218953682734 -0.10452846326765342 1.6640034719505718e-31 
1 11.358088261509014 -19.380572783445107 -2.042386 -0.10452846326765207 0.99452189536827351 -1.2246467991473594e-16 -4.2885539789663095e-16 -1.6821376824384504e-16 -1 -0.99452189536827351 -0.10452846326765207 4.4408920985006262e-16 
1 8.1410795654377033 -18.906721677724303 -4.4408920985006262e-16 -0.87301338590410205 0.16969661183340534 0.45722061192002045 -0.44882018149326725 0.087241805625907373 -0.8893533111398878 -0.19080899537654417 -0.98162718344766409 5.6898930012039273e-16 
1 8.1410795654377033 -18.906721677724303 -4.4408920985006262e-16 -0.87301338590410205 0.16969661183340534 0.45722061192002045 -0.44882018149326725 0.087241805625907373 -0.8893533111398878 -0.19080899537654417 -0.98162718344766409 5.6898930012039273e-16 
1 5.5643082088875842 -18.405848064860873 0 4.8397956782754782e-32 -9.4076098010657941e-33 -1 0.9816271834476642 -0.19080899537654397 4.9303806576313238e-32 -0.19080899537654397 -0.9816271834476642 2.3263744036642471e-47 
1 7.1103710228176542 -18.706372232578932 -2.0423860000000005 -0.98162718344766409 0.19080899537654444 -2.7117093616972281e-31 -8.4736215989053626e-17 -4.3593004026461576e-16 -1 -0.19080899537654444 -0.98162718344766409 4.4408920985006271e-16 
1 2.6672840106220699 -33.309745538410965 0 0.16969661183340681 0.87301338590410194 0.45722061192002034 0.087241805625907498 0.44882018149326702 -0.88935331113988791 -0.98162718344766398 0.19080899537654555 1.0963452368173421e-15 
1 2.6672840106220699 -33.309745538410965 0 0.16969661183340681 0.87301338590410194 0.45722061192002034 0.087241805625907498 0.44882018149326702 -0.88935331113988791 -0.98162718344766398 0.19080899537654555 1.0963452368173421e-15 
1 3.1681576234854982 -30.732974181860847 0 -2.3367362543640927e-17 -1.2021465881652132e-16 -1 -0.19080899537654419 -0.98162718344766409 1.2246467991473532e-16 -0.98162718344766409 0.19080899537654419 2.311115933264683e-31 
1 2.8676334557674403 -32.279036995790918 -2.042386 0.19080899537654608 0.98162718344766375 -1.2246467991473618e-16 -4.5929740280825634e-16 -3.5478442827467596e-17 -1 -0.98162718344766375 0.19080899537654608 4.4408920985006242e-16 
1 -13.151394301331917 -27.560774633725803 -4.4408920985006262e-16 0.87301338590410205 -0.16969661183340534 0.45722061192002045 0.44882018149326725 -0.087241805625907651 -0.88935331113988791 0.19080899537654428 0.9816271834476642 3.1918911957973251e-16 
1 -13.151394301331917 -27.560774633725803 -4.4408920985006262e-16 0.87301338590410205 -0.16969661183340534 0.45722061192002045 0.44882018149326725 -0.087241805625907651 -0.88935331113988791 0.19080899537654428 0.9816271834476642 3.1918911957973251e-16 
1 -10.574622944781799 -28.061648246589233 0 -2.4198978391377391e-32 4.7038049005328971e-33 -1 -0.98162718344766409 0.19080899537654453 2.4651903288156619e-32 0.19080899537654453 0.98162718344766409 -2.0526832973508063e-48 
1 -12.120685758711868 -27.761124078871173 -2.0423860000000005 0.98162718344766409 -0.19080899537654444 0 8.4736215989053898e-17 4.3593004026461571e-16 -1 0.19080899537654444 0.98162718344766409 4.4408920985006271e-16 
1 -9.6250000000000018 -9.67180742043241 -4.4408920985006262e-16 0.88935331113988791 -0 0.45722061192002045 0.45722061192002045 3.9495220922164962e-16 -0.88935331113988791 -1.8058029077948654e-16 1 3.5125205501328778e-16 
1 -7.0000000000000018 -9.67180742043241 0 0 0 -1 -1 0 0 0 1 0 
1 -8.5750000000000011 -9.6718074204324083 -2.0423860000000005 1 0 -3.9734939683789073e-33 -3.9734939683789073e-33 4.4408920985006262e-16 -1 1.7645857967613786e-48 1 4.4408920985006262e-16 
1 0.41814987539792331 -11.056167280044109 1.1304698492841865e-16 0 0 1 1 0 -0 -0 1 0 
1 0.62091451688335642 9.3846659326346522 -3.0211929999999989 -0.10452846326765318 0.9945218953682734 3.5381221806952416e-16 0.9945218953682734 0.10452846326765318 0 -3.6983447440127153e-17 3.5187399771895604e-16 -1 
1 -7.1646323296465537 8.5663719852050271 -4 1.2801044796052272e-17 -1.2179380558447149e-16 1 0.10452846326765333 -0.9945218953682734 -1.2246467991473532e-16 0.9945218953682734 0.10452846326765333 6.1629758220391547e-32 
1 -7.1646323296465546 8.5663719852050271 -2.23626875950825 0.10452846326765286 -0.99452189536827351 -1.2246467991473557e-16 4.2885539789663085e-16 1.6821376824384496e-16 -1 0.99452189536827351 0.10452846326765286 4.4408920985006262e-16 
1 11.370644640240382 -4.4323724791491736 -3.0211929999999994 0.99452189536827329 0.10452846326765364 -3.3200330624333833e-15 -0.10452846326765364 0.99452189536827329 0 3.3018455739365814e-15 3.4703795401396355e-16 1 
1 9.9814613634132652 8.7848235102951779 -4 0 0 1 -0.9945218953682734 -0.10452846326765339 0 0.10452846326765339 -0.9945218953682734 0 
1 9.9814613634132652 8.7848235102951779 -2.23626875950825 -0.99452189536827329 -0.10452846326765372 1.4791141972893971e-31 4.6419962659373481e-17 -4.4165644269268308e-16 -1 0.10452846326765372 -0.99452189536827329 4.4408920985006252e-16 
1 9.9062275416575076 -19.53316949411737 -3.0211930000000002 0.10452846326765262 -0.9945218953682734 3.9524500612945592e-16 -0.9945218953682734 -0.10452846326765262 1.2325951644078309e-32 4.1314353104925954e-17 -3.9307981263071135e-16 -1 
1 11.358088261509014 -19.380572783445107 -4 -1.280104479605218e-17 1.2179380558447151e-16 1 -0.10452846326765342 0.9945218953682734 -1.2246467991473535e-16 -0.9945218953682734 -0.10452846326765342 1.6640034719505718e-31 
1 11.358088261509014 -19.380572783445107 -2.23626875950825 -0.10452846326765207 0.99452189536827351 -1.2246467991473594e-16 -4.2885539789663095e-16 -1.6821376824384504e-16 -1 -0.99452189536827351 -0.10452846326765207 4.4408920985006262e-16 
1 5.6508455531492343 -26.21497984897259 -3.0211929999999994 0.98162718344766409 -0.19080899537654408 4.6731250274421007e-16 0.19080899537654408 0.98162718344766409 2.4651903288156619e-32 -4.5872665585867773e-16 8.9167429175521196e-17 1 
1 7.1103710228176542 -18.706372232578932 -4 -4.8397956782754782e-32 9.4076098010657941e-33 1 -0.9816271834476642 0.19080899537654397 -4.9303806576313238e-32 -0.19080899537654397 -0.9816271834476642 2.3263744036642471e-47 
1 7.1103710228176542 -18.706372232578932 -2.23626875950825 -0.98162718344766409 0.19080899537654444 -2.7117093616972281e-31 -8.4736215989053626e-17 -4.3593004026461576e-16 -1 -0.19080899537654444 -0.98162718344766409 4.4408920985006271e-16 
1 -4.0037568283662068 -30.943374028155102 -3.0211929999999967 -0.19080899537654519 -0.98162718344766398 4.9158832879970142e-15 -0.98162718344766398 0.19080899537654519 0 -9.3799475157105792e-16 -4.8255646661539499e-15 -1 
1 2.8676334557674394 -32.279036995790918 -4 2.3367362543640927e-17 1.2021465881652132e-16 1 0.19080899537654419 0.98162718344766409 -1.2246467991473532e-16 -0.98162718344766409 0.19080899537654419 2.311115933264683e-31 
1 2.8676334557674403 -32.279036995790918 -2.23626875950825 0.19080899537654608 0.98162718344766375 -1.2246467991473618e-16 -4.5929740280825634e-16 -3.5478442827467596e-17 -1 -0.98162718344766375 0.19080899537654608 4.4408920985006242e-16 
1 -10.498104963214953 -19.413669531161215 -3.0211929999999976 -0.98162718344766409 0.19080899537654444 -9.6047222676594126e-16 -0.19080899537654444 -0.98162718344766409 4.9303806576313238e-32 -9.4282564673995695e-16 1.8326674067628189e-16 1 
1 -12.120685758711868 -27.761124078871173 -4 2.4198978391377391e-32 -4.7038049005328971e-33 1 0.98162718344766409 -0.19080899537654453 -2.4651903288156619e-32 0.19080899537654453 0.98162718344766409 -2.0526832973508063e-48 
1 -12.120685758711868 -27.761124078871173 -2.23626875950825 0.98162718344766409 -0.19080899537654444 0 8.4736215989053898e-17 4.3593004026461571e-16 -1 0.19080899537654444 0.98162718344766409 4.4408920985006271e-16 
1 -8.5749999999999993 -0.55100789987605181 -3.021193000000002 -1 -0 -1.6654984256653431e-15 1.6654984256653431e-15 0 -1 0 -1 0 
1 -8.5749999999999993 -9.6718074204324083 -4 0 0 1 1 0 -0 -0 1 0 
1 -8.5750000000000011 -9.6718074204324083 -2.23626875950825 1 0 -3.9734939683789073e-33 -3.9734939683789073e-33 4.4408920985006262e-16 -1 1.7645857967613786e-48 1 4.4408920985006262e-16 
1 0.39865147149085689 -11.00857277919051 -4 -0 -0 -1 -1 0 0 0 1 -0 
Triangulations 0

TShapes 91
Ve
1.5000000414122e-07
-9.625 9.36356061628183 1.6073489238809e-16
0 0

0101101
*
Ve
1.50000007397939e-07
10.7513221374724 11.5051983720679 1.60734892388091e-16
0 0

0101101
*
Ed
 1e-07 1 1 0
1  1 0 -2.36356061628183 18.125
2  1 2 0 -2.36356061628183 18.125
2  2 3 0 -2.36356061628183 18.125
0

0101000
+91 0 -90 0 *
Ve
1.50000008055049e-07
-8.575 8.41813636976909 -2.042386
0 0

0101101
*
Ed
 1.5e-07 1 1 0
1  2 0 -4.07313019273263 -1.58965126612783
2  3 4 0 -4.07313019273263 -1.58965126612783
2  4 3 0 -4.07313019273263 -1.58965126612783
0

0101000
+91 0 -88 0 *
Ve
1.50000009607118e-07
9.81682903376671 10.3511954955002 -2.042386
0 0

0101101
*
Ed
 1.5e-07 1 1 0
1  3 0 -1.4181363697691 17.075
2  5 3 0 -1.4181363697691 17.075
2  6 5 0 -1.4181363697691 17.075
0

0101000
+88 0 -86 0 *
Ed
 1.5e-07 1 1 0
1  4 0 -4.31411434352624 -1.78897264987894
2  7 3 0 -4.31411434352624 -1.78897264987894
2  8 6 0 -4.31411434352624 -1.78897264987894
0

0101000
+90 0 -86 0 *
Wi

0101100
-89 0 +87 0 +85 0 -84 0 *
Fa
0  1e-07 1 0

0101000
+83 0 *
Ve
1.50000008911524e-07
14.0784631232818 -20.1504335575042 1.6073489238809e-16
0 0

0101101
*
Ed
 1e-07 1 1 0
1  5 0 -2.625 29.205
2  9 8 0 -2.625 29.205
2  10 6 0 -2.625 29.205
0

0101000
+90 0 -81 0 *
Ve
1.5000000549308e-07
12.9244602467141 -19.2159404537986 -2.042386
0 0

0101101
*
Ed
 1.5e-07 1 1 0
1  6 0 -1.575 28.155
2  11 6 0 -1.575 28.155
2  12 9 0 -1.575 28.155
0

0101000
+86 0 -79 0 *
Ed
 1.5e-07 1 1 0
1  7 0 -6.61774744840677 -4.09260575475947
2  13 6 0 -6.61774744840677 -4.09260575475947
2  14 10 0 -6.61774744840677 -4.09260575475947
0

0101000
+81 0 -79 0 *
Wi

0101100
-80 0 +84 0 +78 0 -77 0 *
Fa
0  1e-07 7 0

0101000
+76 0 *
Ve
1.50000004594677e-07
7.77045258840988 -20.8134321808197 1.60734892388091e-16
0 0

0101101
*
Ed
 1e-07 1 1 0
1  8 0 -2.625 3.71775682038757
2  15 12 0 -2.625 3.71775682038757
2  16 10 0 -2.625 3.71775682038757
0

0101000
+81 0 -74 0 *
Ve
1.50000004440892e-07
6.88799483660096 -19.8503985344362 -2.042386
0 0

0101101
*
Ed
 1.5e-07 1 1 0
1  9 0 -1.57500000000001 4.49471594916748
2  17 10 0 -1.57500000000001 4.49471594916748
2  18 13 0 -1.57500000000001 4.49471594916748
0

0101000
+79 0 -72 0 *
Ed
 1.5e-07 1 1 0
1  10 0 -2.70884081823025 -0.284483983770757
2  19 10 0 -2.70884081823025 -0.284483983770757
2  20 14 0 -2.70884081823025 -0.284483983770757
0

0101000
+72 0 -74 0 *
Wi

0101100
-73 0 +77 0 +71 0 +70 0 *
Fa
0  1e-07 11 0

0101000
+69 0 *
Ve
1.50000011422496e-07
5.24405536717219 -33.8106191512744 1.6073489238809e-16
0 0

0101101
*
Ed
 1e-07 1 1 0
1  11 0 1.94239782194978 15.1828491762063
2  21 16 0 1.94239782194978 15.1828491762063
2  22 14 0 1.94239782194978 15.1828491762063
0

0101000
+74 0 -67 0 *
Ve
1.50000008792518e-07
4.41369626969751 -32.579561163509 -2.042386
0 0

0101101
*
Ed
 1.5e-07 1 1 0
1  12 0 1.16543869316986 14.1328491762063
2  23 14 0 1.16543869316986 14.1328491762063
2  24 17 0 1.16543869316986 14.1328491762063
0

0101000
+72 0 -65 0 *
Ed
 1.5e-07 1 1 0
1  13 0 -3.702414340165 -1.1772726465177
2  25 14 0 -3.702414340165 -1.1772726465177
2  26 18 0 -3.702414340165 -1.1772726465177
0

0101000
+67 0 -65 0 *
Wi

0101100
-66 0 -70 0 +64 0 -63 0 *
Fa
0  1e-07 15 0

0101000
+62 0 *
Ve
1.50000032179414e-07
-13.6522679141953 -30.1375459902759 1.60734892388092e-16
0 0

0101101
*
Ed
 1e-07 1 1 0
1  14 0 -2.625 16.625
2  27 20 0 -2.625 16.625
2  28 18 0 -2.625 16.625
0

0101000
+67 0 -60 0 *
Ve
1.50000014458497e-07
-12.4212099264299 -29.3071868928012 -2.04238599999999
0 0

0101101
*
Ed
 1.5e-07 1 1 0
1  15 0 -1.575 15.575
2  29 18 0 -1.575 15.575
2  30 21 0 -1.575 15.575
0

0101000
+65 0 -58 0 *
Ed
 1.5e-07 1 1 0
1  16 0 -4.00225065604241 -1.47710896239512
2  31 18 0 -4.00225065604241 -1.47710896239512
2  32 22 0 -4.00225065604241 -1.47710896239512
0

0101000
+60 0 -58 0 *
Wi

0101100
-59 0 +63 0 +57 0 -56 0 *
Fa
0  1e-07 19 0

0101000
+55 0 *
Ve
1.50000024924012e-07
-9.62499999999999 -9.41904866891377 3.23556230657055e-32
0 0

0101101
*
Ed
 1e-07 1 1 0
1  17 0 -2.625 18.4812791156565
2  33 24 0 -2.625 18.4812791156565
2  34 22 0 -2.625 18.4812791156565
0

0101000
+60 0 -53 0 *
Ve
1.50000099575061e-07
-8.57499999999999 -9.52015216952115 -2.042386
0 0

0101101
*
Ed
 1.5e-07 1 1 0
1  18 0 -1.57499999999998 18.582382616264
2  35 22 0 -1.57499999999998 18.582382616264
2  36 25 0 -1.57499999999998 18.582382616264
0

0101000
+58 0 -51 0 *
Ed
 1.5e-07 1 1 0
1  19 0 -2.69957895445703 -0.400870079712109
2  37 22 0 -2.69957895445703 -0.400870079712109
2  38 4 0 -2.69957895445703 -0.400870079712109
0

0101000
+51 0 -53 0 *
Wi

0101100
-52 0 +56 0 +50 0 +49 0 *
Fa
0  1e-07 23 0

0101000
+48 0 *
Ed
 1e-07 1 1 0
1  20 0 0.25275875151864 19.0353680367142
2  39 27 0 0.25275875151864 19.0353680367142
2  40 4 0 0.25275875151864 19.0353680367142
0

0101000
+53 0 -91 0 *
Ed
 1.5e-07 1 1 0
1  21 0 0.151655250911262 18.0899437902015
2  41 4 0 0.151655250911262 18.0899437902015
2  42 28 0 0.151655250911262 18.0899437902015
0

0101000
+51 0 -88 0 *
Wi

0101100
-46 0 -49 0 +45 0 -87 0 *
Fa
0  1e-07 26 0

0101000
+44 0 *
Wi

0101100
-89 0 -46 0 -52 0 -59 0 -66 0 -73 0 -80 0 *
Fa
0  1e-07 29 0

0101000
+42 0 *
Ve
1.500000075886e-07
9.81682903376671 10.3511954955002 -4
0 0

0101101
*
Ed
 1e-07 1 1 0
1  22 0 -4.44089209850063e-15 1.957614
0

0101000
+86 0 -40 0 *
Ve
1.50000007793734e-07
-8.575 8.41813636976909 -4
0 0

0101101
*
Ed
 1.5e-07 1 1 0
1  23 0 -1.4181363697691 17.075
2  43 31 0 -1.4181363697691 17.075
2  44 32 0 -1.4181363697691 17.075
0

0101000
+38 0 -40 0 *
Ed
 1e-07 1 1 0
1  24 0 -0.193882759508251 1.76373124049175
0

0101000
+88 0 -38 0 *
Wi

0101000
+85 0 +39 0 -37 0 -36 0 *
Fa
0  1.5e-07 30 0

0101000
+35 0 *
Ve
1.50000011546319e-07
12.924460246714 -19.2159404537986 -4
0 0

0101101
*
Ed
 1e-07 1 1 0
1  25 0 -8.88178419700126e-16 1.957614
0

0101000
+79 0 -33 0 *
Ed
 1.5e-07 1 1 0
1  26 0 -1.575 28.155
2  45 34 0 -1.575 28.155
2  46 35 0 -1.575 28.155
0

0101000
+40 0 -33 0 *
Wi

0101000
+78 0 +32 0 -31 0 -39 0 *
Fa
0  1.5e-07 33 0

0101000
+30 0 *
Ve
1.50000005102197e-07
6.88799483660096 -19.8503985344362 -4
0 0

0101101
*
Ed
 1e-07 1 1 0
1  27 0 -1.957614 2.66453525910038e-15
0

0101000
+28 0 -72 0 *
Ed
 1.5e-07 1 1 0
1  28 0 -1.575 4.49471594916749
2  47 37 0 -1.575 4.49471594916749
2  48 38 0 -1.575 4.49471594916749
0

0101000
+33 0 -28 0 *
Wi

0101000
+71 0 -27 0 -26 0 -32 0 *
Fa
0  1.5e-07 36 0

0101000
+25 0 *
Ve
1.50000010395862e-07
4.41369626969751 -32.579561163509 -4
0 0

0101101
*
Ed
 1e-07 1 1 0
1  29 0 -2.66453525910038e-15 1.957614
0

0101000
+65 0 -23 0 *
Ed
 1.5e-07 1 1 0
1  30 0 1.16543869316987 14.1328491762063
2  49 40 0 1.16543869316987 14.1328491762063
2  50 41 0 1.16543869316987 14.1328491762063
0

0101000
+28 0 -23 0 *
Wi

0101000
+64 0 +22 0 -21 0 +27 0 *
Fa
0  1.5e-07 39 0

0101000
+20 0 *
Ve
1.50000029039496e-07
-12.4212099264299 -29.3071868928012 -4
0 0

0101101
*
Ed
 1e-07 1 1 0
1  31 0 -8.88178419700125e-15 1.957614
0

0101000
+58 0 -18 0 *
Ed
 1.5e-07 1 1 0
1  32 0 -1.575 15.575
2  51 43 0 -1.575 15.575
2  52 44 0 -1.575 15.575
0

0101000
+23 0 -18 0 *
Wi

0101000
+57 0 +17 0 -16 0 -22 0 *
Fa
0  1.5e-07 42 0

0101000
+15 0 *
Ve
1.50000002512148e-07
-8.575 -9.52015216952124 -4
0 0

0101101
*
Ed
 1e-07 1 1 0
1  33 0 -1.957614 2.66453525910038e-15
0

0101000
+13 0 -51 0 *
Ed
 1.5e-07 1 1 0
1  34 0 -1.575 18.5823826162639
2  53 46 0 -1.575 18.5823826162639
2  54 47 0 -1.575 18.5823826162639
0

0101000
+18 0 -13 0 *
Wi

0101000
+50 0 -12 0 -11 0 -17 0 *
Fa
0  1.5e-07 45 0

0101000
+10 0 *
Ed
 1.5e-07 1 1 0
1  35 0 0.151655250911164 18.0899437902015
2  55 49 0 0.151655250911164 18.0899437902015
2  56 50 0 0.151655250911164 18.0899437902015
0

0101000
+13 0 -38 0 *
Wi

0101000
+45 0 +36 0 -8 0 +12 0 *
Fa
0  1.5e-07 48 0

0101000
+7 0 *
Wi

0101100
+37 0 +31 0 +26 0 +21 0 +16 0 +11 0 +8 0 *
Fa
0  1.5e-07 51 0

0101000
+5 0 *
Sh

0101000
-82 0 -75 0 -68 0 -61 0 -54 0 -47 0 -43 0 +41 0 +34 0 +29 0 
+24 0 +19 0 +14 0 +9 0 +6 0 +4 0 *
So

0100000
+3 0 *
Co

1100000
+2 4 *

+1 1 ]]>
      </Part>
      <ElementMap new="1" count="1"><Element key="Dummy" value="Dummy"/></ElementMap>
      <ElementMap2 count="72">
<![CDATA[
11 PostfixCount 22
Edge
Face
Vertex
;:M#764f;RFI;:H-890:c,F
;:H-890,V
;:H-890,E
;:M#6537;RFI;:H-890:c,E
;:M#654b;RFI;:H-890:c,E
;:M#654d;RFI;:H-890:c,E
;:M#654f;RFI;:H-890:c,E
;:M#6551;RFI;:H-890:c,E
;:M#6553;RFI;:H-890:c,E
;:M#6589;RFI;:H-890:c,F
;:M#658b;RFI;:H-890:c,F
;:M#658d;RFI;:H-890:c,F
;:M#658f;RFI;:H-890:c,F
;:M#6591;RFI;:H-890:c,F
;:M#7647;RFI;:H-890:c,E
;:M#7649;RFI;:H-890:c,F
;:M#7650;RFI;:H-890:c,F
;:M#7652;RFI;:H-890:c,F
;:H-890,F

MapCount 2

ElementMap 1 7 3

Edge

ChildCount 0

NameCount 36
0
$#613f.6 0
$#8c1d.6 0
$#64cd.6 0
$#8c20.6 0
$#614f.6 0
$#64dd.6 0
$#8c23.6 0
$#614e.6 0
$#64dc.6 0
$#8c26.6 0
$#614d.6 0
$#64db.6 0
$#8c29.6 0
$#614c.6 0
$#64da.6 0
$#8c2c.6 0
$#614b.6 0
$#64d9.6 0
$#8c2f.6 0
$#614a.6 0
$#64d8.6 0
$#7648.12 0
$#3c43.6 0
$#654c.8 0
$#6538.7 0
$#3c44.6 0
$#6554.c 0
$#3c45.6 0
$#6552.b 0
$#3c46.6 0
$#6550.a 0
$#3c47.6 0
$#654e.9 0
$#3c48.6 0
$#3c49.6 0

Face

ChildCount 0

NameCount 17
0
$#8c35.16 0
$#8c36.16 0
$#8c37.16 0
$#8c38.16 0
$#8c39.16 0
$#8c3a.16 0
$#8c3b.16 0
$#764b.13 0
$#3bee.4.6500.764f 0
$#7651.14 0
$#6592.11 0
$#6590.10 0
$#658e.f 0
$#658c.e 0
$#658a.d 0
$#7653.15 0

Vertex

ChildCount 0

NameCount 22
0
$#6122.5 0
$#75ae.5 0
$#8cf9.5 0
$#8cfa.5 0
$#6113.5 0
$#8cfb.5 0
$#6116.5 0
$#8cfc.5 0
$#6119.5 0
$#8cfd.5 0
$#611c.5 0
$#8cfe.5 0
$#611f.5 0
$#8cff.5 0
$#75ad.5 0
$#3c39.5 0
$#3c34.5 0
$#3c35.5 0
$#3c36.5 0
$#3c37.5 0
$#3c38.5 0

EndMap

ElementMap 2 11 3

Edge

ChildCount 1
1 0 35 2192 1 ;:H890,E 0

NameCount 0

Face

ChildCount 1
1 0 16 2192 1 ;:H890,F 0

NameCount 0

Vertex

ChildCount 1
1 0 21 2192 1 ;:H890,V 0

NameCount 0

EndMap
]]>
      </ElementMap2>
    </Property>
    <Property name="SplitEdges" type="App::PropertyBool">
      <Bool value="false"/>
    </Property>
    <Property name="Support" type="App::PropertyXLinkSubList">
      <XLinkSubList count="1">
        <XLink file="" stamp="" name="Pipe" sub=""/>
      </XLinkSubList>
    </Property>
    <Property name="TightBound" type="App::PropertyBool">
      <Bool value="false"/>
    </Property>
    <Property name="TreeRank" type="App::PropertyInteger" status="2184">
      <Integer value="96"/>
    </Property>
    <Property name="ValidateShape" type="App::PropertyBool">
      <Bool value="false"/>
    </Property>
    <Property name="Visibility" type="App::PropertyBool" status="648">
      <Bool value="false"/>
    </Property>
    <Property name="_Version" type="App::PropertyInteger" status="83886080">
      <Integer value="8"/>
    </Property>
  </Properties>
</Object>
</Document>
