<?xml version='1.0' encoding='utf-8'?>
<!-- FreeCAD DocumentObject -->
<Document SchemaVersion="4" FileVersion="2">
<Object name="Pad032">
  <Properties Count="47" TransientCount="2">
    <_Property name="_Body" type="App::PropertyLinkHidden" status="251658240"/>
    <_Property name="_ElementMapVersion" type="App::PropertyString" status="234881024"/>
    <Property name="AddSubShape" type="Part::PropertyPartShape">
      <Part HasherIndex="0" ElementMap="1.15.70200.4" brep="1">
<![CDATA[

CASCADE Topology V1, (c) Matra-Datavision
Locations 5
1
              1               0               0               0 
              0               1               0               0 
              0               0               1               0 
1
-0.238912969406984 -0.475681673803667 0.846550375498399 -15.1810854256328 
0.96240738286763 3.06533555768829e-19 0.271610068668081 -4.87075048839775 
-0.129199932085962 0.879617499375349 0.45779955476348 -8.20966400799169 
2  1 1 2 1 0
1
              1               0               0 -16.0844571344696 
              0               1               0 -5.16059130469354 
              0               0               1 -8.69819154050613 
2  1 1 2 1 4 1 0
Curve2ds 0
Curves 20
1 3.8221834563240797 -93.838045449949149 9.4338408883286817 -0.8465503754983984 -0.2716100686680808 -0.45779955476348044 
1 4.988723597017394 -94.742133999562213 7.813097850518627 -0.8465503754983984 -0.2716100686680808 -0.45779955476348044 
1 -92.442448536149712 6.4800289076076698 0 -0.42855377691055097 -0.9035162756119568 0 
1 4.9624048047041143 -92.836051815294567 6.7308973016421003 -0.8465503754983984 -0.2716100686680808 -0.45779955476348044 
1 -93.38185170959504 4.4994932028750227 0 0.90351627561195669 -0.42855377691055135 0 
1 3.346273347082267 -89.028723724230375 7.4605355124552695 -0.8465503754983984 -0.2716100686680808 -0.45779955476348044 
1 -91.401316004862394 3.5600900294296949 0 0.94191576715418579 0.3358492036410714 0 
1 2.1797332063889527 -88.124635174617325 9.0812785502653277 -0.8465503754983984 -0.2716100686680808 -0.45779955476348044 
1 -87.445269782814805 4.970656684722198 0 0.42855377691054469 0.90351627561196002 0 
1 2.206051998702236 -90.030717358884971 10.163479099141849 -0.8465503754983984 -0.2716100686680808 -0.45779955476348044 
1 -86.505866609369491 6.9511923894548513 0 -0.9035162756119578 0.42855377691054902 0 
1 0.058499401338846013 -85.747906197709312 11.59370509501349 -0.8465503754983984 -0.2716100686680808 -0.45779955476348044 
1 -88.486402314102136 7.8905955629001729 0 0.89002042948058202 0.45592064562509155 0 
1 -0.88482375572477423 -87.064250383763408 14.119052478085592 -0.8465503754983984 -0.2716100686680808 -0.45779955476348044 
1 -84.03630016669922 10.170198791025634 0 -0.45592064562509382 0.89002042948058091 0 
1 4.2449666013958627 -99.149155256956917 11.803095418797941 -0.8465503754983984 -0.2716100686680808 -0.45779955476348044 
1 -85.404062103574503 12.840260079467379 0 -0.94191576715418535 -0.33584920364107229 0 
1 5.4896433088743706 -98.54274826841575 9.1416953252177073 -0.8465503754983984 -0.2716100686680808 -0.45779955476348044 
1 -97.96101572666997 8.3629564589790348 0 0.21003128866776419 -0.97769466490339318 0 
1 -97.330921860666678 5.4298724642688549 0 0.97769466490339352 0.21003128866776305 0 
Polygon3D 0
PolygonOnTriangulations 0
Surfaces 11
1 3.8221834563240797 -93.838045449949149 9.4338408883286817 0.012006578398297553 -0.86955073419001161 0.49369764304154573 0.53217318968422866 -0.41244331885452146 -0.73937960812669279 0.84655037549839851 0.27161006866808074 0.45779955476348039 
1 4.988723597017394 -94.742133999562213 7.813097850518627 0.53217318968422866 -0.41244331885452173 -0.73937960812669246 -0.012006578398297357 0.86955073419001139 -0.49369764304154606 0.84655037549839851 0.2716100686680808 0.45779955476348044 
1 4.9624048047041143 -92.836051815294567 6.7308973016421003 0.36781333818710865 0.32322375311438112 -0.87191728602792895 -0.3847932041956772 0.9065066883486157 0.17372338352694444 0.84655037549839862 0.27161006866808074 0.4577995547634805 
1 3.346273347082267 -89.028723724230375 7.4605355124552695 -0.012006578398301271 0.86955073419001438 -0.49369764304154057 -0.53217318968422855 0.41244331885451541 0.73937960812669623 0.84655037549839873 0.27161006866808074 0.45779955476348039 
1 2.1797332063889527 -88.124635174617325 9.0812785502653277 -0.53217318968422878 0.41244331885451957 0.73937960812669368 0.012006578398298662 -0.8695507341900125 0.49369764304154418 0.8465503754983984 0.2716100686680808 0.45779955476348055 
1 2.206051998702236 -90.030717358884971 10.163479099141849 0.31444105235454173 0.43878139535136446 -0.8417824610240332 -0.42951051947267693 0.85656223223513073 0.28604519917432819 0.84655037549839851 0.27161006866808068 0.45779955476348044 
1 0.058499401338846013 -85.747906197709312 11.59370509501349 -0.42951051947267782 0.85656223223512962 0.28604519917433024 -0.31444105235454062 -0.43878139535136651 0.84178246102403254 0.84655037549839851 0.27161006866808085 0.4577995547634805 
1 -0.88482375572477423 -87.064250383763408 14.119052478085592 -0.36781333818710832 -0.32322375311438201 0.87191728602792884 0.38479320419567753 -0.90650668834861525 -0.17372338352694525 0.84655037549839862 0.2716100686680808 0.45779955476348044 
1 4.2449666013958627 -99.149155256956917 11.803095418797941 0.33349197051005913 -0.94094056369331902 -0.058429112622195467 0.41489223582617007 0.20213566284705856 -0.88713336452674463 0.84655037549839851 0.27161006866808085 0.45779955476348033 
1 5.4896433088743706 -98.54274826841575 9.1416953252177073 0.41489223582617063 0.20213566284705747 -0.88713336452674463 -0.33349197051005863 0.94094056369331924 0.058429112622194426 0.84655037549839851 0.27161006866808085 0.45779955476348061 
1 2.6850507882909689 -92.223555939645991 10.57872727999059 0.84655037549839884 0.27161006866808102 0.45779955476347989 -0.47568167380366616 -1.3877787807814454e-17 0.87961749937534928 0.23891296940698428 -0.96240738286762961 0.12919993208596145 
Triangulations 0

TShapes 54
Ve
1e-07
-92.4424485361497 6.48002890760767 0
0 0

0101101
*
Ed
 1e-07 1 1 0
1  1 0 0 19
0

0101000
+54 3 -54 5 *
Ve
1e-07
-93.381851709595 4.49949320287502 0
0 0

0101101
*
Ed
 1e-07 1 1 0
1  2 0 0 19
0

0101000
+52 3 -52 5 *
Ed
 1e-07 1 1 0
1  3 0 0 2.1920310216783
0

0101000
+54 0 -52 0 *
Wi

0101100
+53 0 -51 0 -50 3 +50 5 *
Fa
0  1e-07 1 0

0101000
+49 0 *
Ve
1e-07
-91.4013160048624 3.56009002942969 0
0 0

0101101
*
Ed
 1e-07 1 1 0
1  4 0 0 19
0

0101000
+47 3 -47 5 *
Ed
 1e-07 1 1 0
1  5 0 0 2.19203102167829
0

0101000
+52 0 -47 0 *
Wi

0101100
+51 0 -46 0 -45 3 +45 5 *
Fa
0  1e-07 2 0

0101000
+44 0 *
Ve
1e-07
-87.4452697828148 4.9706566847222 0
0 0

0101101
*
Ed
 1e-07 1 1 0
1  6 0 0 19
0

0101000
+42 3 -42 5 *
Ed
 1e-07 1 1 0
1  7 0 0 4.20000000000001
0

0101000
+47 0 -42 0 *
Wi

0101100
+46 0 -41 0 -40 3 +40 5 *
Fa
0  1e-07 3 0

0101000
+39 0 *
Ve
1e-07
-86.5058666093695 6.95119238945485 0
0 0

0101101
*
Ed
 1e-07 1 1 0
1  8 0 0 19
0

0101000
+37 3 -37 5 *
Ed
 1e-07 1 1 0
1  9 0 0 2.1920310216783
0

0101000
+42 0 -37 0 *
Wi

0101100
+41 0 -36 0 -35 3 +35 5 *
Fa
0  1e-07 4 0

0101000
+34 0 *
Ve
1e-07
-88.4864023141021 7.89059556290017 0
0 0

0101101
*
Ed
 1e-07 1 1 0
1  10 0 0 19
0

0101000
+32 3 -32 5 *
Ed
 1e-07 1 1 0
1  11 0 0 2.19203102167829
0

0101000
+37 0 -32 0 *
Wi

0101100
+36 0 -31 0 -30 3 +30 5 *
Fa
0  1e-07 5 0

0101000
+29 0 *
Ve
1e-07
-84.0363001666992 10.1701987910256 0
0 0

0101101
*
Ed
 1e-07 1 1 0
1  12 0 0 19
0

0101000
+27 3 -27 5 *
Ed
 1e-07 1 1 0
1  13 0 0 5.00000000000001
0

0101000
+32 0 -27 0 *
Wi

0101100
+31 0 -26 0 -25 3 +25 5 *
Fa
0  1e-07 6 0

0101000
+24 0 *
Ve
1e-07
-85.4040621035745 12.8402600794674 0
0 0

0101101
*
Ed
 1e-07 1 1 0
1  14 0 0 19
0

0101000
+22 3 -22 5 *
Ed
 1e-07 1 1 0
1  15 0 0 3
0

0101000
+27 0 -22 0 *
Wi

0101100
+26 0 -21 0 -20 3 +20 5 *
Fa
0  1e-07 7 0

0101000
+19 0 *
Ve
1e-07
-97.96101572667 8.36295645897903 0
0 0

0101101
*
Ed
 1e-07 1 1 0
1  16 0 0 19
0

0101000
+17 3 -17 5 *
Ed
 1e-07 1 1 0
1  17 0 0 13.3312914604178
0

0101000
+22 0 -17 0 *
Wi

0101100
+21 0 -16 0 -15 3 +15 5 *
Fa
0  1e-07 8 0

0101000
+14 0 *
Ve
1e-07
-97.3309218606667 5.42987246426885 0
0 0

0101101
*
Ed
 1e-07 1 1 0
1  18 0 0 19
0

0101000
+12 3 -12 5 *
Ed
 1e-07 1 1 0
1  19 0 0 3
0

0101000
+17 0 -12 0 *
Wi

0101100
+16 0 -11 0 -10 3 +10 5 *
Fa
0  1e-07 9 0

0101000
+9 0 *
Ed
 1e-07 1 1 0
1  20 0 0 5
0

0101000
+12 0 -54 0 *
Wi

0101100
+11 0 -53 0 -7 3 +7 5 *
Fa
0  1e-07 10 0

0101000
+6 0 *
Wi

0101100
+50 0 +45 0 +40 0 +35 0 +30 0 +25 0 +20 0 +15 0 +10 0 +7 0 
*
Fa
0  1e-07 11 0

0101000
+4 3 *
Sh

0101100
+48 0 +43 0 +38 0 +33 0 +28 0 +23 0 +18 0 +13 0 +8 0 +5 0 
+3 0 -3 4 *
So

1100000
+2 0 *

+1 0 ]]>
      </Part>
      <ElementMap new="1" count="1"><Element key="Dummy" value="Dummy"/></ElementMap>
      <ElementMap2 count="72">
<![CDATA[
94 PostfixCount 11
Edge
Face
Vertex
;:G;XTR;:H1259:7,F
;FAC;:H1259:4,F
;:G;XTR;:H1259:7,E
;:G0;XTR;:H1259:8,F
;:U;XTR;:H1259:7,E
;:U;XTR;:H1259:7,V
;SKT;:H,E;:H1259:5,E
;SKT;:H,V;:H1259:5,V

MapCount 1

ElementMap 1 94 3

Edge

ChildCount 0

NameCount 31
0
$#8b83.6 0
$#8b84.6 0
;g2.a 0
$#8b91.8 0
$#8b85.6 0
;g3.a 0
$#8b92.8 0
$#8b86.6 0
;g4.a 0
$#8b93.8 0
$#8b87.6 0
;g5.a 0
$#8b94.8 0
$#8b88.6 0
;g6.a 0
$#8b95.8 0
$#9719.6 0
;g13.a 0
$#9722.8 0
$#971a.6 0
;g14.a 0
$#9723.8 0
$#971b.6 0
;g15.a 0
$#9724.8 0
$#971c.6 0
;g16.a 0
$#9725.8 0
;g17.a 0
$#9726.8 0

Face

ChildCount 0

NameCount 13
0
$#8b81.4 0
$#8b89.4 0
$#8b8a.4 0
$#8b8b.4 0
$#8b8c.4 0
$#971d.4 0
$#971e.4 0
$#971f.4 0
$#9720.4 0
$#9721.4 0
$#8b81.5 0
$#8b8f.7 0

Vertex

ChildCount 0

NameCount 21
0
;g2v1.b ;g17v2.b 0
$#8b98.9 0
;g2v2.b ;g3v1.b 0
$#8b99.9 0
;g3v2.b ;g4v1.b 0
$#8b9a.9 0
;g4v2.b ;g5v1.b 0
$#8b9b.9 0
;g5v2.b ;g6v1.b 0
$#8b9c.9 0
;g6v2.b ;g13v1.b 0
$#8b9d.9 0
;g13v2.b ;g14v1.b 0
$#9727.9 0
;g14v2.b ;g15v1.b 0
$#9728.9 0
;g15v2.b ;g16v1.b 0
$#9729.9 0
;g16v2.b ;g17v1.b 0
$#972a.9 0

EndMap
]]>
      </ElementMap2>
    </Property>
    <Property name="AddSubType" type="App::PropertyEnumeration">
      <Integer value="1"/>
    </Property>
    <Property name="AllowMultiFace" type="App::PropertyBool">
      <Bool value="true"/>
    </Property>
    <Property name="AlongSketchNormal" type="App::PropertyBool">
      <Bool value="false"/>
    </Property>
    <Property name="AutoTaperInnerAngle" type="App::PropertyBool">
      <Bool value="true"/>
    </Property>
    <Property name="BaseFeature" type="App::PropertyLink" status="8">
      <Link value="Pad031"/>
    </Property>
    <Property name="CheckUpToFaceLimits" type="App::PropertyBool">
      <Bool value="true"/>
    </Property>
    <Property name="ClaimChildren" type="App::PropertyBool" status="134217728">
      <Bool value="false"/>
    </Property>
    <Property name="ColoredElements" type="App::PropertyLinkSubHidden" status="218103808">
      <LinkSub value="" count="0">
      </LinkSub>
    </Property>
    <Property name="Direction" type="App::PropertyVector" status="4">
      <PropertyVector valueX="0.8465503754983985" valueY="0.2716100686680808" valueZ="0.4577995547634804"/>
    </Property>
    <Property name="ExpressionEngine" type="App::PropertyExpressionEngine" status="67108864">
      <ExpressionEngine count="0"></ExpressionEngine>
    </Property>
    <Property name="Fit" type="App::PropertyDistance">
      <Float value="0"/>
    </Property>
    <Property name="FitJoin" type="App::PropertyEnumeration">
      <Integer value="0"/>
    </Property>
    <Property name="FixShape" type="App::PropertyEnumeration">
      <Integer value="0"/>
    </Property>
    <Property name="InnerFit" type="App::PropertyDistance">
      <Float value="0"/>
    </Property>
    <Property name="InnerFitJoin" type="App::PropertyEnumeration">
      <Integer value="0"/>
    </Property>
    <Property name="InvalidShape" type="App::PropertyBool" status="67108864">
      <Bool value="false"/>
    </Property>
    <Property name="Label" type="App::PropertyString" status="134217728">
      <String value="Pad032"/>
    </Property>
    <Property name="Label2" type="App::PropertyString" status="128">
      <String value=""/>
    </Property>
    <Property name="Length" type="App::PropertyLength">
      <Float value="19"/>
    </Property>
    <Property name="Length2" type="App::PropertyLength" status="4">
      <Float value="10"/>
    </Property>
    <Property name="Linearize" type="App::PropertyBool">
      <Bool value="true"/>
    </Property>
    <Property name="Midplane" type="App::PropertyBool">
      <Bool value="false"/>
    </Property>
    <Property name="NewSolid" type="App::PropertyBool">
      <Bool value="false"/>
    </Property>
    <Property name="Offset" type="App::PropertyLength" status="4">
      <Float value="0"/>
    </Property>
    <Property name="Placement" type="App::PropertyPlacement" status="8388620">
      <PropertyPlacement Px="0" Py="0" Pz="0" Q0="0" Q1="0" Q2="0" Q3="1" A="0" Ox="0" Oy="0" Oz="1"/>
    </Property>
    <Property name="Profile" type="App::PropertyLinkSub">
      <LinkSub value="Sketch038" count="1">
        <Sub value=""/>
      </LinkSub>
    </Property>
    <Property name="ReferenceAxis" type="App::PropertyLinkSub">
      <LinkSub value="Sketch038" count="1">
        <Sub value="N_Axis"/>
      </LinkSub>
    </Property>
    <Property name="Refine" type="App::PropertyBool">
      <Bool value="false"/>
    </Property>
    <Property name="Reversed" type="App::PropertyBool">
      <Bool value="true"/>
    </Property>
    <Property name="Shape" type="Part::PropertyPartShape">
      <Part HasherIndex="0" ElementMap="1.15.70200.4" brep="1">
<![CDATA[

CASCADE Topology V1, (c) Matra-Datavision
Locations 193
1
              1               0               0               0 
              0               1               0               0 
              0               0               1               0 
1
              1               0               0               0 
              0               1               0               0 
              0               0               1               0 
1
              1               0               0               0 
              0               1               0               0 
              0               0               1           -1.85 
2  2 1 3 1 0
2  3 -1 2 -1 0
1
              1               0               0               0 
              0               1               0               0 
              0               0               1               0 
1
              1               0               0              -0 
              0               1               0              -0 
              0               0               1              -0 
1
              1               0               0 9.73665592596262e-15 
              0               1               0 29.2333333333333 
              0               0               1 -9.73665592596262e-15 
1
              1               0               0               0 
              0               1               0               0 
              0               0               1               0 
1
              1               0               0               0 
              0               1               0               0 
              0               0               1               0 
1
              1               0               0               0 
              0               1               0               0 
              0               0               1               0 
1
              1               0               0 3.5527136788005e-15 
              0               1 -3.39907768361723e-33               0 
              0 3.39907768361723e-33               1 3.94430452610506e-31 
1
              1               0               0               0 
              0               1               0               0 
              0               0               1               0 
1
             -1               0 1.22464679914735e-16          -17.95 
              0               1               0             -91 
-1.22464679914735e-16               0              -1               0 
2  6 1 7 1 8 1 9 1 10 1 11 1 12 1 13 1 14 1 0
1
              1               0               0               0 
              0               1               0               0 
              0               0               1             3.7 
2  2 1 3 1 16 1 0
2  16 -1 3 -1 2 -1 0
2  2 1 3 1 1 1 0
1
              1               0               0               0 
              0               1               0               0 
              0               0               1               0 
1
              1               0               0               0 
              0 -4.44089209850063e-16              -1               0 
              0               1 -4.44089209850063e-16               0 
1
              1               0               0              -0 
              0               1               0 7.13333333333333 
              0               0               1 3.16783636359711e-15 
1
              1               0               0               0 
              0               1               0               0 
              0               0               1               0 
1
              1               0               0               0 
              0               1               0               0 
              0               0               1               0 
1
              1               0               0               0 
              0               1               0               0 
              0               0               1               0 
1
              1               0               0               0 
              0               1               0               0 
              0               0               1               0 
2  20 1 21 1 22 1 23 1 24 1 25 1 26 1 6 1 7 1 8 1 9 1 10 1 11 1 12 1 13 1 14 1 1 1 0
2  14 -1 13 -1 12 -1 11 -1 10 -1 9 -1 8 -1 7 -1 6 -1 26 -1 25 -1 24 -1 23 -1 22 -1 21 -1 20 -1 0
1
              1               0               0               0 
              0               1               0               0 
              0               0               1               0 
1
              1               0               0               0 
              0 -4.44089209850063e-16              -1               0 
              0               1 -4.44089209850063e-16               0 
1
              1               0               0              -0 
              0               1               0             9.8 
              0               0               1 4.35207425653061e-15 
1
              1               0               0               0 
              0               1               0               0 
              0               0               1               0 
1
              1               0               0               0 
              0               1               0               0 
              0               0               1               0 
1
              1               0               0               0 
              0               1               0               0 
              0               0               1               0 
1
              1               0               0               0 
              0               1               0               0 
              0               0               1               0 
1
              1               0               0               0 
              0               1               0               0 
              0               0               1               0 
1
              1               0               0              -0 
              0               1               0              -0 
              0               0               1              -0 
1
              1               0               0 1.32893696047631e-14 
              0               1               0            39.9 
              0               0               1 -1.32893696047631e-14 
1
              1               0               0               0 
              0               1               0               0 
              0               0               1               0 
1
              1               0               0               0 
              0               1               0               0 
              0               0               1               0 
1
              1               0               0               0 
              0               1               0               0 
              0               0               1               0 
1
              1               0               0               0 
              0               1               0               0 
              0               0               1               0 
1
              1               0               0               0 
              0               1               0               0 
              0               0               1               0 
1
              1               0               0           -2.05 
              0               1               0          -99.75 
              0               0               1               0 
2  29 1 30 1 31 1 32 1 33 1 34 1 35 1 36 1 37 1 38 1 39 1 40 1 41 1 42 1 43 1 44 1 1 1 0
2  44 -1 43 -1 42 -1 41 -1 40 -1 39 -1 38 -1 37 -1 36 -1 35 -1 34 -1 33 -1 32 -1 31 -1 30 -1 29 -1 0
2  23 1 24 1 25 1 26 1 6 1 7 1 8 1 9 1 10 1 11 1 12 1 13 1 14 1 1 1 0
2  14 -1 13 -1 12 -1 11 -1 10 -1 9 -1 8 -1 7 -1 6 -1 26 -1 25 -1 24 -1 23 -1 0
2  32 1 33 1 34 1 35 1 36 1 37 1 38 1 39 1 40 1 41 1 42 1 43 1 44 1 1 1 0
2  44 -1 43 -1 42 -1 41 -1 40 -1 39 -1 38 -1 37 -1 36 -1 35 -1 34 -1 33 -1 32 -1 0
2  20 1 21 1 23 1 24 1 25 1 26 1 6 1 7 1 8 1 9 1 10 1 11 1 12 1 13 1 14 1 1 1 0
2  14 -1 13 -1 12 -1 11 -1 10 -1 9 -1 8 -1 7 -1 6 -1 26 -1 25 -1 24 -1 23 -1 21 -1 20 -1 0
2  29 1 30 1 32 1 33 1 34 1 35 1 36 1 37 1 38 1 39 1 40 1 41 1 42 1 43 1 44 1 1 1 0
2  44 -1 43 -1 42 -1 41 -1 40 -1 39 -1 38 -1 37 -1 36 -1 35 -1 34 -1 33 -1 32 -1 30 -1 29 -1 0
1
              1               0               0 4.86832796298131e-15 
              0               1               0 14.6166666666667 
              0               0               1 -4.86832796298131e-15 
2  20 1 21 1 22 1 23 1 24 1 25 1 26 1 6 1 7 1 55 1 9 1 10 1 11 1 12 1 13 1 14 1 1 1 0
2  14 -1 13 -1 12 -1 11 -1 10 -1 9 -1 55 -1 7 -1 6 -1 26 -1 25 -1 24 -1 23 -1 22 -1 21 -1 20 -1 0
1
              1               0               0 6.64468480238156e-15 
              0               1               0           19.95 
              0               0               1 -6.64468480238156e-15 
2  29 1 30 1 31 1 32 1 33 1 34 1 35 1 36 1 37 1 58 1 39 1 40 1 41 1 42 1 43 1 44 1 1 1 0
2  44 -1 43 -1 42 -1 41 -1 40 -1 39 -1 58 -1 37 -1 36 -1 35 -1 34 -1 33 -1 32 -1 31 -1 30 -1 29 -1 0
2  23 1 24 1 25 1 26 1 6 1 7 1 55 1 9 1 10 1 11 1 12 1 13 1 14 1 1 1 0
2  14 -1 13 -1 12 -1 11 -1 10 -1 9 -1 55 -1 7 -1 6 -1 26 -1 25 -1 24 -1 23 -1 0
2  32 1 33 1 34 1 35 1 36 1 37 1 58 1 39 1 40 1 41 1 42 1 43 1 44 1 1 1 0
2  44 -1 43 -1 42 -1 41 -1 40 -1 39 -1 58 -1 37 -1 36 -1 35 -1 34 -1 33 -1 32 -1 0
2  20 1 21 1 23 1 24 1 25 1 26 1 6 1 7 1 55 1 9 1 10 1 11 1 12 1 13 1 14 1 1 1 0
2  14 -1 13 -1 12 -1 11 -1 10 -1 9 -1 55 -1 7 -1 6 -1 26 -1 25 -1 24 -1 23 -1 21 -1 20 -1 0
2  29 1 30 1 32 1 33 1 34 1 35 1 36 1 37 1 58 1 39 1 40 1 41 1 42 1 43 1 44 1 1 1 0
2  44 -1 43 -1 42 -1 41 -1 40 -1 39 -1 58 -1 37 -1 36 -1 35 -1 34 -1 33 -1 32 -1 30 -1 29 -1 0
1
              1               0               0               0 
              0               1               0               0 
              0               0               1               0 
2  20 1 21 1 22 1 23 1 24 1 25 1 26 1 69 1 9 1 10 1 11 1 12 1 13 1 14 1 1 1 0
2  14 -1 13 -1 12 -1 11 -1 10 -1 9 -1 69 -1 26 -1 25 -1 24 -1 23 -1 22 -1 21 -1 20 -1 0
1
              1               0               0               0 
              0               1               0               0 
              0               0               1               0 
2  29 1 30 1 31 1 32 1 33 1 34 1 35 1 72 1 39 1 40 1 41 1 42 1 43 1 44 1 1 1 0
2  44 -1 43 -1 42 -1 41 -1 40 -1 39 -1 72 -1 35 -1 34 -1 33 -1 32 -1 31 -1 30 -1 29 -1 0
2  23 1 24 1 25 1 26 1 69 1 9 1 10 1 11 1 12 1 13 1 14 1 1 1 0
2  14 -1 13 -1 12 -1 11 -1 10 -1 9 -1 69 -1 26 -1 25 -1 24 -1 23 -1 0
2  32 1 33 1 34 1 35 1 72 1 39 1 40 1 41 1 42 1 43 1 44 1 1 1 0
2  44 -1 43 -1 42 -1 41 -1 40 -1 39 -1 72 -1 35 -1 34 -1 33 -1 32 -1 0
2  20 1 21 1 23 1 24 1 25 1 26 1 69 1 9 1 10 1 11 1 12 1 13 1 14 1 1 1 0
2  14 -1 13 -1 12 -1 11 -1 10 -1 9 -1 69 -1 26 -1 25 -1 24 -1 23 -1 21 -1 20 -1 0
2  29 1 30 1 32 1 33 1 34 1 35 1 72 1 39 1 40 1 41 1 42 1 43 1 44 1 1 1 0
2  44 -1 43 -1 42 -1 41 -1 40 -1 39 -1 72 -1 35 -1 34 -1 33 -1 32 -1 30 -1 29 -1 0
1
              1               0               0 -16.0844571344696 
              0               1               0 -5.16059130469354 
              0               0               1 -8.69819154050613 
1
              1               0               0               0 
              0               1               0               0 
              0               0               1               0 
1
              1               0               0               0 
              0               1               0               0 
              0               0               1               0 
1
              1               0               0               0 
              0               1               0               0 
              0               0               1               0 
1
              1               0               0               0 
              0               1               0               0 
              0               0               1               0 
1
              1               0               0            2.05 
              0               1               0               0 
              0               0               1               0 
2  84 1 85 1 86 1 87 1 88 1 6 1 7 1 8 1 9 1 10 1 11 1 12 1 13 1 14 1 0
1
              1               0               0               0 
              0               1               0               0 
              0               0               1               0 
2  90 -1 8 -1 7 -1 6 -1 88 -1 87 -1 86 -1 85 -1 84 -1 0
2  20 1 21 1 22 1 23 1 24 1 25 1 26 1 6 1 7 1 8 1 9 1 10 1 11 1 12 1 13 1 14 1 0
2  90 -1 8 -1 7 -1 6 -1 26 -1 25 -1 24 -1 23 -1 22 -1 21 -1 20 -1 0
2  22 -1 21 -1 20 -1 0
2  16 1 1 1 0
2  2 1 3 1 16 1 1 1 0
2  1 -1 16 -1 3 -1 2 -1 0
2  36 1 37 1 38 1 39 1 40 1 41 1 42 1 43 1 44 1 0
2  23 1 24 1 25 1 26 1 6 1 7 1 8 1 9 1 10 1 11 1 12 1 13 1 14 1 0
2  20 1 21 1 23 1 24 1 25 1 26 1 6 1 7 1 8 1 9 1 10 1 11 1 12 1 13 1 14 1 0
2  29 1 30 1 32 1 33 1 34 1 35 1 36 1 37 1 38 1 39 1 40 1 41 1 42 1 43 1 44 1 0
2  32 1 33 1 34 1 35 1 36 1 37 1 38 1 39 1 40 1 41 1 42 1 43 1 44 1 0
2  29 1 30 1 31 1 32 1 33 1 34 1 35 1 36 1 37 1 38 1 39 1 40 1 41 1 42 1 43 1 44 1 0
2  6 1 7 1 55 1 9 1 10 1 11 1 12 1 13 1 14 1 0
2  36 1 37 1 58 1 39 1 40 1 41 1 42 1 43 1 44 1 0
2  20 1 21 1 22 1 23 1 24 1 25 1 26 1 6 1 7 1 55 1 9 1 10 1 11 1 12 1 13 1 14 1 0
2  23 1 24 1 25 1 26 1 6 1 7 1 55 1 9 1 10 1 11 1 12 1 13 1 14 1 0
2  20 1 21 1 23 1 24 1 25 1 26 1 6 1 7 1 55 1 9 1 10 1 11 1 12 1 13 1 14 1 0
2  29 1 30 1 32 1 33 1 34 1 35 1 36 1 37 1 58 1 39 1 40 1 41 1 42 1 43 1 44 1 0
2  32 1 33 1 34 1 35 1 36 1 37 1 58 1 39 1 40 1 41 1 42 1 43 1 44 1 0
2  29 1 30 1 31 1 32 1 33 1 34 1 35 1 36 1 37 1 58 1 39 1 40 1 41 1 42 1 43 1 44 1 0
2  69 1 9 1 10 1 11 1 12 1 13 1 14 1 0
2  72 1 39 1 40 1 41 1 42 1 43 1 44 1 0
2  1 -1 0
2  20 1 21 1 22 1 23 1 24 1 25 1 26 1 69 1 9 1 10 1 11 1 12 1 13 1 14 1 0
2  23 1 24 1 25 1 26 1 69 1 9 1 10 1 11 1 12 1 13 1 14 1 0
2  20 1 21 1 23 1 24 1 25 1 26 1 69 1 9 1 10 1 11 1 12 1 13 1 14 1 0
2  29 1 30 1 32 1 33 1 34 1 35 1 72 1 39 1 40 1 41 1 42 1 43 1 44 1 0
2  32 1 33 1 34 1 35 1 72 1 39 1 40 1 41 1 42 1 43 1 44 1 0
2  29 1 30 1 31 1 32 1 33 1 34 1 35 1 72 1 39 1 40 1 41 1 42 1 43 1 44 1 0
1
              1               0               0               0 
              0               1               0               0 
              0               0               1               0 
1
-0.238912969406984 -0.475681673803667 0.846550375498399 -15.1810854256328 
0.96240738286763 3.06533555768829e-19 0.271610068668081 -4.87075048839775 
-0.129199932085962 0.879617499375349 0.45779955476348 -8.20966400799169 
2  121 1 122 1 0
2  122 -1 121 -1 0
2  121 1 122 1 83 1 0
2  83 -1 122 -1 121 -1 0
2  6 1 7 1 8 1 9 1 10 1 11 1 12 1 13 1 14 1 1 1 0
2  84 1 85 1 86 1 87 1 88 1 0
2  23 1 24 1 25 1 26 1 0
2  84 1 85 1 86 1 87 1 88 1 26 -1 25 -1 24 -1 23 -1 0
2  90 -1 8 -1 7 -1 6 -1 26 -1 25 -1 24 -1 23 -1 0
2  90 -1 8 -1 7 -1 6 -1 26 -1 25 -1 24 -1 23 -1 21 -1 20 -1 0
2  20 1 21 1 0
2  21 -1 20 -1 0
2  20 1 21 1 22 1 0
1
              1               0               0               0 
              0               1               0               0 
              0               0               1               0 
1
0.920504853215199 0.0678601887124393 0.384793204195678               9 
0.390731128489274 -0.159921259402013 -0.906506688348615             -82 
2.08988838835392e-05 0.984794489007319 -0.173723383526947 -3.64153152077051e-14 
2  136 1 137 1 0
2  137 -1 136 -1 0
2  72 1 39 1 40 1 41 1 42 1 43 1 44 1 1 1 0
1
              1               0               0               0 
              0               1               0               0 
              0               0               1               0 
1
              1               0               0               0 
              0               1               0               0 
              0               0               1               0 
1
              1               0               0               0 
              0               1               0               0 
              0               0               1               0 
1
              1               0               0               0 
              0               1               0               0 
              0               0               1               0 
1
              1               0               0            2.05 
              0               1               0               0 
              0               0               1               0 
2  141 1 142 1 143 1 144 1 145 1 72 1 39 1 40 1 41 1 42 1 43 1 44 1 1 1 0
1
              1               0               0 3.84793204195678 
              0               1               0 -9.06506688348615 
              0               0               1 -1.73723383526946 
2  136 1 137 1 147 1 0
2  147 -1 137 -1 136 -1 0
2  141 1 142 1 143 1 144 1 145 1 36 1 37 1 38 1 39 1 40 1 41 1 42 1 43 1 44 1 0
1
              1               0               0               0 
              0               1               0               0 
              0               0               1               0 
2  151 -1 38 -1 37 -1 36 -1 145 -1 144 -1 143 -1 142 -1 141 -1 0
2  151 -1 38 -1 37 -1 36 -1 35 -1 34 -1 33 -1 32 -1 31 -1 30 -1 29 -1 0
2  31 -1 30 -1 29 -1 0
2  151 -1 38 -1 37 -1 36 -1 35 -1 34 -1 33 -1 32 -1 30 -1 29 -1 0
2  141 1 142 1 143 1 144 1 145 1 35 -1 34 -1 33 -1 32 -1 0
2  151 -1 38 -1 37 -1 36 -1 35 -1 34 -1 33 -1 32 -1 0
2  84 1 85 1 86 1 87 1 88 1 6 1 7 1 55 1 9 1 10 1 11 1 12 1 13 1 14 1 0
2  90 -1 55 -1 7 -1 6 -1 88 -1 87 -1 86 -1 85 -1 84 -1 0
2  90 -1 55 -1 7 -1 6 -1 26 -1 25 -1 24 -1 23 -1 22 -1 21 -1 20 -1 0
2  141 1 142 1 143 1 144 1 145 1 36 1 37 1 58 1 39 1 40 1 41 1 42 1 43 1 44 1 0
2  151 -1 58 -1 37 -1 36 -1 145 -1 144 -1 143 -1 142 -1 141 -1 0
2  151 -1 58 -1 37 -1 36 -1 35 -1 34 -1 33 -1 32 -1 31 -1 30 -1 29 -1 0
2  30 -1 29 -1 0
2  90 -1 55 -1 7 -1 6 -1 26 -1 25 -1 24 -1 23 -1 21 -1 20 -1 0
2  151 -1 58 -1 37 -1 36 -1 35 -1 34 -1 33 -1 32 -1 30 -1 29 -1 0
2  151 -1 58 -1 37 -1 36 -1 35 -1 34 -1 33 -1 32 -1 0
2  84 1 85 1 86 1 87 1 88 1 69 1 9 1 10 1 11 1 12 1 13 1 14 1 0
2  90 -1 69 -1 88 -1 87 -1 86 -1 85 -1 84 -1 0
2  90 -1 69 -1 26 -1 25 -1 24 -1 23 -1 22 -1 21 -1 20 -1 0
2  151 -1 72 -1 145 -1 144 -1 143 -1 142 -1 141 -1 0
2  1 -1 44 -1 43 -1 42 -1 41 -1 40 -1 39 -1 72 -1 35 -1 34 -1 33 -1 32 -1 31 -1 30 -1 29 -1 0
2  151 -1 72 -1 35 -1 34 -1 33 -1 32 -1 31 -1 30 -1 29 -1 0
2  90 -1 69 -1 26 -1 25 -1 24 -1 23 -1 21 -1 20 -1 0
2  151 -1 72 -1 35 -1 34 -1 33 -1 32 -1 30 -1 29 -1 0
2  151 -1 72 -1 35 -1 34 -1 33 -1 32 -1 0
2  141 1 142 1 143 1 144 1 145 1 72 1 39 1 40 1 41 1 42 1 43 1 44 1 0
2  1 -1 44 -1 43 -1 42 -1 41 -1 40 -1 39 -1 72 -1 35 -1 34 -1 33 -1 32 -1 0
2  1 -1 44 -1 43 -1 42 -1 41 -1 40 -1 39 -1 72 -1 145 -1 144 -1 143 -1 142 -1 141 -1 0
2  90 -1 69 -1 26 -1 25 -1 24 -1 23 -1 0
2  90 -1 55 -1 7 -1 6 -1 26 -1 25 -1 24 -1 23 -1 0
2  36 1 37 1 38 1 39 1 40 1 41 1 42 1 43 1 44 1 1 1 0
2  141 1 142 1 143 1 144 1 145 1 0
2  32 1 33 1 34 1 35 1 0
2  29 1 30 1 0
2  29 1 30 1 31 1 0
2  6 1 7 1 55 1 9 1 10 1 11 1 12 1 13 1 14 1 1 1 0
2  36 1 37 1 58 1 39 1 40 1 41 1 42 1 43 1 44 1 1 1 0
2  9 1 10 1 11 1 12 1 13 1 14 1 1 1 0
2  84 1 85 1 86 1 87 1 88 1 69 1 0
2  23 1 24 1 25 1 26 1 69 1 0
2  20 1 21 1 23 1 24 1 25 1 26 1 69 1 0
2  20 1 21 1 22 1 23 1 24 1 25 1 26 1 69 1 0
Curve2ds 90
8 -0.92499999999999793 2.7749999999999959
1 4.6333333333333329 -0.92500000000000437 -3.7126059029894292e-16 -1 
8 -0.92499999999999793 2.7749999999999959
1 -1.1509949194768792 -0.9250000000000026 -1.2246467991473547e-16 1 
8 -16.64455788043697 -16.295142799482207
1 9.0769252702677417 -12.147927964601877 0.61258010651978534 0.79040851026302117 
8 -16.64455788043697 -16.295142799482207
1 13.271836933131466 -6.7951644020428779 0.67994530933507602 0.73326282894554784 
8 -5.7762695968485005 -5.0541125986796249
1 -4.7181140436251496 -20.688780569506449 -0.66010752062391498 0.75117112645238682 
8 -5.7762695968485005 -5.0541125986796249
1 5.4005032632718111 -20.793141675736166 0.93494653819799267 -0.35478862821627977 
8 -13.315020843354741 -4.9533899059086783
1 -4.9729483203535452 -13.292619822441608 -0.30550408644606164 0.95219076511209522 
8 -13.315020843354741 -4.9533899059086783
1 -2.5329394384197546 -11.629401504582784 0.14532269519452254 -0.98938431070105415 
1 0 -7.1333333333333302 1 0 
1 0 -7.1333333333333302 1 0 
1 0 -7.1333333333333329 1 0 
8 -9.283684849450843 -6.9162692498489111
1 2.7690333274881009 -8.9674737999394551 -0.55807222633354781 0.82979237776393056 
8 -9.283684849450843 -6.9162692498489111
1 9.8833455113505408 6.687719337903939 0.25494809230893645 0.96695474052720498 
8 -2.9410087051702232 11.13011100998915
1 5.2427914494980454 -15.294877775501561 -0.92050341290826709 -0.39073452218127896 
8 -2.9410087051702232 11.13011100998915
1 1.1502293370024317 3.1142541730240856 -1 6.9388939039072284e-18 
8 -9.2709112184445992 -8.5719490211354419
1 -7.5628353976493337 -11.456857519507125 -0.30550408644606381 0.95219076511209455 
8 -9.2709112184445992 -8.5719490211354419
1 1.811556400944853 8.4067092183244494 0.19540219491485805 0.98072319347635284 
8 -12.969817034948742 -3.0072029375818232
1 -6.7156114104759475 -18.025609547789955 -0.66010752062391853 0.75117112645238371 
8 -12.969817034948742 -3.0072029375818232
1 20.066921404992634 2.1260855378866541 0.35478862821628349 0.93494653819799112 
8 -0.32756200399782742 1.2583266101486696
1 -3.4332588959138111 -21.872951763743018 -0.81283374650424467 0.58249575152431243 
8 -0.32756200399782742 1.2583266101486696
1 0.27779370907173151 -18.333221534736563 0.84806450589910543 -0.52989300225055458 
8 -15.990512098339227 -4.3421083288577842
1 -6.7870942285877831 -13.874676494992627 -0.30550408644606164 0.95219076511209522 
8 -15.990512098339227 -4.3421083288577842
1 1.5846012714219724 -11.024609102828032 0.14532269519452254 -0.98938431070105415 
8 -0.92499999999999516 2.7749999999999959
1 0.050000000000004263 -0.92499999999999516 0 -1 
8 -0.92499999999999516 2.7749999999999959
1 -0.92499999999999516 -1.1509949194771918 1 0 
8 -0.92500000000000293 2.7749999999999955
1 19.25 -0.9250000000000046 -3.7126059029894292e-16 -1 
8 -0.92500000000000293 2.7749999999999955
1 -1.150994919476872 -0.9249999999999976 -1.2246467991473547e-16 1 
8 -2.7749999999999937 0.92499999999999682
1 11.766666666666666 -0.92500000000000648 3.4341604602652225e-16 1 
8 -2.7749999999999937 0.92499999999999682
1 -0.9250000000000026 -1.1509949194768792 -1 1.2246467991473532e-16 
8 -0.92499999999999849 2.7749999999999995
1 16 -0.92499999999999849 0 -1 
8 -0.92499999999999849 2.7749999999999995
1 -0.92499999999999849 -1.1509949194771851 1 0 
8 -2.7749999999999941 0.92499999999999272
1 5.8500000000000014 -0.92499999999999272 -3.4341604602652225e-16 1 
8 -2.7749999999999941 0.92499999999999272
1 0.92499999999999472 -1.1509949194771929 1 0 
8 -0.92500000000000493 2.774999999999995
1 33.866666666666674 -0.92500000000000493 -3.7126059029894292e-16 -1 
8 -0.92500000000000493 2.774999999999995
1 -1.1509949194768685 -0.92499999999999238 -1.2246467991473547e-16 1 
8 -2.7749999999999937 0.92500000000000182
1 26.38333333333334 -0.92500000000000659 3.4341604602652225e-16 1 
8 -2.7749999999999937 0.92500000000000182
1 -0.9249999999999976 -1.150994919476872 -1 1.2246467991473532e-16 
8 -0.92500000000000082 2.7749999999999928
1 22.200000000000003 -0.92500000000000082 -3.4341604602652225e-16 -1 
8 -0.92500000000000082 2.7749999999999928
1 0.92499999999999327 -1.1509949194771867 -1 0 
8 -3.6021036326429057 -3.174223337583713
1 9.2332777050286126 -2.0392469123674828 -0.88737369599063376 0.46105089053587384 
8 -3.6021036326429057 -3.174223337583713
1 9.1969762499155046 -5.4752642516829608 0.46652974259289692 -0.88450551116214382 
8 -2.7749999999999986 0.92500000000000182
1 12.049999999999997 -0.92500000000000182 0 1 
8 -2.7749999999999986 0.92500000000000182
1 -0.92500000000000182 -1.1509949194771789 -1 0 
8 -2.7749999999999937 0.92500000000000659
1 41 -0.92500000000000659 3.4341604602652225e-16 1 
8 -2.7749999999999937 0.92500000000000659
1 -0.92499999999999283 -1.1509949194768685 -1 1.2246467991473532e-16 
8 -0.92500000000000071 2.7749999999999995
1 2.25 -0.92500000000000071 -3.4341604602652225e-16 -1 
8 -0.92500000000000071 2.7749999999999995
1 0.92500000000000004 -1.15099491947718 -1 0 
8 2.741929662099599 5.8123043618604715
1 12.016452781826043 -4.8615832745571268 -0.90583197281579275 0.42363715255469375 
8 2.741929662099599 5.8123043618604715
1 0.19829691783598047 -13.415693177723877 0.27733494666778863 -0.96077329654647203 
8 0.18077778802658803 3.9095088977245904
1 5.9620798810251934 -3.8590153058465546 0.47568167380366616 0.87961749937534928 
8 0.18077778802658803 3.9095088977245904
1 -0.55840525622271897 4.7961526873441898 -1 0 
1 3.1415926535897931 -8.2156503822261608e-16 0 -1 
1 0 1.3805065841367721e-30 1 -4.3942889367254943e-31 
1 0 -2.7610131682735487e-30 1 4.3942889367255066e-31 
1 6.2831853071795862 0 0 1 
1 0 0 0 -1 
1 6.2831853071795862 0 0 -1 
1 0 0 1 0 
8 3.1444749618372771 3.4671591322469482
1 3.7723905885112248 1.5927638116711673 -0.61135503123484725 -0.79135644673171079 
8 3.1444749618372771 3.4671591322469482
1 4.3178018884841798 -3.355190522686307 0.98014098436079067 0.19830191823646154 
8 -3.3382949779041664 -0.12250727730748942
1 3.1183679089890513 -7.0299082726075142 0.55807222633354747 0.82979237776393078 
8 -3.3382949779041664 -0.12250727730748942
1 6.5487387366960572 -5.9596152600700441 -0.25494809230893589 -0.96695474052720509 
7 0 0  7 8 2  6.2831853071795916 -7.1315638775378858  6.1146808171891678 -6.6680505374930057  5.9461763271986499 -6.0865866408316833  5.7776718372085369 -5.4086702285053434  5.609167347217543 -4.6639945523656934  5.4406628572276006 -3.8879982456962807  5.2721583672370489 -3.1173368240841528  5.1036538772466251 -2.3859290687411914 
 3.7993644036992049 8 4.9788958336321709 8
3 8.4519560229560824 -9.3902985189360866 0.19830191823646121 -0.98014098436079089 0.98014098436079089 0.19830191823646121 4.8649099547625081 1.8500000000000001
1 0 -9.8000000000000007 1 0 
1 0 -9.8000000000000007 1 0 
