<?xml version='1.0' encoding='utf-8'?>
<!-- FreeCAD DocumentObject -->
<Document SchemaVersion="4" FileVersion="2">
<Object name="Boolean002" Extensions="True">
  <Extensions Count="1">
    <Extension type="App::GeoFeatureGroupExtension" name="GeoFeatureGroupExtension">
    </Extension>
  </Extensions>
  <Properties Count="23" TransientCount="3">
    <_Property name="_Body" type="App::PropertyLinkHidden" status="251658241"/>
    <_Property name="_ElementMapVersion" type="App::PropertyString" status="234881024"/>
    <_Property name="_GroupTouched" type="App::PropertyBool" status="100663296"/>
    <Property name="BaseFeature" type="App::PropertyLink" status="8">
      <Link value="Mirrored001"/>
    </Property>
    <Property name="ClaimAllChildren" type="App::PropertyBool" status="8">
      <Bool value="false"/>
    </Property>
    <Property name="ColoredElements" type="App::PropertyLinkSubHidden" status="218103808">
      <LinkSub value="" count="0">
      </LinkSub>
    </Property>
    <Property name="ExportMode" type="App::PropertyEnumeration" status="8">
      <Integer value="0"/>
    </Property>
    <Property name="ExpressionEngine" type="App::PropertyExpressionEngine" status="67108864">
      <ExpressionEngine count="0"></ExpressionEngine>
    </Property>
    <Property name="FixShape" type="App::PropertyEnumeration">
      <Integer value="1"/>
    </Property>
    <Property name="Group" type="App::PropertyLinkList">
      <LinkList count="1">
        <Link value="Reference001"/>
      </LinkList>
    </Property>
    <Property name="InvalidShape" type="App::PropertyBool" status="67108864">
      <Bool value="false"/>
    </Property>
    <Property name="Label" type="App::PropertyString" status="134217728">
      <String value="Boolean002"/>
    </Property>
    <Property name="Label2" type="App::PropertyString" status="128">
      <String value=""/>
    </Property>
    <Property name="NewSolid" type="App::PropertyBool">
      <Bool value="false"/>
    </Property>
    <Property name="Placement" type="App::PropertyPlacement" status="8388616">
      <PropertyPlacement Px="0" Py="0" Pz="0" Q0="0" Q1="0" Q2="0" Q3="1" A="0" Ox="0" Oy="0" Oz="1"/>
    </Property>
    <Property name="Refine" type="App::PropertyBool">
      <Bool value="false"/>
    </Property>
    <Property name="Shape" type="Part::PropertyPartShape">
      <Part HasherIndex="0" ElementMap="1.15.70200.4" brep="1">
<![CDATA[

CASCADE Topology V1, (c) Matra-Datavision
Locations 73
1
              1               0               0               0 
              0               1               0               0 
              0               0               1               0 
1
              1               0               0               0 
              0               1               0               0 
              0               0               1               0 
1
              1               0               0               0 
              0               1               0               0 
              0               0               1               0 
1
              1               0               0              -0 
              0               1               0              -0 
              0               0               1              -0 
1
              1               0               0               0 
              0               1               0               0 
              0               0               1               0 
1
              1               0               0               0 
              0               1               0               0 
              0               0               1               0 
1
              1               0               0             -22 
              0               1               0             -50 
              0               0               1             -10 
1
              1               0               0               0 
              0               1               0               0 
              0               0               1               0 
1
              1               0               0               0 
              0               1               0               0 
              0               0               1               0 
1
              1               0               0               0 
              0               1               0               0 
              0               0               1               0 
1
              1               0               0               0 
              0               1               0               0 
              0               0               1               0 
1
              1               0               0              -0 
              0               1               0              -0 
              0               0               1              -0 
1
              1               0               0               0 
              0               1               0               0 
              0               0               1               0 
1
              1               0               0               0 
              0               1               0               0 
              0               0               1               0 
2  2 1 3 1 4 1 5 1 6 1 7 -1 8 1 9 1 10 1 11 1 12 1 13 1 14 1 0
1
              1               0               0               0 
              0               1               0               0 
              0               0               1               0 
1
              1               0               0               0 
              0               1               0               0 
              0               0               1               0 
2  2 1 3 1 16 1 6 1 7 -1 8 1 9 1 10 1 11 1 12 1 17 1 14 1 0
2  14 -1 17 -1 12 -1 11 -1 10 -1 9 -1 8 -1 7 1 6 -1 16 -1 3 -1 2 -1 0
2  14 -1 13 -1 12 -1 11 -1 10 -1 9 -1 8 -1 7 1 6 -1 5 -1 4 -1 3 -1 2 -1 0
2  12 -1 11 -1 10 -1 9 -1 8 -1 7 1 6 -1 5 -1 4 -1 3 -1 2 -1 0
1
              1               0               0               0 
              0               1               0               0 
              0               0               1               0 
1
              1               0               0               0 
              0               1               0               0 
              0               0               1               0 
1
              1               0               0               0 
              0               1               0               0 
              0               0               1               0 
1
              1               0               0               0 
              0               1               0               0 
              0               0               1               0 
2  8 1 9 1 10 1 11 1 22 1 23 1 24 1 25 1 0
1
              1               0               0               0 
              0               1               0               0 
              0               0               1               0 
1
              1               0               0               0 
              0               1               0               0 
              0               0               1               0 
1
              1               0               0               0 
              0               1               0               0 
              0               0               1               0 
1
              1               0               0               0 
              0               1               0               0 
              0               0               1               0 
1
0.190808525233316 -0.981627274834133               0 -1.97038674354553 
0.981627274834133 0.190808525233316               0 -22.8800430297852 
              0               0               1 -3.00000047683716 
1
              1               0               0               0 
              0               1               0               0 
              0               0               1               0 
1
              1               0               0               0 
              0               1               0               0 
              0               0               1               0 
1
              1               0               0               0 
              0               1               0               0 
              0               0               1               0 
2  27 1 28 1 29 1 30 1 31 1 32 1 33 1 34 1 3 1 16 1 6 1 7 -1 8 1 9 1 10 1 11 1 12 1 17 1 14 1 0
2  14 -1 17 -1 12 -1 11 -1 10 -1 9 -1 8 -1 7 1 6 -1 16 -1 3 -1 34 -1 33 -1 32 -1 31 -1 30 -1 29 -1 28 -1 27 -1 0
1
              1               0               0               0 
              0               1               0               0 
              0               0               1               0 
1
              1               0               0               0 
              0               1               0               0 
              0               0               1              -3 
1
              1               0               0               0 
              0               1               0               0 
              0               0               1               6 
1
              1               0               0            -2.5 
              0               1               0            -7.5 
              0               0               1              -3 
1
              1               0               0            -2.5 
              0               1               0            -7.5 
              0               0               1              -3 
1
              1               0               0              -9 
              0               1               0              -9 
              0               0               1               3 
1
              1               0               0               0 
              0               1               0               0 
              0               0               1              -3 
1
              1               0               0               0 
              0               1               0               0 
              0               0               1               0 
2  37 1 38 1 39 1 40 -1 41 1 42 -1 27 1 28 1 29 1 30 1 43 1 44 1 33 1 34 1 3 1 16 1 6 1 7 -1 8 1 9 1 10 1 11 1 12 1 17 1 14 1 0
2  14 -1 17 -1 12 -1 11 -1 10 -1 9 -1 8 -1 7 1 6 -1 16 -1 3 -1 34 -1 33 -1 44 -1 43 -1 30 -1 29 -1 28 -1 27 -1 42 1 41 -1 40 1 39 -1 38 -1 37 -1 0
2  4 1 5 1 6 1 7 -1 8 1 9 1 10 1 11 1 12 1 13 1 14 1 0
2  12 -1 11 -1 10 -1 9 -1 8 -1 7 1 6 -1 5 -1 4 -1 0
2  27 1 28 1 29 1 30 1 31 1 32 1 33 1 34 1 3 1 4 1 5 1 6 1 7 -1 8 1 9 1 10 1 11 1 12 1 13 1 14 1 0
2  37 1 38 1 39 1 40 -1 41 1 42 -1 27 1 28 1 29 1 30 1 31 1 32 1 33 1 34 1 3 1 4 1 5 1 6 1 7 -1 8 1 9 1 10 1 11 1 12 1 13 1 14 1 0
2  12 -1 11 -1 10 -1 9 -1 8 -1 7 1 6 -1 5 -1 4 -1 3 -1 34 -1 33 -1 32 -1 31 -1 30 -1 29 -1 28 -1 27 -1 42 1 41 -1 40 1 39 -1 38 -1 37 -1 0
2  40 -1 41 1 42 -1 27 1 28 1 29 1 30 1 43 1 44 1 33 1 34 1 3 1 4 1 5 1 6 1 7 -1 8 1 9 1 10 1 11 1 12 1 13 1 14 1 0
2  3 1 4 1 5 1 6 1 7 -1 8 1 9 1 10 1 11 1 12 1 13 1 14 1 0
2  12 -1 11 -1 10 -1 9 -1 8 -1 7 1 6 -1 5 -1 4 -1 3 -1 0
2  12 -1 11 -1 10 -1 9 -1 8 -1 7 1 6 -1 5 -1 4 -1 3 -1 34 -1 33 -1 44 -1 43 -1 30 -1 29 -1 28 -1 27 -1 42 1 41 -1 40 1 0
2  14 -1 13 -1 12 -1 11 -1 10 -1 9 -1 8 -1 7 1 6 -1 5 -1 4 -1 3 -1 34 -1 33 -1 44 -1 43 -1 30 -1 29 -1 28 -1 27 -1 42 1 41 -1 40 1 0
2  41 1 42 -1 27 1 28 1 29 1 30 1 43 1 44 1 33 1 34 1 3 1 4 1 5 1 6 1 7 -1 8 1 9 1 10 1 11 1 12 1 13 1 14 1 0
2  12 -1 11 -1 10 -1 9 -1 8 -1 7 1 6 -1 5 -1 4 -1 3 -1 34 -1 33 -1 44 -1 43 -1 30 -1 29 -1 28 -1 27 -1 42 1 41 -1 0
2  2 1 3 1 0
2  40 -1 41 1 42 -1 27 1 28 1 29 1 30 1 31 1 32 1 33 1 34 1 0
2  12 -1 11 -1 10 -1 9 -1 8 -1 7 1 6 -1 5 -1 4 -1 3 -1 34 -1 33 -1 32 -1 31 -1 30 -1 29 -1 28 -1 27 -1 42 1 41 -1 40 1 0
2  37 1 38 1 39 1 40 -1 41 1 42 -1 27 1 28 1 29 1 30 1 31 1 32 1 33 1 34 1 0
2  41 1 42 -1 27 1 28 1 29 1 30 1 31 1 32 1 33 1 34 1 0
2  12 -1 11 -1 10 -1 9 -1 8 -1 7 1 6 -1 5 -1 4 -1 3 -1 34 -1 33 -1 32 -1 31 -1 30 -1 29 -1 28 -1 27 -1 42 1 41 -1 0
2  41 1 42 -1 27 1 28 1 29 1 30 1 43 1 44 1 33 1 34 1 0
1
              1               0               0               0 
              0               1               0               0 
              0               0               1               0 
1
-0.104528463267654 3.15290077076531e-15 0.994521895368273 8.10042656121277 
0.994521895368273 -1.15152152989206e-16 0.104528463267654 0.851389139042043 
4.44089209850062e-16               1 -3.12359217285568e-15 -2.76126251354255e-14 
2  66 1 67 1 0
2  12 -1 11 -1 10 -1 9 -1 8 -1 7 1 6 -1 5 -1 4 -1 67 -1 66 -1 0
1
              1               0               0 -14.9178284305241 
              0               1               0 -1.5679269490148 
              0               0               1 4.66293670342566e-14 
2  66 1 67 1 70 1 0
2  12 -1 11 -1 10 -1 9 -1 8 -1 7 1 6 -1 5 -1 4 -1 70 -1 67 -1 66 -1 0
2  41 1 42 -1 27 1 28 1 29 1 30 1 31 1 32 1 33 1 34 1 3 1 4 1 5 1 6 1 7 -1 8 1 9 1 10 1 11 1 12 1 13 1 14 1 0
Curve2ds 10
7 0 0  8 9 2  3.1383779813862889 -49.894999999999996  2.7464825677384406 -50.106547895963367  2.3545871540893586 -50.317792862995702  1.9626917404439155 -50.479206973192049  1.5707963267914238 -50.541495771933114  1.1789009131416606 -50.479206973250257  0.78700549949826382 -50.31779286301753  0.39511008585135093 -50.106547895963367  0.0032146722035026154 -49.894999999999996 
 1.5740109989984006 9 4.7091743081811863 9
7 0 0  7 14 3  0.0032146722034400205 -29.32019955302858  0.22715490857364806 -29.193560517250315  0.45109514494384939 -29.048246035360535  0.67503538131404639 -28.89462781498878  0.89897561768430023 -28.74537780130413  1.1229158540544972 -28.61332751592181  1.3468560904246869 -28.508412596137042  1.7947365631651031 -28.364635253886938  2.0186767995351147 -28.325773406019835  2.2426170359065054 -28.325819786939974  2.466557272275395 -28.366632779823703  2.6904975086462173 -28.444703555364867  2.9144377450161452 -28.551991599843404  3.1383779813863533 -28.67816843939212 
 4.1985162482513854 8 5.7660979028428416 6 7.3336795574342979 8
1 6.2831853071795862 -49.999999999999993 -1 0 
1 6.2831853071795862 -49.999999999999993 -1 0 
1 6.2831853071795862 -47.299999999999997 -1 0 
1 0 0 0 -1 
1 6.2831853071795862 0 0 -1 
7 0 0  5 6 2  0.39430547040446384 -29.18576987262454  0.31544437632357086 -29.195495356796329  0.23658328224268166 -29.202916838652641  0.15772218816178407 -29.20790807682954  0.078861094080893382 -29.210403577310792  4.2294210461910698e-16 -29.210403577310792 
 2.7472871831853141 6 3.1415926535897789 6
7 0 0  7 14 3  6.2831853071795862 -29.210403577310792  6.0306211554657114 -29.210403577310792  5.7780570037518757 -29.186512673650213  5.5254928520373809 -29.138737315457547  5.2729287003245631 -29.070784819807159  5.0203645486100967 -28.99019870210941  4.7678003968963383 -28.906012975473203  4.2626720934685869 -28.746999314827306  4.0101079417544483 -28.672172994002722  3.7575437900404935 -28.610303161476622  3.5049796383266525 -28.56897146645133  3.2524154866128114 -28.552766206636988  2.9998513348992049 -28.561855569901532  2.7472871831853296 -28.593002850933857 
 3.1415926535897789 8 4.9095417155869061 6 6.6774907775840351 8
1 6.2831853071795862 -32.299999999999997 -1 0 
Curves 135
1 -29.274387216077592 -40.389380024658287 -10 0.9945218953682734 0.10452846326765333 6.1629758220391547e-32 
1 -29.902904975736554 -42.187020708230165 -13.349697874500308 0.42279400431050468 -0.38068543138605687 -0.82238910027401313 
1 -29.164632329646555 -41.433628014794976 -12.042386 0.99452189536827351 0.10452846326765317 5.4817261840867104e-16 
1 -12.845225934568614 -40.466374302367001 -13.489343492994433 -0.37007551142837919 -0.45700519676615992 -0.80882035457185864 
1 -10.974290646450045 -41.105421603273783 -10 0.10452846326765339 -0.9945218953682734 0 
1 -10.532156852059948 -70.424820773581786 -10 -0.9945218953682734 -0.10452846326765342 1.6640034719505718e-31 
1 -13.858920434562297 -68.906721677724306 -10 -0.19080899537654397 -0.9816271834476642 2.3263744036642471e-47 
1 -19.332715989377931 -83.309745538410965 -10 -0.98162718344766409 0.19080899537654419 2.311115933264683e-31 
1 -35.151394301331919 -77.560774633725799 -10 0.19080899537654453 0.98162718344766409 -2.0526832973508063e-48 
1 -31.625 -59.671807420432408 -10 0 1 0 
1 -62.279151296839622 3.055373784685111 -7 1 0 0 
1 -44.279151296839622 3.055373784685111 -7 0 1 0 
1 -62.279151296839622 21.055373784685116 -7 1 0 0 
1 -62.279151296839622 3.055373784685111 -7 0 1 0 
1 -38 -66 -7 0 1 0 
1 -24 -66 -7 -1 0 0 
1 -24 -52 -7 0 -1 0 
1 -38 -52 -7 1 0 0 
1 -31.808108695634367 -59.401417306894416 -9.6438298700553098 -0.45677815557070661 0.043982733837330777 0.88849267623184047 
1 -30.575000000000003 -59.671807420432408 -12.042386 -1.8058029077948654e-16 1 3.5125205501328778e-16 
1 -12.183170966233288 -39.6488045044998 -12.042386 -1.2801044796052554e-17 1.2179380558447171e-16 -1 
1 -29.164632329646555 -41.433628014794976 -14 0.9945218953682734 0.10452846326765333 6.1629758220391547e-32 
1 -30.575000000000003 -41.581863630230899 -12.236268759508249 -3.9734939683789073e-33 1.2313924960836246e-16 -1 
1 -10.945881851526112 -67.701367286031214 -15.352568837687375 -0.4570051967661603 0.37007551142837947 -0.8088203545718583 
1 -12.018538636586735 -41.215176489704824 -12.042386 0.10452846326765383 -0.9945218953682734 2.0816681711721685e-16 
3 -10.170701826765026 -59.817281736971147 -12.250000000000041 -0.88448134064689099 -0.092962734915451983 0.4572206119200205 -0.45471590956814045 -0.047792567938296004 -0.88935331113988769 0.10452846326765372 -0.99452189536827329 -1.3877787807814457e-17 1.1806331486574317 1.05
1 -12.018538636586735 -41.215176489704824 -12.042386 0.10452846326765383 -0.9945218953682734 2.0816681711721685e-16 
1 -10.641911738490986 -69.380572783445103 -12.042386 -0.99452189536827351 -0.10452846326765255 9.0205620750793989e-16 
1 -14.1259961962015 -70.926438502469395 -9.7603380420658379 0.36399664408546567 -0.39723263205115483 0.84244446649511007 
1 -14.889628977182344 -68.706372232578929 -12.042386 -0.19080899537654417 -0.98162718344766409 5.6898930012039273e-16 
1 -17.973434105878397 -82.005616778954476 -12.994588079384188 -0.32883663501484806 0.48752036009008398 -0.8088203545718583 
1 -19.132366544232561 -82.279036995790918 -12.042386 -0.98162718344766398 0.19080899537654555 1.1102230246251565e-15 
1 -33.701089233190771 -78.821459352056934 -13.237101794705673 0.48752036009008354 0.32883663501484756 -0.80882035457185875 
1 -34.120685758711872 -77.761124078871177 -12.042386 0.19080899537654428 0.9816271834476642 3.1918911957973251e-16 
3 -30.948517904372199 -62.001118206298933 -12.249999999999975 0.87301338590410216 -0.16969661183340534 0.4572206119200205 -0.47915717534954577 -0.47311883751854988 0.73930167516118939 0.090862695003505425 -0.86450079555623227 -0.4943504274695647 1.234578350986546 1.05
1 -34.120685758711872 -77.761124078871177 -12.042386 0.19080899537654428 0.9816271834476642 3.1918911957973251e-16 
1 -69.279151296839629 -3.9446262153148952 -7 -0 1 -0 
1 -55.279151296839629 -3.9446262153148952 -7 -1 -0 0 
1 -55.279151296839629 10.055373784685115 -7 -0 -1 0 
1 -69.279151296839629 10.055373784685115 -7 1 -0 -0 
1 -29 -59.004286389595251 -14 -0 1 -0 
1 -38 -52 -10 -0 -0 1 
1 -38 -66 -10 -0 -0 1 
1 -18.300674264254571 -57 -14 -1 -0 0 
1 -26 -58.5 -7 -0 -0 1 
1 -26.25 -58.5 -2.5 -1 -0 0 
1 -31 -58.5 -7 -0 -0 1 
1 -18.300674264254571 -57 -14 -1 -0 0 
1 -24 -66 -10 -0 -0 1 
1 -15 -52.004286389595258 -14 -0 -1 0 
1 -24 -52 -10 -0 -0 1 
1 -25.300674264254571 -43 -14 1 -0 -0 
1 -31 -44.5 -7 -0 -0 -1 
1 -33.25 -44.5 -2.5 1 -0 -0 
1 -26 -44.5 -7 -0 -0 -1 
1 -25.300674264254571 -43 -14 1 -0 -0 
1 -30.574999999999999 -59.671807420432408 -14 -0 1 -0 
1 -30.574999999999996 -59.520152169521246 -12.042386 3.9734939683789073e-33 2.0441854352457554e-32 1 
1 -12.018538636586735 -41.215176489704824 -14 0.10452846326765339 -0.9945218953682734 -0 
1 -9.0755397532859448 -69.215940453798552 -12.042385999999999 1.28010447960523e-17 -1.2179380558447211e-16 -1 
2 -10.064551225348708 -59.806124859186298 -12.250000000000043 -0.99452189536827329 -0.10452846326765372 3.1235921728556804e-15 -0.10452846326765372 0.99452189536827329 4.4408920985006247e-16 -3.1529007707653082e-15 1.1515215298920732e-16 -1 1.05
2 -10.064551225348708 -59.806124859186298 -12.250000000000043 -0.99452189536827329 -0.10452846326765372 3.1235921728556804e-15 -0.10452846326765372 0.99452189536827329 4.4408920985006247e-16 -3.1529007707653082e-15 1.1515215298920732e-16 -1 1.05
1 -34.120685758711872 -77.761124078871177 -14 0.19080899537654453 0.98162718344766409 -2.0526832973508063e-48 
1 -10.641911738490986 -69.380572783445103 -14 -0.9945218953682734 -0.10452846326765342 1.6640034719505718e-31 
1 -19.132366544232561 -82.279036995790918 -14 -0.98162718344766409 0.19080899537654419 2.311115933264683e-31 
1 -14.889628977182346 -68.706372232578929 -14 -0.19080899537654397 -0.9816271834476642 2.3263744036642471e-47 
1 -30.354701538937665 -69.03858749303852 -14 0.19080852523331637 0.98162727483413326 -0 
1 -21.840737817504493 -80.425019988676269 -14 -0.98162727483413326 0.19080852523331637 -0 
1 -20.736692635246037 -76.055399383230991 -14 0.98162727483413326 -0.19080852523331637 -0 
1 -15.276260014626583 -64.838515922466016 -14 -0.19080852523331637 -0.98162727483413326 0 
1 -30.41619599457977 -66.734521862045057 -14 0.19080852523331637 0.98162727483413326 -0 
1 -20.736692635246037 -76.055399383230991 -14 0.98162727483413326 -0.19080852523331637 -0 
1 -19.782650009079454 -71.147263009060339 -14 0.98162727483413326 -0.19080852523331637 -0 
1 -15.691786872067771 -69.596649740544805 -14 0.19080852523331637 0.98162727483413326 -0 
1 -30.354701538937665 -69.03858749303852 -14 0.19080852523331637 0.98162727483413326 -0 
1 -19.782650009079454 -71.147263009060339 -14 0.98162727483413326 -0.19080852523331637 -0 
1 -26.040809388076998 -65.346578464365194 -14 0.98162727483413326 -0.19080852523331637 -0 
1 -15.276260014626583 -64.838515922466016 -14 -0.19080852523331637 -0.98162727483413326 0 
1 -17.373632585696278 -58.663874534889558 -14 0.99452189536827329 0.10452846326765362 -0 
1 -12.75028627303141 -60.083347818519421 -14 0.10452846326765391 -0.99452189536827329 -0 
1 -16.976424425279184 -62.443057737288996 -14 -0.99452189536827329 -0.10452846326765362 0 
1 -27.66811470355551 -61.651274767534225 -14 0.10452846326765391 -0.99452189536827329 -0 
1 -24.5 -59.254286389595251 -14 -0 -1 0 
1 -23.050674264254571 -42.5 -14 1 -0 -0 
1 -24.5 -59.254286389595251 -14 -0 -1 0 
1 -19.5 -59.254286389595251 -14 -0 -1 0 
1 -23.050674264254571 -57.5 -14 1 -0 -0 
1 -19.5 -59.254286389595251 -14 -0 -1 0 
2 -12.749760342843047 -60.088351710008958 -12.250000000000034 -0.99452189536827329 -0.10452846326765372 3.1235921728556804e-15 -0.10452846326765372 0.99452189536827329 4.4408920985006247e-16 -3.1529007707653082e-15 1.1515215298920732e-16 -1 1.05
1 -59.900400880193402 -63.988300032432292 -12.249999999999885 0.99452189536827329 0.10452846326765364 -3.1086244689504383e-15 
1 -15.11200516339904 -69.850398534436195 -12.042386 2.4435058382731484e-17 1.2570747773335194e-16 1 
1 -17.586303730302497 -82.57956116350897 -12.042386 -2.3367362543640628e-17 -1.2021465881652226e-16 -1 
1 -34.421209926429924 -79.307186892801212 -12.042386 -2.3367362543640893e-17 -1.2021465881652221e-16 -1 
3 -31.059518713219365 -62.012784861426681 -12.249999999999975 -0.98162718344766409 0.19080899537654444 -9.6047222676594146e-16 -0.19080899537654444 -0.98162718344766409 1.3825196713599834e-14 1.6951462490651308e-15 1.3754455651257189e-14 1 1.0979763443115054 1.05
3 -31.059518713219365 -62.012784861426681 -12.249999999999975 -0.98162718344766409 0.19080899537654444 -9.6047222676594146e-16 -0.19080899537654444 -0.98162718344766409 1.3825196713599834e-14 1.6951462490651308e-15 1.3754455651257189e-14 1 1.0979763443115054 1.05
1 -59.900400880193402 -63.988300032432292 -12.249999999999885 0.99452189536827329 0.10452846326765364 -3.1086244689504383e-15 
2 -27.667588773367143 -61.656278659023769 -12.249999999999986 -0.99452189536827329 -0.10452846326765372 3.1235921728556804e-15 -0.10452846326765372 0.99452189536827329 4.4408920985006247e-16 -3.1529007707653082e-15 1.1515215298920732e-16 -1 1.05
1 -69.279151296839629 10.055373784685115 -10 -0 -0 1 
1 -69.279151296839629 -3.9446262153148952 -10 -0 -0 1 
1 -57.279151296839629 3.5553737846851101 -7 -0 -0 1 
1 -57.529151296839629 3.5553737846851101 -2.5 -1 -0 0 
1 -62.279151296839629 3.5553737846851101 -7 -0 -0 1 
1 -55.279151296839629 -3.9446262153148952 -10 -0 -0 1 
1 -55.279151296839629 10.055373784685115 -10 -0 -0 1 
1 -62.279151296839629 17.55537378468512 -7 -0 -0 -1 
1 -64.529151296839629 17.55537378468512 -2.5 1 -0 -0 
1 -57.279151296839629 17.55537378468512 -7 -0 -0 -1 
1 -26 -59 -2.5 -0 1 -0 
1 -26 -59 -7 -0 -0 1 
1 -31 -59 -2.5 -0 1 -0 
1 -31 -59 -2.5 1 -0 -0 
1 -31 -59 -7 -0 -0 1 
1 -31 -59 -2.5 -0 1 -0 
1 -31 -44 -7 -0 -0 1 
1 -31 -44 -2.5 1 -0 -0 
1 -26 -59 -2.5 -0 1 -0 
1 -26 -44 -7 -0 -0 1 
1 -62.279151296839629 3.0553737846851101 -2.5 -0 1 -0 
1 -62.279151296839629 18.05537378468512 -7 -0 -0 1 
1 -57.279151296839629 18.05537378468512 -7 -0 -0 1 
1 -62.279151296839629 18.05537378468512 -2.5 1 -0 -0 
1 -62.279151296839629 3.0553737846851101 -2.5 -0 1 -0 
1 -62.279151296839629 3.0553737846851101 -7 -0 -0 1 
1 -57.279151296839629 3.0553737846851101 -2.5 -0 1 -0 
1 -57.279151296839629 3.0553737846851101 -7 -0 -0 1 
1 -62.279151296839629 3.0553737846851101 -2.5 1 -0 -0 
1 -57.279151296839629 3.0553737846851101 -2.5 -0 1 -0 
1 -56.526468576525296 -15.350000000000062 -27.105904861484682 -2.7200181064478274e-31 1 2.3665827156630354e-30 
1 -12.948364423051578 -58.198760108809246 -10.350000000000032 -0.99452189536827329 -0.10452846326765362 3.1086244689504379e-15 
1 -56.526468576525296 -15.35000000000006 -27.105904861484674 -2.7200181064478274e-31 1 2.3665827156630354e-30 
1 -60.326468576525301 -10.350000000000062 -27.105904861484678 2.7200181064478274e-31 -1 -2.3665827156630354e-30 
1 -56.526468576525303 -10.350000000000062 -27.105904861484682 -1 2.4818078183170335e-31 8.3266726846890907e-17 
1 -60.326468576525301 -10.35000000000006 -27.105904861484671 2.7200181064478274e-31 -1 -2.3665827156630354e-30 
1 -12.551156262634493 -61.977943311208683 -10.350000000000033 -0.99452189536827329 -0.10452846326765362 3.1086244689504379e-15 
1 -56.526468576525303 -10.35000000000006 -27.105904861484674 -1 2.4818078183170335e-31 8.3266726846890907e-17 
Polygon3D 0
PolygonOnTriangulations 0
Surfaces 48
1 -29.274387216077592 -40.389380024658287 -10 0.09296273491545122 -0.8844813406468911 0.45722061192002028 0.047792567938296227 -0.45471590956814034 -0.88935331113988803 0.99452189536827351 0.10452846326765317 5.4817261840867104e-16 
1 -22 -50 0 0 0 1 1 0 -0 -0 1 0 
1 -31.625 -59.671807420432408 -10 0.88935331113988791 -0 0.45722061192002045 0.45722061192002045 3.9495220922164962e-16 -0.88935331113988791 -1.8058029077948654e-16 1 3.5125205501328778e-16 
1 -21.379085483116643 -40.615334067365346 -13.021192999999998 -0.10452846326765318 0.9945218953682734 3.5381221806952416e-16 0.9945218953682734 0.10452846326765318 0 -3.6983447440127153e-17 3.5187399771895604e-16 -1 
1 -10.974290646450047 -41.105421603273783 -10 -0.88448134064689099 -0.092962734915451983 0.45722061192002045 -0.45471590956814045 -0.047792567938296254 -0.8893533111398878 0.10452846326765383 -0.9945218953682734 2.0816681711721685e-16 
2 -59.790645993762368 -65.032548022568974 -12.249999999999886 -0.99452189536827329 -0.10452846326765372 3.1235921728556804e-15 -0.10452846326765372 0.99452189536827329 4.4408920985006247e-16 3.1529007707653082e-15 -1.1515215298920732e-16 1 1.05
1 -10.532156852059948 -70.424820773581786 -10 -0.092962734915450526 0.88448134064689121 0.45722061192002034 -0.047792567938296268 0.45471590956814029 -0.88935331113988791 -0.99452189536827351 -0.10452846326765257 9.1593399531575415e-16 
1 -13.858920434562297 -68.906721677724306 -10 -0.87301338590410205 0.16969661183340534 0.45722061192002045 -0.44882018149326725 0.087241805625907373 -0.8893533111398878 -0.19080899537654417 -0.98162718344766409 5.6898930012039273e-16 
1 -19.332715989377931 -83.309745538410965 -10 0.16969661183340681 0.87301338590410194 0.45722061192002034 0.087241805625907512 0.44882018149326702 -0.88935331113988791 -0.98162718344766398 0.19080899537654555 1.0824674490095276e-15 
1 -35.151394301331919 -77.560774633725799 -10 0.87301338590410205 -0.16969661183340534 0.45722061192002045 0.44882018149326725 -0.087241805625907651 -0.88935331113988791 0.19080899537654428 0.9816271834476642 3.1918911957973251e-16 
2 -59.790645993762368 -65.032548022568974 -12.249999999999886 -0.99452189536827329 -0.10452846326765372 3.1235921728556804e-15 -0.10452846326765372 0.99452189536827329 4.4408920985006247e-16 3.1529007707653082e-15 -1.1515215298920732e-16 1 1.05
1 -62.279151296839643 3.0553737846851101 -7 -0 -0 1 1 -0 0 0 1 0 
1 -38 -66 -10 -1 -0 0 -0 1 0 -0 0 -1 
1 -24 -66 -10 -0 -1 0 -1 0 0 -0 0 -1 
1 -24 -52 -10 1 -0 -0 0 -1 0 -0 -0 -1 
1 -38 -52 -10 -0 1 -0 1 0 -0 0 -0 -1 
1 -30.574999999999999 -50.551007899876055 -13.021193000000002 -1 -0 -1.6654984256653431e-15 1.6654984256653431e-15 -0 -1 0 -1 0 
1 -10.629355359759618 -54.432372479149173 -13.021193 0.99452189536827329 0.10452846326765364 -3.3200330624333833e-15 -0.10452846326765364 0.99452189536827329 0 3.3018455739365814e-15 3.4703795401396355e-16 1 
1 -21.601348528509142 -61.008572779190509 -14 -0 -0 -1 -1 0 0 0 1 -0 
1 -12.093772458342492 -69.533169494117374 -13.021193 0.10452846326765262 -0.9945218953682734 3.9524500612945592e-16 -0.9945218953682734 -0.10452846326765262 1.8488927466117464e-32 4.1314353104925948e-17 -3.9307981263071135e-16 -1 
1 -16.349154446850765 -76.21497984897259 -13.021193 0.98162718344766409 -0.19080899537654408 4.6731250274421007e-16 0.19080899537654408 0.98162718344766409 3.6977854932234928e-32 -4.5872665585867773e-16 8.9167429175521183e-17 1 
1 -26.003756828366207 -80.943374028155105 -13.021192999999997 -0.19080899537654519 -0.98162718344766398 4.9158832879970142e-15 -0.98162718344766398 0.19080899537654519 0 -9.3799475157105792e-16 -4.8255646661539499e-15 -1 
1 -32.498104963214956 -69.413669531161219 -13.021192999999997 -0.98162718344766409 0.19080899537654444 -9.6047222676594126e-16 -0.19080899537654444 -0.98162718344766409 7.3955709864469857e-32 -9.4282564673995695e-16 1.8326674067628191e-16 1 
1 -69.279151296839629 -3.9446262153148952 -10 -1 -0 0 -0 1 0 -0 0 -1 
1 -55.279151296839629 -3.9446262153148952 -10 -0 -1 0 -1 0 0 -0 0 -1 
1 -55.279151296839629 10.055373784685115 -10 1 -0 -0 0 -1 0 -0 -0 -1 
1 -69.279151296839629 10.055373784685115 -10 -0 1 -0 1 0 -0 0 -0 -1 
1 -26 -59 -7 1 -0 -0 0 -0 1 -0 -1 0 
1 -31 -59 -2.5 -0 -0 1 1 -0 0 0 1 0 
1 -31 -59 -7 1 -0 -0 0 -0 1 -0 -1 0 
1 -31 -59 -7 1 -0 -0 0 -0 1 -0 -1 0 
1 -31 -59 -2.5 -0 -0 1 1 -0 0 0 1 0 
1 -26 -59 -7 1 -0 -0 0 -0 1 -0 -1 0 
1 -62.279151296839629 3.0553737846851101 -7 1 -0 -0 0 -0 1 -0 -1 0 
1 -62.279151296839629 18.05537378468512 -7 -0 1 -0 -0 0 1 1 0 0 
1 -62.279151296839629 3.0553737846851101 -7 1 -0 -0 0 -0 1 -0 -1 0 
1 -57.279151296839629 3.0553737846851101 -7 1 -0 -0 0 -0 1 -0 -1 0 
1 -62.279151296839629 3.0553737846851101 -7 -0 1 -0 -0 0 1 1 0 0 
1 -57.279151296839629 3.0553737846851101 -7 1 -0 -0 0 -0 1 -0 -1 0 
1 -12.948364423051594 -58.198760108809246 -15.350000000000032 -0.10452846326765362 0.99452189536827329 4.4408920985006222e-16 3.1529007707653082e-15 -1.1515215298920737e-16 1 0.99452189536827329 0.10452846326765362 -3.1235921728556804e-15 
1 -12.749760342843045 -60.088351710008965 -12.850000000000032 0.99452189536827329 0.10452846326765391 -3.184669191848796e-15 -0.10452846326765391 0.99452189536827329 -9.8607613152626476e-32 3.1672232407984117e-15 3.3288857663979607e-16 1 
1 -12.551156262634493 -61.977943311208683 -10.350000000000033 0.10452846326765362 -0.99452189536827329 -4.4408920985006222e-16 -3.1529007707653082e-15 1.1515215298920737e-16 -1 0.99452189536827329 0.10452846326765362 -3.1235921728556804e-15 
1 -12.749760342843045 -60.088351710008965 -12.850000000000032 0.99452189536827329 0.10452846326765391 -3.184669191848796e-15 -0.10452846326765391 0.99452189536827329 -9.8607613152626476e-32 3.1672232407984117e-15 3.3288857663979607e-16 1 
1 -31 -44 -7 -0 1 -0 -0 0 1 1 0 0 
1 -31 -59 -7 -0 1 -0 -0 0 1 1 0 0 
1 -62.279151296839629 3.0553737846851101 -2.5 -0 -0 1 1 -0 0 0 1 0 
1 -62.279151296839629 3.0553737846851101 -2.5 -0 -0 1 1 -0 0 0 1 0 
1 -12.948364423051578 -58.198760108809246 -10.350000000000032 3.1380150615081551e-15 -1.167167040770676e-16 1 0.10452846326765372 -0.99452189536827329 -4.4408920985006247e-16 0.99452189536827329 0.10452846326765372 -3.1086244689504379e-15 
Triangulations 0

TShapes 330
Ve
1.50000004301955e-07
-9.625 9.36356061628183 0
0 0

0101101
*
Ve
1.50000007558674e-07
10.7513221374724 11.5051983720679 0
0 0

0101101
*
Ed
 1.00000003875158e-07 1 1 0
1  1 0 -2.36356061628183 18.125
0

0101000
+330 19 -329 19 *
Ve
1.50000008055049e-07
-8.575 8.41813636976909 -2.042386
0 0

0101101
*
Ed
 1.5e-07 1 1 0
1  2 0 -4.07313019273263 -1.58965126612783
0

0101000
+330 20 -327 21 *
Ve
1.50000009607118e-07
9.81682903376671 10.3511954955002 -2.042386
0 0

0101101
*
Ed
 1.5e-07 1 1 0
1  3 0 -1.4181363697691 17.075
0

0101000
+327 21 -325 21 *
Ed
 1.5e-07 1 1 0
1  4 0 -4.31411434352624 -1.78897264987894
0

0101000
+329 20 -325 21 *
Wi

0101100
-328 18 +326 15 +324 15 -323 15 *
Fa
0  1e-07 1 15

0101000
+322 0 *
Ve
1.50000009072259e-07
14.0784631232818 -20.1504335575042 0
0 0

0101101
*
Ed
 1.00000007944109e-07 1 1 0
1  5 0 -2.625 29.205
0

0101000
+329 19 -320 19 *
Ve
1.50000004755412e-07
7.77045258840988 -20.8134321808197 0
0 0

0101101
*
Ed
 1.0000000064294e-07 1 1 0
1  6 0 -2.625 3.71775682038757
0

0101000
+320 19 -318 19 *
Ve
1.50000011583231e-07
5.24405536717219 -33.8106191512744 0
0 0

0101101
*
Ed
 1.00000010822777e-07 1 1 0
1  7 0 1.94239782194978 15.1828491762063
0

0101000
+318 19 -316 19 *
Ve
1.50000032340149e-07
-13.6522679141953 -30.1375459902759 0
0 0

0101101
*
Ed
 1.00000001984642e-07 1 1 0
1  8 0 -2.625 16.625
0

0101000
+316 19 -314 19 *
Ve
1.50000024924012e-07
-9.62499999999999 -9.41904866891377 0
0 0

0101101
*
Ed
 1.00000007105427e-07 1 1 0
1  9 0 -2.625 18.4812791156565
0

0101000
+314 19 -312 19 *
Ed
 1e-07 1 1 0
1  10 0 0.25275875151864 19.0353680367142
0

0101000
+312 19 -330 19 *
Wi

0101100
-328 18 -319 18 -317 18 -315 18 -313 18 -311 18 -310 18 *
Ve
2.48418579112867e-06
5.14698200286182 -33.4319652303922 0
0 0

0101101
*
Ve
2.48418579112867e-06
8.58153545706151 -15.7626742833778 0
0 0

0101101
*
Ed
 2.48418579112867e-06 1 1 0
1  11 0 0 18
0

0101000
+308 36 -307 36 *
Ve
2.48418579112867e-06
-9.08775548995288 -12.3281208291781 0
0 0

0101101
*
Ed
 2.48418579112867e-06 1 1 0
1  12 0 0 18
0

0101000
+307 36 -305 36 *
Ve
2.48418579112867e-06
-12.5223089441526 -29.9974117761925 0
0 0

0101101
*
Ed
 2.48418579112867e-06 1 1 0
1  13 0 0 18
0

0101000
+303 36 -305 36 *
Ed
 2.48418579112867e-06 1 1 0
1  14 0 0 18
0

0101000
+308 36 -303 36 *
Wi

0101100
-306 35 -304 35 +302 35 +301 35 *
Ve
1.00000000113047e-07
-7 -7 0
0 0

0101101
*
Ve
1.00000000113047e-07
-7 7 0
0 0

0101101
*
Ed
 1.00000000113047e-07 1 1 0
1  15 0 0 14
0

0101000
+299 46 -298 46 *
Ve
1.00000000113047e-07
7 -7 0
0 0

0101101
*
Ed
 1.00000000113047e-07 1 1 0
1  16 0 0 14
0

0101000
+296 46 -299 46 *
Ve
1.00000000113047e-07
7 7 0
0 0

0101101
*
Ed
 1.00000000113047e-07 1 1 0
1  17 0 0 14
0

0101000
+294 46 -296 46 *
Ed
 1.00000000113047e-07 1 1 0
1  18 0 0 14
0

0101000
+298 46 -294 46 *
Wi

0101100
+297 45 +295 45 +293 45 +292 45 *
Fa
0  1e-07 2 26

0101000
+309 0 +300 0 +291 0 *
Ve
1.50000099575061e-07
-8.57499999999999 -9.52015216952115 -2.042386
0 0

0101101
*
Ed
 1.5e-07 1 1 0
1  19 0 -2.69957895445703 -0.400870079712109
0

0101000
+289 21 -312 20 *
Ed
 1.5e-07 1 1 0
1  20 0 0.151655250911262 18.0899437902015
0

0101000
+289 21 -327 21 *
Wi

0101100
-310 18 -288 15 +287 15 -326 15 *
Fa
0  1e-07 3 15

0101000
+286 0 *
Ve
1.500000075886e-07
9.81682903376671 10.3511954955002 -4
0 0

0101101
*
Ed
 1e-07 1 1 0
1  21 0 -4.44089209850063e-15 1.957614
0

0101000
+325 21 -284 21 *
Ve
1.50000007793734e-07
-8.575 8.41813636976909 -4
0 0

0101101
*
Ed
 1.5e-07 1 1 0
1  22 0 -1.4181363697691 17.075
0

0101000
+282 21 -284 21 *
Ed
 1e-07 1 1 0
1  23 0 -0.193882759508251 1.76373124049175
0

0101000
+327 21 -282 21 *
Wi

0101000
+324 0 +283 0 -281 0 -280 0 *
Fa
0  1.5e-07 4 0

0101000
+279 0 *
Ve
1.5000000549308e-07
12.9244602467141 -19.2159404537986 -2.042386
0 0

0101101
*
Ed
 1.5e-07 1 1 0
1  24 0 -6.61774744840677 -4.09260575475947
0

0101000
+320 20 -277 21 *
Ve
1.50000042653376e-07
12.043036770506 -10.8297562626475 -2.042386
0 0

0101101
*
Ed
 1.5e-07 1 1 0
1  25 0 19.722622361853 28.155
0

0101000
+275 21 -277 21 *
Ve
1.50000030831435e-07
11.8278607787966 -8.78249345572506 -2.042386
0 0

0101101
*
Ed
 1e-07 1 1 0
1  26 0 1.76983555512947 4.51334975205011
2  1 6 0 1.76983555512947 4.51334975205011
0

0101000
+275 48 -273 48 *
Ed
 1.5e-07 1 1 0
1  27 0 -1.575 17.66408265905
0

0101000
+325 21 -273 21 *
Wi

0101100
-319 18 -276 15 +274 15 -272 47 +271 15 +323 15 *
Fa
0  1e-07 5 15

0101000
+270 0 *
Ve
1.50000004440892e-07
6.88799483660096 -19.8503985344362 -2.042386
0 0

0101101
*
Ed
 1.5e-07 1 1 0
1  28 0 -1.57500000000001 4.49471594916748
0

0101000
+277 21 -268 21 *
Ed
 1.5e-07 1 1 0
1  29 0 -2.70884081823025 -0.284483983770757
0

0101000
+268 21 -318 20 *
Wi

0101100
-317 18 +276 15 +267 15 +266 15 *
Fa
0  1e-07 7 15

0101000
+265 0 *
Ve
1.50000008792518e-07
4.41369626969751 -32.579561163509 -2.042386
0 0

0101101
*
Ed
 1.5e-07 1 1 0
1  30 0 1.16543869316986 14.1328491762063
0

0101000
+268 21 -263 21 *
Ed
 1.5e-07 1 1 0
1  31 0 -3.702414340165 -1.1772726465177
0

0101000
+316 20 -263 21 *
Wi

0101100
-315 18 -266 15 +262 15 -261 15 *
Fa
0  1e-07 8 15

0101000
+260 0 *
Ve
1.50000014458497e-07
-12.4212099264299 -29.3071868928012 -2.04238599999999
0 0

0101101
*
Ed
 1.5e-07 1 1 0
1  32 0 -1.575 15.575
0

0101000
+263 21 -258 21 *
Ed
 1.5e-07 1 1 0
1  33 0 -4.00225065604241 -1.47710896239512
0

0101000
+314 20 -258 21 *
Wi

0101100
-313 18 +261 15 +257 15 -256 15 *
Fa
0  1e-07 9 15

0101000
+255 0 *
Ve
1.50000036588208e-07
-8.85415118253141 -10.9562605066761 -2.042386
0 0

0101101
*
Ed
 1.5e-07 1 1 0
1  34 0 17.1193950774399 18.582382616264
0

0101000
+253 21 -289 21 *
Ve
1.50000039082374e-07
-9.26488624390731 -13.0693092161773 -2.042386
0 0

0101101
*
Ed
 1e-07 1 1 0
1  35 0 4.39434080438247 7.13785500130322
2  2 11 0 4.39434080438247 7.13785500130322
0

0101000
+253 48 -251 48 *
Ed
 1.5e-07 1 1 0
1  36 0 -1.57499999999998 14.9667970798174
0

0101000
+258 21 -251 21 *
Wi

0101100
-311 18 +288 15 +252 15 -250 47 +249 15 +256 15 *
Fa
0  1e-07 10 15

0101000
+248 0 *
Wi

0101100
-301 35 -302 35 +306 35 +304 35 *
Ve
1e-07
3.56534450366019 -31.0870936302573 -4.76837158203125e-07
0 0

0101101
*
Ve
1e-07
-10.1774373440177 -28.4157742769909 -4.76837158203125e-07
0 0

0101101
*
Ed
 1e-07 1 1 0
1  37 0 0 14
0

0101000
+245 51 -244 51 *
Ve
1e-07
6.23666385692662 -17.3443117825794 -4.76837158203125e-07
0 0

0101101
*
Ed
 1e-07 1 1 0
1  38 0 0 14
0

0101000
+242 51 -245 51 *
Ve
1e-07
-7.50611799075125 -14.672992429313 -4.76837158203125e-07
0 0

0101101
*
Ed
 1e-07 1 1 0
1  39 0 0 14
0

0101000
+240 51 -242 51 *
Ed
 1e-07 1 1 0
1  40 0 0 14
0

0101000
+244 51 -240 51 *
Wi

0101100
+243 50 +241 50 +239 50 +238 50 *
Fa
0  1e-07 12 49

0101000
+246 0 +237 0 *
Ve
2e-07
-7 -7 -4
0 0

0101101
*
Ve
2.00000000888178e-07
-7 7 -4
0 0

0101101
*
Ed
 2e-07 1 1 0
1  41 0 2.00428638959525 16.0042863895953
0

0101000
+235 54 -234 54 *
Ed
 1e-07 1 1 0
1  42 0 2 6
0

0101000
+234 55 -298 56 *
Ed
 1e-07 1 1 0
1  43 0 2 6
0

0101000
+235 55 -299 56 *
Wi

0101100
-233 53 -232 52 +297 45 +231 52 *
Fa
0  1e-07 13 52

0101000
+230 0 *
Ve
2.00000000888178e-07
7 -7 -4
0 0

