<?xml version='1.0' encoding='utf-8'?>
<!-- FreeCAD DocumentObject -->
<Document SchemaVersion="4" FileVersion="2">
<Object name="Mirrored001">
  <Properties Count="27" TransientCount="2">
    <_Property name="_Body" type="App::PropertyLinkHidden" status="251658240"/>
    <_Property name="_ElementMapVersion" type="App::PropertyString" status="234881024"/>
    <Property name="AddSubShape" type="Part::PropertyPartShape">
      <Part HasherIndex="0" ElementMap="1.15.70200.4" brep="1">
<![CDATA[

CASCADE Topology V1, (c) Matra-Datavision
Locations 80
1
              1               0               0               0 
              0               1               0               0 
              0               0               1               0 
1
              1               0               0               0 
              0               1               0               0 
              0               0               1               0 
1
              1               0               0               0 
              0               1               0               0 
              0               0               1               0 
1
              1               0               0               0 
              0               1               0               0 
              0               0               1               0 
1
              1               0               0              -0 
              0               1               0              -0 
              0               0               1              -0 
1
              1               0               0               0 
              0               1               0               0 
              0               0               1               0 
2  1 1 2 1 3 1 4 1 5 1 6 1 0
1
              1               0               0               0 
              0               1               0               0 
              0               0               1               0 
1
              1               0               0               0 
              0               1               0               0 
              0               0               1               0 
1
              1               0               0              -0 
              0               1               0              -0 
              0               0               1              -0 
1
              1               0               0               0 
              0               1               0               0 
              0               0               1               0 
1
              1               0               0               0 
              0               1               0               0 
              0               0               1               0 
1
              1               0               0             -22 
              0               1               0             -50 
              0               0               1             -10 
2  8 1 9 1 10 1 11 1 12 1 13 -1 0
1
              1               0               0               0 
              0               1               0               0 
              0               0               1               0 
2  8 1 9 1 15 1 12 1 13 -1 0
1
              1               0               0             -22 
              0               1               0             -50 
              0               0               1             -10 
2  17 -1 13 1 12 -1 15 -1 9 -1 8 -1 0
2  17 -1 13 1 12 -1 11 -1 10 -1 9 -1 8 -1 0
1
              1               0               0               0 
              0               1               0               0 
              0               0               1               0 
1
              1               0               0               0 
              0               1               0               0 
              0               0               1               0 
1
              1               0               0               0 
              0               1               0               0 
              0               0               1               0 
1
              1               0               0               0 
              0               1               0               0 
              0               0               1               0 
1
0.190808525233316 -0.981627274834133               0 -1.97038674354553 
0.981627274834133 0.190808525233316               0 -22.8800430297852 
              0               0               1 -3.00000047683716 
1
              1               0               0               0 
              0               1               0               0 
              0               0               1               0 
1
              1               0               0               0 
              0               1               0               0 
              0               0               1               0 
1
              1               0               0               0 
              0               1               0               0 
              0               0               1               0 
2  20 1 21 1 22 1 23 1 24 1 25 1 26 1 27 1 9 1 15 1 12 1 13 -1 0
2  17 -1 13 1 12 -1 15 -1 9 -1 27 -1 26 -1 25 -1 24 -1 23 -1 22 -1 21 -1 20 -1 0
1
              1               0               0               0 
              0               1               0               0 
              0               0               1               0 
1
              1               0               0               0 
              0               1               0               0 
              0               0               1              -3 
1
              1               0               0               0 
              0               1               0               0 
              0               0               1               6 
1
              1               0               0            -2.5 
              0               1               0            -7.5 
              0               0               1              -3 
1
              1               0               0            -2.5 
              0               1               0            -7.5 
              0               0               1              -3 
1
              1               0               0              -9 
              0               1               0              -9 
              0               0               1               3 
1
              1               0               0               0 
              0               1               0               0 
              0               0               1              -3 
1
              1               0               0               0 
              0               1               0               0 
              0               0               1               0 
2  30 1 31 1 32 1 33 -1 34 1 35 -1 20 1 21 1 22 1 23 1 36 1 37 1 26 1 27 1 9 1 15 1 12 1 13 -1 0
2  17 -1 13 1 12 -1 15 -1 9 -1 27 -1 26 -1 37 -1 36 -1 23 -1 22 -1 21 -1 20 -1 35 1 34 -1 33 1 32 -1 31 -1 30 -1 0
2  10 1 11 1 12 1 13 -1 0
2  17 -1 13 1 12 -1 11 -1 10 -1 0
2  20 1 21 1 22 1 23 1 24 1 25 1 26 1 27 1 9 1 10 1 11 1 12 1 13 -1 0
2  30 1 31 1 32 1 33 -1 34 1 35 -1 20 1 21 1 22 1 23 1 24 1 25 1 26 1 27 1 9 1 10 1 11 1 12 1 13 -1 0
2  17 -1 13 1 12 -1 11 -1 10 -1 9 -1 27 -1 26 -1 25 -1 24 -1 23 -1 22 -1 21 -1 20 -1 35 1 34 -1 33 1 32 -1 31 -1 30 -1 0
2  33 -1 34 1 35 -1 20 1 21 1 22 1 23 1 36 1 37 1 26 1 27 1 9 1 10 1 11 1 12 1 13 -1 0
2  9 1 10 1 11 1 12 1 13 -1 0
2  17 -1 13 1 12 -1 11 -1 10 -1 9 -1 0
2  17 -1 13 1 12 -1 11 -1 10 -1 9 -1 27 -1 26 -1 37 -1 36 -1 23 -1 22 -1 21 -1 20 -1 35 1 34 -1 33 1 0
2  34 1 35 -1 20 1 21 1 22 1 23 1 36 1 37 1 26 1 27 1 9 1 10 1 11 1 12 1 13 -1 0
2  17 -1 13 1 12 -1 11 -1 10 -1 9 -1 27 -1 26 -1 37 -1 36 -1 23 -1 22 -1 21 -1 20 -1 35 1 34 -1 0
2  8 1 9 1 0
2  33 -1 34 1 35 -1 20 1 21 1 22 1 23 1 24 1 25 1 26 1 27 1 0
2  17 -1 13 1 12 -1 11 -1 10 -1 9 -1 27 -1 26 -1 25 -1 24 -1 23 -1 22 -1 21 -1 20 -1 35 1 34 -1 33 1 0
2  30 1 31 1 32 1 33 -1 34 1 35 -1 20 1 21 1 22 1 23 1 24 1 25 1 26 1 27 1 0
2  34 1 35 -1 20 1 21 1 22 1 23 1 24 1 25 1 26 1 27 1 0
2  17 -1 13 1 12 -1 11 -1 10 -1 9 -1 27 -1 26 -1 25 -1 24 -1 23 -1 22 -1 21 -1 20 -1 35 1 34 -1 0
2  34 1 35 -1 20 1 21 1 22 1 23 1 36 1 37 1 26 1 27 1 0
1
              1               0               0               0 
              0               1               0               0 
              0               0               1               0 
1
-0.104528463267654 3.15290077076531e-15 0.994521895368273 8.10042656121277 
0.994521895368273 -1.15152152989207e-16 0.104528463267654 0.851389139042043 
4.44089209850062e-16               1 -3.12359217285568e-15 -2.76126251354255e-14 
2  58 1 59 1 0
2  17 -1 13 1 12 -1 11 -1 10 -1 59 -1 58 -1 0
1
              1               0               0 -14.9178284305241 
              0               1               0 -1.5679269490148 
              0               0               1 4.66293670342566e-14 
2  58 1 59 1 62 1 0
2  17 -1 13 1 12 -1 11 -1 10 -1 62 -1 59 -1 58 -1 0
2  34 1 35 -1 20 1 21 1 22 1 23 1 24 1 25 1 26 1 27 1 9 1 10 1 11 1 12 1 13 -1 0
1
              1               0               0               0 
              0               1               0               0 
              0               0               1               0 
2  1 1 2 1 3 1 4 1 5 1 66 1 0
2  5 -1 4 -1 3 -1 2 -1 1 -1 13 1 12 -1 15 -1 9 -1 8 -1 0
2  5 -1 4 -1 3 -1 2 -1 1 -1 13 1 12 -1 11 -1 10 -1 9 -1 8 -1 0
2  5 -1 4 -1 3 -1 2 -1 1 -1 13 1 12 -1 15 -1 9 -1 27 -1 26 -1 25 -1 24 -1 23 -1 22 -1 21 -1 20 -1 0
2  5 -1 4 -1 3 -1 2 -1 1 -1 13 1 12 -1 15 -1 9 -1 27 -1 26 -1 37 -1 36 -1 23 -1 22 -1 21 -1 20 -1 35 1 34 -1 33 1 32 -1 31 -1 30 -1 0
2  5 -1 4 -1 3 -1 2 -1 1 -1 13 1 12 -1 11 -1 10 -1 0
2  5 -1 4 -1 3 -1 2 -1 1 -1 13 1 12 -1 11 -1 10 -1 9 -1 27 -1 26 -1 25 -1 24 -1 23 -1 22 -1 21 -1 20 -1 35 1 34 -1 33 1 32 -1 31 -1 30 -1 0
2  5 -1 4 -1 3 -1 2 -1 1 -1 13 1 12 -1 11 -1 10 -1 9 -1 0
2  5 -1 4 -1 3 -1 2 -1 1 -1 13 1 12 -1 11 -1 10 -1 9 -1 27 -1 26 -1 37 -1 36 -1 23 -1 22 -1 21 -1 20 -1 35 1 34 -1 33 1 0
2  5 -1 4 -1 3 -1 2 -1 1 -1 13 1 12 -1 11 -1 10 -1 9 -1 27 -1 26 -1 37 -1 36 -1 23 -1 22 -1 21 -1 20 -1 35 1 34 -1 0
2  5 -1 4 -1 3 -1 2 -1 1 -1 13 1 12 -1 11 -1 10 -1 9 -1 27 -1 26 -1 25 -1 24 -1 23 -1 22 -1 21 -1 20 -1 35 1 34 -1 33 1 0
2  5 -1 4 -1 3 -1 2 -1 1 -1 13 1 12 -1 11 -1 10 -1 9 -1 27 -1 26 -1 25 -1 24 -1 23 -1 22 -1 21 -1 20 -1 35 1 34 -1 0
2  5 -1 4 -1 3 -1 2 -1 1 -1 13 1 12 -1 11 -1 10 -1 59 -1 58 -1 0
2  5 -1 4 -1 3 -1 2 -1 1 -1 13 1 12 -1 11 -1 10 -1 62 -1 59 -1 58 -1 0
Curve2ds 10
7 0 0  8 9 2  3.1383779813862889 -49.894999999999996  2.7464825677384406 -50.106547895963367  2.3545871540893586 -50.317792862995702  1.9626917404439155 -50.479206973192049  1.5707963267914238 -50.541495771933114  1.1789009131416606 -50.479206973250257  0.78700549949826382 -50.31779286301753  0.39511008585135093 -50.106547895963367  0.0032146722035026154 -49.894999999999996 
 1.5740109989984006 9 4.7091743081811863 9
7 0 0  7 14 3  0.0032146722034400205 -29.32019955302858  0.22715490857364806 -29.193560517250315  0.45109514494384939 -29.048246035360535  0.67503538131404639 -28.89462781498878  0.89897561768430023 -28.74537780130413  1.1229158540544972 -28.61332751592181  1.3468560904246869 -28.508412596137042  1.7947365631651031 -28.364635253886938  2.0186767995351147 -28.325773406019835  2.2426170359065054 -28.325819786939974  2.466557272275395 -28.366632779823703  2.6904975086462173 -28.444703555364867  2.9144377450161452 -28.551991599843404  3.1383779813863533 -28.67816843939212 
 4.1985162482513854 8 5.7660979028428416 6 7.3336795574342979 8
1 6.2831853071795862 -49.999999999999993 -1 0 
1 6.2831853071795862 -49.999999999999993 -1 0 
1 6.2831853071795862 -47.299999999999997 -1 0 
1 0 0 0 -1 
1 6.2831853071795862 0 0 -1 
7 0 0  5 6 2  0.39430547040446384 -29.18576987262454  0.31544437632357086 -29.195495356796329  0.23658328224268166 -29.202916838652641  0.15772218816178407 -29.20790807682954  0.078861094080893382 -29.210403577310792  4.2294210461910698e-16 -29.210403577310792 
 2.7472871831853141 6 3.1415926535897789 6
7 0 0  7 14 3  6.2831853071795862 -29.210403577310792  6.0306211554657114 -29.210403577310792  5.7780570037518757 -29.186512673650213  5.5254928520373809 -29.138737315457547  5.2729287003245631 -29.070784819807159  5.0203645486100967 -28.99019870210941  4.7678003968963383 -28.906012975473203  4.2626720934685869 -28.746999314827306  4.0101079417544483 -28.672172994002722  3.7575437900404935 -28.610303161476622  3.5049796383266525 -28.56897146645133  3.2524154866128114 -28.552766206636988  2.9998513348992049 -28.561855569901532  2.7472871831853296 -28.593002850933857 
 3.1415926535897789 8 4.9095417155869061 6 6.6774907775840351 8
1 6.2831853071795862 -32.299999999999997 -1 0 
Curves 270
1 -29.274387216077592 -40.389380024658287 -10 0.9945218953682734 0.10452846326765333 6.1629758220391547e-32 
1 -29.902904975736554 -42.187020708230165 -6.6503021254996932 0.42279400431050468 -0.38068543138605687 0.82238910027401313 
1 -29.164632329646555 -41.433628014794976 -7.9576139999999995 0.99452189536827351 0.10452846326765317 -5.4817261840867104e-16 
1 -12.845225934568614 -40.466374302367001 -6.5106565070055664 -0.37007551142837919 -0.45700519676615992 0.80882035457185864 
1 -10.974290646450045 -41.105421603273783 -10 0.10452846326765339 -0.9945218953682734 0 
1 -10.532156852059948 -70.424820773581786 -10 -0.9945218953682734 -0.10452846326765342 1.6640034719505718e-31 
1 -13.858920434562297 -68.906721677724306 -10 -0.19080899537654397 -0.9816271834476642 2.3263744036642471e-47 
1 -19.332715989377931 -83.309745538410965 -10 -0.98162718344766409 0.19080899537654419 2.311115933264683e-31 
1 -35.151394301331919 -77.560774633725799 -10 0.19080899537654453 0.98162718344766409 -2.0526832973508063e-48 
1 -31.625 -59.671807420432408 -10 0 1 0 
1 -62.279151296839622 3.055373784685111 -7 1 0 0 
1 -44.279151296839622 3.055373784685111 -7 0 1 0 
1 -62.279151296839622 21.055373784685116 -7 1 0 0 
1 -62.279151296839622 3.055373784685111 -7 0 1 0 
1 -38 -66 -7 0 1 0 
1 -24 -66 -7 -1 0 0 
1 -24 -52 -7 0 -1 0 
1 -38 -52 -7 1 0 0 
1 -31.808108695634367 -59.401417306894416 -10.35617012994469 -0.45677815557070661 0.043982733837330777 -0.88849267623184047 
1 -30.575000000000003 -59.671807420432408 -7.9576139999999995 -1.8058029077948654e-16 1 -3.5125205501328778e-16 
1 -12.183170966233288 -39.6488045044998 -7.9576139999999995 -1.2801044796052554e-17 1.2179380558447171e-16 1 
1 -29.164632329646555 -41.433628014794976 -6 0.9945218953682734 0.10452846326765333 -6.1629758220391547e-32 
1 -30.575000000000003 -41.581863630230899 -7.7637312404917509 -3.9734939683789073e-33 1.2313924960836246e-16 1 
1 -10.945881851526112 -67.701367286031214 -4.6474311623126248 -0.4570051967661603 0.37007551142837947 0.8088203545718583 
1 -12.018538636586735 -41.215176489704824 -7.9576139999999995 0.10452846326765383 -0.9945218953682734 -2.0816681711721685e-16 
3 -10.170701826765026 -59.817281736971147 -7.7499999999999591 0.88448134064689099 0.092962734915451983 0.4572206119200205 -0.45471590956814051 -0.047792567938296011 0.88935331113988791 0.10452846326765372 -0.99452189536827329 6.9388939039072268e-18 1.1806331486574317 1.05
1 -12.018538636586735 -41.215176489704824 -7.9576139999999995 0.10452846326765383 -0.9945218953682734 -2.0816681711721685e-16 
1 -10.641911738490986 -69.380572783445103 -7.9576139999999995 -0.99452189536827351 -0.10452846326765255 -9.0205620750793989e-16 
1 -14.1259961962015 -70.926438502469395 -10.239661957934162 0.36399664408546567 -0.39723263205115483 -0.84244446649511007 
1 -14.889628977182344 -68.706372232578929 -7.9576139999999995 -0.19080899537654417 -0.98162718344766409 -5.6898930012039273e-16 
1 -17.973434105878397 -82.005616778954476 -7.0054119206158116 -0.32883663501484806 0.48752036009008398 0.8088203545718583 
1 -19.132366544232561 -82.279036995790918 -7.9576139999999995 -0.98162718344766398 0.19080899537654555 -1.1102230246251565e-15 
1 -33.701089233190771 -78.821459352056934 -6.7628982052943263 0.48752036009008354 0.32883663501484756 0.80882035457185875 
1 -34.120685758711872 -77.761124078871177 -7.9576139999999995 0.19080899537654428 0.9816271834476642 -3.1918911957973251e-16 
3 -30.948517904372199 -62.001118206298933 -7.750000000000024 -0.87301338590410216 0.16969661183340534 0.4572206119200205 -0.47915717534954577 -0.47311883751854988 -0.73930167516118939 0.090862695003505412 -0.86450079555623238 0.4943504274695647 1.234578350986546 1.05
1 -34.120685758711872 -77.761124078871177 -7.9576139999999995 0.19080899537654428 0.9816271834476642 -3.1918911957973251e-16 
1 -69.279151296839615 -3.9446262153148943 -6.9999990463256836 0 1 0 
1 -55.279151296839615 -3.9446262153148943 -6.9999990463256836 -1 -0 -0 
1 -55.279151296839615 10.055373784685113 -6.9999990463256836 -0 -1 -0 
1 -69.279151296839615 10.055373784685113 -6.9999990463256836 1 0 0 
1 -29 -59.004286389595251 -6 0 1 0 
1 -38 -52 2 -0 -0 -1 
1 -38 -66 2 -0 -0 -1 
1 -18.300674264254571 -57 -6 -1 -0 -0 
1 -26 -58.5 5 -0 -0 -1 
1 -26.25 -58.5 0.5 -1 -0 -0 
1 -31 -58.5 5 -0 -0 -1 
1 -18.300674264254571 -57 -6 -1 -0 -0 
1 -24 -66 2 -0 -0 -1 
1 -15 -52.004286389595258 -6 -0 -1 -0 
1 -24 -52 2 -0 -0 -1 
1 -25.300674264254571 -43 -6 1 0 0 
1 -31 -44.5 5 0 0 1 
1 -33.25 -44.5 0.5 1 0 0 
1 -26 -44.5 5 0 0 1 
1 -25.300674264254571 -43 -6 1 0 0 
1 -30.574999999999999 -59.671807420432408 -6 0 1 0 
1 -30.574999999999996 -59.520152169521246 -7.9576139999999995 3.9734939683789073e-33 2.0441854352457554e-32 -1 
1 -12.018538636586735 -41.215176489704824 -6 0.10452846326765339 -0.9945218953682734 0 
1 -9.0755397532859448 -69.215940453798552 -7.9576140000000013 1.28010447960523e-17 -1.2179380558447211e-16 1 
2 -10.064551225348708 -59.806124859186298 -7.7499999999999583 0.99452189536827329 0.10452846326765372 3.1235921728556804e-15 -0.10452846326765372 0.99452189536827329 -4.4408920985006247e-16 -3.1529007707653082e-15 1.1515215298920732e-16 1 1.05
2 -10.064551225348708 -59.806124859186298 -7.7499999999999583 0.99452189536827329 0.10452846326765372 3.1235921728556804e-15 -0.10452846326765372 0.99452189536827329 -4.4408920985006247e-16 -3.1529007707653082e-15 1.1515215298920732e-16 1 1.05
1 -34.120685758711872 -77.761124078871177 -6 0.19080899537654453 0.98162718344766409 2.0526832973508063e-48 
1 -10.641911738490986 -69.380572783445103 -6 -0.9945218953682734 -0.10452846326765342 -1.6640034719505718e-31 
1 -19.132366544232561 -82.279036995790918 -6 -0.98162718344766409 0.19080899537654419 -2.311115933264683e-31 
1 -14.889628977182346 -68.706372232578929 -6 -0.19080899537654397 -0.9816271834476642 -2.3263744036642471e-47 
1 -30.354701538937665 -69.03858749303852 -6 0.19080852523331637 0.98162727483413326 0 
1 -21.840737817504493 -80.425019988676269 -6 -0.98162727483413326 0.19080852523331637 0 
1 -20.736692635246037 -76.055399383230991 -6 0.98162727483413326 -0.19080852523331637 0 
1 -15.276260014626583 -64.838515922466016 -6 -0.19080852523331637 -0.98162727483413326 -0 
1 -30.41619599457977 -66.734521862045057 -6 0.19080852523331637 0.98162727483413326 0 
1 -20.736692635246037 -76.055399383230991 -6 0.98162727483413326 -0.19080852523331637 0 
1 -19.782650009079454 -71.147263009060339 -6 0.98162727483413326 -0.19080852523331637 0 
1 -15.691786872067771 -69.596649740544805 -6 0.19080852523331637 0.98162727483413326 0 
1 -30.354701538937665 -69.03858749303852 -6 0.19080852523331637 0.98162727483413326 0 
1 -19.782650009079454 -71.147263009060339 -6 0.98162727483413326 -0.19080852523331637 0 
1 -26.040809388076998 -65.346578464365194 -6 0.98162727483413326 -0.19080852523331637 0 
1 -15.276260014626583 -64.838515922466016 -6 -0.19080852523331637 -0.98162727483413326 -0 
1 -17.373632585696278 -58.663874534889558 -6 0.99452189536827329 0.10452846326765362 0 
1 -12.75028627303141 -60.083347818519421 -6 0.10452846326765391 -0.99452189536827329 0 
1 -16.976424425279184 -62.443057737288996 -6 -0.99452189536827329 -0.10452846326765362 -0 
1 -27.66811470355551 -61.651274767534225 -6 0.10452846326765391 -0.99452189536827329 0 
1 -24.5 -59.254286389595251 -6 -0 -1 -0 
1 -23.050674264254571 -42.5 -6 1 0 0 
1 -24.5 -59.254286389595251 -6 -0 -1 -0 
1 -19.5 -59.254286389595251 -6 -0 -1 -0 
1 -23.050674264254571 -57.5 -6 1 0 0 
1 -19.5 -59.254286389595251 -6 -0 -1 -0 
2 -12.749760342843047 -60.088351710008958 -7.7499999999999662 0.99452189536827329 0.10452846326765372 3.1235921728556804e-15 -0.10452846326765372 0.99452189536827329 -4.4408920985006247e-16 -3.1529007707653082e-15 1.1515215298920732e-16 1 1.05
1 -59.900400880193402 -63.988300032432292 -7.7500000000001155 0.99452189536827329 0.10452846326765364 3.1086244689504383e-15 
1 -15.11200516339904 -69.850398534436195 -7.9576139999999995 2.4435058382731484e-17 1.2570747773335194e-16 -1 
1 -17.586303730302497 -82.57956116350897 -7.9576140000000004 -2.3367362543640628e-17 -1.2021465881652226e-16 1 
1 -34.421209926429924 -79.307186892801212 -7.9576139999999995 -2.3367362543640893e-17 -1.2021465881652221e-16 1 
3 -31.059518713219365 -62.012784861426681 -7.7500000000000249 0.98162718344766409 -0.19080899537654444 -9.6047222676594146e-16 -0.19080899537654444 -0.98162718344766409 -1.3825196713599831e-14 1.6951462490651306e-15 1.3754455651257186e-14 -1 1.0979763443115054 1.05
3 -31.059518713219365 -62.012784861426681 -7.7500000000000249 0.98162718344766409 -0.19080899537654444 -9.6047222676594146e-16 -0.19080899537654444 -0.98162718344766409 -1.3825196713599831e-14 1.6951462490651306e-15 1.3754455651257186e-14 -1 1.0979763443115054 1.05
1 -59.900400880193402 -63.988300032432292 -7.7500000000001155 0.99452189536827329 0.10452846326765364 3.1086244689504383e-15 
2 -27.667588773367143 -61.656278659023769 -7.7500000000000142 0.99452189536827329 0.10452846326765372 3.1235921728556804e-15 -0.10452846326765372 0.99452189536827329 -4.4408920985006247e-16 -3.1529007707653082e-15 1.1515215298920732e-16 1 1.05
1 -69.279151296839615 10.055373784685113 2.0000009536743164 -0 -0 -1 
1 -69.279151296839615 -3.9446262153148943 2.0000009536743164 -0 -0 -1 
1 -57.279151296839615 3.5553737846851092 5.0000009536743164 -0 -0 -1 
1 -57.529151296839615 3.5553737846851092 0.50000095367431641 -1 -0 -0 
1 -62.279151296839615 3.5553737846851092 5.0000009536743164 -0 -0 -1 
1 -55.279151296839615 -3.9446262153148943 2.0000009536743164 -0 -0 -1 
1 -55.279151296839615 10.055373784685113 2.0000009536743164 -0 -0 -1 
1 -62.279151296839615 17.555373784685116 5.0000009536743164 0 0 1 
1 -64.529151296839615 17.555373784685116 0.50000095367431641 1 0 0 
1 -57.279151296839615 17.555373784685116 5.0000009536743164 0 0 1 
1 -26 -59 0.5 0 1 0 
1 -26 -59 5 -0 -0 -1 
1 -31 -59 0.5 0 1 0 
1 -31 -59 0.5 1 0 0 
1 -31 -59 5 -0 -0 -1 
1 -31 -59 0.5 0 1 0 
1 -31 -44 5 -0 -0 -1 
1 -31 -44 0.5 1 0 0 
1 -26 -59 0.5 0 1 0 
1 -26 -44 5 -0 -0 -1 
1 -62.279151296839615 3.0553737846851092 0.50000095367431641 0 1 0 
1 -62.279151296839615 18.055373784685116 5.0000009536743164 -0 -0 -1 
1 -57.279151296839615 18.055373784685116 5.0000009536743164 -0 -0 -1 
1 -62.279151296839615 18.055373784685116 0.50000095367431641 1 0 0 
1 -62.279151296839615 3.0553737846851092 0.50000095367431641 0 1 0 
1 -62.279151296839615 3.0553737846851092 5.0000009536743164 -0 -0 -1 
1 -57.279151296839615 3.0553737846851092 0.50000095367431641 0 1 0 
1 -57.279151296839615 3.0553737846851092 5.0000009536743164 -0 -0 -1 
1 -62.279151296839615 3.0553737846851092 0.50000095367431641 1 0 0 
1 -57.279151296839615 3.0553737846851092 0.50000095367431641 0 1 0 
1 -56.526468576525289 -4.6500000000000012 -27.105904861484703 -8.8817841970012513e-16 -1 6.2471843457113615e-15 
1 -12.948364423051578 -58.198760108809246 -9.6499999999999684 -0.99452189536827329 -0.10452846326765362 -3.1086244689504379e-15 
1 -56.526468576525289 -4.6500000000000945 -27.105904861484703 -8.8817841970012513e-16 -1 6.2471843457113615e-15 
1 -60.326468576525293 -9.6499999999999968 -27.105904861484671 8.8817841970012513e-16 1 -6.2471843457113615e-15 
1 -56.526468576525296 -9.6500000000000004 -27.105904861484671 -1 8.8817841970012513e-16 5.5511151231257827e-17 
1 -60.326468576525293 -9.6500000000000909 -27.105904861484671 8.8817841970012513e-16 1 -6.2471843457113615e-15 
1 -12.551156262634493 -61.977943311208683 -9.6499999999999666 -0.99452189536827329 -0.10452846326765362 -3.1086244689504379e-15 
1 -56.526468576525296 -9.6500000000000945 -27.105904861484671 -1 8.8817841970012513e-16 5.5511151231257827e-17 
1 -29.274387216077592 -40.389380024658287 -10 0.9945218953682734 0.10452846326765333 -6.1629758220391547e-32 
1 -29.902904975736554 -42.187020708230165 -13.349697874500308 0.42279400431050468 -0.38068543138605687 -0.82238910027401313 
1 -29.164632329646555 -41.433628014794976 -12.042386 0.99452189536827351 0.10452846326765317 5.4817261840867104e-16 
1 -12.845225934568614 -40.466374302367001 -13.489343492994433 -0.37007551142837919 -0.45700519676615992 -0.80882035457185864 
1 -10.974290646450045 -41.105421603273783 -10 0.10452846326765339 -0.9945218953682734 -0 
1 -10.532156852059948 -70.424820773581786 -10 -0.9945218953682734 -0.10452846326765342 -1.6640034719505718e-31 
1 -13.858920434562297 -68.906721677724306 -10 -0.19080899537654397 -0.9816271834476642 -2.3263744036642471e-47 
1 -19.332715989377931 -83.309745538410965 -10 -0.98162718344766409 0.19080899537654419 -2.311115933264683e-31 
1 -35.151394301331919 -77.560774633725799 -10 0.19080899537654453 0.98162718344766409 2.0526832973508063e-48 
1 -31.625 -59.671807420432408 -10 -0 1 -0 
1 -62.279151296839636 3.0553737846851119 -6.9999990463256836 1 -0 -0 
1 -44.279151296839629 3.0553737846851119 -6.9999990463256836 -0 1 -0 
1 -62.279151296839636 21.05537378468512 -6.9999990463256836 1 -0 -0 
1 -62.279151296839636 3.0553737846851119 -6.9999990463256836 -0 1 -0 
1 -38 -66 -7 -0 1 -0 
1 -24 -66 -7 -1 -0 -0 
1 -24 -52 -7 -0 -1 -0 
1 -38 -52 -7 1 -0 -0 
1 -31.808108695634367 -59.401417306894416 -9.6438298700553098 -0.45677815557070661 0.043982733837330777 0.88849267623184047 
1 -30.575000000000003 -59.671807420432408 -12.042386 -1.8058029077948654e-16 1 3.5125205501328778e-16 
1 -12.183170966233288 -39.6488045044998 -12.042386 -1.2801044796052554e-17 1.2179380558447171e-16 -1 
1 -29.164632329646555 -41.433628014794976 -14 0.9945218953682734 0.10452846326765333 6.1629758220391547e-32 
1 -30.575000000000003 -41.581863630230899 -12.236268759508249 -3.9734939683789073e-33 1.2313924960836246e-16 -1 
1 -10.945881851526112 -67.701367286031214 -15.352568837687375 -0.4570051967661603 0.37007551142837947 -0.8088203545718583 
1 -12.018538636586735 -41.215176489704824 -12.042386 0.10452846326765383 -0.9945218953682734 2.0816681711721685e-16 
3 -10.170701826765026 -59.817281736971147 -12.250000000000041 -0.88448134064689099 -0.092962734915451983 0.4572206119200205 -0.45471590956814051 -0.047792567938296011 -0.88935331113988791 0.10452846326765372 -0.99452189536827329 -6.9388939039072268e-18 1.1806331486574317 1.05
1 -12.018538636586735 -41.215176489704824 -12.042386 0.10452846326765383 -0.9945218953682734 2.0816681711721685e-16 
1 -10.641911738490986 -69.380572783445103 -12.042386 -0.99452189536827351 -0.10452846326765255 9.0205620750793989e-16 
1 -14.1259961962015 -70.926438502469395 -9.7603380420658379 0.36399664408546567 -0.39723263205115483 0.84244446649511007 
1 -14.889628977182344 -68.706372232578929 -12.042386 -0.19080899537654417 -0.98162718344766409 5.6898930012039273e-16 
1 -17.973434105878397 -82.005616778954476 -12.994588079384188 -0.32883663501484806 0.48752036009008398 -0.8088203545718583 
1 -19.132366544232561 -82.279036995790918 -12.042386 -0.98162718344766398 0.19080899537654555 1.1102230246251565e-15 
1 -33.701089233190771 -78.821459352056934 -13.237101794705673 0.48752036009008354 0.32883663501484756 -0.80882035457185875 
1 -34.120685758711872 -77.761124078871177 -12.042386 0.19080899537654428 0.9816271834476642 3.1918911957973251e-16 
3 -30.948517904372199 -62.001118206298933 -12.249999999999975 0.87301338590410216 -0.16969661183340534 0.4572206119200205 -0.47915717534954577 -0.47311883751854988 0.73930167516118939 0.090862695003505412 -0.86450079555623238 -0.4943504274695647 1.234578350986546 1.05
1 -34.120685758711872 -77.761124078871177 -12.042386 0.19080899537654428 0.9816271834476642 3.1918911957973251e-16 
1 -69.279151296839629 -3.9446262153148952 -7 -0 1 -0 
1 -55.279151296839629 -3.9446262153148952 -7 -1 -0 0 
1 -55.279151296839629 10.055373784685115 -7 -0 -1 0 
1 -69.279151296839629 10.055373784685115 -7 1 -0 -0 
1 -29 -59.004286389595251 -14 -0 1 -0 
1 -38 -52 -10 -0 -0 1 
1 -38 -66 -10 -0 -0 1 
1 -18.300674264254571 -57 -14 -1 -0 0 
1 -26 -58.5 -7 -0 -0 1 
1 -26.25 -58.5 -2.5 -1 -0 0 
1 -31 -58.5 -7 -0 -0 1 
1 -18.300674264254571 -57 -14 -1 -0 0 
1 -24 -66 -10 -0 -0 1 
1 -15 -52.004286389595258 -14 -0 -1 0 
1 -24 -52 -10 -0 -0 1 
1 -25.300674264254571 -43 -14 1 -0 -0 
1 -31 -44.5 -7 -0 -0 -1 
1 -33.25 -44.5 -2.5 1 -0 -0 
1 -26 -44.5 -7 -0 -0 -1 
1 -25.300674264254571 -43 -14 1 -0 -0 
1 -30.574999999999999 -59.671807420432408 -14 -0 1 -0 
1 -30.574999999999996 -59.520152169521246 -12.042386 3.9734939683789073e-33 2.0441854352457554e-32 1 
1 -12.018538636586735 -41.215176489704824 -14 0.10452846326765339 -0.9945218953682734 -0 
1 -9.0755397532859448 -69.215940453798552 -12.042385999999999 1.28010447960523e-17 -1.2179380558447211e-16 -1 
2 -10.064551225348708 -59.806124859186298 -12.250000000000043 -0.99452189536827329 -0.10452846326765372 3.1235921728556804e-15 -0.10452846326765372 0.99452189536827329 4.4408920985006247e-16 -3.1529007707653082e-15 1.1515215298920732e-16 -1 1.05
2 -10.064551225348708 -59.806124859186298 -12.250000000000043 -0.99452189536827329 -0.10452846326765372 3.1235921728556804e-15 -0.10452846326765372 0.99452189536827329 4.4408920985006247e-16 -3.1529007707653082e-15 1.1515215298920732e-16 -1 1.05
1 -34.120685758711872 -77.761124078871177 -14 0.19080899537654453 0.98162718344766409 -2.0526832973508063e-48 
1 -10.641911738490986 -69.380572783445103 -14 -0.9945218953682734 -0.10452846326765342 1.6640034719505718e-31 
1 -19.132366544232561 -82.279036995790918 -14 -0.98162718344766409 0.19080899537654419 2.311115933264683e-31 
1 -14.889628977182346 -68.706372232578929 -14 -0.19080899537654397 -0.9816271834476642 2.3263744036642471e-47 
1 -30.354701538937665 -69.03858749303852 -14 0.19080852523331637 0.98162727483413326 -0 
1 -21.840737817504493 -80.425019988676269 -14 -0.98162727483413326 0.19080852523331637 -0 
1 -20.736692635246037 -76.055399383230991 -14 0.98162727483413326 -0.19080852523331637 -0 
1 -15.276260014626583 -64.838515922466016 -14 -0.19080852523331637 -0.98162727483413326 0 
1 -30.41619599457977 -66.734521862045057 -14 0.19080852523331637 0.98162727483413326 -0 
1 -20.736692635246037 -76.055399383230991 -14 0.98162727483413326 -0.19080852523331637 -0 
1 -19.782650009079454 -71.147263009060339 -14 0.98162727483413326 -0.19080852523331637 -0 
1 -15.691786872067771 -69.596649740544805 -14 0.19080852523331637 0.98162727483413326 -0 
1 -30.354701538937665 -69.03858749303852 -14 0.19080852523331637 0.98162727483413326 -0 
1 -19.782650009079454 -71.147263009060339 -14 0.98162727483413326 -0.19080852523331637 -0 
1 -26.040809388076998 -65.346578464365194 -14 0.98162727483413326 -0.19080852523331637 -0 
1 -15.276260014626583 -64.838515922466016 -14 -0.19080852523331637 -0.98162727483413326 0 
1 -17.373632585696278 -58.663874534889558 -14 0.99452189536827329 0.10452846326765362 -0 
1 -12.75028627303141 -60.083347818519421 -14 0.10452846326765391 -0.99452189536827329 -0 
1 -16.976424425279184 -62.443057737288996 -14 -0.99452189536827329 -0.10452846326765362 0 
1 -27.66811470355551 -61.651274767534225 -14 0.10452846326765391 -0.99452189536827329 -0 
1 -24.5 -59.254286389595251 -14 -0 -1 0 
1 -23.050674264254571 -42.5 -14 1 -0 -0 
1 -24.5 -59.254286389595251 -14 -0 -1 0 
1 -19.5 -59.254286389595251 -14 -0 -1 0 
1 -23.050674264254571 -57.5 -14 1 -0 -0 
1 -19.5 -59.254286389595251 -14 -0 -1 0 
2 -12.749760342843047 -60.088351710008958 -12.250000000000034 -0.99452189536827329 -0.10452846326765372 3.1235921728556804e-15 -0.10452846326765372 0.99452189536827329 4.4408920985006247e-16 -3.1529007707653082e-15 1.1515215298920732e-16 -1 1.05
1 -59.900400880193402 -63.988300032432292 -12.249999999999885 0.99452189536827329 0.10452846326765364 -3.1086244689504383e-15 
1 -15.11200516339904 -69.850398534436195 -12.042386 2.4435058382731484e-17 1.2570747773335194e-16 1 
1 -17.586303730302497 -82.57956116350897 -12.042386 -2.3367362543640628e-17 -1.2021465881652226e-16 -1 
1 -34.421209926429924 -79.307186892801212 -12.042386 -2.3367362543640893e-17 -1.2021465881652221e-16 -1 
3 -31.059518713219365 -62.012784861426681 -12.249999999999975 -0.98162718344766409 0.19080899537654444 -9.6047222676594146e-16 -0.19080899537654444 -0.98162718344766409 1.3825196713599831e-14 1.6951462490651306e-15 1.3754455651257186e-14 1 1.0979763443115054 1.05
3 -31.059518713219365 -62.012784861426681 -12.249999999999975 -0.98162718344766409 0.19080899537654444 -9.6047222676594146e-16 -0.19080899537654444 -0.98162718344766409 1.3825196713599831e-14 1.6951462490651306e-15 1.3754455651257186e-14 1 1.0979763443115054 1.05
1 -59.900400880193402 -63.988300032432292 -12.249999999999885 0.99452189536827329 0.10452846326765364 -3.1086244689504383e-15 
2 -27.667588773367143 -61.656278659023769 -12.249999999999986 -0.99452189536827329 -0.10452846326765372 3.1235921728556804e-15 -0.10452846326765372 0.99452189536827329 4.4408920985006247e-16 -3.1529007707653082e-15 1.1515215298920732e-16 -1 1.05
1 -69.279151296839629 10.055373784685115 -10 -0 -0 1 
1 -69.279151296839629 -3.9446262153148952 -10 -0 -0 1 
1 -57.279151296839629 3.5553737846851101 -7 -0 -0 1 
1 -57.529151296839629 3.5553737846851101 -2.5 -1 -0 0 
1 -62.279151296839629 3.5553737846851101 -7 -0 -0 1 
1 -55.279151296839629 -3.9446262153148952 -10 -0 -0 1 
1 -55.279151296839629 10.055373784685115 -10 -0 -0 1 
1 -62.279151296839629 17.55537378468512 -7 -0 -0 -1 
1 -64.529151296839629 17.55537378468512 -2.5 1 -0 -0 
1 -57.279151296839629 17.55537378468512 -7 -0 -0 -1 
1 -26 -59 -2.5 -0 1 -0 
1 -26 -59 -7 -0 -0 1 
1 -31 -59 -2.5 -0 1 -0 
1 -31 -59 -2.5 1 -0 -0 
1 -31 -59 -7 -0 -0 1 
1 -31 -59 -2.5 -0 1 -0 
1 -31 -44 -7 -0 -0 1 
1 -31 -44 -2.5 1 -0 -0 
1 -26 -59 -2.5 -0 1 -0 
1 -26 -44 -7 -0 -0 1 
1 -62.279151296839629 3.0553737846851101 -2.5 -0 1 -0 
1 -62.279151296839629 18.05537378468512 -7 -0 -0 1 
1 -57.279151296839629 18.05537378468512 -7 -0 -0 1 
1 -62.279151296839629 18.05537378468512 -2.5 1 -0 -0 
1 -62.279151296839629 3.0553737846851101 -2.5 -0 1 -0 
1 -62.279151296839629 3.0553737846851101 -7 -0 -0 1 
1 -57.279151296839629 3.0553737846851101 -2.5 -0 1 -0 
1 -57.279151296839629 3.0553737846851101 -7 -0 -0 1 
1 -62.279151296839629 3.0553737846851101 -2.5 1 -0 -0 
1 -57.279151296839629 3.0553737846851101 -2.5 -0 1 -0 
1 -56.526468576525296 -15.350000000000062 -27.105904861484682 -2.7200181064478274e-31 1 2.3665827156630354e-30 
1 -12.948364423051578 -58.198760108809246 -10.350000000000032 -0.99452189536827329 -0.10452846326765362 3.1086244689504379e-15 
1 -56.526468576525296 -15.35000000000006 -27.105904861484674 -2.7200181064478274e-31 1 2.3665827156630354e-30 
1 -60.326468576525301 -10.350000000000062 -27.105904861484678 2.7200181064478274e-31 -1 -2.3665827156630354e-30 
1 -56.526468576525303 -10.350000000000062 -27.105904861484682 -1 2.4818078183170335e-31 8.3266726846890907e-17 
1 -60.326468576525301 -10.35000000000006 -27.105904861484671 2.7200181064478274e-31 -1 -2.3665827156630354e-30 
1 -12.551156262634493 -61.977943311208683 -10.350000000000033 -0.99452189536827329 -0.10452846326765362 3.1086244689504379e-15 
1 -56.526468576525303 -10.35000000000006 -27.105904861484674 -1 2.4818078183170335e-31 8.3266726846890907e-17 
Polygon3D 0
PolygonOnTriangulations 0
Surfaces 96
1 -29.274387216077592 -40.389380024658287 -10 0.09296273491545122 -0.8844813406468911 -0.45722061192002028 0.047792567938296227 -0.45471590956814034 0.88935331113988803 0.99452189536827351 0.10452846326765317 -5.4817261840867104e-16 
1 -22 -50 0 0 0 1 1 0 0 0 1 0 
1 -31.625 -59.671807420432408 -10 0.88935331113988791 0 -0.45722061192002045 0.45722061192002045 3.9495220922164962e-16 0.88935331113988791 -1.8058029077948654e-16 1 -3.5125205501328778e-16 
1 -21.379085483116643 -40.615334067365346 -6.9788070000000015 -0.10452846326765318 0.9945218953682734 -3.5381221806952416e-16 0.9945218953682734 0.10452846326765318 0 -3.6983447440127153e-17 3.5187399771895604e-16 1 
1 -10.974290646450047 -41.105421603273783 -10 -0.88448134064689099 -0.092962734915451983 -0.45722061192002045 -0.45471590956814051 -0.047792567938296254 0.88935331113988791 0.10452846326765383 -0.99452189536827329 -2.081668171172168e-16 
2 -59.790645993762368 -65.032548022568974 -7.7500000000001146 -0.99452189536827329 -0.10452846326765372 -3.1235921728556804e-15 -0.10452846326765372 0.99452189536827329 -4.4408920985006247e-16 3.1529007707653082e-15 -1.1515215298920742e-16 -1 1.05
1 -10.532156852059948 -70.424820773581786 -10 -0.092962734915450526 0.88448134064689121 -0.45722061192002034 -0.047792567938296268 0.45471590956814034 0.88935331113988803 -0.99452189536827351 -0.10452846326765255 -9.0899510141184692e-16 
1 -13.858920434562297 -68.906721677724306 -10 -0.87301338590410205 0.16969661183340534 -0.45722061192002045 -0.44882018149326725 0.087241805625907373 0.8893533111398878 -0.19080899537654417 -0.98162718344766409 -5.6898930012039273e-16 
1 -19.332715989377931 -83.309745538410965 -10 0.16969661183340681 0.87301338590410194 -0.45722061192002034 0.087241805625907498 0.44882018149326702 0.88935331113988791 -0.98162718344766398 0.19080899537654555 -1.0963452368173421e-15 
1 -35.151394301331919 -77.560774633725799 -10 0.87301338590410205 -0.16969661183340534 -0.45722061192002045 0.44882018149326725 -0.087241805625907651 0.88935331113988791 0.19080899537654428 0.9816271834476642 -3.1918911957973251e-16 
2 -59.790645993762368 -65.032548022568974 -7.7500000000001146 -0.99452189536827329 -0.10452846326765372 -3.1235921728556804e-15 -0.10452846326765372 0.99452189536827329 -4.4408920985006247e-16 3.1529007707653082e-15 -1.1515215298920742e-16 -1 1.05
1 -62.279151296839629 3.0553737846851092 -6.9999990463256836 -0 -0 -1 1 0 0 0 1 0 
1 -38 -66 2 -1 -0 -0 0 1 0 0 0 1 
1 -24 -66 2 -0 -1 -0 -1 -0 -0 0 0 1 
1 -24 -52 2 1 0 0 -0 -1 -0 0 0 1 
1 -38 -52 2 0 1 0 1 0 0 0 0 1 
1 -30.574999999999999 -50.551007899876055 -6.978806999999998 -1 0 1.6654984256653431e-15 1.6654984256653431e-15 0 1 -0 -1 -0 
1 -10.629355359759618 -54.432372479149173 -6.9788070000000006 0.99452189536827329 0.10452846326765364 3.3200330624333833e-15 -0.10452846326765364 0.99452189536827329 0 3.3018455739365814e-15 3.4703795401396355e-16 -1 
1 -21.601348528509142 -61.008572779190509 -6 0 0 1 -1 -0 -0 0 1 0 
1 -12.093772458342492 -69.533169494117374 -6.9788069999999998 0.10452846326765262 -0.9945218953682734 -3.9524500612945592e-16 -0.9945218953682734 -0.10452846326765262 -1.2325951644078309e-32 4.1314353104925954e-17 -3.9307981263071135e-16 1 
1 -16.349154446850765 -76.21497984897259 -6.9788070000000006 0.98162718344766409 -0.19080899537654408 -4.6731250274421007e-16 0.19080899537654408 0.98162718344766409 -2.4651903288156619e-32 -4.5872665585867773e-16 8.9167429175521196e-17 -1 
1 -26.003756828366207 -80.943374028155105 -6.9788070000000033 -0.19080899537654519 -0.98162718344766398 -4.9158832879970142e-15 -0.98162718344766398 0.19080899537654519 0 -9.3799475157105792e-16 -4.8255646661539499e-15 1 
1 -32.498104963214956 -69.413669531161219 -6.9788070000000024 -0.98162718344766409 0.19080899537654444 9.6047222676594126e-16 -0.19080899537654444 -0.98162718344766409 -4.9303806576313238e-32 -9.4282564673995695e-16 1.8326674067628189e-16 -1 
1 -69.279151296839615 -3.9446262153148943 2.0000009536743164 -1 -0 -0 0 1 0 0 0 1 
1 -55.279151296839615 -3.9446262153148943 2.0000009536743164 -0 -1 -0 -1 -0 -0 0 0 1 
