<?xml version='1.0' encoding='utf-8'?>
<!-- FreeCAD DocumentObject -->
<Document SchemaVersion="4" FileVersion="2">
<Object name="Pad001">
  <Properties Count="47" TransientCount="2">
    <_Property name="_Body" type="App::PropertyLinkHidden" status="251658241"/>
    <_Property name="_ElementMapVersion" type="App::PropertyString" status="234881024"/>
    <Property name="AddSubShape" type="Part::PropertyPartShape">
      <Part HasherIndex="0" ElementMap="1.15.70200.4" brep="1">
<![CDATA[

CASCADE Topology V1, (c) Matra-Datavision
Locations 8
1
              1               0               0               0 
              0               1               0               0 
              0               0               1               0 
1
2.22044604925031e-16 -3.33066907387547e-16               1               0 
              1 3.33066907387547e-16 -2.22044604925031e-16               0 
-3.33066907387547e-16               1 3.33066907387547e-16               0 
1
              1               0               0            -3.2 
              0               1               0 1.06581410364015e-15 
              0               0               1 -1.24344978758018e-15 
2  1 1 2 1 3 1 0
1
              1               0               0             7.8 
              0               1               0 -2.59792187762287e-15 
              0               0               1 3.03090885722668e-15 
2  1 1 2 1 3 1 5 1 0
2  1 1 2 1 0
2  3 1 5 1 0
Curve2ds 0
Curves 64
1 -3.2000000000000131 -38.676602948129059 12.88254632540905 1 -3.3306690738754696e-16 3.8857805861880479e-16 
1 -3.2000000000000117 -34.981084818083907 11.351812595948692 1 -3.3306690738754696e-16 3.8857805861880479e-16 
1 -38.676602948129066 12.88254632540904 0 0.92387953251128707 -0.38268343236508928 0 
1 -3.2000000000000113 -35.593378309868058 9.8736053439306328 1 -3.3306690738754696e-16 3.8857805861880479e-16 
1 -35.593378309868058 9.8736053439306222 0 0.38268343236508962 0.92387953251128696 0 
1 -3.2000000000000126 -39.288896439913202 11.40433907339099 1 -3.3306690738754696e-16 3.8857805861880479e-16 
1 -39.288896439913209 11.404339073390979 0 0.92387953251128718 -0.38268343236508889 0 
1 -38.676602948129066 12.88254632540904 0 -0.38268343236508917 -0.92387953251128696 0 
1 -3.2000000000000077 -24.264082240952984 6.9126847805136515 1 -3.3306690738754696e-16 3.8857805861880479e-16 
1 -3.2000000000000064 -20.568564110907836 5.381951051053294 1 -3.3306690738754696e-16 3.8857805861880479e-16 
1 -24.264082240952987 6.9126847805136444 0 0.92387953251128696 -0.38268343236508917 0 
1 -3.2000000000000064 -21.180857602691983 3.9037437990352344 1 -3.3306690738754696e-16 3.8857805861880479e-16 
1 -20.56856411090784 5.3819510510532877 0 -0.38268343236508962 -0.92387953251128696 0 
1 -3.2000000000000077 -24.876375732737127 5.4344775284955933 1 -3.3306690738754696e-16 3.8857805861880479e-16 
1 -24.876375732737131 5.4344775284955862 0 0.92387953251128696 -0.38268343236508939 0 
1 -24.264082240952987 6.9126847805136444 0 -0.38268343236508973 -0.92387953251128674 0 
1 -3.1999999999999975 20.568564110907854 5.3819510510532869 1 -3.3306690738754696e-16 3.8857805861880479e-16 
1 -3.1999999999999966 21.180857602691994 3.9037437990352277 1 -3.3306690738754696e-16 3.8857805861880479e-16 
1 20.56856411090785 5.3819510510532949 0 0.38268343236508973 -0.92387953251128685 0 
1 -3.1999999999999966 24.876375732737145 5.4344775284955862 1 -3.3306690738754696e-16 3.8857805861880479e-16 
1 21.180857602691994 3.9037437990352362 0 0.92387953251128685 0.38268343236508967 0 
1 -3.1999999999999971 24.264082240953002 6.9126847805136444 1 -3.3306690738754696e-16 3.8857805861880479e-16 
1 24.876375732737142 5.4344775284955951 0 -0.38268343236508973 0.92387953251128674 0 
1 24.264082240952998 6.9126847805136533 0 -0.92387953251128696 -0.38268343236508962 0 
1 -3.1999999999999957 38.67660294812908 12.882546325409034 1 -3.3306690738754696e-16 3.8857805861880479e-16 
1 -3.1999999999999953 39.288896439913223 11.404339073390977 1 -3.3306690738754696e-16 3.8857805861880479e-16 
1 38.676602948129073 12.882546325409049 0 0.38268343236508995 -0.92387953251128674 0 
1 -3.1999999999999957 35.593378309868072 9.8736053439306186 1 -3.3306690738754696e-16 3.8857805861880479e-16 
1 39.288896439913216 11.404339073390991 0 -0.92387953251128674 -0.38268343236508989 0 
1 -3.1999999999999962 34.981084818083936 11.351812595948676 1 -3.3306690738754696e-16 3.8857805861880479e-16 
1 35.593378309868072 9.8736053439306328 0 -0.38268343236508995 0.92387953251128674 0 
1 34.981084818083929 11.35181259594869 0 0.92387953251128674 0.38268343236508989 0 
1 -3.200000000000006 -20.028713141472601 3.5950276210875094 1 -3.3306690738754696e-16 3.8857805861880479e-16 
1 -3.2000000000000046 -16.062933695977357 3.0729228522073031 1 -3.3306690738754696e-16 3.8857805861880479e-16 
1 -20.028713141472601 3.5950276210875041 0 0.99144486137381049 -0.13052619222005118 0 
1 -3.2000000000000051 -15.854091788425272 4.6592346304054004 1 -3.3306690738754696e-16 3.8857805861880479e-16 
1 -16.062933695977357 3.0729228522072991 0 0.13052619222005071 0.9914448613738106 0 
1 -3.2000000000000064 -19.819871233920516 5.1813393992856058 1 -3.3306690738754696e-16 3.8857805861880479e-16 
1 -19.819871233920516 5.1813393992856005 0 0.99144486137381049 -0.13052619222005118 0 
1 -20.028713141472601 3.5950276210875041 0 0.13052619222005291 0.99144486137381027 0 
1 -3.2000000000000011 -0.38755195099382872 2.6230260317725942 1 -3.3306690738754696e-16 3.8857805861880479e-16 
1 -3.2000000000000024 -4.3533313964890707 3.1451308006528005 1 -3.3306690738754696e-16 3.8857805861880479e-16 
1 -0.38755195099383066 2.6230260317725955 0 -0.99144486137381049 0.13052619222005124 0 
1 -3.2000000000000015 -4.5621733040411536 1.5588190224547043 1 -3.3306690738754696e-16 3.8857805861880479e-16 
1 -4.3533313964890725 3.1451308006528005 0 -0.13052619222005182 -0.99144486137381049 0 
1 -3.2000000000000006 -0.5963938585459112 1.0367142535744978 1 -3.3306690738754696e-16 3.8857805861880479e-16 
1 -0.59639385854591265 1.0367142535744989 0 -0.99144486137381049 0.13052619222005127 0 
1 -0.38755195099383066 2.6230260317725955 0 -0.13052619222005127 -0.99144486137381049 0 
1 -3.2000000000000011 0.38755195099384238 2.6230260317725942 1 -3.3306690738754696e-16 3.8857805861880479e-16 
1 -3.2000000000000002 4.3533313964890841 3.1451308006528 1 -3.3306690738754696e-16 3.8857805861880479e-16 
1 0.38755195099384043 2.6230260317725955 0 0.99144486137381049 0.1305261922200518 0 
1 -3.1999999999999997 4.5621733040411669 1.5588190224547027 1 -3.3306690738754696e-16 3.8857805861880479e-16 
1 4.3533313964890823 3.1451308006528027 0 0.13052619222005174 -0.99144486137381038 0 
1 -3.2000000000000002 0.5963938585459243 1.0367142535744975 1 -3.3306690738754696e-16 3.8857805861880479e-16 
1 0.59639385854592286 1.0367142535744991 0 0.99144486137381038 0.1305261922200516 0 
1 0.38755195099384043 2.6230260317725955 0 0.13052619222005155 -0.99144486137381049 0 
1 -3.1999999999999975 19.81987123392053 5.1813393992856014 1 -3.3306690738754696e-16 3.8857805861880479e-16 
1 -3.1999999999999984 15.85409178842529 4.6592346304053951 1 -3.3306690738754696e-16 3.8857805861880479e-16 
1 19.81987123392053 5.1813393992856085 0 -0.99144486137381049 -0.13052619222005174 0 
1 -3.1999999999999975 16.062933695977371 3.0729228522072978 1 -3.3306690738754696e-16 3.8857805861880479e-16 
1 16.062933695977371 3.0729228522073044 0 -0.13052619222005285 0.99144486137381027 0 
1 -3.1999999999999971 20.028713141472611 3.5950276210875036 1 -3.3306690738754696e-16 3.8857805861880479e-16 
1 16.062933695977371 3.0729228522073044 0 0.99144486137381038 0.13052619222005185 0 
1 20.028713141472611 3.5950276210875116 0 -0.13052619222005071 0.9914448613738106 0 
Polygon3D 0
PolygonOnTriangulations 0
Surfaces 40
1 -3.2000000000000131 -38.676602948129059 12.88254632540905 -2.3154012781459293e-16 0.38268343236508962 0.92387953251128696 3.3260165312108313e-16 0.92387953251128696 -0.38268343236508962 -1 2.1867728895564746e-16 -3.4119632726962863e-16 
1 -3.2000000000000113 -35.593378309868058 9.8736053439306328 -4.5641608390619421e-16 -0.92387953251128674 0.38268343236508989 -2.2274090714132578e-16 0.38268343236508989 0.92387953251128674 -1 3.3643422335693058e-16 -3.8044863873672327e-16 
1 -3.2000000000000126 -39.288896439913202 11.40433907339099 -2.3154012781459308e-16 0.38268343236508923 0.92387953251128707 3.3260165312108298e-16 0.92387953251128707 -0.38268343236508923 -1 2.1867728895564739e-16 -3.4119632726962863e-16 
1 -3.2000000000000131 -38.676602948129059 12.88254632540905 4.5641608390619411e-16 0.92387953251128685 -0.3826834323650895 2.2274090714132583e-16 -0.3826834323650895 -0.92387953251128685 -1 3.3643422335693063e-16 -3.8044863873672312e-16 
1 -1.9154964095966818e-15 3.6478756523398021e-15 5.751085944326098 1 0 3.3306690738754672e-16 -3.3306690738754672e-16 0 1 0 -1 0 
1 -3.2000000000000077 -24.264082240952984 6.9126847805136515 -2.3154012781459293e-16 0.3826834323650895 0.92387953251128685 3.3260165312108303e-16 0.92387953251128685 -0.3826834323650895 -1 2.1867728895564744e-16 -3.4119632726962863e-16 
1 -3.2000000000000064 -20.568564110907836 5.381951051053294 4.5641608390619421e-16 0.92387953251128674 -0.38268343236508989 2.2274090714132578e-16 -0.38268343236508989 -0.92387953251128674 -1 3.3643422335693058e-16 -3.8044863873672327e-16 
1 -3.2000000000000077 -24.876375732737127 5.4344775284955933 -2.3154012781459284e-16 0.38268343236508973 0.92387953251128685 3.3260165312108318e-16 0.92387953251128685 -0.38268343236508973 -1 2.1867728895564749e-16 -3.4119632726962863e-16 
1 -3.2000000000000077 -24.264082240952984 6.9126847805136515 4.5641608390619431e-16 0.92387953251128663 -0.38268343236509006 2.2274090714132564e-16 -0.38268343236509006 -0.92387953251128663 -1 3.3643422335693068e-16 -3.8044863873672322e-16 
1 -1.9154964095966818e-15 3.6478756523398021e-15 5.751085944326098 1 0 3.3306690738754672e-16 -3.3306690738754672e-16 0 1 0 -1 0 
1 -3.1999999999999975 20.568564110907854 5.3819510510532869 1.5901131347817988e-16 0.92387953251128696 0.38268343236508939 3.9268649024304816e-16 0.38268343236508939 -0.92387953251128696 -1 2.9718191188983638e-16 -3.0194401580253428e-16 
1 -3.1999999999999966 21.180857602691994 3.9037437990352277 -4.8645850246717658e-16 -0.38268343236508934 0.92387953251128696 7.7683278468499412e-17 0.92387953251128696 0.38268343236508934 -1 2.5792960042274179e-16 -4.1970095020381742e-16 
1 -3.1999999999999966 24.876375732737145 5.4344775284955862 -1.5901131347817986e-16 -0.92387953251128696 -0.38268343236508945 -3.9268649024304806e-16 -0.38268343236508945 0.92387953251128696 -1 2.9718191188983628e-16 -3.0194401580253413e-16 
1 -3.1999999999999971 24.264082240953002 6.9126847805136444 4.8645850246717667e-16 0.38268343236508928 -0.92387953251128707 -7.7683278468499547e-17 -0.92387953251128707 -0.38268343236508928 -1 2.5792960042274189e-16 -4.1970095020381737e-16 
1 -1.9154964095966818e-15 3.6478756523398021e-15 5.751085944326098 1 0 3.3306690738754672e-16 -3.3306690738754672e-16 0 1 0 -1 0 
1 -3.1999999999999957 38.67660294812908 12.882546325409034 1.5901131347817974e-16 0.92387953251128685 0.38268343236508962 3.9268649024304836e-16 0.38268343236508962 -0.92387953251128685 -1 2.9718191188983638e-16 -3.0194401580253448e-16 
1 -3.1999999999999953 39.288896439913223 11.404339073390977 4.8645850246717667e-16 0.38268343236508956 -0.92387953251128685 -7.7683278468499313e-17 -0.92387953251128685 -0.38268343236508956 -1 2.5792960042274179e-16 -4.1970095020381747e-16 
1 -3.1999999999999957 35.593378309868072 9.8736053439306186 -1.5901131347817974e-16 -0.92387953251128685 -0.38268343236508962 -3.9268649024304836e-16 -0.38268343236508962 0.92387953251128685 -1 2.9718191188983638e-16 -3.0194401580253448e-16 
1 -3.1999999999999962 34.981084818083936 11.351812595948676 -4.8645850246717667e-16 -0.38268343236508956 0.92387953251128685 7.7683278468499313e-17 0.92387953251128685 0.38268343236508956 -1 2.5792960042274179e-16 -4.1970095020381747e-16 
1 -1.9154964095966818e-15 3.6478756523398021e-15 5.751085944326098 1 0 3.3306690738754672e-16 -3.3306690738754672e-16 0 1 0 -1 0 
1 -3.200000000000006 -20.028713141472601 3.5950276210875094 -3.4177976428442023e-16 0.13052619222005152 0.99144486137381049 2.6361893772450511e-16 0.99144486137381049 -0.13052619222005152 -1 2.1675242995787096e-16 -3.7326496715961507e-16 
1 -3.2000000000000046 -16.062933695977357 3.0729228522073031 -3.8093708819482264e-16 -0.99144486137381049 0.13052619222005102 -3.0123483703918038e-16 0.13052619222005102 0.99144486137381049 -1 3.3835908235470716e-16 -3.4837999884673654e-16 
1 -3.2000000000000064 -19.819871233920516 5.1813393992856058 -3.4177976428442023e-16 0.13052619222005152 0.99144486137381049 2.6361893772450511e-16 0.99144486137381049 -0.13052619222005152 -1 2.1675242995787096e-16 -3.7326496715961507e-16 
1 -3.200000000000006 -20.028713141472601 3.5950276210875094 -3.8093708819482347e-16 -0.99144486137381027 0.13052619222005324 -3.0123483703917983e-16 0.13052619222005324 0.99144486137381027 -1 3.3835908235470721e-16 -3.4837999884673678e-16 
1 -1.9154964095966818e-15 3.6478756523398021e-15 5.751085944326098 1 0 3.3306690738754672e-16 -3.3306690738754672e-16 0 1 0 -1 0 
1 -3.2000000000000011 -0.38755195099382872 2.6230260317725942 3.4177976428442023e-16 -0.13052619222005157 -0.99144486137381049 -2.6361893772450516e-16 -0.99144486137381049 0.13052619222005157 -1 2.1675242995787101e-16 -3.7326496715961512e-16 
1 -3.2000000000000024 -4.3533313964890707 3.1451308006528005 3.8093708819482308e-16 0.99144486137381049 -0.13052619222005216 3.0123483703918008e-16 -0.13052619222005213 -0.99144486137381027 -1 3.3835908235470721e-16 -3.4837999884673673e-16 
1 -3.2000000000000006 -0.5963938585459112 1.0367142535744978 3.4177976428442023e-16 -0.1305261922200516 -0.99144486137381049 -2.6361893772450516e-16 -0.99144486137381049 0.1305261922200516 -1 2.1675242995787099e-16 -3.7326496715961512e-16 
1 -3.2000000000000011 -0.38755195099382872 2.6230260317725942 3.8093708819482283e-16 0.99144486137381038 -0.13052619222005157 3.0123483703918018e-16 -0.13052619222005157 -0.99144486137381038 -1 3.3835908235470716e-16 -3.4837999884673654e-16 
1 -1.9154964095966818e-15 3.6478756523398021e-15 5.751085944326098 1 0 3.3306690738754672e-16 -3.3306690738754672e-16 0 1 0 -1 0 
1 -3.2000000000000011 0.38755195099384238 2.6230260317725942 -4.2872767463603032e-16 -0.13052619222005146 0.99144486137381049 1.7667102737289504e-16 0.99144486137381049 0.13052619222005146 -1 2.3111977311208673e-16 -4.0199965346804665e-16 
1 -3.2000000000000002 4.3533313964890841 3.1451308006528 2.7949785945127777e-16 0.99144486137381049 0.13052619222005143 3.5920011060692032e-16 0.13052619222005143 -0.99144486137381049 -1 3.2399173920049144e-16 -3.196453125383051e-16 
1 -3.2000000000000002 0.5963938585459243 1.0367142535744975 -4.2872767463603027e-16 -0.1305261922200513 0.99144486137381049 1.7667102737289521e-16 0.99144486137381049 0.1305261922200513 -1 2.3111977311208688e-16 -4.019996534680467e-16 
1 -3.2000000000000011 0.38755195099384238 2.6230260317725942 2.7949785945127782e-16 0.99144486137381049 0.13052619222005121 3.5920011060692037e-16 0.13052619222005121 -0.99144486137381049 -1 3.2399173920049144e-16 -3.1964531253830524e-16 
1 -1.9154964095966818e-15 3.6478756523398021e-15 5.751085944326098 1 0 3.3306690738754672e-16 -3.3306690738754672e-16 0 1 0 -1 0 
1 -3.1999999999999975 19.81987123392053 5.1813393992856014 4.2872767463603032e-16 0.13052619222005141 -0.99144486137381049 -1.7667102737289506e-16 -0.99144486137381049 -0.13052619222005141 -1 2.3111977311208673e-16 -4.0199965346804665e-16 
1 -3.1999999999999975 16.062933695977371 3.0729228522072978 -2.7949785945127727e-16 -0.99144486137381027 -0.13052619222005252 -3.5920011060692052e-16 -0.13052619222005252 0.99144486137381027 -1 3.2399173920049134e-16 -3.19645312538305e-16 
1 -3.1999999999999975 16.062933695977371 3.0729228522072978 -4.2872767463603037e-16 -0.13052619222005155 0.99144486137381049 1.7667102737289504e-16 0.99144486137381049 0.13052619222005155 -1 2.3111977311208678e-16 -4.0199965346804665e-16 
1 -3.1999999999999971 20.028713141472611 3.5950276210875036 -2.7949785945127821e-16 -0.9914448613738106 -0.13052619222005038 -3.5920011060692013e-16 -0.13052619222005038 0.9914448613738106 -1 3.2399173920049154e-16 -3.196453125383052e-16 
1 -1.9154964095966818e-15 3.6478756523398021e-15 5.751085944326098 1 0 3.3306690738754672e-16 -3.3306690738754672e-16 0 1 0 -1 0 
Triangulations 0

TShapes 193
Ve
1e-07
-38.6766029481291 12.882546325409 0
0 0

0101101
*
Ed
 1e-07 1 1 0
1  1 0 0 7.8
0

0101000
+193 4 -193 6 *
Ve
1e-07
-34.9810848180839 11.3518125959487 0
0 0

0101101
*
Ed
 1e-07 1 1 0
1  2 0 0 7.8
0

0101000
+191 4 -191 6 *
Ed
 1e-07 1 1 0
1  3 0 0 4
0

0101000
+193 0 -191 0 *
Wi

0101100
+192 0 -190 0 -189 4 +189 6 *
Fa
0  1e-07 1 0

0111000
+188 0 *
Ve
1e-07
-35.5933783098681 9.87360534393062 0
0 0

0101101
*
Ed
 1e-07 1 1 0
1  4 0 0 7.8
0

0101000
+186 4 -186 6 *
Ed
 1e-07 1 1 0
1  5 0 0 1.6
0

0101000
+186 0 -191 0 *
Wi

0101100
+185 0 -190 0 -184 4 +184 6 *
Fa
0  1e-07 2 0

0111000
+183 0 *
Ve
1e-07
-39.2888964399132 11.404339073391 0
0 0

0101101
*
Ed
 1e-07 1 1 0
1  6 0 0 7.8
0

0101000
+181 4 -181 6 *
Ed
 1e-07 1 1 0
1  7 0 0 4
0

0101000
+181 0 -186 0 *
Wi

0101100
+180 0 -185 0 -179 4 +179 6 *
Fa
0  1e-07 3 0

0111000
+178 0 *
Ed
 1e-07 1 1 0
1  8 0 0 1.6
0

0101000
+193 0 -181 0 *
Wi

0101100
+192 0 -180 0 -176 4 +176 6 *
Fa
0  1e-07 4 0

0111000
+175 0 *
Wi

0101100
+189 0 -184 0 -179 0 -176 0 *
Fa
0  1e-07 5 0

0111000
-173 7 *
Sh

0101100
-187 0 +182 0 +177 0 +174 0 +172 3 -172 8 *
So

0100000
-171 0 *
Ve
1e-07
-24.264082240953 6.91268478051364 0
0 0

0101101
*
Ed
 1e-07 1 1 0
1  9 0 0 7.8
0

0101000
+169 4 -169 6 *
Ve
1e-07
-20.5685641109078 5.38195105105329 0
0 0

0101101
*
Ed
 1e-07 1 1 0
1  10 0 0 7.8
0

0101000
+167 4 -167 6 *
Ed
 1e-07 1 1 0
1  11 0 0 4
0

0101000
+169 0 -167 0 *
Wi

0101100
+168 0 -166 0 -165 4 +165 6 *
Fa
0  1e-07 6 0

0111000
+164 0 *
Ve
1e-07
-21.180857602692 3.90374379903523 0
0 0

0101101
*
Ed
 1e-07 1 1 0
1  12 0 0 7.8
0

0101000
+162 4 -162 6 *
Ed
 1e-07 1 1 0
1  13 0 0 1.6
0

0101000
+167 0 -162 0 *
Wi

0101100
+166 0 -161 0 -160 4 +160 6 *
Fa
0  1e-07 7 0

0111000
+159 0 *
Ve
1e-07
-24.8763757327371 5.43447752849559 0
0 0

0101101
*
Ed
 1e-07 1 1 0
1  14 0 0 7.8
0

0101000
+157 4 -157 6 *
Ed
 1e-07 1 1 0
1  15 0 0 4
0

0101000
+157 0 -162 0 *
Wi

0101100
+156 0 -161 0 -155 4 +155 6 *
Fa
0  1e-07 8 0

0111000
+154 0 *
Ed
 1e-07 1 1 0
1  16 0 0 1.6
0

0101000
+169 0 -157 0 *
Wi

0101100
+168 0 -156 0 -152 4 +152 6 *
Fa
0  1e-07 9 0

0111000
+151 0 *
Wi

0101100
+165 0 +160 0 -155 0 -152 0 *
Fa
0  1e-07 10 0

0111000
-149 7 *
Sh

0101100
-163 0 -158 0 +153 0 +150 0 +148 3 -148 8 *
So

0100000
-147 0 *
Ve
1e-07
20.5685641109079 5.38195105105329 0
0 0

0101101
*
Ed
 1e-07 1 1 0
1  17 0 0 7.8
0

0101000
+145 4 -145 6 *
Ve
1e-07
21.180857602692 3.90374379903524 0
0 0

0101101
*
Ed
 1e-07 1 1 0
1  18 0 0 7.8
0

0101000
+143 4 -143 6 *
Ed
 1e-07 1 1 0
1  19 0 0 1.6
0

0101000
+145 0 -143 0 *
Wi

0101100
+144 0 -142 0 -141 4 +141 6 *
Fa
0  1e-07 11 0

0111000
+140 0 *
Ve
1e-07
24.8763757327371 5.4344775284956 0
0 0

0101101
*
Ed
 1e-07 1 1 0
1  20 0 0 7.8
0

0101000
+138 4 -138 6 *
Ed
 1e-07 1 1 0
1  21 0 0 4
0

0101000
+143 0 -138 0 *
Wi

0101100
+142 0 -137 0 -136 4 +136 6 *
Fa
0  1e-07 12 0

0111000
+135 0 *
Ve
1e-07
24.264082240953 6.91268478051365 0
0 0

0101101
*
Ed
 1e-07 1 1 0
1  22 0 0 7.8
0

0101000
+133 4 -133 6 *
Ed
 1e-07 1 1 0
1  23 0 0 1.6
0

0101000
+138 0 -133 0 *
Wi

0101100
+137 0 -132 0 -131 4 +131 6 *
Fa
0  1e-07 13 0

0111000
+130 0 *
Ed
 1e-07 1 1 0
1  24 0 0 4
0

0101000
+133 0 -145 0 *
Wi

0101100
+132 0 -144 0 -128 4 +128 6 *
Fa
0  1e-07 14 0

0111000
+127 0 *
Wi

0101100
+141 0 +136 0 +131 0 +128 0 *
Fa
0  1e-07 15 0

0111000
+125 7 *
Sh

0101100
+139 0 +134 0 +129 0 +126 0 +124 3 -124 8 *
So

0100000
-123 0 *
Ve
1e-07
38.6766029481291 12.882546325409 0
0 0

0101101
*
Ed
 1e-07 1 1 0
1  25 0 0 7.8
0

0101000
+121 4 -121 6 *
Ve
1e-07
39.2888964399132 11.404339073391 0
0 0

0101101
*
Ed
 1e-07 1 1 0
1  26 0 0 7.8
0

0101000
+119 4 -119 6 *
Ed
 1e-07 1 1 0
1  27 0 0 1.6
0

0101000
+121 0 -119 0 *
Wi

0101100
+120 0 -118 0 -117 4 +117 6 *
Fa
0  1e-07 16 0

0111000
+116 0 *
Ve
1e-07
35.5933783098681 9.87360534393063 0
0 0

0101101
*
Ed
 1e-07 1 1 0
1  28 0 0 7.8
0

0101000
+114 4 -114 6 *
Ed
 1e-07 1 1 0
1  29 0 0 4
0

0101000
+119 0 -114 0 *
Wi

0101100
+118 0 -113 0 -112 4 +112 6 *
Fa
0  1e-07 17 0

0111000
+111 0 *
Ve
1e-07
34.9810848180839 11.3518125959487 0
0 0

0101101
*
Ed
 1e-07 1 1 0
1  30 0 0 7.8
0

0101000
+109 4 -109 6 *
Ed
 1e-07 1 1 0
1  31 0 0 1.6
0

0101000
+114 0 -109 0 *
Wi

0101100
+113 0 -108 0 -107 4 +107 6 *
Fa
0  1e-07 18 0

0111000
+106 0 *
Ed
 1e-07 1 1 0
1  32 0 0 4
0

0101000
+109 0 -121 0 *
Wi

0101100
+108 0 -120 0 -104 4 +104 6 *
Fa
0  1e-07 19 0

0111000
+103 0 *
Wi

0101100
+117 0 +112 0 +107 0 +104 0 *
Fa
0  1e-07 20 0

0111000
-101 7 *
Sh

0101100
-115 0 -110 0 -105 0 -102 0 +100 3 -100 8 *
So

0100000
-99 0 *
Ve
1e-07
-20.0287131414726 3.5950276210875 0
0 0

0101101
*
Ed
 1e-07 1 1 0
1  33 0 0 7.8
0

0101000
+97 4 -97 6 *
Ve
1e-07
-16.0629336959774 3.0729228522073 0
0 0

0101101
*
Ed
 1e-07 1 1 0
1  34 0 0 7.8
0

0101000
+95 4 -95 6 *
Ed
 1e-07 1 1 0
1  35 0 0 4
0

0101000
+97 0 -95 0 *
Wi

0101100
+96 0 -94 0 -93 4 +93 6 *
Fa
0  1e-07 21 0

0111000
+92 0 *
Ve
1e-07
-15.8540917884253 4.6592346304054 0
0 0

0101101
*
Ed
 1e-07 1 1 0
1  36 0 0 7.8
0

0101000
+90 4 -90 6 *
Ed
 1e-07 1 1 0
1  37 0 0 1.6
0

0101000
+95 0 -90 0 *
Wi

0101100
+94 0 -89 0 -88 4 +88 6 *
Fa
0  1e-07 22 0

0111000
+87 0 *
Ve
1e-07
-19.8198712339205 5.1813393992856 0
0 0

0101101
*
Ed
 1e-07 1 1 0
1  38 0 0 7.8
0

0101000
+85 4 -85 6 *
Ed
 1e-07 1 1 0
1  39 0 0 4
0

0101000
+85 0 -90 0 *
Wi

0101100
+84 0 -89 0 -83 4 +83 6 *
Fa
0  1e-07 23 0

0111000
+82 0 *
Ed
 1e-07 1 1 0
1  40 0 0 1.6
0

0101000
+97 0 -85 0 *
Wi

0101100
+96 0 -84 0 -80 4 +80 6 *
Fa
0  1e-07 24 0

0111000
+79 0 *
Wi

0101100
+93 0 +88 0 -83 0 -80 0 *
Fa
0  1e-07 25 0

0111000
+77 7 *
Sh

0101100
+91 0 +86 0 -81 0 -78 0 +76 3 -76 8 *
So

0100000
-75 0 *
Ve
1e-07
-0.387551950993831 2.6230260317726 0
0 0

0101101
*
Ed
 1e-07 1 1 0
1  41 0 0 7.8
0

0101000
+73 4 -73 6 *
Ve
1e-07
-4.35333139648907 3.1451308006528 0
0 0

0101101
*
Ed
 1e-07 1 1 0
1  42 0 0 7.8
0

0101000
+71 4 -71 6 *
Ed
 1e-07 1 1 0
1  43 0 0 4
0

0101000
+73 0 -71 0 *
Wi

0101100
+72 0 -70 0 -69 4 +69 6 *
Fa
0  1e-07 26 0

0111000
+68 0 *
Ve
1e-07
-4.56217330404116 1.5588190224547 0
0 0

0101101
*
Ed
 1e-07 1 1 0
1  44 0 0 7.8
0

0101000
+66 4 -66 6 *
Ed
 1e-07 1 1 0
1  45 0 0 1.6
0

0101000
+71 0 -66 0 *
Wi

0101100
+70 0 -65 0 -64 4 +64 6 *
Fa
0  1e-07 27 0

0111000
+63 0 *
Ve
1e-07
-0.596393858545913 1.0367142535745 0
0 0

0101101
*
Ed
 1e-07 1 1 0
1  46 0 0 7.8
0

0101000
+61 4 -61 6 *
Ed
 1e-07 1 1 0
1  47 0 0 4
0

0101000
+61 0 -66 0 *
Wi

0101100
+60 0 -65 0 -59 4 +59 6 *
Fa
0  1e-07 28 0

0111000
+58 0 *
Ed
 1e-07 1 1 0
1  48 0 0 1.6
0

0101000
+73 0 -61 0 *
Wi

0101100
+72 0 -60 0 -56 4 +56 6 *
Fa
0  1e-07 29 0

0111000
+55 0 *
Wi

0101100
+69 0 +64 0 -59 0 -56 0 *
Fa
0  1e-07 30 0

0111000
+53 7 *
Sh

0101100
+67 0 +62 0 -57 0 -54 0 +52 3 -52 8 *
So

0100000
-51 0 *
Ve
1e-07
0.38755195099384 2.6230260317726 0
0 0

0101101
*
Ed
 1e-07 1 1 0
1  49 0 0 7.8
0

0101000
+49 4 -49 6 *
Ve
1e-07
4.35333139648908 3.1451308006528 0
0 0

0101101
*
Ed
 1e-07 1 1 0
1  50 0 0 7.8
0

0101000
+47 4 -47 6 *
Ed
 1e-07 1 1 0
1  51 0 0 4
0

0101000
+49 0 -47 0 *
Wi

0101100
+48 0 -46 0 -45 4 +45 6 *
Fa
0  1e-07 31 0

0111000
+44 0 *
Ve
1e-07
4.56217330404117 1.55881902245471 0
0 0

0101101
*
Ed
 1e-07 1 1 0
1  52 0 0 7.8
0

0101000
+42 4 -42 6 *
Ed
 1e-07 1 1 0
1  53 0 0 1.6
0

0101000
+47 0 -42 0 *
Wi

0101100
+46 0 -41 0 -40 4 +40 6 *
Fa
0  1e-07 32 0

0111000
+39 0 *
Ve
1e-07
0.596393858545923 1.0367142535745 0
0 0

0101101
*
Ed
 1e-07 1 1 0
1  54 0 0 7.8
0

0101000
+37 4 -37 6 *
Ed
 1e-07 1 1 0
1  55 0 0 4
0

0101000
+37 0 -42 0 *
Wi

0101100
+36 0 -41 0 -35 4 +35 6 *
Fa
0  1e-07 33 0

0111000
+34 0 *
Ed
 1e-07 1 1 0
1  56 0 0 1.6
0

0101000
+49 0 -37 0 *
Wi

0101100
+48 0 -36 0 -32 4 +32 6 *
Fa
0  1e-07 34 0

0111000
+31 0 *
Wi

0101100
+45 0 +40 0 -35 0 -32 0 *
Fa
0  1e-07 35 0

0111000
-29 7 *
Sh

0101100
-43 0 -38 0 +33 0 +30 0 +28 3 -28 8 *
So

0100000
-27 0 *
Ve
1e-07
19.8198712339205 5.18133939928561 0
0 0

0101101
*
Ed
 1e-07 1 1 0
1  57 0 0 7.8
0

0101000
+25 4 -25 6 *
Ve
1e-07
15.8540917884253 4.6592346304054 0
0 0

0101101
*
Ed
 1e-07 1 1 0
1  58 0 0 7.8
0

0101000
+23 4 -23 6 *
Ed
 1e-07 1 1 0
1  59 0 0 4
0

0101000
+25 0 -23 0 *
Wi

0101100
+24 0 -22 0 -21 4 +21 6 *
Fa
0  1e-07 36 0

0111000
+20 0 *
Ve
1e-07
16.0629336959774 3.0729228522073 0
0 0

0101101
*
Ed
 1e-07 1 1 0
1  60 0 0 7.8
0

0101000
+18 4 -18 6 *
Ed
 1e-07 1 1 0
1  61 0 0 1.6
0

0101000
+18 0 -23 0 *
Wi

0101100
+17 0 -22 0 -16 4 +16 6 *
Fa
0  1e-07 37 0

0111000
+15 0 *
Ve
1e-07
20.0287131414726 3.59502762108751 0
0 0

0101101
*
Ed
 1e-07 1 1 0
1  62 0 0 7.8
0

0101000
+13 4 -13 6 *
Ed
 1e-07 1 1 0
1  63 0 0 4
0

0101000
+18 0 -13 0 *
Wi

0101100
+17 0 -12 0 -11 4 +11 6 *
Fa
0  1e-07 38 0

0111000
+10 0 *
Ed
 1e-07 1 1 0
1  64 0 0 1.6
0

0101000
+13 0 -25 0 *
Wi

0101100
+12 0 -24 0 -8 4 +8 6 *
Fa
0  1e-07 39 0

0111000
+7 0 *
Wi

0101100
+21 0 -16 0 +11 0 +8 0 *
Fa
0  1e-07 40 0

0111000
+5 7 *
Sh

0101100
+19 0 -14 0 +9 0 +6 0 +4 3 -4 8 *
So

0100000
-3 0 *
Co

1100000
+170 0 +146 0 +122 0 +98 0 +74 0 +50 0 +26 0 +2 0 *

+1 0 ]]>
      </Part>
      <ElementMap new="1" count="1"><Element key="Dummy" value="Dummy"/></ElementMap>
      <ElementMap2 count="208">
<![CDATA[
8 PostfixCount 11
Edge
Face
Vertex
;:G;XTR;:Hedc:7,F
;FAC;:Hedc:4,F
;:G;XTR;:Hedc:7,E
;:G0;XTR;:Hedc:8,F
;:U;XTR;:Hedc:7,E
;:U;XTR;:Hedc:7,V
;SKT;:Hedc,E
;SKT;:Hedc,V

MapCount 1

ElementMap 1 8 3

Edge

ChildCount 0

NameCount 97
0
$#214.6 0
$#215.6 0
;g72.a 0
$#234.8 0
$#216.6 0
;g73.a 0
$#235.8 0
$#217.6 0
;g74.a 0
$#236.8 0
;g75.a 0
$#237.8 0
$#218.6 0
$#219.6 0
;g76.a 0
$#238.8 0
$#21a.6 0
;g77.a 0
$#239.8 0
$#21b.6 0
;g79.a 0
$#23a.8 0
;g78.a 0
$#23b.8 0
$#567.6 0
$#568.6 0
;g109.a 0
$#587.8 0
$#569.6 0
;g110.a 0
$#588.8 0
$#56a.6 0
;g111.a 0
$#589.8 0
;g112.a 0
$#58a.8 0
$#56b.6 0
$#56c.6 0
;g117.a 0
$#58b.8 0
$#56d.6 0
;g118.a 0
$#58c.8 0
$#56e.6 0
;g119.a 0
$#58d.8 0
;g120.a 0
$#58e.8 0
$#21c.6 0
$#21d.6 0
;g80.a 0
$#23c.8 0
$#21e.6 0
;g81.a 0
$#23d.8 0
$#21f.6 0
;g84.a 0
$#23e.8 0
;g83.a 0
$#23f.8 0
$#220.6 0
$#221.6 0
;g85.a 0
$#240.8 0
$#222.6 0
;g86.a 0
$#241.8 0
$#223.6 0
;g87.a 0
$#242.8 0
;g88.a 0
$#243.8 0
$#56f.6 0
$#570.6 0
;g105.a 0
$#58f.8 0
$#571.6 0
;g106.a 0
$#590.8 0
$#572.6 0
;g107.a 0
$#591.8 0
;g108.a 0
$#592.8 0
$#573.6 0
$#574.6 0
;g113.a 0
$#593.8 0
$#575.6 0
;g114.a 0
$#594.8 0
$#576.6 0
;g115.a 0
$#595.8 0
;g116.a 0
$#596.8 0

Face

ChildCount 0

NameCount 49
0
$#210.4 0
$#224.4 0
$#225.4 0
$#226.4 0
$#210.5 0
$#227.7 0
$#211.4 0
$#228.4 0
$#229.4 0
$#22a.4 0
$#211.5 0
$#22b.7 0
$#563.4 0
$#577.4 0
$#578.4 0
$#579.4 0
$#563.5 0
$#57a.7 0
$#564.4 0
$#57b.4 0
$#57c.4 0
$#57d.4 0
$#564.5 0
$#57e.7 0
$#212.4 0
$#22c.4 0
$#22d.4 0
$#22e.4 0
$#212.5 0
$#22f.7 0
$#213.4 0
$#230.4 0
$#231.4 0
$#232.4 0
$#213.5 0
$#233.7 0
$#565.4 0
$#57f.4 0
$#580.4 0
$#581.4 0
$#565.5 0
$#582.7 0
$#566.4 0
$#583.4 0
$#584.4 0
$#585.4 0
$#566.5 0
$#586.7 0

Vertex

ChildCount 0

NameCount 65
0
;g72v1.b 0
$#244.9 0
;g72v2.b 0
$#245.9 0
;g73v1.b 0
$#246.9 0
;g74v1.b 0
$#247.9 0
;g76v1.b 0
$#248.9 0
;g76v2.b 0
$#249.9 0
;g77v2.b 0
$#24a.9 0
;g78v2.b 0
$#24b.9 0
;g109v1.b 0
$#597.9 0
;g109v2.b 0
$#598.9 0
;g110v2.b 0
$#599.9 0
;g111v2.b 0
$#59a.9 0
;g117v1.b 0
$#59b.9 0
;g117v2.b 0
$#59c.9 0
;g118v2.b 0
$#59d.9 0
;g119v2.b 0
$#59e.9 0
;g80v1.b 0
$#24c.9 0
;g80v2.b 0
$#24d.9 0
;g81v2.b 0
$#24e.9 0
;g83v2.b 0
$#24f.9 0
;g85v1.b 0
$#250.9 0
;g85v2.b 0
$#251.9 0
;g86v2.b 0
$#252.9 0
;g87v1.b 0
$#253.9 0
;g105v1.b 0
$#59f.9 0
;g105v2.b 0
$#5a0.9 0
;g106v2.b 0
$#5a1.9 0
;g107v1.b 0
$#5a2.9 0
;g113v1.b 0
$#5a3.9 0
;g113v2.b 0
$#5a4.9 0
;g114v1.b 0
$#5a5.9 0
;g115v2.b 0
$#5a6.9 0

EndMap
]]>
      </ElementMap2>
    </Property>
    <Property name="AddSubType" type="App::PropertyEnumeration">
      <Integer value="1"/>
    </Property>
    <Property name="AllowMultiFace" type="App::PropertyBool">
      <Bool value="true"/>
    </Property>
    <Property name="AlongSketchNormal" type="App::PropertyBool">
      <Bool value="false"/>
    </Property>
    <Property name="AutoTaperInnerAngle" type="App::PropertyBool">
      <Bool value="true"/>
    </Property>
    <Property name="BaseFeature" type="App::PropertyLink" status="8">
      <Link value="Pad"/>
    </Property>
    <Property name="CheckUpToFaceLimits" type="App::PropertyBool">
      <Bool value="true"/>
    </Property>
    <Property name="ClaimChildren" type="App::PropertyBool" status="134217728">
      <Bool value="false"/>
    </Property>
    <Property name="ColoredElements" type="App::PropertyLinkSubHidden" status="218103808">
      <LinkSub value="" count="0">
      </LinkSub>
    </Property>
    <Property name="Direction" type="App::PropertyVector" status="4">
      <PropertyVector valueX="1" valueY="-3.33066907387547e-16" valueZ="3.885780586188048e-16"/>
    </Property>
    <Property name="ExpressionEngine" type="App::PropertyExpressionEngine" status="67108864">
      <ExpressionEngine count="0"></ExpressionEngine>
    </Property>
    <Property name="Fit" type="App::PropertyDistance">
      <Float value="0"/>
    </Property>
    <Property name="FitJoin" type="App::PropertyEnumeration">
      <Integer value="0"/>
    </Property>
    <Property name="FixShape" type="App::PropertyEnumeration">
      <Integer value="0"/>
    </Property>
    <Property name="InnerFit" type="App::PropertyDistance">
      <Float value="0"/>
    </Property>
    <Property name="InnerFitJoin" type="App::PropertyEnumeration">
      <Integer value="0"/>
    </Property>
    <Property name="InvalidShape" type="App::PropertyBool" status="67108864">
      <Bool value="false"/>
    </Property>
    <Property name="Label" type="App::PropertyString" status="134217728">
      <String value="Pad001"/>
    </Property>
    <Property name="Label2" type="App::PropertyString" status="128">
      <String value=""/>
    </Property>
    <Property name="Length" type="App::PropertyLength">
      <Float value="4.6"/>
    </Property>
    <Property name="Length2" type="App::PropertyLength">
      <Float value="3.2"/>
    </Property>
    <Property name="Linearize" type="App::PropertyBool">
      <Bool value="true"/>
    </Property>
    <Property name="Midplane" type="App::PropertyBool" status="4">
      <Bool value="false"/>
    </Property>
    <Property name="NewSolid" type="App::PropertyBool">
      <Bool value="false"/>
    </Property>
    <Property name="Offset" type="App::PropertyLength" status="4">
      <Float value="0"/>
    </Property>
    <Property name="Placement" type="App::PropertyPlacement" status="8388620">
      <PropertyPlacement Px="0" Py="0" Pz="0" Q0="0" Q1="0" Q2="0" Q3="1" A="0" Ox="0" Oy="0" Oz="1"/>
    </Property>
    <Property name="Profile" type="App::PropertyLinkSub">
      <LinkSub value="Sketch002" count="1">
        <Sub value=""/>
      </LinkSub>
    </Property>
    <Property name="ReferenceAxis" type="App::PropertyLinkSub">
      <LinkSub value="Sketch002" count="1">
        <Sub value="N_Axis"/>
      </LinkSub>
    </Property>
    <Property name="Refine" type="App::PropertyBool">
      <Bool value="false"/>
    </Property>
    <Property name="Reversed" type="App::PropertyBool">
      <Bool value="false"/>
    </Property>
    <Property name="Shape" type="Part::PropertyPartShape">
      <Part HasherIndex="0" ElementMap="1.15.70200.4" brep="1">
<![CDATA[

CASCADE Topology V1, (c) Matra-Datavision
Locations 6
1
              1               0               0               0 
              0               1               0               0 
              0               0               1               0 
1
              1               0               0               0 
              0               1               0               0 
              0               0               1               0 
1
2.22044604925031e-16 -3.33066907387547e-16               1               0 
              1 3.33066907387547e-16 -2.22044604925031e-16               0 
-3.33066907387547e-16               1 3.33066907387547e-16               0 
2  2 1 3 1 0
1
              1               0               0             2.5 
              0               1               0 -8.32667268468867e-16 
              0               0               1 9.71445146547012e-16 
2  2 1 3 1 5 1 0
Curve2ds 128
8 -13.296149312828172 -9.2961493128281685
1 -6.1085783815146568 -12.592335521401163 -0.38268343236508934 0.92387953251128696 
8 -13.296149312828172 -9.2961493128281685
1 -9.2961493128281685 -3.1999999999999975 -1 -2.0514246579479121e-16 
8 3.6312343591224749 5.2312343591224755
1 3.8126680289202053 -22.874469012681946 -0.92387953251128696 -0.38268343236508945 
8 3.6312343591224749 5.2312343591224755
1 5.2312343591224755 -3.1999999999999953 -1 8.4972791550861115e-17 
8 7.2961493128281685 11.296149312828172
1 -3.8650042647664189 -13.827801094639595 0.38268343236508928 -0.92387953251128707 
8 7.2961493128281685 11.296149312828172
1 11.29614931282817 -3.1999999999999975 -1 2.0514246579479128e-16 
8 -6.0312343591224771 -4.4312343591224765
1 3.0210379254688782 -18.872804136744726 0.92387953251128696 0.38268343236508939 
8 -6.0312343591224771 -4.4312343591224765
1 -4.4312343591224774 -3.1999999999999962 -1 -8.4972791550861189e-17 
8 -3.9420421614254271 0.057957838574573588
1 -3.8242488059873976 -0.4450139522249138 -0.13052619222005146 0.99144486137381049 
8 -3.9420421614254271 0.057957838574573588
1 0.057957838574572783 -3.2000000000000006 -1 -2.2014498254870001e-16 
8 -3.5248089019899247 -1.9248089019899239
1 -1.9234719269613638 -0.13631397426581793 0.99144486137381049 0.13052619222005121 
8 -3.5248089019899247 -1.9248089019899239
1 -1.9248089019899246 -3.2000000000000002 -1 -2.8982636783870145e-17 
8 -3.9420421614254284 0.0579578385745734
1 -5.410560584185494 -0.65385585977699545 -0.1305261922200513 0.99144486137381049 
8 -3.9420421614254284 0.0579578385745734
1 0.05795783857457254 -3.1999999999999997 -1 -2.2014498254870018e-16 
8 -3.5248089019899256 -1.9248089019899244
1 -1.4013671580811575 -4.1020934197610597 0.99144486137381049 0.13052619222005143 
8 -3.5248089019899256 -1.9248089019899244
1 -1.924808901989925 -3.1999999999999993 -1 -2.8982636783870139e-17 
8 1.1248089019899328 2.7248089019899342
1 -0.6804192174276027 -15.707274765473301 -0.99144486137381027 -0.13052619222005252 
8 1.1248089019899328 2.7248089019899342
1 2.7248089019899342 -3.1999999999999966 -1 2.8982636783870343e-17 
8 -11.742042161425429 -7.7420421614254273
1 -4.3924562848690965 -8.3871257784927202 -0.13052619222005155 0.99144486137381049 
8 -11.742042161425429 -7.7420421614254273
1 -7.7420421614254282 -3.1999999999999988 -1 -2.2014498254870009e-16 
8 1.1248089019899137 2.7248089019899151
1 -0.15831444854741505 -19.673054210968552 -0.9914448613738106 -0.13052619222005038 
8 1.1248089019899137 2.7248089019899151
1 2.7248089019899151 -3.1999999999999957 -1 2.898263678386985e-17 
8 5.7420421614254273 9.7420421614254309
1 -2.5450921222308942 -10.161173593688257 0.13052619222005141 -0.99144486137381049 
8 5.7420421614254273 9.7420421614254309
1 9.7420421614254291 -3.1999999999999984 -1 2.2014498254870004e-16 
8 -6.0312343591224815 -4.431234359122481
1 10.521633199824629 -36.980842973965949 0.92387953251128685 0.38268343236508962 
8 -6.0312343591224815 -4.431234359122481
1 -4.4312343591224819 -3.1999999999999917 -1 -8.497279155086146e-17 
8 -21.096149312828167 -17.096149312828167
1 -1.6454403570489102 -19.186302383205067 -0.38268343236508956 0.92387953251128685 
8 -21.096149312828167 -17.096149312828167
1 -17.096149312828167 -3.1999999999999957 -1 -2.0514246579479116e-16 
8 3.6312343591224812 5.2312343591224817
1 8.2517958443552413 -33.591471589812869 -0.92387953251128685 -0.38268343236508962 
8 3.6312343591224812 5.2312343591224817
1 5.2312343591224799 -3.1999999999999926 -1 8.497279155086146e-17 
8 15.096149312828162 19.096149312828171
1 -2.3582807443367866 -21.646354940011783 0.38268343236508956 -0.92387953251128685 
8 15.096149312828162 19.096149312828171
1 19.096149312828167 -3.1999999999999953 -1 2.0514246579479116e-16 
8 -3.5248089019899282 -1.9248089019899279
1 -1.401367158081154 4.1020934197610881 0.99144486137381049 -0.13052619222005216 
8 -3.5248089019899282 -1.9248089019899279
1 -1.9248089019899284 -3.2000000000000015 -1 2.8982636783870047e-17 
8 -3.9420421614254439 0.057957838574557823
1 -5.4105605841854967 0.65385585977701099 -0.1305261922200516 -0.99144486137381049 
8 -3.9420421614254439 0.057957838574557823
1 0.057957838574557823 -3.2000000000000006 -1 2.2014498254870004e-16 
8 -3.5248089019899265 -1.9248089019899259
1 -1.923471926961362 0.13631397426584704 0.99144486137381038 -0.13052619222005157 
8 -3.5248089019899265 -1.9248089019899259
1 -1.9248089019899264 -3.2000000000000002 -1 2.8982636783869998e-17 
8 -3.9420421614254439 0.057957838574557718
1 -3.8242488059873994 0.44501395222492834 -0.13052619222005157 -0.99144486137381049 
8 -3.9420421614254439 0.057957838574557718
1 0.057957838574557718 -3.2000000000000006 -1 2.2014498254870004e-16 
8 1.1248089019899215 2.7248089019899222
1 -0.68041921742760891 15.707274765473336 -0.99144486137381049 0.13052619222005102 
8 1.1248089019899215 2.7248089019899222
1 2.7248089019899222 -3.2000000000000037 -1 -2.898263678386985e-17 
8 5.7420421614254407 9.7420421614254451
1 -2.5450921222308933 10.161173593688272 0.13052619222005152 0.99144486137381049 
8 5.7420421614254407 9.7420421614254451
1 9.7420421614254433 -3.2000000000000028 -1 -2.2014498254869999e-16 
8 1.1248089019899419 2.7248089019899426
1 -0.15831444854738308 19.673054210968573 -0.99144486137381027 0.13052619222005324 
8 1.1248089019899419 2.7248089019899426
1 2.7248089019899426 -3.2000000000000051 -1 -2.8982636783870386e-17 
8 5.7420421614254398 9.7420421614254451
1 -4.1314039004289898 10.370015501240356 0.13052619222005152 0.99144486137381049 
8 5.7420421614254398 9.7420421614254451
1 9.7420421614254433 -3.2000000000000028 -1 -2.2014498254869999e-16 
8 7.2961493128281809 11.296149312828184
1 -3.8650042647664193 13.827801094639611 0.3826834323650895 0.92387953251128685 
8 7.2961493128281809 11.296149312828184
1 11.296149312828183 -3.2000000000000033 -1 -2.0514246579479116e-16 
8 -6.031234359122486 -4.4312343591224863
1 4.5517716549292491 22.568322266789892 0.92387953251128663 -0.38268343236509006 
8 -6.031234359122486 -4.4312343591224863
1 -4.4312343591224863 -3.2000000000000055 -1 8.4972791550861214e-17 
8 7.2961493128281809 11.296149312828184
1 -5.3432115167844803 14.440094586423756 0.38268343236508973 0.92387953251128685 
8 7.2961493128281809 11.296149312828184
1 11.296149312828183 -3.2000000000000042 -1 -2.0514246579479116e-16 
8 -6.0312343591224833 -4.4312343591224819
1 3.0210379254688888 18.872804136744747 0.92387953251128674 -0.38268343236508989 
8 -6.0312343591224833 -4.4312343591224819
1 -4.4312343591224819 -3.2000000000000046 -1 8.4972791550861115e-17 
8 15.096149312828176 19.096149312828182
1 -0.88007349231872123 21.03406144822765 0.38268343236508962 0.92387953251128696 
8 15.096149312828176 19.096149312828182
1 19.096149312828182 -3.2000000000000051 -1 -2.0514246579479118e-16 
8 -6.0312343591224788 -4.4312343591224757
1 10.52163319982464 36.98084297396597 0.92387953251128685 -0.3826834323650895 
8 -6.0312343591224788 -4.4312343591224757
1 -4.4312343591224774 -3.2000000000000086 -1 8.4972791550861017e-17 
8 15.096149312828182 19.096149312828185
1 -2.3582807443367759 21.646354940011786 0.38268343236508923 0.92387953251128707 
8 15.096149312828182 19.096149312828185
