<?xml version='1.0' encoding='utf-8'?>
<!-- FreeCAD DocumentObject -->
<Document SchemaVersion="4" FileVersion="2">
<Object name="_Element073" Extensions="True">
  <Extensions Count="1">
    <Extension type="App::LinkBaseExtensionPython" name="LinkBaseExtensionPython">
    </Extension>
  </Extensions>
  <Properties Count="19" TransientCount="1">
    <_Property name="_ElementMapVersion" type="App::PropertyString" status="234881024"/>
    <Property name="ColoredElements" type="App::PropertyLinkSubHidden" status="218103808">
      <LinkSub value="" count="0">
      </LinkSub>
    </Property>
    <Property name="Detach" type="App::PropertyBool" group=" Link" attr="0" ro="0" hide="0" doc="" status="2097152">
      <Bool value="false"/>
    </Property>
    <Property name="ExpressionEngine" type="App::PropertyExpressionEngine" status="67108864">
      <ExpressionEngine count="0"></ExpressionEngine>
    </Property>
    <Property name="FixShape" type="App::PropertyEnumeration">
      <Integer value="1"/>
    </Property>
    <Property name="InvalidShape" type="App::PropertyBool" status="67108864">
      <Bool value="false"/>
    </Property>
    <Property name="Label" type="App::PropertyString" status="134217728">
      <String value="_Element073"/>
    </Property>
    <Property name="Label2" type="App::PropertyString" status="128">
      <String value=""/>
    </Property>
    <Property name="LinkTransform" type="App::PropertyBool" group=" Link" attr="0" ro="0" hide="0" doc="" status="2097418">
      <Bool value="true"/>
    </Property>
    <Property name="LinkedObject" type="App::PropertyXLink" group=" Link" attr="0" ro="0" hide="0" doc="" status="2097412">
      <XLink file="" stamp="" name="Binder002" sub="Edge141" shadow=";#12bc;:G3#1438;CUT;:H-1388:d,E;:H1388,E;:X;:H1364:c,E;:H70c:17,E.Edge141"/>
    </Property>
    <Property name="Offset" type="App::PropertyPlacement" group=" Link" attr="0" ro="0" hide="0" doc="" status="2097152">
      <PropertyPlacement Px="0" Py="0" Pz="0" Q0="0" Q1="0" Q2="0" Q3="1" A="0" Ox="0" Oy="0" Oz="1"/>
    </Property>
    <Property name="Placement" type="App::PropertyPlacement" status="8388872">
      <PropertyPlacement Px="0" Py="0" Pz="0" Q0="0" Q1="0" Q2="0" Q3="1" A="0" Ox="0" Oy="0" Oz="1"/>
    </Property>
    <Property name="Proxy" type="App::PropertyPythonObject">
      <Python  module="freecad.asm3.assembly" class="AsmElement" value="null"/>
    </Property>
    <Property name="Shape" type="Part::PropertyPartShape">
      <Part ElementMap="0.15.70200.4" brep="1">
<![CDATA[

CASCADE Topology V1, (c) Matra-Datavision
Locations 7
1
              1               0               0               0 
              0               1               0               0 
              0               0               1               0 
1
0.780178740515877 -0.301829020074585 -0.547923694950196 -24.6662651529076 
0.360811480109857 0.932638770275466 -5.86403520255357e-14 -6.09999999990735 
0.511014881063159 -0.197697159362197 0.836528316623008 60.5400131135137 
1
              1               0               0               0 
              0               1               0               0 
              0               0               1               0 
1
0.780178740515846 0.360811480109956 0.511014881063136 -72.300163367579 
-0.301829020074661 0.932638770275428 -0.197697159362262 28.185326472251 
-0.547923694950199 -4.59820464949579e-14 0.836528316623007 -17.1200358260944 
1
              1 -1.01944223173746e-18 5.55111512312578e-17               0 
1.01944223173746e-18               1 9.91805682017459e-18 -8.88178419700125e-16 
-5.55111512312578e-17 -9.91805682017459e-18               1 7.105427357601e-15 
2  3 1 4 1 5 1 0
2  5 -1 4 -1 3 -1 0
Curve2ds 0
Curves 1
2 -9.3399999999999999 -43.000000000000007 2.099999999999981 -0 1 4.4408920985006262e-16 1 0 0 0 4.4408920985006262e-16 -1 1.05
Polygon3D 0
PolygonOnTriangulations 0
Surfaces 0
Triangulations 0

TShapes 4
Ve
1.00000000444089e-07
-93.2096075209509 -9.8311421078342 -10.821038930047
0 0

0101101
*
Ed
 1e-07 1 1 0
1  1 0 0 6.28318530717959
0

0101100
+4 7 -4 7 *
Co

0100000
+3 6 *
Co

0100000
+2 2 *

+1 1 ]]>
      </Part>
      <ElementMap/>
    </Property>
    <Property name="TreeRank" type="App::PropertyInteger" status="2184">
      <Integer value="275"/>
    </Property>
    <Property name="ValidateShape" type="App::PropertyBool">
      <Bool value="false"/>
    </Property>
    <Property name="Visibility" type="App::PropertyBool" status="648">
      <Bool value="false"/>
    </Property>
    <Property name="_LinkOwner" type="App::PropertyInteger" status="201326592">
      <Integer value="0"/>
    </Property>
    <Property name="_LinkVersion" type="App::PropertyInteger" status="83886080">
      <Integer value="1"/>
    </Property>
    <Property name="_Parent" type="App::PropertyLinkHidden" group=" Link" attr="0" ro="0" hide="0" doc="" status="2097162">
      <Link value="Elements"/>
    </Property>
  </Properties>
</Object>
</Document>
