<?xml version='1.0' encoding='utf-8'?>
<!-- FreeCAD DocumentObject -->
<Document SchemaVersion="4" FileVersion="2">
<Object name="_Element076" Extensions="True">
  <Extensions Count="1">
    <Extension type="App::LinkBaseExtensionPython" name="LinkBaseExtensionPython">
    </Extension>
  </Extensions>
  <Properties Count="19" TransientCount="1">
    <_Property name="_ElementMapVersion" type="App::PropertyString" status="234881024"/>
    <Property name="ColoredElements" type="App::PropertyLinkSubHidden" status="218103808">
      <LinkSub value="" count="0">
      </LinkSub>
    </Property>
    <Property name="Detach" type="App::PropertyBool" group=" Link" attr="0" ro="0" hide="0" doc="" status="2097152">
      <Bool value="false"/>
    </Property>
    <Property name="ExpressionEngine" type="App::PropertyExpressionEngine" status="67108864">
      <ExpressionEngine count="0"></ExpressionEngine>
    </Property>
    <Property name="FixShape" type="App::PropertyEnumeration">
      <Integer value="1"/>
    </Property>
    <Property name="InvalidShape" type="App::PropertyBool" status="67108864">
      <Bool value="false"/>
    </Property>
    <Property name="Label" type="App::PropertyString" status="134217728">
      <String value="_Element076"/>
    </Property>
    <Property name="Label2" type="App::PropertyString" status="128">
      <String value=""/>
    </Property>
    <Property name="LinkTransform" type="App::PropertyBool" group=" Link" attr="0" ro="0" hide="0" doc="" status="2097418">
      <Bool value="true"/>
    </Property>
    <Property name="LinkedObject" type="App::PropertyXLink" group=" Link" attr="0" ro="0" hide="0" doc="" status="2097412">
      <XLink file="" stamp="" name="Binder004" sub="Face48" shadow=";#7203;:H8a6,F;:H8a7,F;:X;:H884:b,F;:H883:15,F.Face48"/>
    </Property>
    <Property name="Offset" type="App::PropertyPlacement" group=" Link" attr="0" ro="0" hide="0" doc="" status="2097152">
      <PropertyPlacement Px="0" Py="0" Pz="0" Q0="0" Q1="0" Q2="0" Q3="1" A="0" Ox="0" Oy="0" Oz="1"/>
    </Property>
    <Property name="Placement" type="App::PropertyPlacement" status="8388872">
      <PropertyPlacement Px="0" Py="0" Pz="0" Q0="0" Q1="0" Q2="0" Q3="1" A="0" Ox="0" Oy="0" Oz="1"/>
    </Property>
    <Property name="Proxy" type="App::PropertyPythonObject">
      <Python  module="freecad.asm3.assembly" class="AsmElement" value="null"/>
    </Property>
    <Property name="Shape" type="Part::PropertyPartShape">
      <Part ElementMap="0.15.70200.4" brep="1">
<![CDATA[

CASCADE Topology V1, (c) Matra-Datavision
Locations 20
1
              1               0               0               0 
              0               1               0               0 
              0               0               1               0 
1
-0.10452846326763 0.994521895368276 -2.74102629197233e-14 -78.5399917302068 
0.994521895368276 0.10452846326763 4.43059528095099e-14 -60.0450467111546 
4.69283928249715e-14 -2.26288734706798e-14              -1 13.4999999999931 
1
              1               0               0              -0 
              0               1               0              -0 
              0               0               1              -0 
1
              1               0               0               0 
              0               1               0               0 
              0               0               1               0 
1
              1               0               0               0 
              0               1               0               0 
              0               0               1               0 
1
              1               0               0             -22 
              0               1               0             -50 
              0               0               1             -10 
1
              1               0               0               0 
              0               1               0               0 
              0               0               1               0 
1
              1               0               0               0 
              0               1               0               0 
              0               0               1               0 
1
              1 2.77555756168451e-17 -4.00013641336584e-17               0 
-2.77555756168451e-17               1 -4.58468001417555e-18               0 
4.00013641336584e-17 4.58468001417555e-18               1               0 
2  3 1 4 1 5 1 6 -1 7 1 8 1 9 1 0
2  9 -1 8 -1 7 -1 6 1 5 -1 4 -1 3 -1 0
1
              1               0               0               0 
              0               1               0               0 
              0               0               1               0 
1
-0.104528463267654 -6.07071206434638e-17 0.994521895368273 11.0839922473176 
0.994521895368273 4.94363466807197e-17 0.104528463267654  1.164974528845 
-5.55111512312578e-17               1 5.52070553365854e-17 -1.49880108324396e-16 
2  12 1 13 1 0
2  13 -1 12 -1 0
2  9 -1 8 -1 7 -1 6 1 5 -1 4 -1 3 -1 13 -1 12 -1 0
1
              1               0               0 -14.9178284305241 
              0               1               0 -1.5679269490148 
              0               0               1 -8.32667268468867e-16 
2  12 1 13 1 17 1 0
2  17 -1 13 -1 12 -1 0
2  9 -1 8 -1 7 -1 6 1 5 -1 4 -1 3 -1 17 -1 13 -1 12 -1 0
Curve2ds 4
1 0 0 -1.1102230246251563e-16 -1 
1 3.7999999999999989 1.7763568394002505e-15 -1.1102230246251563e-16 -1 
1 4.4563164152998599e-15 4.2399018498497584e-14 1 5.4123372450476381e-16 
1 -6.6613381477509392e-16 -14.999999999999957 1 5.4123372450476381e-16 
Curves 4
1 -9.964798736946765 -57.885174719006287 -9.6500000000000004 -0.9945218953682734 -0.1045284632676534 5.5511151231257821e-17 
1 -9.56759057652968 -61.664357921405724 -9.6500000000000004 -0.9945218953682734 -0.1045284632676534 5.5511151231257821e-17 
1 -56.526468576525289 -9.6500000000000021 -27.105904861484692 -1 -1.110223024625156e-16 6.8422776578360193e-49 
1 -56.526468576525289 -9.6500000000000004 -27.105904861484692 -1 -1.110223024625156e-16 6.8422776578360193e-49 
Polygon3D 0
PolygonOnTriangulations 0
Surfaces 1
1 -9.964798736946765 -57.885174719006287 -9.6500000000000004 -6.1009550669007073e-17 4.9404560004163692e-17 -1 0.10452846326765351 -0.9945218953682734 -5.5511151231257821e-17 0.9945218953682734 0.10452846326765351 -5.5511151231257821e-17 
Triangulations 0

TShapes 12
Ve
1.00000000194289e-07
12.0352012630532 -7.8851747190063 0.350000000000001
0 0

0101101
*
Ve
1.00000000194289e-07
-2.8826271674709 -9.4531016680211 0.35
0 0

0101101
*
Ed
 1.00000000194289e-07 1 1 0
1  1 0 0 15
2  1 1 0 0 15
0

0101000
+12 11 -11 11 *
Ve
1e-07
12.4324094234703 -11.6643579214057 0.350000000000001
0 0

0101101
*
Ve
1e-07
-2.4854190070538 -13.2322848704205 0.35
0 0

0101101
*
Ed
 1e-07 1 1 0
1  2 0 0 15
2  2 1 0 0 15
0

0101000
+9 11 -8 11 *
Ed
 1e-07 1 1 0
1  3 0 0 3.8
2  3 1 15 0 3.8
0

0101000
+12 16 -9 16 *
Ed
 1e-07 1 1 0
1  4 0 0 3.8
2  4 1 19 0 3.8
0

0101000
+11 20 -8 20 *
Wi

0101100
+10 0 -7 0 -6 14 +5 18 *
Fa
0  1e-07 1 0

0101000
+4 0 *
Co

0100000
+3 10 *
Co

0100000
+2 2 *

+1 1 ]]>
      </Part>
      <ElementMap/>
    </Property>
    <Property name="TreeRank" type="App::PropertyInteger" status="2184">
      <Integer value="282"/>
    </Property>
    <Property name="ValidateShape" type="App::PropertyBool">
      <Bool value="false"/>
    </Property>
    <Property name="Visibility" type="App::PropertyBool" status="648">
      <Bool value="false"/>
    </Property>
    <Property name="_LinkOwner" type="App::PropertyInteger" status="201326592">
      <Integer value="0"/>
    </Property>
    <Property name="_LinkVersion" type="App::PropertyInteger" status="83886080">
      <Integer value="1"/>
    </Property>
    <Property name="_Parent" type="App::PropertyLinkHidden" group=" Link" attr="0" ro="0" hide="0" doc="" status="2097162">
      <Link value="Elements"/>
    </Property>
  </Properties>
</Object>
</Document>
