<?xml version='1.0' encoding='utf-8'?>
<!-- FreeCAD DocumentObject -->
<Document SchemaVersion="4" FileVersion="2">
<Object name="_Element072" Extensions="True">
  <Extensions Count="1">
    <Extension type="App::LinkBaseExtensionPython" name="LinkBaseExtensionPython">
    </Extension>
  </Extensions>
  <Properties Count="19" TransientCount="1">
    <_Property name="_ElementMapVersion" type="App::PropertyString" status="234881024"/>
    <Property name="ColoredElements" type="App::PropertyLinkSubHidden" status="218103808">
      <LinkSub value="" count="0">
      </LinkSub>
    </Property>
    <Property name="Detach" type="App::PropertyBool" group=" Link" attr="0" ro="0" hide="0" doc="" status="2097152">
      <Bool value="false"/>
    </Property>
    <Property name="ExpressionEngine" type="App::PropertyExpressionEngine" status="67108864">
      <ExpressionEngine count="0"></ExpressionEngine>
    </Property>
    <Property name="FixShape" type="App::PropertyEnumeration">
      <Integer value="1"/>
    </Property>
    <Property name="InvalidShape" type="App::PropertyBool" status="67108864">
      <Bool value="false"/>
    </Property>
    <Property name="Label" type="App::PropertyString" status="134217728">
      <String value="_Element072"/>
    </Property>
    <Property name="Label2" type="App::PropertyString" status="128">
      <String value=""/>
    </Property>
    <Property name="LinkTransform" type="App::PropertyBool" group=" Link" attr="0" ro="0" hide="0" doc="" status="2097418">
      <Bool value="true"/>
    </Property>
    <Property name="LinkedObject" type="App::PropertyXLink" group=" Link" attr="0" ro="0" hide="0" doc="" status="2097412">
      <XLink file="" stamp="" name="Binder002" sub="Face59" shadow=";#12c0;:H-1388,F;:H1388,F;:X;:H1364:c,F;:H70c:17,F.Face59"/>
    </Property>
    <Property name="Offset" type="App::PropertyPlacement" group=" Link" attr="0" ro="0" hide="0" doc="" status="2097152">
      <PropertyPlacement Px="0" Py="0" Pz="0" Q0="0" Q1="0" Q2="0" Q3="1" A="0" Ox="0" Oy="0" Oz="1"/>
    </Property>
    <Property name="Placement" type="App::PropertyPlacement" status="8388872">
      <PropertyPlacement Px="0" Py="0" Pz="0" Q0="0" Q1="0" Q2="0" Q3="1" A="0" Ox="0" Oy="0" Oz="1"/>
    </Property>
    <Property name="Proxy" type="App::PropertyPythonObject">
      <Python  module="freecad.asm3.assembly" class="AsmElement" value="null"/>
    </Property>
    <Property name="Shape" type="Part::PropertyPartShape">
      <Part ElementMap="0.15.70200.4" brep="1">
<![CDATA[

CASCADE Topology V1, (c) Matra-Datavision
Locations 16
1
              1               0               0               0 
              0               1               0               0 
              0               0               1               0 
1
0.780178740527549 -0.301829020093373 -0.547923694923227 -24.6662651510709 
0.36081148011522 0.932638770273392 -1.55732573033534e-11 -5.79999999959406 
0.511014881041552 -0.1976971593433 0.836528316640673 60.5400131109434 
1
              1               0               0               0 
              0               1               0               0 
              0               0               1               0 
1
0.780178740515846 0.360811480109956 0.511014881063136 -72.300163367579 
-0.301829020074661 0.932638770275428 -0.197697159362262 28.185326472251 
-0.547923694950199 -4.59820464949579e-14 0.836528316623007 -17.1200358260944 
1
              1 -4.142253627696e-17 5.55111512312578e-17 -3.5527136788005e-15 
4.142253627696e-17               1 -1.1622826860262e-18               0 
-5.55111512312578e-17 1.1622826860262e-18               1 7.105427357601e-15 
2  3 1 4 1 5 1 0
2  5 -1 4 -1 3 -1 0
1
              1               0               0               0 
              0               1               0               0 
              0               0               1               0 
1
              1               0               0               0 
              0 -4.44089209850063e-16              -1             -43 
              0               1 -4.44089209850063e-16 -1.90958360235527e-14 
2  8 1 9 1 0
2  9 -1 8 -1 0
2  5 -1 4 -1 3 -1 9 -1 8 -1 0
1
              1               0               0               0 
              0               1               0             -15 
              0               0               1 -6.66133814775094e-15 
2  8 1 9 1 13 1 0
2  13 -1 9 -1 8 -1 0
2  5 -1 4 -1 3 -1 13 -1 9 -1 8 -1 0
Curve2ds 4
1 0 0 -0 -1 
1 3.7000000000000002 0 -0 -1 
1 0 0 1 0 
1 -0 -15 1 0 
Curves 4
1 -7.4899999999999993 -43 0.44999999999998097 0 -1 -4.4408920985006262e-16 
1 -11.19 -43 0.44999999999998092 0 -1 -4.4408920985006262e-16 
1 -7.4899999999999993 0.45000000000000001 0 -1 0 0 
1 -7.4899999999999993 0.45000000000000001 0 -1 0 0 
Polygon3D 0
PolygonOnTriangulations 0
Surfaces 1
1 -7.4899999999999993 -43 0.44999999999998092 0 4.4408920985006262e-16 -1 -1 0 0 0 1 4.4408920985006262e-16 
Triangulations 0

TShapes 12
Ve
1.00000000083267e-07
-93.4286390822924 -9.74640501094619 -12.6396496084351
0 0

0101101
*
Ve
1.00000000083267e-07
-98.8408112839417 -23.7359865650776 -12.6396496084344
0 0

0101101
*
Ed
 1.00000000083267e-07 1 1 0
1  1 0 0 15
2  1 1 0 0 15
0

0101000
+12 7 -11 7 *
Ve
1e-07
-96.315300422201 -8.62963763666995 -10.6123319371193
0 0

0101101
*
Ve
1e-07
-101.72747262385 -22.6192191908014 -10.6123319371187
0 0

0101101
*
Ed
 1e-07 1 1 0
1  2 0 0 15
2  2 1 0 0 15
0

0101000
+9 7 -8 7 *
Ed
 1e-07 1 1 0
1  3 0 0 3.7
2  3 1 11 0 3.7
0

0101000
+12 12 -9 12 *
Ed
 1e-07 1 1 0
1  4 0 0 3.7
2  4 1 15 0 3.7
0

0101000
+11 16 -8 16 *
Wi

0101100
+10 0 -7 0 -6 10 +5 14 *
Fa
0  1e-07 1 0

0101000
+4 0 *
Co

0100000
-3 6 *
Co

1100000
+2 2 *

+1 1 ]]>
      </Part>
      <ElementMap/>
    </Property>
    <Property name="TreeRank" type="App::PropertyInteger" status="2184">
      <Integer value="272"/>
    </Property>
    <Property name="ValidateShape" type="App::PropertyBool">
      <Bool value="false"/>
    </Property>
    <Property name="Visibility" type="App::PropertyBool" status="648">
      <Bool value="false"/>
    </Property>
    <Property name="_LinkOwner" type="App::PropertyInteger" status="201326592">
      <Integer value="0"/>
    </Property>
    <Property name="_LinkVersion" type="App::PropertyInteger" status="83886080">
      <Integer value="0"/>
    </Property>
    <Property name="_Parent" type="App::PropertyLinkHidden" group=" Link" attr="0" ro="0" hide="0" doc="" status="2097162">
      <Link value="Elements"/>
    </Property>
  </Properties>
</Object>
</Document>
