<?xml version='1.0' encoding='utf-8'?>
<!-- FreeCAD DocumentObject -->
<Document SchemaVersion="4" FileVersion="2">
<Object name="Binder004">
  <Properties Count="35" TransientCount="1">
    <_Property name="_ElementMapVersion" type="App::PropertyString" status="234881024"/>
    <Property name="BindCopyOnChange" type="App::PropertyEnumeration">
      <Integer value="0"/>
    </Property>
    <Property name="BindMode" type="App::PropertyEnumeration">
      <Integer value="0"/>
    </Property>
    <Property name="Cache_Link009" type="App::PropertyMatrix" group="Cache" attr="0" ro="0" hide="1" doc="" status="69206016">
      <PropertyMatrix a11="1" a12="1.387785642484235e-17" a13="-3.231174267785264e-27" a14="1.4210854715202e-14" a21="8.326679546384905e-17" a22="1" a23="-1.615587133892632e-27" a24="7.105427357601002e-15" a31="-5.75349994343148e-18" a32="2.241800654256272e-18" a33="0.9999999999999999" a34="1.77635683940025e-15" a41="0" a42="0" a43="0" a44="1"/>
    </Property>
    <Property name="ClaimChildren" type="App::PropertyBool" status="134217728">
      <Bool value="false"/>
    </Property>
    <Property name="ColoredElements" type="App::PropertyLinkSubHidden" status="218103808">
      <LinkSub value="" count="0">
      </LinkSub>
    </Property>
    <Property name="Context" type="App::PropertyXLink" status="67108864">
      <XLink file="" stamp="" name="Assembly" sub="Parts.Binder004."/>
    </Property>
    <Property name="EdgeTolerance" type="App::PropertyPrecision">
      <Float value="1e-06"/>
    </Property>
    <Property name="ExpressionEngine" type="App::PropertyExpressionEngine" status="67108864">
      <ExpressionEngine count="0"></ExpressionEngine>
    </Property>
    <Property name="FaceMaker" type="App::PropertyString">
      <String value=""/>
    </Property>
    <Property name="FillStyle" type="App::PropertyEnumeration">
      <Integer value="0"/>
    </Property>
    <Property name="FixShape" type="App::PropertyEnumeration">
      <Integer value="1"/>
    </Property>
    <Property name="Fuse" type="App::PropertyBool">
      <Bool value="false"/>
    </Property>
    <Property name="InvalidShape" type="App::PropertyBool" status="67108864">
      <Bool value="false"/>
    </Property>
    <Property name="Label" type="App::PropertyString" status="134217728">
      <String value="board-thumb001"/>
    </Property>
    <Property name="Label2" type="App::PropertyString" status="128">
      <String value=""/>
    </Property>
    <Property name="MakeFace" type="App::PropertyBool">
      <Bool value="true"/>
    </Property>
    <Property name="MergeEdges" type="App::PropertyBool">
      <Bool value="true"/>
    </Property>
    <Property name="Offset" type="App::PropertyFloat">
      <Float value="0"/>
    </Property>
    <Property name="OffsetFill" type="App::PropertyBool">
      <Bool value="false"/>
    </Property>
    <Property name="OffsetIntersection" type="App::PropertyBool">
      <Bool value="false"/>
    </Property>
    <Property name="OffsetJoinType" type="App::PropertyEnumeration">
      <Integer value="0"/>
    </Property>
    <Property name="OffsetOpenResult" type="App::PropertyBool">
      <Bool value="false"/>
    </Property>
    <Property name="Outline" type="App::PropertyBool">
      <Bool value="false"/>
    </Property>
    <Property name="PartialLoad" type="App::PropertyBool" status="1024">
      <Bool value="false"/>
    </Property>
    <Property name="Placement" type="App::PropertyPlacement" status="8388608">
      <PropertyPlacement Px="-78.5399917293386" Py="-59.7450467122322" Pz="13.50000000009921" Q0="0.669130606352589" Q1="0.7431448254830392" Q2="-5.84387980638481e-12" Q3="-4.389799946067956e-13" A="3.141592653590671" Ox="0.669130606352589" Oy="0.7431448254830392" Oz="-5.84387980638481e-12"/>
    </Property>
    <Property name="Refine" type="App::PropertyBool">
      <Bool value="false"/>
    </Property>
    <Property name="Relative" type="App::PropertyBool">
      <Bool value="true"/>
    </Property>
    <Property name="Shape" type="Part::PropertyPartShape">
      <Part HasherIndex="0" ElementMap="1.15.70200.4" brep="1">
<![CDATA[

CASCADE Topology V1, (c) Matra-Datavision
Locations 67
1
-0.104528463284433 0.99452189536651 -8.47308909956106e-12 -78.5399917293386 
0.99452189536651 0.104528463284433 -8.09822817778359e-12 -59.7450467122322 
-7.16818625363061e-12 -9.2731679776552e-12              -1 13.5000000000992 
1
              1               0               0               0 
              0               1               0               0 
              0               0               1               0 
1
              1               0               0               0 
              0               1               0               0 
              0               0               1               0 
1
              1 -8.3266795463849e-17 5.75349994343148e-18 1.4210854715202e-14 
8.3266795463849e-17               1 -2.24180065425627e-18 7.105427357601e-15 
-5.75349994343148e-18 2.24180065425627e-18               1 1.77635683940025e-15 
2  2 1 3 1 4 1 0
1
              1               0               0              -0 
              0               1               0              -0 
              0               0               1              -0 
1
              1               0               0               0 
              0               1               0               0 
              0               0               1               0 
1
              1               0               0               0 
              0               1               0               0 
              0               0               1               0 
1
              1               0               0             -22 
              0               1               0             -50 
              0               0               1             -10 
2  6 1 7 1 8 1 9 -1 0
1
              1               0               0               0 
              0               1               0               0 
              0               0               1               0 
1
              1               0               0               0 
              0               1               0               0 
              0               0               1               0 
1
              1               0               0               0 
              0               1               0               0 
              0               0               1               0 
1
              1               0               0               0 
              0               1               0               0 
              0               0               1               0 
1
              1               0               0               0 
              0               1               0               0 
              0               0               1               0 
2  11 1 12 1 13 1 14 1 15 1 0
1
              1               0               0             -22 
              0               1               0             -50 
              0               0               1             -10 
2  17 -1 9 1 8 -1 7 -1 6 -1 15 -1 14 -1 13 -1 12 -1 11 -1 0
2  17 -1 9 1 8 -1 7 -1 6 -1 0
2  11 1 12 1 13 1 14 1 15 1 6 1 7 1 8 1 9 -1 0
2  17 -1 9 1 8 -1 7 -1 6 -1 15 -1 0
1
              1               0               0               0 
              0               1               0               0 
              0               0               1               0 
2  11 1 12 1 13 1 14 1 15 1 22 1 8 1 9 -1 0
2  17 -1 9 1 8 -1 22 -1 15 -1 14 -1 13 -1 12 -1 11 -1 0
1
              1               0               0               0 
              0               1               0               0 
              0               0               1               0 
1
              1               0               0               0 
              0               1               0               0 
              0               0               1               0 
1
              1               0               0               0 
              0               1               0               0 
              0               0               1               0 
1
              1               0               0               0 
              0               1               0               0 
              0               0               1               0 
1
0.190808525233316 -0.981627274834133               0 -1.97038674354553 
0.981627274834133 0.190808525233316               0 -22.8800430297852 
              0               0               1 -3.00000047683716 
1
              1               0               0               0 
              0               1               0               0 
              0               0               1               0 
1
              1               0               0               0 
              0               1               0               0 
              0               0               1               0 
1
              1               0               0               0 
              0               1               0               0 
              0               0               1               0 
2  25 1 26 1 27 1 28 1 29 1 30 1 31 1 32 1 15 1 22 1 8 1 9 -1 0
2  17 -1 9 1 8 -1 22 -1 15 -1 32 -1 31 -1 30 -1 29 -1 28 -1 27 -1 26 -1 25 -1 0
1
              1               0               0               0 
              0               1               0               0 
              0               0               1               0 
1
              1               0               0               0 
              0               1               0               0 
              0               0               1              -3 
1
              1               0               0               0 
              0               1               0               0 
              0               0               1               6 
1
              1               0               0            -2.5 
              0               1               0            -7.5 
              0               0               1              -3 
1
              1               0               0            -2.5 
              0               1               0            -7.5 
              0               0               1              -3 
1
              1               0               0              -9 
              0               1               0              -9 
              0               0               1               3 
1
-2.22044604925031e-16               1               0               0 
             -1 -2.22044604925031e-16               0               0 
              0               0               1              -3 
1
              1               0               0               0 
              0               1               0               0 
              0               0               1               0 
2  35 1 36 1 37 1 38 -1 39 1 40 -1 25 1 26 1 27 1 28 1 41 1 42 1 31 1 32 1 15 1 22 1 8 1 9 -1 0
2  17 -1 9 1 8 -1 22 -1 15 -1 32 -1 31 -1 42 -1 41 -1 28 -1 27 -1 26 -1 25 -1 40 1 39 -1 38 1 37 -1 36 -1 35 -1 0
2  17 -1 0
2  25 1 26 1 27 1 28 1 29 1 30 1 31 1 32 1 15 1 6 1 7 1 8 1 9 -1 0
2  35 1 36 1 37 1 38 -1 39 1 40 -1 25 1 26 1 27 1 28 1 29 1 30 1 31 1 32 1 15 1 6 1 7 1 8 1 9 -1 0
2  17 -1 9 1 8 -1 7 -1 6 -1 15 -1 32 -1 31 -1 30 -1 29 -1 28 -1 27 -1 26 -1 25 -1 40 1 39 -1 38 1 37 -1 36 -1 35 -1 0
2  38 -1 39 1 40 -1 25 1 26 1 27 1 28 1 41 1 42 1 31 1 32 1 15 1 6 1 7 1 8 1 9 -1 0
2  15 1 6 1 7 1 8 1 9 -1 0
2  17 -1 9 1 8 -1 7 -1 6 -1 15 -1 32 -1 31 -1 42 -1 41 -1 28 -1 27 -1 26 -1 25 -1 40 1 39 -1 38 1 0
2  39 1 40 -1 25 1 26 1 27 1 28 1 41 1 42 1 31 1 32 1 15 1 6 1 7 1 8 1 9 -1 0
2  17 -1 9 1 8 -1 7 -1 6 -1 15 -1 32 -1 31 -1 42 -1 41 -1 28 -1 27 -1 26 -1 25 -1 40 1 39 -1 0
2  38 -1 39 1 40 -1 25 1 26 1 27 1 28 1 29 1 30 1 31 1 32 1 0
2  17 -1 9 1 8 -1 7 -1 6 -1 15 -1 32 -1 31 -1 30 -1 29 -1 28 -1 27 -1 26 -1 25 -1 40 1 39 -1 38 1 0
2  35 1 36 1 37 1 38 -1 39 1 40 -1 25 1 26 1 27 1 28 1 29 1 30 1 31 1 32 1 0
2  39 1 40 -1 25 1 26 1 27 1 28 1 29 1 30 1 31 1 32 1 0
2  17 -1 9 1 8 -1 7 -1 6 -1 15 -1 32 -1 31 -1 30 -1 29 -1 28 -1 27 -1 26 -1 25 -1 40 1 39 -1 0
2  39 1 40 -1 25 1 26 1 27 1 28 1 41 1 42 1 31 1 32 1 0
2  39 1 40 -1 25 1 26 1 27 1 28 1 29 1 30 1 31 1 32 1 15 1 6 1 7 1 8 1 9 -1 0
1
              1               0               0               0 
              0               1               0               0 
              0               0               1               0 
1
-0.104528463267654 -6.07071206434638e-17 0.994521895368273 11.0839922473176 
0.994521895368273 4.94363466807198e-17 0.104528463267654  1.164974528845 
-5.55111512312578e-17               1 5.52070553365854e-17 -1.49880108324396e-16 
2  61 1 62 1 0
2  17 -1 9 1 8 -1 7 -1 6 -1 62 -1 61 -1 0
1
              1               0               0 -14.9178284305241 
              0               1               0 -1.5679269490148 
              0               0               1 -8.32667268468867e-16 
2  61 1 62 1 65 1 0
2  17 -1 9 1 8 -1 7 -1 6 -1 65 -1 62 -1 61 -1 0
Curve2ds 6
7 0 0  8 23 4  6.2831853071795862 -26.210403577310792  6.0868357663302239 -26.210403577310792  5.8904862254808332 -26.196259075835517  5.6941366846317862 -26.167971782801942  5.4977871437822259 -26.126699835971522  5.3014376029326336 -26.074778949928941  5.1050880620835111 -26.015449308148334  4.9087385212340511 -25.952417944653568  4.4178646691106467 -25.794838987467653  4.123340357840128 -25.700291270568414  3.8288160465556516 -25.618243931952748  3.5342917353020979 -25.561179542142781  3.2397674240085266 -25.538173539200216  2.945243112744059 -25.55118633793245  2.6507188014663901 -25.595537822280114  2.0616701789183036 -25.729248001318275  1.7671458676425331 -25.818607180517574  1.4726215563889795 -25.921626840659883  1.1780972450972271 -26.025334077741718  0.88357293384185454 -26.114933868841035  0.58904862254737367 -26.178578331091558  0.29452431127404388 -26.2104035773108  8.8817841970012523e-16 -26.2104035773108 
 3.141592653589794 9 4.712388980384679 7 7.0685834705770283 7 9.4247779607693793 9
1 6.2831853071795862 -49.999999999999979 -1 0 
1 0 0 0 -1 
1 6.2831853071795862 0 0 -1 
1 6.2831853071795862 -32.299999999999997 -1 0 
1 6.2831853071795862 -47.299999999999997 -1 0 
Curves 140
1 -34.421209926429931 -79.307186892801212 -8.8000000000000007 -1.4011846931031338e-16 -1.9896427468142203e-16 1 
1 -34.120685758711879 -77.761124078871163 -6 0.19080899537654469 0.98162718344766398 2.4651903288156619e-32 
1 -30.574999999999996 -59.520152169521182 -8.8000000000000043 -0 -5.2188275932056476e-16 -1 
1 -34.120685758711879 -77.761124078871163 -8.8000000000000007 0.19080899537654469 0.98162718344766398 2.4651903288156619e-32 
1 -34.120685758711879 -77.761124078871163 -8.8000000000000007 0.19080899537654469 0.98162718344766398 2.4651903288156619e-32 
3 -31.059518713219369 -62.012784861426688 -7.7499999999999991 0.98162718344766409 -0.19080899537654461 1.9907897184451596e-16 -0.19080899537654461 -0.98162718344766409 8.399828675508247e-16 3.5145043324507028e-17 -8.6253607503645565e-16 -1 1.0979763443115051 1.05
3 -31.059518713219369 -62.012784861426688 -7.7499999999999991 0.98162718344766409 -0.19080899537654461 1.9907897184451596e-16 -0.19080899537654461 -0.98162718344766409 8.399828675508247e-16 3.5145043324507028e-17 -8.6253607503645565e-16 -1 1.0979763443115051 1.05
1 -30.574999999999999 -59.671807420432344 -8.8000000000000007 0 1 0 
1 -30.574999999999999 -41.581863630230899 -8.1849242404917497 0 2.2326768868452908e-16 1 
1 -30.574999999999999 -59.671807420432344 -6 0 1 0 
1 -29.164632329646555 -41.433628014794969 -8.8000000000000007 0.9945218953682734 0.10452846326765322 -8.6281661508548166e-32 
1 -9.1996052801284662 -39.335219114696841 -8.8000000000000007 7.5824434432183093e-17 2.3123715787997611e-16 1 
1 -29.164632329646555 -41.433628014794969 -6 0.9945218953682734 0.10452846326765322 -8.6281661508548166e-32 
1 -9.0349729504819134 -40.901591099901864 -6 0.10452846326765326 -0.9945218953682734 4.7763062620803449e-32 
1 -6.0919740671811233 -68.9023550639956 -8.8000000000000043 1.222443970915568e-16 -2.1041928481270781e-16 1 
1 -9.0349729504819134 -40.901591099901864 -8.8000000000000007 0.10452846326765326 -0.9945218953682734 4.7763062620803449e-32 
1 -9.0349729504819134 -40.901591099901864 -8.8000000000000007 0.10452846326765326 -0.9945218953682734 4.7763062620803449e-32 
2 -7.0809855392439047 -59.492539469383345 -7.75 0.9945218953682734 0.10452846326765351 -5.5207055336585385e-17 -0.10452846326765351 0.9945218953682734 5.5511151231257815e-17 6.0707120643463738e-17 -4.9436346680719793e-17 1 1.05
2 -7.0809855392439047 -59.492539469383345 -7.75 0.9945218953682734 0.10452846326765351 -5.5207055336585385e-17 -0.10452846326765351 0.9945218953682734 5.5511151231257815e-17 6.0707120643463738e-17 -4.9436346680719793e-17 1 1.05
1 -7.6583460523861664 -69.066987393642151 -6 -0.9945218953682734 -0.10452846326765315 -2.4035605705952703e-31 
1 -19.132366544232571 -82.279036995790918 -6 -0.98162718344766398 0.19080899537654489 -2.8349688781380112e-31 
1 -14.889628977182348 -68.706372232578929 -6 -0.19080899537654464 -0.98162718344766409 1.8488927466117464e-32 
1 -30.295307520204318 -68.733030974117924 -6 0.19080852523331604 0.98162727483413326 0 
1 -21.2640364479395 -80.537119092529423 -6 -0.98162727483413326 0.19080852523331604 0 
1 -20.159991265681043 -76.16749848708416 -6 0.98162727483413326 -0.19080852523331604 0 
1 -15.216865995893238 -64.532959403545419 -6 -0.19080852523331604 -0.98162727483413326 -0 
1 -30.356801975846423 -66.42896534312446 -6 0.19080852523331604 0.98162727483413326 0 
1 -20.159991265681043 -76.16749848708416 -6 0.98162727483413326 -0.19080852523331604 0 
1 -19.205948639514464 -71.259362112913493 -6 0.98162727483413326 -0.19080852523331604 0 
1 -15.632392853334423 -69.291093221624209 -6 0.19080852523331604 0.98162727483413326 0 
1 -30.295307520204318 -68.733030974117924 -6 0.19080852523331604 0.98162727483413326 0 
1 -19.205948639514464 -71.259362112913493 -6 0.98162727483413326 -0.19080852523331604 0 
1 -25.464108018512007 -65.458677568218349 -6 0.98162727483413326 -0.19080852523331604 0 
1 -15.216865995893238 -64.532959403545419 -6 -0.19080852523331604 -0.98162727483413326 -0 
1 -15.232593430409814 -58.438842251799308 -6 0.9945218953682734 0.1045284632676534 0 
1 -9.7798815108622978 -59.644544601837808 -6 0.10452846326765364 -0.99452189536827329 0 
1 -14.835385269992731 -62.218025454198752 -6 -0.9945218953682734 -0.1045284632676534 -0 
1 -24.697709941386396 -61.212471550852605 -6 0.10452846326765364 -0.99452189536827329 0 
1 -15 -51.810828974527823 -6 -2.2204460492503126e-16 -1 -0 
1 -24.664578875956231 -43 -6 1 -2.2204460492503126e-16 0 
1 -24.914578875956231 -47.5 -6 -1 2.2204460492503126e-16 0 
1 -29 -58.810828974527823 -6 2.2204460492503126e-16 1 0 
1 -14.5 -54.060828974527823 -6 -2.2204460492503126e-16 -1 -0 
1 -24.914578875956231 -47.5 -6 -1 2.2204460492503126e-16 0 
1 -24.914578875956234 -52.5 -6 -1 2.2204460492503126e-16 0 
1 -29.5 -54.060828974527823 -6 -2.2204460492503126e-16 -1 -0 
1 -15 -51.810828974527823 -6 -2.2204460492503126e-16 -1 -0 
1 -24.914578875956234 -52.5 -6 -1 2.2204460492503126e-16 0 
1 -17.664578875956234 -57 -6 -1 2.2204460492503126e-16 0 
1 -29 -58.810828974527823 -6 2.2204460492503126e-16 1 0 
1 -29.274387216077592 -40.38938002465828 -10 0.9945218953682734 0.10452846326765322 8.6281661508548166e-32 
1 -8.2651121764228144 -38.181216238129117 -10.000000000000002 7.5824434432183093e-17 2.3123715787997611e-16 1 
1 -29.274387216077592 -40.38938002465828 -8.8000000000000007 0.99452189536827351 0.10452846326765286 -4.4408920985006257e-16 
1 -31.625 -40.636439383718169 -9.2349242404922407 0 2.2326768868452908e-16 1 
1 -7.9907249603452239 -40.791836213470823 -10 0.10452846326765326 -0.9945218953682734 -4.7763062620803449e-32 
1 -7.548591165955127 -70.111235383778833 -10 -0.9945218953682734 -0.10452846326765315 2.4035605705952703e-31 
1 -13.858920434562298 -68.906721677724306 -10 -0.19080899537654464 -0.98162718344766409 -1.8488927466117464e-32 
1 -19.332715989377942 -83.309745538410965 -10 -0.98162718344766398 0.19080899537654489 2.8349688781380112e-31 
1 -35.151394301331926 -77.560774633725799 -10 0.19080899537654469 0.98162718344766398 -2.4651903288156619e-32 
1 -31.625 -59.671807420432344 -10 0 1 0 
1 -62.279151296839615 3.0553737846851288 -7 1 0 0 
1 -44.279151296839615 3.0553737846851288 -7 0 1 0 
1 -62.279151296839615 21.055373784685131 -7 1 0 0 
1 -62.279151296839615 3.0553737846851288 -7 0 1 0 
1 34.000000000000007 -37.999999999999986 -7 0 1 0 
1 48.000000000000007 -37.999999999999986 -7 -1 0 0 
1 48.000000000000007 -23.999999999999989 -7 0 -1 0 
1 34.000000000000007 -23.999999999999989 -7 1 0 0 
1 -4.9379711906133998 -69.836848167701248 -10.000000000000004 1.222443970915568e-16 -2.1041928481270781e-16 1 
1 14.009275039654774 9.2081637865291768 1.2000000000000011 0.10452846326765372 -0.99452189536827329 -4.4408920985006271e-16 
1 -31.625 -59.671807420432344 -8.7999999999999989 0 1 -4.4408920985006262e-16 
1 -31.624999999999996 -59.419048668913753 -10.000000000000004 -0 -5.2188275932056476e-16 -1 
1 -14.229547411590122 -70.813432180819746 -10 -5.9255490902874207e-17 2.1703968562789064e-16 -1 
1 -7.5485911659551288 -70.111235383778833 -8.8000000000000007 -0.99452189536827351 -0.10452846326765207 -4.4408920985006242e-16 
1 -16.75594463282782 -83.810619151274409 -10.000000000000002 5.5382253321259312e-17 -2.3696576558319477e-16 1 
1 -13.858920434562298 -68.906721677724306 -8.7999999999999989 -0.19080899537654444 -0.98162718344766409 -4.4408920985006281e-16 
1 -35.652267914195349 -80.137545990275896 -10.000000000000002 -1.4011846931031338e-16 -1.9896427468142203e-16 1 
1 -19.332715989377942 -83.309745538410965 -8.8000000000000007 -0.98162718344766375 0.19080899537654616 -4.4408920985006232e-16 
1 -13.151394301331926 -27.560774633725792 1.2000000000000011 0.19080899537654444 0.98162718344766409 -4.4408920985006281e-16 
1 -69.279151296839615 -3.9446262153148712 -6.9999990463256836 0 1 0 
1 -55.279151296839615 -3.9446262153148712 -6.9999990463256836 -1 -0 -0 
1 -55.279151296839615 10.055373784685129 -6.9999990463256836 -0 -1 -0 
1 -69.279151296839615 10.055373784685129 -6.9999990463256836 1 0 0 
1 34.000000000000007 -23.999999999999989 2 -0 -0 -1 
1 34.000000000000007 -37.999999999999986 2 -0 -0 -1 
1 46.000000000000007 -30.499999999999989 5 -0 -0 -1 
1 45.750000000000007 -30.499999999999989 0.5 -1 -0 -0 
1 41.000000000000007 -30.499999999999989 5 -0 -0 -1 
1 48.000000000000007 -37.999999999999986 2 -0 -0 -1 
1 48.000000000000007 -23.999999999999989 2 -0 -0 -1 
1 41.000000000000007 -16.499999999999989 5 0 0 1 
1 38.750000000000007 -16.499999999999989 0.5 1 0 0 
1 46.000000000000007 -16.499999999999989 5 0 0 1 
1 -69.279151296839615 10.055373784685129 2.0000009536743164 -0 -0 -1 
1 -69.279151296839615 -3.9446262153148712 2.0000009536743164 -0 -0 -1 
1 -57.279151296839615 3.5553737846851288 5.0000009536743164 -0 -0 -1 
1 -57.529151296839615 3.5553737846851288 0.50000095367431641 -1 -0 -0 
1 -62.279151296839615 3.5553737846851288 5.0000009536743164 -0 -0 -1 
1 -55.279151296839615 -3.9446262153148712 2.0000009536743164 -0 -0 -1 
1 -55.279151296839615 10.055373784685129 2.0000009536743164 -0 -0 -1 
1 -62.279151296839615 17.555373784685131 5.0000009536743164 0 0 1 
1 -64.529151296839615 17.555373784685131 0.50000095367431641 1 0 0 
1 -57.279151296839615 17.555373784685131 5.0000009536743164 0 0 1 
1 46.000000000000007 -30.999999999999989 0.5 0 1 0 
1 46.000000000000007 -30.999999999999989 5 -0 -0 -1 
1 41.000000000000007 -30.999999999999989 0.5 0 1 0 
1 41.000000000000007 -30.999999999999989 0.5 1 0 0 
1 41.000000000000007 -30.999999999999989 5 -0 -0 -1 
1 41.000000000000007 -30.999999999999989 0.5 0 1 0 
1 41.000000000000007 -15.999999999999989 5 -0 -0 -1 
1 41.000000000000007 -15.999999999999989 0.5 1 0 0 
1 46.000000000000007 -30.999999999999989 0.5 0 1 0 
1 46.000000000000007 -15.999999999999989 5 -0 -0 -1 
1 -7.6583460523861646 -69.066987393642151 -8.8000000000000007 -0.9945218953682734 -0.10452846326765315 -2.4035605705952703e-31 
1 -15.112005163399042 -69.850398534436181 -8.8000000000000007 -5.9255490902874207e-17 2.1703968562789064e-16 -1 
1 -14.889628977182348 -68.706372232578929 -8.8000000000000007 -0.19080899537654464 -0.98162718344766409 1.8488927466117464e-32 
1 -17.586303730302497 -82.57956116350897 -8.8000000000000025 5.5382253321259312e-17 -2.3696576558319477e-16 1 
1 -19.132366544232571 -82.279036995790918 -8.8000000000000007 -0.98162718344766398 0.19080899537654489 -2.8349688781380112e-31 
1 -56.916835194088584 -63.674714642629326 -7.7499999999999982 0.9945218953682734 0.1045284632676534 -5.5511151231257815e-17 
2 -24.684023087262325 -61.342693269220803 -7.75 0.9945218953682734 0.10452846326765351 -5.5207055336585385e-17 -0.10452846326765351 0.9945218953682734 5.5511151231257815e-17 6.0707120643463738e-17 -4.9436346680719793e-17 1 1.05
2 -9.7661946567382216 -59.774766320206005 -7.75 0.9945218953682734 0.10452846326765351 -5.5207055336585385e-17 -0.10452846326765351 0.9945218953682734 5.5511151231257815e-17 6.0707120643463738e-17 -4.9436346680719793e-17 1 1.05
1 -56.916835194088584 -63.674714642629326 -7.7499999999999982 0.9945218953682734 0.1045284632676534 -5.5511151231257815e-17 
1 -57.279151296839615 3.0553737846851288 0.50000095367431641 0 1 0 
1 -57.279151296839615 3.0553737846851288 5.0000009536743164 -0 -0 -1 
1 -62.279151296839615 3.0553737846851288 0.50000095367431641 0 1 0 
1 -62.279151296839615 3.0553737846851288 0.50000095367431641 1 0 0 
1 -62.279151296839615 3.0553737846851288 5.0000009536743164 -0 -0 -1 
1 -62.279151296839615 3.0553737846851288 0.50000095367431641 0 1 0 
1 -62.279151296839615 18.055373784685131 5.0000009536743164 -0 -0 -1 
1 -62.279151296839615 18.055373784685131 0.50000095367431641 1 0 0 
1 -57.279151296839615 3.0553737846851288 0.50000095367431641 0 1 0 
1 -57.279151296839615 18.055373784685131 5.0000009536743164 -0 -0 -1 
1 -56.526468576525289 -4.650000000000003 -27.105904861484692 1.1102230246251568e-16 -1 -1.1041411067317081e-16 
1 -9.964798736946765 -57.885174719006287 -9.6500000000000004 -0.9945218953682734 -0.1045284632676534 5.5511151231257821e-17 
1 -56.526468576525289 -4.6500000000000012 -27.105904861484692 1.1102230246251568e-16 -1 -1.1041411067317081e-16 
1 -60.326468576525293 -9.6500000000000021 -27.105904861484692 -1.1102230246251568e-16 1 1.1041411067317081e-16 
1 -56.526468576525289 -9.6500000000000021 -27.105904861484692 -1 -1.110223024625156e-16 6.8422776578360193e-49 
1 -60.326468576525293 -9.6500000000000021 -27.105904861484692 -1.1102230246251568e-16 1 1.1041411067317081e-16 
1 -9.56759057652968 -61.664357921405724 -9.6500000000000004 -0.9945218953682734 -0.1045284632676534 5.5511151231257821e-17 
1 -56.526468576525289 -9.6500000000000004 -27.105904861484692 -1 -1.110223024625156e-16 6.8422776578360193e-49 
Polygon3D 0
PolygonOnTriangulations 0
Surfaces 49
1 -32.498104963214971 -69.413669531161204 -7.3999999999999986 -0.98162718344766409 0.19080899537654461 -1.9907897184451596e-16 -0.19080899537654461 -0.98162718344766409 -0 1.9542133041538897e-16 -3.7986058618247493e-17 -1 
2 -56.80708030765755 -64.718962632766022 -7.7499999999999982 -0.9945218953682734 -0.10452846326765351 5.5207055336585398e-17 -0.10452846326765351 0.9945218953682734 5.5511151231257821e-17 -6.0707120643463751e-17 4.9436346680719811e-17 -1 1.05
1 -30.574999999999996 -50.551007899876041 -7.4000000000000004 -1 0 0 0 0 1 -0 -1 -0 
1 -19.887302640064231 -40.45854137246387 -7.3999999999999995 -0.10452846326765312 0.9945218953682734 5.1647390099804589e-16 0.9945218953682734 0.10452846326765312 0 5.3986223189175757e-17 -5.1364460292882258e-16 1 
1 -7.6457896736548001 -54.118787089346213 -7.4000000000000004 0.9945218953682734 0.10452846326765328 0 -0.10452846326765328 0.9945218953682734 0 -0 -0 -1 
2 -56.80708030765755 -64.718962632766022 -7.7499999999999982 -0.9945218953682734 -0.10452846326765351 5.5207055336585398e-17 -0.10452846326765351 0.9945218953682734 5.5511151231257821e-17 -6.0707120643463751e-17 4.9436346680719811e-17 -1 1.05
1 -20.329157751912469 -60.621657949055646 -6 0 0 1 -1 -0 -0 0 1 0 
1 -19.945056088211409 -39.40882781092364 -9.4000000000000021 -0.10452846326765307 0.9945218953682734 2.8310221629509898e-15 0.9945218953682734 0.10452846326765307 4.9303806576313238e-32 2.9592239616993421e-16 -2.8155135273276075e-15 1 
1 -22 -50 0 0 0 1 1 0 0 0 1 0 
1 -6.6015416835181124 -54.009032202915179 -9.4000000000000039 0.9945218953682734 0.10452846326765353 -2.8033303842275214e-15 -0.10452846326765353 0.9945218953682734 0 -2.787973447065424e-15 -2.9302781709482349e-16 -1 
1 -31.624999999999996 -50.027744026315943 -9.4000000000000057 -1 0 0 0 0 1 -0 -1 -0 
1 -9.5837593011017699 -70.325140174260497 -9.4000000000000004 0.10452846326765253 -0.99452189536827351 2.2397666506426372e-15 -0.99452189536827351 -0.10452846326765253 -4.9303806576313227e-32 -2.3411936606981205e-16 2.2274969745797649e-15 1 
1 -15.492746022208973 -77.312025666047077 -9.4000000000000021 0.98162718344766409 -0.19080899537654461 -2.3525390844009685e-15 0.19080899537654461 0.98162718344766409 0 -2.3093163153710688e-15 4.4888561927860483e-16 -1 
1 -26.204106273511588 -81.974082570775138 -9.4000000000000021 -0.19080899537654564 -0.98162718344766386 6.0339274564029996e-15 -0.98162718344766386 0.19080899537654564 -1.9721522630525295e-31 1.1513276361312115e-15 5.9230672141564031e-15 1 
1 -33.638633957097674 -69.778297329594807 -9.3999999999999986 -0.98162718344766409 0.19080899537654455 -2.3433844540045678e-15 -0.19080899537654455 -0.98162718344766409 4.9303806576313227e-32 2.3003298813195455e-15 -4.4713883344962387e-16 -1 
1 -62.279151296839615 3.0553737846851288 -6.9999990463256836 -0 -0 -1 1 0 0 0 1 0 
1 34.000000000000007 -37.999999999999986 2 -1 -0 -0 0 1 0 0 0 1 
1 48.000000000000007 -37.999999999999986 2 -0 -1 -0 -1 -0 -0 0 0 1 
1 48.000000000000007 -23.999999999999989 2 1 0 0 -0 -1 -0 0 0 1 
1 34.000000000000007 -23.999999999999989 2 0 1 0 1 0 0 0 0 1 
1 -69.279151296839615 -3.9446262153148712 2.0000009536743164 -1 -0 -0 0 1 0 0 0 1 
1 -55.279151296839615 -3.9446262153148712 2.0000009536743164 -0 -1 -0 -1 -0 -0 0 0 1 
1 -55.279151296839615 10.055373784685129 2.0000009536743164 1 0 0 -0 -1 -0 0 0 1 
1 -69.279151296839615 10.055373784685129 2.0000009536743164 0 1 0 1 0 0 0 0 1 
1 46.000000000000007 -30.999999999999989 5 1 0 0 -0 -0 -1 -0 -1 -0 
1 41.000000000000007 -30.999999999999989 0.5 -0 -0 -1 1 0 0 0 1 0 
1 41.000000000000007 -30.999999999999989 5 1 0 0 -0 -0 -1 -0 -1 -0 
1 41.000000000000007 -30.999999999999989 5 1 0 0 -0 -0 -1 -0 -1 -0 
1 41.000000000000007 -30.999999999999989 0.5 -0 -0 -1 1 0 0 0 1 0 
1 46.000000000000007 -30.999999999999989 5 1 0 0 -0 -0 -1 -0 -1 -0 
1 -10.601989615290092 -69.37637679921589 -7.4000000000000004 0.10452846326765299 -0.9945218953682734 0 -0.9945218953682734 -0.10452846326765299 -0 0 0 1 
1 -16.349154446850775 -76.21497984897259 -7.4000000000000004 0.98162718344766409 -0.19080899537654461 0 0.19080899537654461 0.98162718344766409 0 -0 -0 -1 
1 -26.003756828366217 -80.943374028155105 -7.3999999999999995 -0.19080899537654522 -0.98162718344766386 0 -0.98162718344766386 0.19080899537654522 0 0 0 1 
1 -57.279151296839615 3.0553737846851288 5.0000009536743164 1 0 0 -0 -0 -1 -0 -1 -0 
1 -62.279151296839615 3.0553737846851288 0.50000095367431641 -0 -0 -1 1 0 0 0 1 0 
1 -62.279151296839615 3.0553737846851288 5.0000009536743164 1 0 0 -0 -0 -1 -0 -1 -0 
1 -62.279151296839615 3.0553737846851288 5.0000009536743164 1 0 0 -0 -0 -1 -0 -1 -0 
1 -62.279151296839615 3.0553737846851288 0.50000095367431641 -0 -0 -1 1 0 0 0 1 0 
1 -57.279151296839615 3.0553737846851288 5.0000009536743164 1 0 0 -0 -0 -1 -0 -1 -0 
1 -62.279151296839615 18.055373784685131 5.0000009536743164 0 1 0 -0 -0 -1 1 0 0 
1 -62.279151296839615 3.0553737846851288 5.0000009536743164 0 1 0 -0 -0 -1 1 0 0 
1 -9.9647987369467632 -57.885174719006287 -4.6500000000000012 -0.1045284632676534 0.9945218953682734 5.5511151231257821e-17 -6.0707120643463738e-17 4.9436346680719805e-17 -1 0.9945218953682734 0.1045284632676534 -5.5207055336585392e-17 
1 -9.7661946567382252 -59.774766320206005 -7.1500000000000012 0.99452189536827329 0.10452846326765364 -1.7731293154120374e-16 -0.10452846326765364 0.99452189536827329 3.0814879110195774e-33 -1.7634159274966285e-16 -1.8534248251484696e-17 -1 
1 -9.56759057652968 -61.664357921405724 -9.6500000000000004 0.1045284632676534 -0.9945218953682734 -5.5511151231257821e-17 6.0707120643463738e-17 -4.9436346680719805e-17 1 0.9945218953682734 0.1045284632676534 -5.5207055336585392e-17 
1 -9.7661946567382252 -59.774766320206005 -7.1499999999999995 0.99452189536827329 0.10452846326765364 -1.7731293154120374e-16 -0.10452846326765364 0.99452189536827329 3.0814879110195774e-33 -1.7634159274966285e-16 -1.8534248251484696e-17 -1 
1 41.000000000000007 -15.999999999999989 5 0 1 0 -0 -0 -1 1 0 0 
1 41.000000000000007 -30.999999999999989 5 0 1 0 -0 -0 -1 1 0 0 
1 -9.964798736946765 -57.885174719006287 -9.6500000000000004 -6.1009550669007073e-17 4.9404560004163692e-17 -1 0.10452846326765351 -0.9945218953682734 -5.5511151231257821e-17 0.9945218953682734 0.10452846326765351 -5.5511151231257821e-17 
1 1.7016963278258999 -10.681654501847433 1.199999999999994 0 0 1 1 0 0 0 1 0 
Triangulations 0

TShapes 346
Ve
1.50000018769009e-07
-34.4212099264299 -79.3071868928012 -8.8
0 0

0101101
*
Ve
1.50000018736144e-07
-34.4212099264299 -79.3071868928012 -6
0 0

0101101
*
Ed
 1e-07 1 1 0
1  1 0 1.33226762955019e-15 2.8
0

0101000
+346 18 -345 18 *
Ve
1.50000005329071e-07
-30.575 -59.5201521695212 -6
0 0

0101101
*
Ed
 1.5e-07 1 1 0
1  2 0 -1.575 18.5823826162639
0

0101000
+345 18 -343 18 *
Ve
1.50000007119292e-07
-30.575 -59.5201521695212 -8.8
0 0

0101101
*
Ed
 1e-07 1 1 0
1  3 0 -2.8 -4.88498130835068e-15
0

0101000
+343 18 -341 18 *
Ve
1.50000005891509e-07
-31.0595187132194 -62.0127848614267 -8.8
0 0

0101101
*
Ed
 1.5e-07 1 1 0
1  4 0 16.0430960786286 18.5823826162639
0

0101000
+339 18 -341 18 *
Ed
 1.5e-07 1 1 0
1  5 0 -1.57499999999999 16.0430960786286
0

0101000
+346 18 -339 18 *
Wi

0101100
-344 16 -342 16 -340 16 +338 16 +337 16 *
Ve
1.50000002220446e-07
-30.8500149500141 -60.934981435068 -7.75
0 0

0101101
*
Ed
 1.5e-07 1 1 0
1  6 0 7.85398163397448 9.42477796076938
2  1 2 0 7.85398163397448 9.42477796076938
0

0101000
+339 19 -335 19 *
Ed
 1.5e-07 1 1 0
1  7 0 3.14159265358979 7.85398163397448
2  1 2 0 3.14159265358979 7.85398163397448
0

0101000
+335 19 -339 19 *
Wi

0101100
-334 0 -333 0 *
Fa
0  1.5e-07 1 16

0111000
+336 0 +332 0 *
Ve
1.50000003389364e-07
-30.575 -41.5818636302309 -8.8
0 0

0101101
*
Ed
 1.5e-07 1 1 0
1  8 0 0.151655250911164 18.0899437902014
0

0101000
+341 18 -330 18 *
Ve
1.50000004440892e-07
-30.575 -41.5818636302309 -6
0 0

0101101
*
Ed
 1e-07 1 1 0
1  9 0 -0.615075759508249 2.18492424049175
0

0101000
+330 18 -328 18 *
Ed
 1.5e-07 1 1 0
1  10 0 0.151655250911164 18.0899437902014
0

0101000
+343 18 -328 18 *
Wi

0101000
+329 0 +327 0 -326 0 +340 0 *
Fa
0  1.5e-07 3 0

0111000
+325 0 *
Ve
1.50000009506518e-07
-9.19960528012846 -39.3352191146968 -8.8
0 0

0101101
*
Ed
 1.5e-07 1 1 0
1  11 0 -1.4181363697691 20.075
0

0101000
+330 18 -323 18 *
Ve
1.50000007944109e-07
-9.19960528012847 -39.3352191146968 -6
0 0

0101101
*
Ed
 1e-07 1 1 0
1  12 0 1.77635683940025e-15 2.8
0

0101000
+323 18 -321 18 *
Ed
 1.5e-07 1 1 0
1  13 0 -1.4181363697691 20.075
0

0101000
+328 18 -321 18 *
Wi

0101000
+322 0 +320 0 -319 0 -327 0 *
Fa
0  1.5e-07 4 0

0111000
+318 0 *
Ve
1.50000012932073e-07
-6.09197406718114 -68.9023550639956 -6
0 0

0101101
*
Ed
 1.5e-07 1 1 0
1  14 0 -1.575 28.155
0

0101000
+321 18 -316 18 *
Ve
1.50000012817187e-07
-6.09197406718114 -68.9023550639956 -8.8
0 0

0101101
*
Ed
 1e-07 1 1 0
1  15 0 3.5527136788005e-15 2.8
0

0101000
+314 18 -316 18 *
Ve
1.50000012578391e-07
-7.08098553924389 -59.4925394693833 -8.8
0 0

0101101
*
Ed
 1.5e-07 1 1 0
1  16 0 18.6933525104515 28.155
0

0101000
+312 18 -314 18 *
Ed
 1.5e-07 1 1 0
1  17 0 -1.575 18.6933525104515
0

0101000
+323 18 -312 18 *
Wi

0101100
-320 16 -315 16 +313 16 +311 16 +310 16 *
Ve
1.50000016085595e-07
-7.19074042567492 -58.4482914792467 -7.75
0 0

0101101
*
Ed
 1.5e-07 1 1 0
1  18 0 0 4.71238898038469
2  2 6 0 0 4.71238898038469
0

0101000
+308 19 -312 19 *
Ed
 1.5e-07 1 1 0
1  19 0 4.71238898038469 6.28318530717959
2  2 6 0 4.71238898038469 6.28318530717959
0

0101000
+312 19 -308 19 *
Wi

0101100
+307 0 +306 0 *
Fa
0  1.5e-07 5 16

0111000
+309 0 +305 0 *
Ve
1.50000007993606e-07
-15.112005163399 -69.8503985344362 -6
0 0

0101101
*
Ed
 1.5e-07 1 1 0
1  20 0 -1.575 7.49471594916749
0

0101000
+316 18 -303 18 *
Ve
1.50000008379058e-07
-17.5863037303025 -82.579561163509 -6
0 0

0101101
*
Ed
 1.5e-07 1 1 0
1  21 0 -1.575 15.575
0

0101000
+301 18 -345 18 *
Ed
 1.5e-07 1 1 0
1  22 0 1.16543869316987 14.1328491762063
0

0101000
+303 18 -301 18 *
Wi

0101100
+319 16 +326 16 +315 16 +342 16 +302 16 +300 16 +299 16 *
Ve
2.00000003552714e-07
-32.1774373440177 -78.4157742769909 -6
0 0

0101101
*
Ve
2e-07
-31.3187989804678 -73.9984515402373 -6
0 0

0101101
*
Ed
 2e-07 1 1 0
1  23 0 -9.8639713372971 -5.3639713372971
0

0101000
+297 21 -296 21 *
Ve
2.00000000444089e-07
-18.4346554963398 -81.0870936302573 -6
0 0

0101101
*
Ed
 2e-07 1 1 0
1  24 0 -2.88233734344614 11.1176626565539
0

0101000
+294 21 -297 21 *
Ve
2.00000001776357e-07
-31.8096126178848 -73.9030472776206 -6
0 0

0101101
*
Ed
 2e-07 1 1 0
1  25 0 -11.8676626565539 -11.3676626565539
0

0101000
+292 21 -296 21 *
Ve
2.00000000888178e-07
-17.5760171327899 -76.6697708935037 -6
0 0

0101101
*
Ed
 2e-07 1 1 0
1  26 0 12.3639713372971 16.8639713372971
0

0101000
+290 21 -294 21 *
Ve
2.00000001776357e-07
-30.8555699917182 -68.9949109034499 -6
0 0

0101101
*
Ed
 2e-07 1 1 0
1  27 0 -7.6139713372971 -2.6139713372971
0

0101000
+292 21 -288 21 *
Ve
2.00000000888178e-07
-17.0852034953728 -76.7651751561204 -6
0 0

0101101
*
Ed
 2e-07 1 1 0
1  28 0 2.63233734344614 3.13233734344614
0

0101000
+290 21 -286 21 *
Ve
2e-07
-30.3647563543012 -69.0903151660666 -6
0 0

0101101
*
Ed
 2e-07 1 1 0
1  29 0 -11.8676626565539 -11.3676626565539
0

0101000
+288 21 -284 21 *
Ve
2.00000000888178e-07
-16.1311608692062 -71.8570387819497 -6
0 0

0101101
*
Ed
 2e-07 1 1 0
1  30 0 -7.6139713372971 -2.6139713372971
0

0101000
+286 21 -282 21 *
Ve
2.00000001986027e-07
-29.5061179907513 -64.672992429313 -6
0 0

0101101
*
Ed
 2e-07 1 1 0
1  31 0 -0.363971337297103 4.1360286627029
0

0101000
+284 21 -280 21 *
Ve
2.00000001776357e-07
-16.6219745066233 -71.761634519333 -6
0 0

0101101
*
Ed
 2e-07 1 1 0
1  32 0 2.63233734344614 3.13233734344614
0

0101000
+278 21 -282 21 *
Ve
2e-07
-15.7633361430734 -67.3443117825794 -6
0 0

0101101
*
Ed
 2e-07 1 1 0
1  33 0 -4.11766265655386 9.88233734344614
0

0101000
+280 21 -276 21 *
Ed
 2e-07 1 1 0
1  34 0 2.8639713372971 7.3639713372971
0

0101000
+276 21 -278 21 *
Wi

0101100
-295 15 -293 15 +291 15 -289 15 -287 15 +285 15 -283 15 +281 15 -279 15 -277 15 
-275 15 -274 15 *
Ve
2.00000002664535e-07
-24.8826271674709 -59.4531016680211 -6
0 0

0101101
*
Ve
2.00000003552714e-07
-9.96479873694676 -57.8851747190063 -6
0 0

0101101
*
Ed
 2e-07 1 1 0
1  35 0 -9.70318882068215 5.29681117931785
0

0101000
+272 19 -271 19 *
Ve
2.00000003552714e-07
-9.56759057652968 -61.6643579214057 -6
0 0

0101101
*
Ed
 2e-07 1 1 0
1  36 0 -1.76906098400178 2.03093901599822
0

0101000
+271 19 -269 19 *
Ve
2.00000001332268e-07
-24.4854190070538 -63.2322848704205 -6
0 0

0101101
*
Ed
 2e-07 1 1 0
1  37 0 -5.29681117931785 9.70318882068215
0

0101000
+269 19 -267 19 *
Ed
 2e-07 1 1 0
1  38 0 -1.76906098400179 2.03093901599822
0

0101000
+272 19 -267 19 *
Wi

0101100
-270 0 -268 0 -266 0 +265 0 *
Ve
2.00000000888178e-07
-15 -43 -6
0 0

0101101
*
Ve
2.00000000993014e-07
-15 -47.5 -6
0 0

0101101
*
Ed
 2e-07 1 1 0
1  39 0 -8.81082897452782 -4.31082897452782
0

0101000
+263 21 -262 21 *
Ve
