<?xml version='1.0' encoding='utf-8'?>
<!-- FreeCAD DocumentObject -->
<Document SchemaVersion="4" FileVersion="2">
<Object name="Element014" Extensions="True">
  <Extensions Count="1">
    <Extension type="App::LinkBaseExtensionPython" name="LinkBaseExtensionPython">
    </Extension>
  </Extensions>
  <Properties Count="19" TransientCount="1">
    <_Property name="_ElementMapVersion" type="App::PropertyString" status="234881024"/>
    <Property name="ColoredElements" type="App::PropertyLinkSubHidden" status="218103808">
      <LinkSub value="" count="0">
      </LinkSub>
    </Property>
    <Property name="Detach" type="App::PropertyBool" group=" Link" attr="0" ro="0" hide="0" doc="" status="2097152">
      <Bool value="false"/>
    </Property>
    <Property name="ExpressionEngine" type="App::PropertyExpressionEngine" status="67108864">
      <ExpressionEngine count="0"></ExpressionEngine>
    </Property>
    <Property name="FixShape" type="App::PropertyEnumeration">
      <Integer value="1"/>
    </Property>
    <Property name="InvalidShape" type="App::PropertyBool" status="67108864">
      <Bool value="false"/>
    </Property>
    <Property name="Label" type="App::PropertyString" status="134217728">
      <String value="Element014"/>
    </Property>
    <Property name="Label2" type="App::PropertyString" status="128">
      <String value=""/>
    </Property>
    <Property name="LinkTransform" type="App::PropertyBool" group=" Link" attr="0" ro="0" hide="0" doc="" status="2097418">
      <Bool value="true"/>
    </Property>
    <Property name="LinkedObject" type="App::PropertyXLink" group=" Link" attr="0" ro="0" hide="0" doc="" status="2097412">
      <XLink file="" stamp="" name="Binder002" sub="Edge80" shadow=";#139f;:H1386,E;:H1388,E;:X;:H1364:c,E;:H70c:17,E.Edge80"/>
    </Property>
    <Property name="Offset" type="App::PropertyPlacement" group=" Link" attr="0" ro="0" hide="0" doc="" status="2097152">
      <PropertyPlacement Px="0" Py="0" Pz="0" Q0="0" Q1="0" Q2="0" Q3="1" A="0" Ox="0" Oy="0" Oz="1"/>
    </Property>
    <Property name="Placement" type="App::PropertyPlacement" status="8388872">
      <PropertyPlacement Px="0" Py="0" Pz="0" Q0="0" Q1="0" Q2="0" Q3="1" A="0" Ox="0" Oy="0" Oz="1"/>
    </Property>
    <Property name="Proxy" type="App::PropertyPythonObject">
      <Python  module="freecad.asm3.assembly" class="AsmElement" value="null"/>
    </Property>
    <Property name="Shape" type="Part::PropertyPartShape">
      <Part ElementMap="0.15.70200.4" brep="1">
<![CDATA[

CASCADE Topology V1, (c) Matra-Datavision
Locations 20
1
              1               0               0               0 
              0               1               0               0 
              0               0               1               0 
1
0.130587903184493 -0.437390981910594 -0.889739247468136 -57.2564112052394 
0.437391963350952 0.83078600098966 -0.344213438081095 -41.4419200278538 
0.889738764996713 -0.344214685193551 0.299801902194145 104.228133590001 
1
              1               0               0               0 
              0               1               0               0 
              0               0               1               0 
1
              1               0               0               0 
              0 -4.44089209850063e-16              -1               0 
              0               1 -4.44089209850063e-16               0 
1
              1               0               0               0 
              0               1               0               0 
              0               0               1               0 
1
              1               0               0               0 
              0               1               0               0 
              0               0               1               0 
1
              1               0               0               0 
              0               1               0               0 
              0               0               1               0 
1
              1               0               0               0 
              0               1               0               0 
              0               0               1               0 
1
              1               0               0               0 
              0               1               0               0 
              0               0               1               0 
1
              1               0               0               0 
              0               1               0               0 
              0               0               1               0 
1
              1               0               0               0 
              0               1               0               0 
              0               0               1               0 
1
              1               0               0               0 
              0               1               0               0 
              0               0               1               0 
1
              1               0               0               0 
              0               1               0               0 
              0               0               1               0 
1
             -1 -1.22464679914735e-16               0             -31 
1.22464679914735e-16              -1               0               0 
              0               0               1            1.85 
1
              1               0               0               0 
              0               1               0               0 
              0               0               1               0 
1
              1               0               0               0 
              0               1               0               0 
              0               0               1               0 
1
0.780178740515846 0.360811480109956 0.511014881063136 -72.300163367579 
-0.301829020074661 0.932638770275428 -0.197697159362262 28.185326472251 
-0.547923694950199 -4.59820464949579e-14 0.836528316623007 -17.1200358260944 
1
              1 -7.18902715618714e-17 6.97846877333054e-17               0 
7.18902715618714e-17               1 7.29573231645842e-17 7.105427357601e-15 
-6.97846877333054e-17 -7.29573231645842e-17               1 -2.8421709430404e-14 
2  3 1 4 1 5 1 6 1 7 1 8 1 9 1 10 1 11 1 12 1 13 1 14 1 15 1 16 1 17 1 18 1 0
2  18 -1 17 -1 16 -1 15 -1 14 -1 13 -1 12 -1 11 -1 10 -1 9 -1 8 -1 7 -1 6 -1 5 -1 4 -1 3 -1 0
Curve2ds 0
Curves 1
2 2.0499999999999998 5.4027101302882546e-17 0 0 0 1 1 0 0 0 1 0 1.05
Polygon3D 0
PolygonOnTriangulations 0
Surfaces 0
Triangulations 0

TShapes 4
Ve
1e-07
-97.9588808892025 38.1119563119768 3.11173955745994
0 0

0101101
*
Ed
 1e-07 1 1 0
1  1 0 0 6.28318530717959
0

0101100
+4 20 -4 20 *
Co

0100000
-3 19 *
Co

1100000
+2 2 *

+1 1 ]]>
      </Part>
      <ElementMap/>
    </Property>
    <Property name="TreeRank" type="App::PropertyInteger" status="2184">
      <Integer value="256"/>
    </Property>
    <Property name="ValidateShape" type="App::PropertyBool">
      <Bool value="false"/>
    </Property>
    <Property name="Visibility" type="App::PropertyBool" status="648">
      <Bool value="false"/>
    </Property>
    <Property name="_LinkOwner" type="App::PropertyInteger" status="201326592">
      <Integer value="0"/>
    </Property>
    <Property name="_LinkVersion" type="App::PropertyInteger" status="83886080">
      <Integer value="1"/>
    </Property>
    <Property name="_Parent" type="App::PropertyLinkHidden" group=" Link" attr="0" ro="0" hide="0" doc="" status="2097162">
      <Link value="Elements"/>
    </Property>
  </Properties>
</Object>
</Document>
