<?xml version='1.0' encoding='utf-8'?>
<!-- FreeCAD DocumentObject -->
<Document SchemaVersion="4" FileVersion="2">
<Object name="Pad002">
  <Properties Count="47" TransientCount="2">
    <_Property name="_Body" type="App::PropertyLinkHidden" status="251658240"/>
    <_Property name="_ElementMapVersion" type="App::PropertyString" status="234881024"/>
    <Property name="AddSubShape" type="Part::PropertyPartShape">
      <Part HasherIndex="0" ElementMap="1.15.70200.4" brep="1">
<![CDATA[

CASCADE Topology V1, (c) Matra-Datavision
Locations 5
1
              1               0               0               0 
              0               1               0               0 
              0               0               1               0 
1
1.11022302462516e-16 2.77555756156289e-16              -1           -40.5 
             -1 -7.21644966006352e-16 -1.11022302462516e-16 -3.00038465791105e-16 
-7.21644966006352e-16               1 2.77555756156289e-16 1.89965592600357e-15 
2  1 1 2 1 0
1
              1               0               0              19 
              0               1               0 5.27355936696949e-15 
              0               0               1 -5.27355936696949e-15 
2  1 1 2 1 4 1 0
Curve2ds 0
Curves 14
1 -40.499999999999993 -63.650947029785314 -0.91627550820078985 1 2.7755575615628909e-16 -2.7755575615628909e-16 
1 -40.499999999999986 -82.650947029785314 7.9435699967441371 1 2.7755575615628909e-16 -2.7755575615628909e-16 
1 63.650947029785314 -0.91627550820074577 0 0.90630778703665049 0.42261826174069816 0 
1 -40.5 -0.37563563964691266 4.3513523233593689 1 2.7755575615628909e-16 -2.7755575615628909e-16 
1 0.37563563964690921 4.3513523233593672 0 0.9990482215818578 0.043619387365335306 0 
1 -40.5 -21.026893877468307 -3.1650909753523457 1 2.7755575615628909e-16 -2.7755575615628909e-16 
1 0.37563563964690921 4.3513523233593672 0 0.93969262078590832 -0.34202014332566882 0 
1 -40.5 -42 -5.0000000000000329 1 2.7755575615628909e-16 -2.7755575615628909e-16 
1 21.026893877468311 -3.1650909753523324 0 0.99619469809174555 -0.087155742747658166 0 
1 -40.499999999999993 -56.596316919045982 -2.426275508200785 1 2.7755575615628909e-16 -2.7755575615628909e-16 
1 42.000000000000007 -5.0000000000000044 0 0.98480775301220802 0.17364817766693019 0 
1 -40.499999999999993 -63.650947029785314 -2.4262755082007899 1 2.7755575615628909e-16 -2.7755575615628909e-16 
1 63.650947029785314 -2.4262755082007459 0 -1 0 0 
1 63.650947029785314 -0.91627550820074577 0 0 -1 0 
Polygon3D 0
PolygonOnTriangulations 0
Surfaces 8
1 -40.499999999999993 -63.650947029785314 -0.91627550820078985 -1.3425081193839485e-16 -0.42261826174069755 -0.90630778703665094 2.179205084594122e-16 -0.90630778703665094 0.42261826174069755 -1 -1.4076620899306987e-16 2.1376974275852593e-16 
1 -40.5 -0.37563563964691266 4.3513523233593689 -2.6518477253448883e-16 -0.043619387365334585 -0.9990482215818578 1.2302344587435905e-16 -0.9990482215818578 0.043619387365334585 -1 -1.1133915749708033e-16 2.702985827317825e-16 
1 -40.5 -0.37563563964691266 4.3513523233593689 -3.5574675541815634e-16 0.34202014332566949 -0.93969262078590809 9.3971788652487375e-18 -0.93969262078590809 -0.34202014332566949 -1 -1.3050301591163927e-16 3.3107857647262149e-16 
1 -40.5 -21.026893877468307 -3.1650909753523457 -3.0069015078943e-16 0.087155742747658901 -0.99619469809174555 8.6409251001406948e-17 -0.99619469809174555 -0.087155742747658901 -1 -1.1228731114263875e-16 2.9201487153354111e-16 
1 -40.5 -42 -5.0000000000000329 -2.2514200929837319e-16 -0.1736481776669295 -0.98480775301220824 1.5753267547985823e-16 -0.98480775301220824 0.1736481776669295 -1 -1.1604390053438717e-16 2.4907685830585777e-16 
1 -40.499999999999993 -63.650947029785314 -2.4262755082007899 2.7755575615628928e-16 -7.2164496600635155e-16 1 -1.1102230246251563e-16 1 7.2164496600635155e-16 -1 -1.1102230246251583e-16 2.7755575615628918e-16 
1 -40.499999999999993 -63.650947029785314 -0.91627550820078985 -2.7755575615628889e-16 1 7.2164496600635165e-16 -2.7755575615628909e-16 7.2164496600635155e-16 -1 -1 -2.7755575615628909e-16 2.7755575615628889e-16 
1 -40.500000000000007 -41.841363586797236 2.5471458989008688 1 0 -4.9849067037037307e-16 4.9849067037037307e-16 0 1 0 -1 0 
Triangulations 0

TShapes 39
Ve
1e-07
63.6509470297853 -0.916275508200746 0
0 0

0101101
*
Ed
 1e-07 1 1 0
1  1 0 0 19
0

0101000
+39 3 -39 5 *
Ve
1e-07
82.6509470297853 7.94356999674419 0
0 0

0101101
*
Ed
 1e-07 1 1 0
1  2 0 0 19
0

0101000
+37 3 -37 5 *
Ed
 1e-07 1 1 0
1  3 0 0 20.9641804602873
0

0101000
+39 0 -37 0 *
Wi

0101100
+38 0 -36 0 -35 3 +35 5 *
Fa
0  1e-07 1 0

0111000
+34 0 *
Ve
1e-07
0.375635639646909 4.35135232335937 0
0 0

0101101
*
Ed
 1e-07 1 1 0
1  4 0 0 19
0

0101000
+32 3 -32 5 *
Ed
 1e-07 1 1 0
1  5 0 0 82.3536938586073
0

0101000
+32 0 -37 0 *
Wi

0101100
+31 0 -36 0 -30 3 +30 5 *
Fa
0  1e-07 2 0

0101000
+29 0 *
Ve
1e-07
21.0268938774683 -3.16509097535233 0
0 0

0101101
*
Ed
 1e-07 1 1 0
1  6 0 0 19
0

0101000
+27 3 -27 5 *
Ed
 1e-07 1 1 0
1  7 0 0 21.9766099903496
0

0101000
+32 0 -27 0 *
Wi

0101100
+31 0 -26 0 -25 3 +25 5 *
Fa
0  1e-07 3 0

0111000
+24 0 *
Ve
1e-07
42 -5 0
0 0

0101101
*
Ed
 1e-07 1 1 0
1  8 0 0 19
0

0101000
+22 3 -22 5 *
Ed
 1e-07 1 1 0
1  9 0 0 21.0532199806992
0

0101000
+27 0 -22 0 *
Wi

0101100
+26 0 -21 0 -20 3 +20 5 *
Fa
0  1e-07 4 0

0111000
+19 0 *
Ve
1e-07
56.596316919046 -2.42627550820075 0
0 0

0101101
*
Ed
 1e-07 1 1 0
1  10 0 0 19
0

0101000
+17 3 -17 5 *
Ed
 1e-07 1 1 0
1  11 0 0 14.8214886351174
0

0101000
+22 0 -17 0 *
Wi

0101100
+21 0 -16 0 -15 3 +15 5 *
Fa
0  1e-07 5 0

0111000
+14 0 *
Ve
1e-07
63.6509470297853 -2.42627550820075 0
0 0

0101101
*
Ed
 1e-07 1 1 0
1  12 0 0 19
0

0101000
+12 3 -12 5 *
Ed
 1e-07 1 1 0
1  13 0 0 7.05463011073933
0

0101000
+12 0 -17 0 *
Wi

0101100
+11 0 -16 0 -10 3 +10 5 *
Fa
0  1e-07 6 0

0111000
+9 0 *
Ed
 1e-07 1 1 0
1  14 0 0 1.51
0

0101000
+39 0 -12 0 *
Wi

0101100
+38 0 -11 0 -7 3 +7 5 *
Fa
0  1e-07 7 0

0111000
+6 0 *
Wi

0101100
+35 0 -30 0 +25 0 +20 0 +15 0 -10 0 -7 0 *
Fa
0  1e-07 8 0

0111000
-4 3 *
Sh

0101100
-33 0 +28 0 -23 0 -18 0 -13 0 +8 0 +5 0 +3 0 -3 4 *
So

1100000
-2 0 *

+1 0 ]]>
      </Part>
      <ElementMap new="1" count="1"><Element key="Dummy" value="Dummy"/></ElementMap>
      <ElementMap2 count="51">
<![CDATA[
26 PostfixCount 12
Edge
Face
Vertex
;:G;XTR;:H11e9:7,F
;FAC;:H11e9:4,F
;:G;XTR;:H11e9:7,E
;:G0;XTR;:H11e9:8,F
;:U;XTR;:H11e9:7,E
;:U;XTR;:H11e9:7,V
;:U2;XTR;:H11e9:8,V
;SKT;:H11e9,E
;SKT;:H11e9,V

MapCount 1

ElementMap 1 26 3

Edge

ChildCount 0

NameCount 22
0
$#107cb.6 0
$#107cc.6 0
;g9.b 0
$#107db.8 0
$#107cd.6 0
;g11.b 0
$#107dc.8 0
$#107ce.6 0
;g6.b 0
$#107dd.8 0
$#107cf.6 0
;g7.b 0
$#107de.8 0
$#107f6.6 0
;g16.b 0
$#107df.8 0
$#107f8.6 0
;g13.b 0
$#107e0.8 0
;g18.b 0
$#10a57.8 0

Face

ChildCount 0

NameCount 10
0
$#107d3.4 0
$#107d4.4 0
$#107c8.4 0
$#107d5.4 0
$#107d6.4 0
$#107d7.4 0
$#10a56.4 0
$#107c8.5 0
$#107d9.7 0

Vertex

ChildCount 0

NameCount 15
0
;g9v1.c ;g18v1.c 0
$#107e3.9 0
;g11v2.c ;g9v2.c 0
$#107e4.9 0
;g6v1.c ;g11v1.c 0
$#107e5.9 0
;g6v2.c ;g7v1.c 0
$#107e6.9 0
;g7v2.c ;g16v1.c 0
$#107e7.9 0
;g16v2.c ;g13v2.c 0
$#107ff.a 0
;g13v1.c ;g18v2.c 0
$#10800.9 0

EndMap
]]>
      </ElementMap2>
    </Property>
    <Property name="AddSubType" type="App::PropertyEnumeration">
      <Integer value="0"/>
    </Property>
    <Property name="AllowMultiFace" type="App::PropertyBool">
      <Bool value="true"/>
    </Property>
    <Property name="AlongSketchNormal" type="App::PropertyBool">
      <Bool value="false"/>
    </Property>
    <Property name="AutoTaperInnerAngle" type="App::PropertyBool">
      <Bool value="true"/>
    </Property>
    <Property name="BaseFeature" type="App::PropertyLink" status="8">
      <Link value="Pad001"/>
    </Property>
    <Property name="CheckUpToFaceLimits" type="App::PropertyBool">
      <Bool value="true"/>
    </Property>
    <Property name="ClaimChildren" type="App::PropertyBool" status="134217728">
      <Bool value="false"/>
    </Property>
    <Property name="ColoredElements" type="App::PropertyLinkSubHidden" status="218103808">
      <LinkSub value="" count="0">
      </LinkSub>
    </Property>
    <Property name="Direction" type="App::PropertyVector" status="4">
      <PropertyVector valueX="-1" valueY="-2.775557561562891e-16" valueZ="2.775557561562891e-16"/>
    </Property>
    <Property name="ExpressionEngine" type="App::PropertyExpressionEngine" status="67108864">
      <ExpressionEngine count="0"></ExpressionEngine>
    </Property>
    <Property name="Fit" type="App::PropertyDistance">
      <Float value="0"/>
    </Property>
    <Property name="FitJoin" type="App::PropertyEnumeration">
      <Integer value="0"/>
    </Property>
    <Property name="FixShape" type="App::PropertyEnumeration">
      <Integer value="0"/>
    </Property>
    <Property name="InnerFit" type="App::PropertyDistance">
      <Float value="0"/>
    </Property>
    <Property name="InnerFitJoin" type="App::PropertyEnumeration">
      <Integer value="0"/>
    </Property>
    <Property name="InvalidShape" type="App::PropertyBool" status="67108864">
      <Bool value="false"/>
    </Property>
    <Property name="Label" type="App::PropertyString" status="134217728">
      <String value="middle"/>
    </Property>
    <Property name="Label2" type="App::PropertyString" status="128">
      <String value=""/>
    </Property>
    <Property name="Length" type="App::PropertyLength">
      <Float value="19"/>
    </Property>
    <Property name="Length2" type="App::PropertyLength" status="4">
      <Float value="10"/>
    </Property>
    <Property name="Linearize" type="App::PropertyBool">
      <Bool value="true"/>
    </Property>
    <Property name="Midplane" type="App::PropertyBool">
      <Bool value="false"/>
    </Property>
    <Property name="NewSolid" type="App::PropertyBool">
      <Bool value="false"/>
    </Property>
    <Property name="Offset" type="App::PropertyLength" status="4">
      <Float value="0"/>
    </Property>
    <Property name="Placement" type="App::PropertyPlacement" status="8388620">
      <PropertyPlacement Px="0" Py="0" Pz="0" Q0="0" Q1="0" Q2="0" Q3="1" A="0" Ox="0" Oy="0" Oz="1"/>
    </Property>
    <Property name="Profile" type="App::PropertyLinkSub">
      <LinkSub value="Sketch002" count="1">
        <Sub value=""/>
      </LinkSub>
    </Property>
    <Property name="ReferenceAxis" type="App::PropertyLinkSub">
      <LinkSub value="Sketch002" count="1">
        <Sub value="N_Axis"/>
      </LinkSub>
    </Property>
    <Property name="Refine" type="App::PropertyBool">
      <Bool value="false"/>
    </Property>
    <Property name="Reversed" type="App::PropertyBool">
      <Bool value="true"/>
    </Property>
    <Property name="Shape" type="Part::PropertyPartShape">
      <Part HasherIndex="0" ElementMap="1.15.70200.4" brep="1">
<![CDATA[

CASCADE Topology V1, (c) Matra-Datavision
Locations 19
1
              1               0               0               0 
              0               1               0               0 
              0               0               1               0 
1
-2.22044604925031e-16 6.66133814775094e-16              -1           -78.5 
             -1 -8.88178419700125e-16 2.22044604925031e-16 3.00038338736165e-16 
-8.88178419700125e-16               1 6.66133814775094e-16 2.16951669252607e-15 
2  1 1 2 1 0
1
              1               0               0              19 
              0               1               0              -0 
              0               0               1 -1.26565424807268e-14 
2  1 1 2 1 4 1 0
2  4 -1 2 -1 1 -1 0
1
              1               0               0               0 
              0               1               0               0 
              0               0               1               0 
1
-4.44089209850063e-16 5.55111512312578e-16              -1           -59.5 
             -1 -7.7715611723761e-16 4.44089209850062e-16 1.51012594597561e-14 
-7.7715611723761e-16               1 5.55111512312579e-16 1.47853184359096e-15 
2  7 1 8 1 0
2  8 -1 7 -1 0
1
              1               0               0              19 
              0               1               0 -6.32827124036339e-15 
              0               0               1 -1.0547118733939e-14 
2  7 1 8 1 11 1 0
2  11 -1 8 -1 7 -1 0
1
              1               0               0               0 
              0               1               0               0 
              0               0               1               0 
1
1.11022302462516e-16 2.77555756156289e-16              -1           -40.5 
             -1 -7.21644966006352e-16 -1.11022302462516e-16 -3.00038465791105e-16 
-7.21644966006352e-16               1 2.77555756156289e-16 1.89965592600357e-15 
2  14 1 15 1 0
2  15 -1 14 -1 0
1
              1               0               0              19 
              0               1               0 5.27355936696949e-15 
              0               0               1 -5.27355936696949e-15 
2  14 1 15 1 18 1 0
Curve2ds 0
Curves 30
1 -78.499999999999986 -8.4356356396469199 9.3513523233593911 1 -0 -6.6613381477509383e-16 
1 -78.499999999999986 -29.086893877468309 1.8349090246476607 1 -0 -6.6613381477509383e-16 
1 8.435635639646911 9.3513523233593965 0 0.93969262078590821 -0.34202014332566938 0 
1 -78.5 -71.702735903421853 3.8161982761209745 1 -0 -6.6613381477509383e-16 
1 71.702735903421853 3.8161982761210358 0 -0.99619469809174543 0.087155742747659068 0 
1 -78.5 -50.060000000000002 -4.2292694997662191e-14 1 -0 -6.6613381477509383e-16 
1 29.086893877468309 1.834909024647684 0 0.99619469809174543 -0.087155742747658735 0 
1 50.060000000000002 0 0 0.98480775301220835 0.17364817766692897 0 
1 68.723374262864084 3.6558532836694031 0 -0.99585479562703305 0.090957275831241233 0 
1 47.990000000000002 0 0 0.98480775301220813 0.17364817766692958 0 
1 6.3656356396469107 9.3513523233593645 0 0.93969262078590832 -0.34202014332566866 0 
1 27.01689387746832 1.834909024647666 0 0.99619469809174555 -0.087155742747657958 0 
1 -59.500000000000014 -68.72337426286407 3.6558532836693511 1 -3.3306690738754696e-16 -5.5511151231257827e-16 
1 -59.499999999999986 -6.3656356396469027 9.351352323359361 1 -3.3306690738754696e-16 -5.5511151231257827e-16 
1 -59.500000000000007 -47.989999999999988 -3.6039234827566955e-14 1 -3.3306690738754696e-16 -5.5511151231257827e-16 
1 -59.5 -27.016893877468306 1.8349090246476463 1 -3.3306690738754696e-16 -5.5511151231257827e-16 
1 63.650947029785314 -0.91627550820074577 0 0.90630778703665049 0.42261826174069816 0 
1 0.37563563964690921 4.3513523233593672 0 0.9990482215818578 0.043619387365335306 0 
1 0.37563563964690921 4.3513523233593672 0 0.93969262078590832 -0.34202014332566882 0 
1 21.026893877468311 -3.1650909753523324 0 0.99619469809174555 -0.087155742747658166 0 
1 42.000000000000007 -5.0000000000000044 0 0.98480775301220802 0.17364817766693019 0 
1 63.650947029785314 -2.4262755082007459 0 -1 0 0 
1 63.650947029785314 -0.91627550820074577 0 0 -1 0 
1 -40.499999999999993 -63.650947029785314 -0.91627550820078985 1 2.7755575615628909e-16 -2.7755575615628909e-16 
1 -40.499999999999986 -82.650947029785314 7.9435699967441371 1 2.7755575615628909e-16 -2.7755575615628909e-16 
1 -40.5 -0.37563563964691266 4.3513523233593689 1 2.7755575615628909e-16 -2.7755575615628909e-16 
1 -40.5 -21.026893877468307 -3.1650909753523457 1 2.7755575615628909e-16 -2.7755575615628909e-16 
1 -40.5 -42 -5.0000000000000329 1 2.7755575615628909e-16 -2.7755575615628909e-16 
1 -40.499999999999993 -56.596316919045982 -2.426275508200785 1 2.7755575615628909e-16 -2.7755575615628909e-16 
1 -40.499999999999993 -63.650947029785314 -2.4262755082007899 1 2.7755575615628909e-16 -2.7755575615628909e-16 
Polygon3D 0
PolygonOnTriangulations 0
Surfaces 18
1 -78.499999999999986 -8.4356356396469199 9.3513523233593911 -6.2596103020012241e-16 0.34202014332567021 -0.93969262078590787 -4.3648485953682669e-16 -0.93969262078590787 -0.34202014332567021 -1 1.960703203261995e-16 7.3749757519687039e-16 
1 -78.5 -71.702735903421853 3.8161982761209745 6.6359897449857729e-16 -0.08715574274765997 0.99619469809174543 2.7925704556224731e-16 0.99619469809174543 0.08715574274765997 -1 2.2035792668486675e-16 6.8541263527809669e-16 
1 -78.499999999999986 -29.086893877468309 1.8349090246476605 -6.6359897449857729e-16 0.087155742747659637 -0.99619469809174543 -2.7925704556224712e-16 -0.99619469809174543 -0.087155742747659637 -1 2.2035792668486685e-16 6.8541263527809679e-16 
1 -78.499999999999986 -39.903201078822754 4.6865615805884895 1 -2.4647257872503568e-16 0 2.4647257872503568e-16 1 0 -0 0 1 
1 -59.5 -37.378882043438118 4.6405176711094622 1 -3.9081402815143197e-16 -6.4346390061088816e-16 6.4346390061088816e-16 0 1 -3.9081402815143197e-16 -1 2.5147471896777387e-31 
1 -78.5 -50.060000000000002 -4.2292694997662191e-14 -6.560137453341108e-16 -0.17364817766692808 -0.98480775301220846 -1.0299832542668893e-16 -0.98480775301220846 0.17364817766692808 -1 2.1534914082920234e-16 6.281619509745191e-16 
1 -59.500000000000014 -68.72337426286407 3.6558532836693511 5.2251560307874796e-16 -0.09095727583124201 0.99585479562703294 4.9273980025791732e-16 0.99585479562703294 0.09095727583124201 -1 4.4317069724779174e-16 5.6516793904101281e-16 
1 -59.500000000000007 -47.989999999999988 -3.5817190222641924e-14 -6.0451458262076632e-16 -0.17364817766692883 -0.98480775301220835 -3.4094839437439464e-16 -0.98480775301220835 0.17364817766692883 -1 4.4074147780214799e-16 5.3612558041229086e-16 
1 -59.499999999999986 -6.3656356396469027 9.351352323359361 -4.0771860043170931e-16 0.34202014332566943 -0.93969262078590821 -6.0716667246962538e-16 -0.93969262078590821 -0.34202014332566943 -1 4.3110206755064681e-16 5.9079339252346641e-16 
1 -59.5 -27.016893877468306 1.8349090246476465 -5.2397045171745386e-16 0.087155742747658749 -0.99619469809174555 -4.9078047249576349e-16 -0.99619469809174555 -0.087155742747658749 -1 4.4324587072998034e-16 5.6475092256407955e-16 
1 -40.500000000000007 -41.841363586797236 2.5471458989008688 1 0 -4.9849067037037307e-16 4.9849067037037307e-16 0 1 0 -1 0 
1 -40.499999999999993 -63.650947029785314 -0.91627550820078985 -1.3425081193839485e-16 -0.42261826174069755 -0.90630778703665094 2.179205084594122e-16 -0.90630778703665094 0.42261826174069755 -1 -1.4076620899306987e-16 2.1376974275852593e-16 
1 -40.5 -0.37563563964691266 4.3513523233593689 -2.6518477253448883e-16 -0.043619387365334585 -0.9990482215818578 1.2302344587435905e-16 -0.9990482215818578 0.043619387365334585 -1 -1.1133915749708033e-16 2.702985827317825e-16 
1 -40.5 -0.37563563964691266 4.3513523233593689 -3.5574675541815634e-16 0.34202014332566949 -0.93969262078590809 9.3971788652487375e-18 -0.93969262078590809 -0.34202014332566949 -1 -1.3050301591163927e-16 3.3107857647262149e-16 
1 -40.5 -21.026893877468307 -3.1650909753523457 -3.0069015078943e-16 0.087155742747658901 -0.99619469809174555 8.6409251001406948e-17 -0.99619469809174555 -0.087155742747658901 -1 -1.1228731114263875e-16 2.9201487153354111e-16 
1 -40.5 -42 -5.0000000000000329 -2.2514200929837319e-16 -0.1736481776669295 -0.98480775301220824 1.5753267547985823e-16 -0.98480775301220824 0.1736481776669295 -1 -1.1604390053438717e-16 2.4907685830585777e-16 
1 -40.499999999999993 -63.650947029785314 -2.4262755082007899 2.7755575615628928e-16 -7.2164496600635155e-16 1 -1.1102230246251563e-16 1 7.2164496600635155e-16 -1 -1.1102230246251583e-16 2.7755575615628918e-16 
1 -40.499999999999993 -63.650947029785314 -0.91627550820078985 -2.7755575615628889e-16 1 7.2164496600635165e-16 -2.7755575615628909e-16 7.2164496600635155e-16 -1 -1 -2.7755575615628909e-16 2.7755575615628889e-16 
Triangulations 0

TShapes 112
Ve
1e-07
8.43563563964691 9.3513523233594 0
0 0

0101101
*
Ed
 1e-07 1 1 0
1  1 0 0 19
0

0101000
+112 3 -112 5 *
Ve
1.00000000222045e-07
29.0868938774683 1.83490902464768 0
0 0

0101101
*
Ve
1.00000014210855e-07
-59.5 -29.0868938774683 1.83490902464765
0 0

0101101
*
Ed
 1.00000000222045e-07 1 1 0
1  2 0 0 19
0

0101000
+110 3 -109 0 *
Ed
 1e-07 1 1 0
1  3 0 0 21.9766099903496
0

0101000
+112 0 -110 0 *
Ve
1.00000021316282e-07
-59.5 -9.12911125420424 9.09894784147107
0 0

0101101
*
Ed
 1e-07 1 1 0
1  3 0 0 0.737981334765965
0

0101000
+112 0 -106 6 *
Ed
 1.00000014210855e-07 1 1 0
1  3 0 0.737981334765965 21.9766099903496
0

0101000
+106 6 -109 6 *
Wi

0101100
+111 0 -108 0 -107 3 +105 5 +104 5 *
Fa
0  1e-07 1 0

0111000
+103 0 *
Ve
1e-07
71.7027359034219 3.81619827612104 0
0 0

0101101
*
Ed
 1e-07 1 1 0
1  4 0 0 19
0

0101000
+101 3 -101 5 *
Ed
 1e-07 1 1 0
1  5 0 0 63.5087703086212
0

0101000
+101 0 -112 0 *
Wi

0101100
+100 0 -111 0 -99 3 +99 5 *
Fa
0  1e-07 2 0

0111000
+98 0 *
Ve
1e-07
50.06 0 0
0 0

0101101
*
Ed
 1e-07 1 1 0
1  6 0 0 19
0

0101000
+96 3 -96 5 *
Ed
 1e-07 1 1 0
1  7 0 0 21.0532199806992
0

0101000
+110 0 -96 0 *
Ve
1.00000021316282e-07
-59.5 -48.6764700310864 0.121043187928267
0 0

0101101
*
Ed
 1.00000014210855e-07 1 1 0
1  7 0 0 19.6644051520679
0

0101000
+109 6 -93 6 *
Ed
 1e-07 1 1 0
1  7 0 19.6644051520679 21.0532199806992
0

0101000
+93 6 -96 0 *
Wi

0101100
+108 0 -95 0 -94 3 +92 5 +91 5 *
Fa
0  1e-07 3 0

0111000
+90 0 *
Ed
 1e-07 1 1 0
1  8 0 0 21.9766099903496
0

0101000
+96 0 -101 0 *
Wi

0101100
+107 0 +94 0 +88 0 +99 0 *
Fa
0  1e-07 4 0

0111000
-87 3 *
Ve
1.00000021316282e-07
-59.5 -68.7233742628641 3.65585328366935
0 0

0101101
*
Ed
 1.00000021316282e-07 1 1 0
1  9 0 0 59.8423216621021
0

0101000
+85 10 -106 10 *
Ed
 1.00000021316282e-07 1 1 0
1  10 0 0.697059937827144 21.0532199806992
0

0101000
+93 10 -85 10 *
Wi

0101100
-105 5 +84 9 +83 9 -91 5 -88 5 -99 5 *
Fa
0  1e-07 4 4

0111000
+82 0 *
Ve
1e-07
6.36563563964691 9.35135232335936 0
0 0

0101101
*
Ve
1.00000000111022e-07
27.0168938774683 1.83490902464767 0
0 0

0101101
*
Ed
 1e-07 1 1 0
1  11 0 0 21.9766099903496
0

0101000
+80 0 -79 0 *
Ve
1.00000000222045e-07
47.99 -2.22044604925031e-16 0
0 0

0101101
*
Ed
 1e-07 1 1 0
1  12 0 0 21.0532199806991
0

0101000
+79 0 -77 0 *
Ed
 1e-07 1 1 0
1  10 0 0 0.697059937827144
0

0101000
+77 0 -93 10 *
Ed
 1e-07 1 1 0
1  9 0 59.8423216621021 62.6173001295375
0

0101000
+106 10 -80 0 *
Wi

0101100
-78 9 -76 9 -75 9 +92 5 +104 5 -74 9 *
Fa
0  1e-07 5 0

0111000
+73 0 *
Wi

0101100
+95 0 -100 0 -88 3 +88 5 *
Fa
0  1e-07 6 0

0111000
+71 0 *
Ve
1.00000007105427e-07
-40.5 -68.7233742628641 3.65585328366934
0 0

0101101
*
Ed
 1.00000000222045e-07 1 1 0
1  13 0 0 19
0

0101000
+85 0 -69 0 *
Ed
 1e-07 1 1 0
1  14 0 0 19
0

0101000
+80 9 -80 12 *
Ve
1.00000062577197e-07
-40.5 -41.4662460780853 6.14540711978794
0 0

0101101
*
Ed
 1.00000007105427e-07 1 1 0
1  9 0 0 27.3705848528013
0

0101000
+69 13 -66 13 *
Ed
 1e-07 1 1 0
1  9 0 27.3705848528013 62.6173001295375
0

0101000
+66 13 -80 0 *
Wi

0101100
+68 0 -67 0 -84 9 -74 9 +65 12 +64 12 *
Fa
0  1e-07 7 0

0111000
+63 0 *
Ve
1.00000007105427e-07
-40.5 -47.99 -4.65863535615059e-14
0 0

0101101
*
Ed
 1.00000000222045e-07 1 1 0
1  15 0 0 19
0

0101000
+77 9 -61 0 *
Ed
 1.00000007105427e-07 1 1 0
1  10 0 0 21.0532199806992
0

0101000
+61 13 -69 13 *
Wi

0101100
+60 0 -68 0 -75 9 -83 9 +59 12 *
Fa
0  1e-07 8 0

0111000
+58 0 *
Ve
1.00000014210855e-07
-40.5 -27.0168938774683 1.83490902464764
0 0

0101101
*
Ed
 1.00000000111022e-07 1 1 0
1  16 0 0 19
0

0101000
+79 9 -56 0 *
Ve
1.00000014210855e-07
-40.5 -17.9900432348173 5.12041396773934
0 0

0101101
*
Ed
 1e-07 1 1 0
1  11 0 0 12.3704361809805
0

0101000
+80 0 -54 13 *
Ed
 1.00000014210855e-07 1 1 0
1  11 0 12.3704361809805 21.9766099903496
0

0101000
+54 13 -56 13 *
Wi

0101100
+67 0 -55 0 -78 9 +53 12 +52 12 *
Fa
0  1e-07 9 0

0111000
+51 0 *
Ed
 1.00000007105427e-07 1 1 0
1  12 0 0 21.0532199806991
0

0101000
+56 13 -61 13 *
Wi

0101100
+55 0 -60 0 -76 9 +49 12 *
Fa
0  1e-07 10 0

0111000
+48 0 *
Ve
1e-07
63.6509470297853 -0.916275508200746 0
0 0

0101101
*
Ve
1e-07
82.6509470297853 7.94356999674419 0
0 0

0101101
*
Ed
 1e-07 1 1 0
1  17 0 0 20.9641804602873
0

0101000
+46 0 -45 0 *
Ed
 1e-07 1 1 0
1  18 0 41.1297568533548 82.3536938586073
0

0101000
+66 17 -45 0 *
Ve
1e-07
0.375635639646909 4.35135232335937 0
0 0

0101101
*
Ed
 1e-07 1 1 0
1  18 0 0 17.631188579947
0

0101000
+42 0 -54 17 *
Ve
1e-07
21.0268938774683 -3.16509097535233 0
0 0

0101101
*
Ed
 1e-07 1 1 0
1  19 0 0 21.9766099903496
0

0101000
+42 0 -40 0 *
Ve
1e-07
42 -5 0
0 0

0101101
*
Ed
 1e-07 1 1 0
1  20 0 0 21.0532199806992
0

0101000
+40 0 -38 0 *
Ve
1e-07
56.596316919046 -2.42627550820075 0
0 0

0101101
*
Ed
 1e-07 1 1 0
1  21 0 0 14.8214886351174
0

0101000
+38 0 -36 0 *
Ve
1e-07
63.6509470297853 -2.42627550820075 0
0 0

0101101
*
Ed
 1e-07 1 1 0
1  22 0 0 7.05463011073933
0

0101000
+34 0 -36 0 *
Ed
 1e-07 1 1 0
1  23 0 0 1.51
0

0101000
+46 0 -34 0 *
Wi

0101100
-44 16 +43 16 +65 12 +59 12 +49 12 +52 12 +41 16 -39 16 -37 16 -35 16 
+33 16 +32 16 *
Fa
0  1e-07 11 0

0111000
+31 0 *
Ed
 1.00000007105427e-07 1 1 0
1  18 0 17.631188579947 41.1297568533548
0

0101000
+54 17 -66 17 *
Wi

0101100
-53 12 -29 16 -64 12 *
Fa
0  1e-07 5 11

0111000
+28 0 *
Ed
 1e-07 1 1 0
1  24 0 0 19
0

0101000
+46 16 -46 19 *
Ed
 1e-07 1 1 0
1  25 0 0 19
0

0101000
+45 16 -45 19 *
Wi

0101100
+26 0 -25 0 -44 16 +44 19 *
Fa
0  1e-07 12 0

0111000
+24 0 *
Ed
 1e-07 1 1 0
1  26 0 0 19
0

0101000
+42 16 -42 19 *
Ed
 1e-07 1 1 0
1  18 0 0 82.3536938586073
0

0101000
+42 0 -45 0 *
Wi

0101100
+22 0 -25 0 -41 16 -29 16 -43 16 +21 19 *
Fa
0  1e-07 13 0

0111000
+20 0 *
Ed
 1e-07 1 1 0
1  27 0 0 19
0

0101000
+40 16 -40 19 *
Wi

0101100
+22 0 -18 0 -39 16 +39 19 *
Fa
0  1e-07 14 0

0111000
+17 0 *
Ed
 1e-07 1 1 0
1  28 0 0 19
0

0101000
+38 16 -38 19 *
Wi

0101100
+18 0 -15 0 -37 16 +37 19 *
Fa
0  1e-07 15 0

0111000
+14 0 *
Ed
 1e-07 1 1 0
1  29 0 0 19
0

0101000
+36 16 -36 19 *
Wi

0101100
+15 0 -12 0 -35 16 +35 19 *
Fa
0  1e-07 16 0

0111000
+11 0 *
Ed
 1e-07 1 1 0
1  30 0 0 19
0

0101000
+34 16 -34 19 *
Wi

0101100
+9 0 -12 0 -33 16 +33 19 *
Fa
0  1e-07 17 0

0111000
+8 0 *
Wi

0101100
+26 0 -9 0 -32 16 +32 19 *
Fa
0  1e-07 18 0

0111000
+6 0 *
Wi

0101100
+44 0 -21 0 +39 0 +37 0 +35 0 -33 0 -32 0 *
Fa
0  1e-07 11 0

0111000
-4 16 *
Sh

0101100
+102 0 +97 0 +89 0 -86 0 +81 0 -72 0 +70 0 +62 0 +57 0 +50 0 
+47 0 -30 0 +27 0 +23 0 -19 0 +16 0 +13 0 +10 0 -7 0 -5 0 
+3 18 *
So

0100000
+2 0 *

+1 0 ]]>
      </Part>
      <ElementMap new="1" count="1"><Element key="Dummy" value="Dummy"/></ElementMap>
      <ElementMap2 count="115">
<![CDATA[
27 PostfixCount 19
Edge
Face
Vertex
;:H-11ea,E
;:H-11ea,V
;:G#e913;FUS;:H-11ea:c,V
;:G2#e919;FUS;:H-11ea:d,V
;:M2;FUS;:H-11ea:8,E
;:M3;FUS;:H-11ea:8,E
;:M;FUS;:H-11ea:7,E
;:M;FUS;:H-11ea:7,F
;:H-11ea,F
;:H11e8,V
;:H11e8,E
;:H11e8,F
;:M2;FUS;:H11e8:8,E
;:M;FUS;:H11e8:7,E
;:M;FUS;:H11e8:7,F
;:M;FUS;:H11e8:7,V

MapCount 1

ElementMap 1 27 3

Edge

ChildCount 0

NameCount 54
0
$#e8c8.e 0
$#e8ca.e 0
$#e8cb.e 0
$#e8cc.e 0
$#e8ce.e 0
$#e8cf.e 0
$#e8d0.e 0
$#e8d1.e 0
$#e8d2.e 0
$#e8d3.e 0
$#e8d4.e 0
$#e8d5.e 0
$#e8d6.e 0
$#e8d8.e 0
$#e8da.e 0
$#e8db.e 0
$#e8dd.e 0
$#e8de.e 0
$#e8df.e 0
$#e8e0.e 0
$#e902.11 0
$#e8e1.e 0
$#e8fc.11 0
$#e8fc.10 0
$#e905.11 0
$#e910.11 0
$#e906.11 0
$#e90b.11 0
$#e90b.10 0
$#e90f.11 0
$#107d3.4 0
$#107d4.9 0
$#107d4.a 0
$#107c8.4 0
$#107d5.4 0
$#107d6.4 0
$#107d7.4 0
$#10a56.4 0
$#107d4.8 0
$#107e3.4 0
$#107e4.4 0
$#107fb.4 0
$#107e5.4 0
$#107fc.4 0
$#107e6.4 0
$#107fd.4 0
$#107e7.4 0
$#107fe.4 0
$#10a5d.4 0
$#107ff.4 0
$#10a5e.4 0
$#10800.4 0
$#10a5f.4 0

Face

ChildCount 0

NameCount 22
0
$#e8e3.f 0
$#e8e5.f 0
$#e8e6.f 0
$#e8e7.f 0
$#e8e8.f 0
$#e8ea.f 0
$#e8eb.f 0
$#e8fd.12.e805 0
$#e903.12.e804 0
$#e908.12.e802 0
$#e90c.12.e803 0
$#107d9.b 0
$#e911.12 0
$#107db.c 0
$#107dc.b 0
$#107dd.c 0
$#107de.c 0
$#107df.c 0
$#107e0.c 0
$#10a57.c 0
$#10802.c 0

Vertex

ChildCount 0

NameCount 35
0
$#e8b5.d 0
$#e8b6.d 0
$#e8b7.d 0
$#e8b9.d 0
$#e8ba.d 0
$#e8bb.d 0
$#e8bc.d 0
$#e8bd.d 0
$#e8be.d 0
$#e8bf.d 0
$#e8c1.d 0
$#e8c3.d 0
$#e8c4.d 0
$#e8c5.d 0
$#e91c.13 0
$#e8c6.d 0
$#107d4.6.e822.e8fc.e913 0
$#e91b.13 0
$#e91a.13 0
$#107d4.7.e817.e90b.e919 0
$#107cb.5 $#10a58.5 0
$#107cc.5 $#107ee.5 0
$#107cd.5 $#107f0.5 0
$#107ce.5 $#107f2.5 0
$#107cf.5 $#107f4.5 0
$#107f6.5 $#107d0.5 0
$#107f8.5 $#10a5b.5 0
$#107ed.5 0
$#107ef.5 0
$#107f1.5 0
$#107f3.5 0
$#107f5.5 0
$#10a5a.5 0
$#10a5c.5 0

EndMap
]]>
      </ElementMap2>
    </Property>
    <Property name="Suppress" type="App::PropertyBool">
      <Bool value="false"/>
    </Property>
    <Property name="SuppressedShape" type="Part::PropertyPartShape">
      <Part ElementMap="0.15.70200.4" brep="1">
<![CDATA[

CASCADE Topology V1, (c) Matra-Datavision
Locations 0
Curve2ds 0
Curves 0
Polygon3D 0
PolygonOnTriangulations 0
Surfaces 0
Triangulations 0

TShapes 0

*]]>
      </Part>
      <ElementMap/>
    </Property>
    <Property name="TaperAngle" type="App::PropertyAngle">
      <Float value="0"/>
    </Property>
    <Property name="TaperAngle2" type="App::PropertyAngle" status="4">
      <Float value="0"/>
    </Property>
    <Property name="TaperAngleRev" type="App::PropertyAngle" status="4">
      <Float value="0"/>
    </Property>
    <Property name="TaperInnerAngle" type="App::PropertyAngle">
      <Float value="0"/>
    </Property>
    <Property name="TaperInnerAngleRev" type="App::PropertyAngle">
      <Float value="0"/>
    </Property>
    <Property name="TreeRank" type="App::PropertyInteger" status="2184">
      <Integer value="66"/>
    </Property>
    <Property name="Type" type="App::PropertyEnumeration">
      <Integer value="0"/>
    </Property>
    <Property name="UpToFace" type="App::PropertyLinkSub" status="4">
      <LinkSub value="" count="0">
      </LinkSub>
    </Property>
    <Property name="UseCustomVector" type="App::PropertyBool">
      <Bool value="false"/>
    </Property>
    <Property name="UsePipeForDraft" type="App::PropertyBool">
      <Bool value="false"/>
    </Property>
    <Property name="ValidateShape" type="App::PropertyBool">
      <Bool value="true"/>
    </Property>
    <Property name="Visibility" type="App::PropertyBool" status="648">
      <Bool value="false"/>
    </Property>
    <Property name="_ProfileBasedVersion" type="App::PropertyInteger" status="67108864">
      <Integer value="1"/>
    </Property>
    <Property name="_Siblings" type="App::PropertyLinkList" status="218103808">
      <LinkList count="0">
      </LinkList>
    </Property>
  </Properties>
</Object>
</Document>
