<?xml version='1.0' encoding='utf-8'?>
<!-- FreeCAD DocumentObject -->
<Document SchemaVersion="4" FileVersion="2">
<Object name="Body" Extensions="True">
  <Extensions Count="1">
    <Extension type="App::OriginGroupExtension" name="OriginGroupExtension">
    </Extension>
  </Extensions>
  <Properties Count="21" TransientCount="2">
    <_Property name="_ElementMapVersion" type="App::PropertyString" status="234881024"/>
    <_Property name="_GroupTouched" type="App::PropertyBool" status="100663425"/>
    <Property name="AutoGroupSolids" type="App::PropertyBool" status="134217728">
      <Bool value="false"/>
    </Property>
    <Property name="BaseFeature" type="App::PropertyLink">
      <Link value=""/>
    </Property>
    <Property name="ClaimAllChildren" type="App::PropertyBool" status="8">
      <Bool value="false"/>
    </Property>
    <Property name="ColoredElements" type="App::PropertyLinkSubHidden" status="218103808">
      <LinkSub value="" count="0">
      </LinkSub>
    </Property>
    <Property name="ExportMode" type="App::PropertyEnumeration" status="8">
      <Integer value="0"/>
    </Property>
    <Property name="ExpressionEngine" type="App::PropertyExpressionEngine" status="67108864">
      <ExpressionEngine count="0"></ExpressionEngine>
    </Property>
    <Property name="FixShape" type="App::PropertyEnumeration">
      <Integer value="1"/>
    </Property>
    <Property name="Group" type="App::PropertyLinkList">
      <LinkList count="8">
        <Link value="Sketch"/>
        <Link value="Pad"/>
        <Link value="Sketch001"/>
        <Link value="Pad001"/>
        <Link value="Sketch002"/>
        <Link value="Pocket"/>
        <Link value="Sketch003"/>
        <Link value="Pocket001"/>
      </LinkList>
    </Property>
    <Property name="InvalidShape" type="App::PropertyBool" status="67108864">
      <Bool value="false"/>
    </Property>
    <Property name="Label" type="App::PropertyString" status="134217728">
      <String value="Body"/>
    </Property>
    <Property name="Label2" type="App::PropertyString" status="128">
      <String value=""/>
    </Property>
    <Property name="Origin" type="App::PropertyLink" status="67108864">
      <Link value="Origin001"/>
    </Property>
    <Property name="Placement" type="App::PropertyPlacement" status="8388608">
      <PropertyPlacement Px="0" Py="0" Pz="0" Q0="0" Q1="0" Q2="0" Q3="1" A="0" Ox="0" Oy="0" Oz="1"/>
    </Property>
    <Property name="Shape" type="Part::PropertyPartShape">
      <Part HasherIndex="0" ElementMap="1.15.70200.4" brep="1">
<![CDATA[

CASCADE Topology V1, (c) Matra-Datavision
Locations 15
1
              1               0               0               0 
              0               1               0               0 
              0               0               1               0 
1
              1               0               0               0 
              0               1               0               0 
              0               0               1               0 
1
2.22044604925031e-16 -2.22044604925031e-16               1               0 
              1 2.22044604925031e-16 -2.22044604925031e-16               0 
-2.22044604925031e-16               1 2.22044604925031e-16               0 
2  2 1 3 1 0
2  3 -1 2 -1 0
1
              1               0               0              16 
              0               1               0 -3.5527136788005e-15 
              0               0               1 4.44089209850063e-15 
2  2 1 3 1 6 1 0
2  6 -1 3 -1 2 -1 0
1
              1               0               0               0 
              0               1               0               0 
              0               0               1               0 
1
2.22044604925031e-16 -2.22044604925031e-16               1               0 
              1 2.22044604925031e-16 -2.22044604925031e-16               0 
-2.22044604925031e-16               1 2.22044604925031e-16               0 
2  9 1 10 1 0
2  10 -1 9 -1 0
1
              1               0               0              -4 
              0               1               0 8.88178419700125e-16 
              0               0               1 -1.11022302462516e-15 
2  9 1 10 1 13 1 0
2  13 -1 10 -1 9 -1 0
Curve2ds 6
1 0 -8.9378221735089305 1 0 
1 0 -21.06217782649107 1 0 
1 0 -18.334197804620874 1 0 
1 0 -11.66580219540362 1 0 
1 0 0 0 -1 
1 6.2831853071795862 0 0 -1 
Curves 60
1 -3.9621058510805509e-16 2.4375000000089635 4.2218738434618448 1 -2.2204460492503131e-16 2.7755575615628914e-16 
1 -1.4786780341215629e-15 -2.4375000000089617 4.2218738434618466 1 -2.2204460492503131e-16 2.7755575615628914e-16 
1 2.4375000000089626 4.2218738434618457 -2.6684882865658601e-47 -1 0 1.0947644252537633e-47 
1 2.4375000000089626 4.2218738434618457 -2.6684882865658601e-47 -1 0 1.0947644252537633e-47 
1 1.0824674490234169e-15 4.875000000078348 1.5795022160726885e-11 1 -2.2204460492503131e-16 2.7755575615628914e-16 
1 4.875000000078348 1.5795956061985094e-11 -5.3369765731978689e-47 -0.50000000001094913 0.86602540377811732 5.4738221263886839e-48 
1 4.875000000078348 1.5795956061985094e-11 -5.3369765731978689e-47 -0.50000000001094913 0.86602540377811732 5.4738221263886839e-48 
1 -1.0824674490304317e-15 -4.875000000078348 1.5796659089166936e-11 1 -2.2204460492503131e-16 2.7755575615628914e-16 
1 -2.4375000000089622 4.2218738434618457 2.6684882865658596e-47 -0.50000000001094902 -0.86602540377811721 5.4738221263886827e-48 
1 -2.4375000000089622 4.2218738434618457 2.6684882865658596e-47 -0.50000000001094902 -0.86602540377811721 5.4738221263886827e-48 
1 3.5 6.0621778264910704 -3.8316754883881717e-47 -1 0 1.0947644252537633e-47 
1 7 1.3930574531424853e-16 -7.6633509767763434e-47 -0.50000000000000011 0.86602540378443871 5.4738221262688179e-48 
1 -3.5 6.0621778264910704 3.8316754883881717e-47 -0.50000000000000011 -0.86602540378443871 5.4738221262688179e-48 
1 3.5 -6.0621778264910704 -3.8316754883881717e-47 0.50000000000000011 0.86602540378443871 -5.4738221262688179e-48 
1 -7 8.935113018305158e-17 7.6633509767763434e-47 0.5 -0.86602540378443871 -5.4738221262688167e-48 
1 -3.5000000000000004 -6.0621778264910704 3.8316754883881722e-47 1 0 -1.0947644252537633e-47 
1 -4.875000000078348 1.5795788227488793e-11 5.3369765731978689e-47 0.50000000000875899 -0.86602540377938175 -5.473822126364707e-48 
1 -2.4375000000089626 -4.2218738434549108 2.6684882865658601e-47 1 0 -1.0947644252537633e-47 
1 2.4375000000089631 -4.2218738434549108 -2.6684882865658606e-47 0.50000000000875877 0.86602540377938175 -5.4738221263647046e-48 
1 2.4375000000089631 -4.2218738434549108 -2.6684882865658606e-47 0.50000000000875877 0.86602540377938175 -5.4738221263647046e-48 
1 -4.875000000078348 1.5795788227488793e-11 5.3369765731978689e-47 0.50000000000875899 -0.86602540377938175 -5.473822126364707e-48 
1 -2.4375000000089626 -4.2218738434549108 2.6684882865658601e-47 1 0 -1.0947644252537633e-47 
1 16 -2.4062500000422649 2.5006483534338968 8.1273966179162658e-17 -0.49999999999051564 -0.86602540378991455 
1 16 -3.3687500000297517 -0.83354945114431289 3.0331857110027161e-16 0.4999999999936014 -0.86602540378813297 
1 16 -0.96249999994265789 -3.3341978046513518 2.2204460491799923e-16 1 3.1669452053195771e-11 
1 16 2.406250000047641 -2.5006483533988111 -8.1273966181008691e-17 0.49999999998524486 0.86602540379295756 
1 16 3.3687499999879584 0.83354945118429935 -3.0331857110188952e-16 -0.50000000001084133 0.86602540377817938 
1 16 0.96249999997757751 3.3341978045963847 -2.2204460492503131e-16 -1 2.2204460492503131e-16 
1 1.4786780341200231e-15 2.4375000000089617 -4.2218738434549117 1 -2.2204460492503131e-16 2.7755575615628914e-16 
1 3.9621058510651523e-16 -2.4375000000089635 -4.2218738434549099 1 -2.2204460492503131e-16 2.7755575615628914e-16 
1 -5.6891776323088514e-16 3.5000000000000013 6.0621778264910695 -1 2.2204460492503131e-16 -2.7755575615628914e-16 
1 3.5 6.0621778264910704 -3.8316754883881717e-47 -1 0 1.0947644252537633e-47 
1 -2.1232299977061041e-15 -3.4999999999999987 6.0621778264910713 -1 2.2204460492503131e-16 -2.7755575615628914e-16 
2 -2.0916670000000002 0 6.0621778264910695 0 0 1 1 0 0 0 1 0 1.05
1 1.5543122344752192e-15 7 -1.4846593583724514e-15 -1 2.2204460492503131e-16 -2.7755575615628914e-16 
1 7 1.3930574531424853e-16 -7.6633509767763434e-47 -0.50000000000000011 0.86602540378443871 5.4738221262688179e-48 
1 -1.5543122344752192e-15 -7 1.5989878029954247e-15 -1 2.2204460492503131e-16 -2.7755575615628914e-16 
1 -3.5 6.0621778264910704 3.8316754883881717e-47 -0.50000000000000011 -0.86602540378443871 5.4738221262688179e-48 
1 2.1232299977061041e-15 3.4999999999999987 -6.0621778264910713 -1 2.2204460492503131e-16 -2.7755575615628914e-16 
1 3.5 -6.0621778264910704 -3.8316754883881717e-47 0.50000000000000011 0.86602540378443871 -5.4738221262688179e-48 
1 5.6891776323088504e-16 -3.5000000000000018 -6.0621778264910695 -1 2.2204460492503131e-16 -2.7755575615628914e-16 
1 -7 8.935113018305158e-17 7.6633509767763434e-47 0.5 -0.86602540378443871 -5.4738221262688167e-48 
1 -3.5000000000000004 -6.0621778264910704 3.8316754883881722e-47 1 0 -1.0947644252537633e-47 
2 -2.0916670000000002 0 -6.0621778264910695 0 0 1 1 0 0 0 1 0 1.05
1 20 -3.85000000001599 -1.1404474634012985e-11 -1 2.2204460492503131e-16 -2.7755575615628914e-16 
1 -4.0000000000000036 -2.406250000043233 2.5006483534322062 8.1273966179162584e-17 -0.49999999999051564 -0.86602540378991455 
1 20 -1.9250000000429093 3.3341978045963865 -1 2.2204460492503131e-16 -2.7755575615628914e-16 
1 20 -1.9249999999909053 -3.3341978046818328 -1 2.2204460492503131e-16 -2.7755575615628914e-16 
1 -4.0000000000000036 -3.3687500000287747 -0.83354945114600387 3.0331857110027156e-16 0.4999999999936014 -0.86602540378813297 
1 20 1.9250000000558527 -3.3341978045599054 -1 2.2204460492503131e-16 -2.7755575615628914e-16 
1 -3.9999999999999996 -0.96249999994265323 -3.3341978046513576 2.2204460491799928e-16 1 3.1669452053195771e-11 
2 -2.0916670000000002 0 -3.3341978046208745 0 0 1 1 0 0 0 1 0 1.05
1 20 3.8500000000001111 4.4826575067880718e-11 -1 2.2204460492503131e-16 -2.7755575615628914e-16 
1 -3.9999999999999996 2.4062500000466729 -2.5006483534005017 -8.1273966181008617e-17 0.49999999998524486 0.86602540379295756 
1 20 1.924999999955157 3.3341978045963856 -1 2.2204460492503131e-16 -2.7755575615628914e-16 
1 -4 3.3687499999889363 0.83354945118260848 -3.0331857110188947e-16 -0.50000000001084133 0.86602540377817938 
1 -4 0.96249999997758218 3.3341978045963794 -2.2204460492503136e-16 -1 2.2204460492503131e-16 
2 -2.0916670000000002 0 3.3341978045963803 0 0 1 1 0 0 0 1 0 1.05
1 -1.0416670000000001 0 15 -0 -0 -1 
1 -1.0416670000000001 0 15 -0 -0 -1 
Polygon3D 0
PolygonOnTriangulations 0
Surfaces 23
1 -3.9621058510805509e-16 2.4375000000089635 4.2218738434618448 2.7755575615628909e-16 -2.2204460492503136e-16 -1 -2.2204460492503131e-16 -1 2.2204460492503131e-16 -1 2.2204460492503126e-16 -2.7755575615628914e-16 
1 1.0824674490234169e-15 4.875000000078348 1.5794873594536068e-11 -5.3518390555769295e-17 -0.86602540377811743 -0.50000000001094891 -3.0331857110189958e-16 -0.50000000001094891 0.86602540377811743 -1 1.9800757134488585e-16 -2.3592239273345353e-16 
1 -1.4786780341215629e-15 -2.4375000000089613 4.2218738434618466 3.3107414671813631e-16 0.8660254037781171 -0.50000000001094924 8.1273966172005927e-17 -0.50000000001094924 -0.8660254037781171 -1 2.4608163850517672e-16 -2.3592239273345363e-16 
1 -6.5738408768417647e-32 4.65236315081018e-16 0 1 -2.2204460492503131e-16 2.2204460492503131e-16 -2.2204460492503131e-16 0 1 -2.2204460492503131e-16 -1 -4.9303806576313238e-32 
1 -9.9815177152990444e-28 -1.2146029671027021e-16 4.4948204702086148e-12 1 -2.2204460492503126e-16 2.2204460492503136e-16 -2.2204460492503136e-16 0 1 -2.2204460492503126e-16 -1 -4.9303806576313238e-32 
1 1.4786780341200231e-15 2.4375000000089622 -4.2218738434549117 -3.3107414671780923e-16 -0.86602540377938164 0.50000000000875899 -8.1273966172773069e-17 0.50000000000875899 0.86602540377938164 -1 2.4608163850510656e-16 -2.359223927333321e-16 
1 -1.0824674490304317e-15 -4.875000000078348 1.5796870694937819e-11 5.3518390556657946e-17 0.86602540377938186 0.50000000000875877 3.0331857110169408e-16 0.50000000000875877 -0.86602540377938186 -1 1.9800757134495608e-16 -2.35922392733332e-16 
1 -5.6891776323088514e-16 3.5000000000000013 6.0621778264910695 -2.7755575615628909e-16 2.2204460492503136e-16 1 -2.2204460492503131e-16 -1 2.2204460492503131e-16 1 -2.2204460492503126e-16 2.7755575615628914e-16 
2 -2.0916670000000002 0 15 0 0 1 1 0 0 0 1 0 1.05
1 1.5543122344752192e-15 7 -1.4150064891609706e-15 5.3518390560211888e-17 0.86602540378443871 0.49999999999999983 -3.0331857110087204e-16 -0.49999999999999983 0.86602540378443871 1 -1.9800757134523677e-16 2.3592239273284576e-16 
1 -2.1232299977061041e-15 -3.4999999999999987 6.0621778264910713 -3.3107414671650105e-16 -0.8660254037844386 0.50000000000000033 8.1273966175840752e-17 -0.50000000000000033 -0.8660254037844386 1 -2.4608163850482587e-16 2.3592239273284586e-16 
1 2.1232299977061041e-15 3.4999999999999987 -6.0621778264910713 3.3107414671650105e-16 0.8660254037844386 -0.50000000000000033 -8.1273966175840752e-17 0.50000000000000033 0.8660254037844386 1 -2.4608163850482587e-16 2.3592239273284586e-16 
1 -1.5543122344752192e-15 -7 1.6436633646582707e-15 -5.3518390560211913e-17 -0.86602540378443882 -0.49999999999999983 3.0331857110087204e-16 0.49999999999999983 -0.86602540378443882 1 -1.9800757134523674e-16 2.3592239273284572e-16 
1 5.6891776323088504e-16 -3.5000000000000018 -6.0621778264910695 2.7755575615628909e-16 -2.2204460492503136e-16 -1 2.2204460492503131e-16 1 -2.2204460492503131e-16 1 -2.2204460492503126e-16 2.7755575615628914e-16 
2 -2.0916670000000002 0 15 0 0 1 1 0 0 0 1 0 1.05
1 3.9621058510651523e-16 -2.4375000000089635 -4.2218738434549099 -2.7755575615628909e-16 2.2204460492503136e-16 1 2.2204460492503131e-16 1 -2.2204460492503131e-16 -1 2.2204460492503126e-16 -2.7755575615628914e-16 
1 20 -1.9250000000429093 3.3341978045963865 -3.310741467150844e-16 -0.86602540378991455 0.49999999999051564 8.1273966179162609e-17 -0.49999999999051564 -0.86602540378991455 1 -2.4608163850452187e-16 2.3592239273231925e-16 
1 20 -3.85000000001599 -1.1404483007780702e-11 -5.3518390562808103e-17 -0.86602540378813297 -0.4999999999936014 3.0331857110027166e-16 0.4999999999936014 -0.86602540378813297 1 -1.9800757134544185e-16 2.3592239273249063e-16 
1 20 -1.9249999999909053 -3.3341978046818328 2.7755575616332119e-16 3.1669452053195771e-11 -1 2.2204460491799925e-16 1 3.1669452053195771e-11 1 -2.2204460492678928e-16 2.7755575615628914e-16 
1 20 1.9250000000558527 -3.3341978045599054 3.3107414671429717e-16 0.86602540379295756 -0.49999999998524486 -8.1273966181008679e-17 0.49999999998524486 0.86602540379295756 1 -2.4608163850435295e-16 2.3592239273202673e-16 
1 20 3.8500000000001111 4.4826529942200453e-11 5.3518390555812928e-17 0.86602540377817938 0.50000000001084133 -3.0331857110188947e-16 -0.50000000001084133 0.86602540377817938 1 -1.980075713448893e-16 2.3592239273344757e-16 
1 20 1.924999999955157 3.3341978045963856 -2.7755575615628909e-16 2.2204460492503136e-16 1 -2.2204460492503131e-16 -1 2.2204460492503131e-16 1 -2.2204460492503126e-16 2.7755575615628914e-16 
1 -6.5738408768417647e-32 4.65236315081018e-16 0 1 -2.2204460492503131e-16 2.2204460492503131e-16 -2.2204460492503131e-16 0 1 -2.2204460492503131e-16 -1 -4.9303806576313238e-32 
Triangulations 0

TShapes 155
Ve
1e-07
-3.96210585108055e-16 2.43750000000896 4.22187384346184
0 0

0101101
*
Ve
1e-07
16 2.43750000000896 4.22187384346185
0 0

0101101
*
Ed
 1e-07 1 1 0
1  1 0 0 16
0

0101000
+155 0 -154 0 *
Ve
1.00000000222045e-07
-1.47867803412156e-15 -2.43750000000896 4.22187384346185
0 0

0101101
*
Ve
1.00000000222045e-07
16 -2.43750000000897 4.22187384346185
0 0

0101101
*
Ed
 1.00000000222045e-07 1 1 0
1  2 0 0 16
0

0101000
+152 0 -151 0 *
Ed
 1e-07 1 1 0
1  3 0 0 4.87500000001793
0

0101000
+155 5 -152 5 *
Ed
 1e-07 1 1 0
1  4 0 0 4.87500000001793
0

0101000
+154 8 -151 8 *
Wi

0101100
+153 0 -150 0 -149 4 +148 7 *
Fa
0  1e-07 1 0

0111000
+147 0 *
Ve
1.00000000148566e-07
1.08246744902342e-15 4.87500000007835 1.57950221607269e-11
0 0

0101101
*
Ve
1.00000000148566e-07
16 4.87500000007834 1.57994630528254e-11
0 0

0101101
*
Ed
 1.00000000148566e-07 1 1 0
1  5 0 0 16
0

0101000
+145 0 -144 0 *
Ed
 1e-07 1 1 0
1  6 0 0 4.87500000003202
0

0101000
+145 5 -155 5 *
Ed
 1e-07 1 1 0
1  7 0 0 4.87500000003202
0

0101000
+144 8 -154 8 *
Wi

0101100
+143 0 -153 0 -142 4 +141 7 *
Fa
0  1e-07 2 0

0111000
+140 0 *
Ve
1.00000000211606e-07
-1.08246744903043e-15 -4.87500000007835 1.57966590891669e-11
0 0

0101101
*
Ve
1.00000000211606e-07
16 -4.87500000007835 1.58010999812654e-11
0 0

0101101
*
Ed
 1.00000000211606e-07 1 1 0
1  8 0 0 16
0

0101000
+138 0 -137 0 *
Ed
 1e-07 1 1 0
1  9 0 0 4.87500000003202
0

0101000
+152 5 -138 5 *
Ed
 1e-07 1 1 0
1  10 0 0 4.87500000003202
0

0101000
+151 8 -137 8 *
Wi

0101100
+150 0 -136 0 -135 4 +134 7 *
Fa
0  1e-07 3 0

0111000
+133 0 *
Ve
1e-07
-5.68917763230885e-16 3.5 6.06217782649107
0 0

0101101
*
Ve
1e-07
-2.1232299977061e-15 -3.5 6.06217782649107
0 0

0101101
*
Ed
 1e-07 1 1 0
1  11 0 0 7
0

0101000
+131 12 -130 12 *
Ve
1.00000000069653e-07
1.55431223447522e-15 7 -1.48465935837245e-15
0 0

0101101
*
Ed
 1e-07 1 1 0
1  12 0 0 7
0

0101000
+128 12 -131 12 *
Ve
1.00000000044676e-07
-1.55431223447522e-15 -7 1.59898780299542e-15
0 0

0101101
*
Ed
 1e-07 1 1 0
1  13 0 0 7
0

0101000
+130 12 -126 12 *
Ve
1.00000000222045e-07
2.1232299977061e-15 3.5 -6.06217782649107
0 0

0101101
*
Ed
 1e-07 1 1 0
1  14 0 0 7
0

0101000
+124 12 -128 12 *
Ve
1e-07
5.68917763230885e-16 -3.5 -6.06217782649107
0 0

0101101
*
Ed
 1e-07 1 1 0
1  15 0 0 7
0

0101000
+126 12 -122 12 *
Ed
 1e-07 1 1 0
1  16 0 0 7
0

0101000
+122 12 -124 12 *
Wi

0101100
+129 11 +127 11 +125 11 +123 11 +121 11 +120 11 *
Ve
1e-07
3.96210585106515e-16 -2.43750000000896 -4.22187384345491
0 0

0101101
*
Ed
 1e-07 1 1 0
1  17 0 0 4.87500000005337
0

0101000
+138 5 -118 5 *
Ve
1.00000000222045e-07
1.47867803412002e-15 2.43750000000896 -4.22187384345491
0 0

0101101
*
Ed
 1e-07 1 1 0
1  18 0 0 4.87500000001793
0

0101000
+118 5 -116 5 *
Ed
 1e-07 1 1 0
1  19 0 0 4.87500000005337
0

0101000
+116 5 -145 5 *
Wi

0101100
-149 4 -135 4 -117 4 -115 4 -114 4 -142 4 *
Fa
0  1e-07 4 0

0111000
+119 0 +113 0 *
Ve
1.00000000222045e-07
16 2.43750000000896 -4.22187384345491
0 0

0101101
*
Ed
 1e-07 1 1 0
1  20 0 0 4.87500000005337
0

0101000
+111 8 -144 8 *
Ve
1e-07
16 -2.43750000000897 -4.22187384345491
0 0

0101101
*
Ed
 1e-07 1 1 0
1  21 0 0 4.87500000005337
0

0101000
+137 8 -109 8 *
Ed
 1e-07 1 1 0
1  22 0 0 4.87500000001793
0

0101000
+109 8 -111 8 *
Wi

0101100
+148 7 +141 7 +134 7 +110 7 +108 7 +107 7 *
Ve
1.50000001998401e-07
16 -1.92500000004291 3.33419780459639
0 0

0101101
*
Ve
1.50000001854873e-07
16 -3.85000000001599 -1.14055848570376e-11
0 0

0101101
*
Ed
 1.5e-07 1 1 0
1  23 0 -0.96250000001697 2.88750000000222
0

0101000
+105 0 -104 0 *
Ve
1.50000002220446e-07
16 -1.9249999999909 -3.33419780468183
0 0

0101101
*
Ed
 1.5e-07 1 1 0
1  24 0 -0.962499999984792 2.88750000011465
0

0101000
+104 0 -102 0 *
Ve
1.50000002589463e-07
16 1.92500000005585 -3.33419780455991
0 0

0101101
*
Ed
 1.5e-07 1 1 0
1  25 0 -0.962500000048247 2.88749999999851
0

0101000
+102 0 -100 0 *
Ve
1.50000001712112e-07
16 3.85000000000011 4.48254648448561e-11
0 0

0101101
*
Ed
 1.5e-07 1 1 0
1  26 0 -0.962500000011981 2.88749999999015
0

0101000
+100 0 -98 0 *
Ve
1.50000000444089e-07
16 1.92499999995516 3.33419780459638
0 0

0101101
*
Ed
 1.5e-07 1 1 0
1  27 0 -0.962500000003439 2.88750000000299
0

0101000
+98 0 -96 0 *
Ed
 1.5e-07 1 1 0
1  28 0 -0.96249999997758 2.88750000002049
0

0101000
+96 0 -105 0 *
Wi

0101100
-103 0 -101 0 -99 0 -97 0 -95 0 -94 0 *
Fa
0  1e-07 5 6

0111000
+106 0 +93 0 *
Ed
 1.00000000222045e-07 1 1 0
1  29 0 0 16
0

0101000
+116 0 -111 0 *
Wi

0101100
+91 0 -143 0 -114 4 +110 7 *
Fa
0  1e-07 6 0

0111000
+90 0 *
Ed
 1e-07 1 1 0
1  30 0 0 16
0

0101000
+118 0 -109 0 *
Wi

0101100
+136 0 -88 0 -117 4 +108 7 *
Fa
0  1e-07 7 0

0111000
+87 0 *
Ve
1e-07
-4 3.5 6.06217782649107
0 0

0101101
*
Ed
 1e-07 1 1 0
1  31 0 0 4
0

0101000
+131 0 -85 0 *
Ve
1e-07
-4 -3.5 6.06217782649107
0 0

0101101
*
Ed
 1e-07 1 1 0
1  32 0 0 7
0

0101000
+85 15 -83 15 *
Ed
 1e-07 1 1 0
1  33 0 0 4
0

0101000
+130 0 -83 0 *
Wi

0101100
+84 0 -129 11 +82 14 -81 0 *
Ve
1.00000000257176e-07
-1.041667 0 6.06217782649107
0 0

0101101
*
Ed
 1e-07 1 1 0
1  34 0 0 6.28318530717959
2  1 9 0 0 6.28318530717959
0

0101100
+79 0 -79 0 *
Wi

0101100
-78 0 *
Fa
0  1e-07 8 0

0111000
+80 0 +77 0 *
Ve
1.00000000069653e-07
-4 7 -2.59488238299761e-15
0 0

0101101
*
Ed
 1.00000000069653e-07 1 1 0
1  35 0 0 4
0

0101000
+128 0 -75 0 *
Ed
 1e-07 1 1 0
1  36 0 0 7
0

0101000
+75 15 -85 15 *
Wi

0101100
+74 0 -84 0 -127 11 +73 14 *
Fa
0  1e-07 10 0

0111000
+72 0 *
Ve
1.00000000044676e-07
-4 -7 4.88764778370268e-16
0 0

0101101
*
Ed
 1.00000000044676e-07 1 1 0
1  37 0 0 4
0

0101000
+126 0 -70 0 *
Ed
 1e-07 1 1 0
1  38 0 0 7
0

0101000
+83 15 -70 15 *
Wi

0101100
+81 0 -69 0 -125 11 +68 14 *
Fa
0  1e-07 11 0

0111000
+67 0 *
Ve
1.00000000222045e-07
-4 3.5 -6.06217782649107
0 0

0101101
*
Ed
 1.00000000222045e-07 1 1 0
1  39 0 0 4
0

0101000
+124 0 -65 0 *
Ed
 1e-07 1 1 0
1  40 0 0 7
0

0101000
+65 15 -75 15 *
Wi

0101100
+64 0 -74 0 -123 11 +63 14 *
Fa
0  1e-07 12 0

0111000
+62 0 *
Ve
1e-07
-4 -3.5 -6.06217782649107
0 0

0101101
*
Ed
 1e-07 1 1 0
1  41 0 0 4
0

0101000
+122 0 -60 0 *
Ed
 1e-07 1 1 0
1  42 0 0 7
0

0101000
+70 15 -60 15 *
Wi

0101100
+69 0 -59 0 -121 11 +58 14 *
Fa
0  1e-07 13 0

0111000
+57 0 *
Ed
 1e-07 1 1 0
1  43 0 0 7
0

0101000
+60 15 -65 15 *
Wi

0101100
+59 0 -120 11 +55 14 -64 0 *
Ve
1.00000000257176e-07
-1.041667 0 -6.06217782649107
0 0

0101101
*
Ed
 1e-07 1 1 0
1  44 0 0 6.28318530717959
2  2 15 0 0 6.28318530717959
0

0101100
+53 0 -53 0 *
Wi

0101100
+52 0 *
Fa
0  1e-07 14 0

0111000
+54 0 +51 0 *
Wi

0101100
+88 0 -91 0 -115 4 +107 7 *
Fa
0  1e-07 16 0

0111000
+49 0 *
Ve
1.50000003807108e-07
-4 -3.85000000001598 -1.14111359721607e-11
0 0

0101101
*
Ed
 1.00000000008374e-07 1 1 0
1  45 0 4 24
0

0101000
+104 0 -47 0 *
Ve
1.5000000385233e-07
-4 -1.9250000000429 3.33419780459638
0 0

0101101
*
Ed
 1.5e-07 1 1 0
1  46 0 -0.962500000018917 2.88750000000028
0

0101000
+45 0 -47 0 *
Ed
 1.00000000111022e-07 1 1 0
1  47 0 4 24
0

0101000
+105 0 -45 0 *
Wi

0101100
-103 0 -46 0 +44 0 +43 0 *
Fa
0  1e-07 17 0

0111000
+42 0 *
Ve
1.50000002843558e-07
-4 -1.9249999999909 -3.33419780468184
0 0

0101101
*
Ed
 1e-07 1 1 0
1  48 0 4 24
0

0101000
+102 0 -40 0 *
Ed
 1.5e-07 1 1 0
1  49 0 -0.962499999986739 2.8875000001127
0

0101000
+47 0 -40 0 *
Wi

0101100
-101 0 -39 0 +38 0 +46 0 *
Fa
0  1e-07 18 0

0111000
+37 0 *
Ve
1.50000001472877e-07
-4 1.92500000005586 -3.33419780455991
0 0

0101101
*
Ed
 1.00000000111022e-07 1 1 0
1  50 0 4 24
0

0101000
+100 0 -35 0 *
Ed
 1.5e-07 1 1 0
1  51 0 -0.962500000048247 2.88749999999851
0

0101000
+40 0 -35 0 *
Wi

0101100
-99 0 +39 0 -34 0 +33 0 *
Ve
1.00000000257176e-07
-1.041667 0 -3.33419780462087
0 0

0101101
*
Ed
 1e-07 1 1 0
1  52 0 0 6.28318530717959
2  3 15 0 0 6.28318530717959
0

0101100
+31 0 -31 0 *
Wi

0101100
+30 0 *
Fa
0  1e-07 19 0

0111000
+32 0 +29 0 *
Ve
1.50000001206728e-07
-4 3.85000000000012 4.4819913729733e-11
0 0

0101101
*
Ed
 1.00000000045126e-07 1 1 0
1  53 0 4 24
0

0101000
+98 0 -27 0 *
Ed
 1.5e-07 1 1 0
1  54 0 -0.962500000010034 2.8874999999921
0

0101000
+35 0 -27 0 *
Wi

0101100
-97 0 -26 0 +25 0 +34 0 *
Fa
0  1e-07 20 0

0111000
+24 0 *
Ve
1.50000001087792e-07
-4 1.92499999995516 3.33419780459638
0 0

0101101
*
Ed
 1e-07 1 1 0
1  55 0 4 24
0

0101000
+96 0 -22 0 *
Ed
 1.5e-07 1 1 0
1  56 0 -0.962500000001491 2.88750000000494
0

0101000
+27 0 -22 0 *
Wi

0101100
-95 0 -21 0 +20 0 +26 0 *
Fa
0  1e-07 21 0

0111000
+19 0 *
Ed
 1.5e-07 1 1 0
1  57 0 -0.96249999997758 2.88750000002049
0

0101000
+22 0 -45 0 *
Wi

0101100
-94 0 +21 0 -43 0 +17 0 *
Ve
1.00000000257176e-07
-1.041667 0 3.33419780459638
0 0

0101101
*
Ed
 1e-07 1 1 0
1  58 0 0 6.28318530717959
2  4 9 0 0 6.28318530717959
0

0101100
+15 0 -15 0 *
Wi

0101100
-14 0 *
Fa
0  1e-07 22 0

0111000
+16 0 +13 0 *
Wi

0101100
+82 14 +73 14 +68 14 +63 14 +58 14 +55 14 *
Wi

0101100
-44 0 -38 0 -33 0 -25 0 -20 0 -17 0 *
Fa
0  1e-07 23 13

0111000
+11 0 +10 0 *
Ed
 1e-07 1 1 0
1  59 0 8.93782217350893 11.6658021954036
3  5 6CN 9 0 8.93782217350893 11.6658021954036
0

0101000
+79 0 -15 0 *
Wi

0101100
-78 0 -8 0 +14 0 +8 0 *
Fa
0  1e-07 9 0

0111000
+7 0 *
Ed
 1e-07 1 1 0
1  60 0 18.3341978046209 21.0621778264911
3  5 6CN 15 0 18.3341978046209 21.0621778264911
0

0101000
+31 0 -53 0 *
Wi

0101100
-30 0 -5 0 +52 0 +5 0 *
Fa
0  1e-07 15 0

0111000
+4 0 *
Sh

0101100
-146 0 -139 0 -132 0 +112 0 +92 0 -89 0 -86 0 +76 0 +71 0 +66 0 
+61 0 +56 0 +50 0 -48 0 -41 0 -36 0 -28 0 -23 0 -18 0 -12 0 
-9 0 -6 0 -3 0 *
So

1100000
+2 0 *

+1 1 ]]>
      </Part>
      <ElementMap new="1" count="1"><Element key="Dummy" value="Dummy"/></ElementMap>
      <ElementMap2 count="123">
<![CDATA[
1 PostfixCount 19
Edge
Face
Vertex
;:H783,V
;:H783,E
;:H783,F
;:M;CUT;:H783:7,F
;:G#1ff;CUT;:H-785:b,E
;:G2#201;CUT;:H-785:c,E
;:G3#15c;CUT;:H-785:c,E
;:G4#160;CUT;:H-785:c,E
;:M2;CUT;:H-785:8,F
;:M;CUT;:H-785:7,F
;:G#202;CUT;:H-785:b,V
;:G2#203;CUT;:H-785:c,V
;:G3#15d;CUT;:H-785:c,V
;:G4#163;CUT;:H-785:c,V
;:M2;CUT;:H-785:8,E
;:M;CUT;:H-785:7,E

MapCount 2

ElementMap 1 2 3

Edge

ChildCount 0

NameCount 61
0
$#10f.5 0
$#110.5 0
$#111.5 0
$#112.5 0
$#113.5 0
$#114.5 0
$#115.5 0
$#116.5 0
$#117.5 0
$#118.5 0
$#1e0.5 0
$#1e1.5 0
$#1e2.5 0
$#1e3.5 0
$#1e4.5 0
$#1e5.5 0
$#11d.5 0
$#11e.5 0
$#11f.5 0
$#120.5 0
$#121.5 0
$#122.5 0
$#123.5 0
$#124.5 0
$#125.5 0
$#126.5 0
$#127.5 0
$#128.5 0
$#129.5 0
$#12a.5 0
$#1e6.5 0
$#1e8.5 0
$#1e7.5 0
$#ea.8.1b5.1fe.1ff 0
$#1e9.5 0
$#1ea.5 0
$#1eb.5 0
$#1ec.5 0
$#1ed.5 0
$#1ee.5 0
$#1ef.5 0
$#1f0.5 0
$#1f1.5 0
$#ea.9.1ba.200.201 0
$#134.5 0
$#1f2.5 0
$#136.5 0
$#137.5 0
$#1f3.5 0
$#139.5 0
$#1f4.5 0
$#ea.a.71.15b.15c 0
$#13b.5 0
$#1f5.5 0
$#13d.5 0
$#1f6.5 0
$#1f7.5 0
$#ea.b.74.153.160 0
$#ec.13 0
$#ec.12 0

Face

ChildCount 0

NameCount 24
0
$#141.6 0
$#142.6 0
$#143.6 0
$#1f8.6 0
$#146.6 0
$#147.6 0
$#148.6 0
$#1fe.7.1b5 0
$#1f9.6 0
$#1fa.6 0
$#1fb.6 0
$#1fc.6 0
$#200.7.1ba 0
$#14d.6 0
$#14f.6 0
$#150.6 0
$#15b.7.71 0
$#151.6 0
$#152.6 0
$#153.7 0
$#1fd.6 0
$#ea.d 0
$#ea.c 0

Vertex

ChildCount 0

NameCount 41
0
$#ee.4 0
$#ef.4 0
$#f0.4 0
$#f1.4 0
$#f2.4 0
$#f3.4 0
$#f4.4 0
$#f5.4 0
$#1c8.4 $#1c9.4 0
$#1ca.4 $#1cb.4 0
$#1cc.4 $#1cd.4 0
$#1ce.4 $#1cf.4 0
$#1d0.4 $#1d1.4 0
$#1d2.4 $#1d3.4 0
$#fa.4 0
$#fb.4 0
$#fc.4 0
$#fd.4 0
$#fe.4 0
$#ff.4 0
$#100.4 0
$#101.4 0
$#102.4 0
$#103.4 0
$#1d4.4 0
$#1d5.4 0
$#ec.e.1b5.1fe.202 0
$#1d6.4 0
$#1d7.4 0
$#1d8.4 0
$#1d9.4 0
$#ec.f.1ba.200.203 0
$#1da.4 0
$#1db.4 0
$#1dc.4 0
$#1dd.4 0
$#ec.10.71.15b.15d 0
$#1de.4 0
$#1df.4 0
$#ec.11.74.153.163 0

EndMap

ElementMap 2 1 3

Edge

ChildCount 1
1 0 60 1925 1 ;:H785,E 0

NameCount 0

Face

ChildCount 1
1 0 23 1925 1 ;:H785,F 0

NameCount 0

Vertex

ChildCount 1
1 0 40 1925 1 ;:H785,V 0

NameCount 0

EndMap
]]>
      </ElementMap2>
    </Property>
    <Property name="SingleSolid" type="App::PropertyBool">
      <Bool value="false"/>
    </Property>
    <Property name="Tip" type="App::PropertyLink">
      <Link value="Pocket001"/>
    </Property>
    <Property name="TreeRank" type="App::PropertyInteger" status="2184">
      <Integer value="17"/>
    </Property>
    <Property name="ValidateShape" type="App::PropertyBool">
      <Bool value="false"/>
    </Property>
    <Property name="Visibility" type="App::PropertyBool" status="648">
      <Bool value="true"/>
    </Property>
    <Property name="_ExportChildren" type="App::PropertyLinkList" status="218104320">
      <LinkList count="4">
        <Link value="Pad"/>
        <Link value="Pad001"/>
        <Link value="Pocket"/>
        <Link value="Pocket001"/>
      </LinkList>
    </Property>
    <Property name="_GroupVersion" type="App::PropertyInteger" status="218103808">
      <Integer value="1"/>
    </Property>
  </Properties>
</Object>
</Document>
