<?xml version='1.0' encoding='utf-8'?>
<!-- FreeCAD DocumentObject -->
<Document SchemaVersion="4" FileVersion="2">
<Object name="Pad">
  <Properties Count="46" TransientCount="2">
    <_Property name="_Body" type="App::PropertyLinkHidden" status="251658240"/>
    <_Property name="_ElementMapVersion" type="App::PropertyString" status="234881024"/>
    <Property name="AddSubShape" type="Part::PropertyPartShape">
      <Part HasherIndex="0" ElementMap="1.15.70200.4" brep="1">
<![CDATA[

CASCADE Topology V1, (c) Matra-Datavision
Locations 5
1
              1               0               0               0 
              0               1               0               0 
              0               0               1               0 
1
2.22044604925031e-16 -2.22044604925031e-16               1               0 
              1 2.22044604925031e-16 -2.22044604925031e-16               0 
-2.22044604925031e-16               1 2.22044604925031e-16               0 
2  1 1 2 1 0
1
              1               0               0              16 
              0               1               0 -3.5527136788005e-15 
              0               0               1 4.44089209850063e-15 
2  1 1 2 1 4 1 0
Curve2ds 0
Curves 12
1 -3.9621058510805509e-16 2.4375000000089635 4.2218738434618448 1 -2.2204460492503131e-16 2.7755575615628914e-16 
1 -1.4786780341215629e-15 -2.4375000000089617 4.2218738434618466 1 -2.2204460492503131e-16 2.7755575615628914e-16 
1 2.4375000000089626 4.2218738434618457 0 -1 0 0 
1 -1.0824674490304317e-15 -4.875000000078348 1.5796659089166936e-11 1 -2.2204460492503131e-16 2.7755575615628914e-16 
1 -2.4375000000089622 4.2218738434618457 0 -0.50000000001094902 -0.86602540377811721 0 
1 3.9621058510651523e-16 -2.4375000000089635 -4.2218738434549099 1 -2.2204460492503131e-16 2.7755575615628914e-16 
1 -4.875000000078348 1.5795788227488793e-11 0 0.50000000000875899 -0.86602540377938175 0 
1 1.4786780341200231e-15 2.4375000000089617 -4.2218738434549117 1 -2.2204460492503131e-16 2.7755575615628914e-16 
1 -2.4375000000089626 -4.2218738434549108 0 1 0 0 
1 1.0824674490234169e-15 4.875000000078348 1.5795022160726885e-11 1 -2.2204460492503131e-16 2.7755575615628914e-16 
1 2.4375000000089631 -4.2218738434549108 0 0.50000000000875877 0.86602540377938175 0 
1 4.875000000078348 1.5795956061985094e-11 0 -0.50000000001094913 0.86602540377811732 0 
Polygon3D 0
PolygonOnTriangulations 0
Surfaces 7
1 -3.9621058510805509e-16 2.4375000000089635 4.2218738434618448 2.7755575615628909e-16 -2.2204460492503136e-16 -1 -2.2204460492503131e-16 -1 2.2204460492503131e-16 -1 2.2204460492503126e-16 -2.7755575615628914e-16 
1 -1.4786780341215629e-15 -2.4375000000089613 4.2218738434618466 3.3107414671813631e-16 0.8660254037781171 -0.50000000001094924 8.1273966172005927e-17 -0.50000000001094924 -0.8660254037781171 -1 2.4608163850517672e-16 -2.3592239273345363e-16 
1 -1.0824674490304317e-15 -4.875000000078348 1.5796870694937819e-11 5.3518390556657946e-17 0.86602540377938186 0.50000000000875877 3.0331857110169408e-16 0.50000000000875877 -0.86602540377938186 -1 1.9800757134495608e-16 -2.35922392733332e-16 
1 3.9621058510651523e-16 -2.4375000000089635 -4.2218738434549099 -2.7755575615628909e-16 2.2204460492503136e-16 1 2.2204460492503131e-16 1 -2.2204460492503131e-16 -1 2.2204460492503126e-16 -2.7755575615628914e-16 
1 1.4786780341200231e-15 2.4375000000089622 -4.2218738434549117 -3.3107414671780923e-16 -0.86602540377938164 0.50000000000875899 -8.1273966172773069e-17 0.50000000000875899 0.86602540377938164 -1 2.4608163850510656e-16 -2.359223927333321e-16 
1 1.0824674490234169e-15 4.875000000078348 1.5794873594536068e-11 -5.3518390555769295e-17 -0.86602540377811743 -0.50000000001094891 -3.0331857110189953e-16 -0.5000000000109488 0.86602540377811732 -1 1.9800757134488585e-16 -2.3592239273345353e-16 
1 -9.9815177152990444e-28 -1.2146029671027021e-16 4.4948204702086148e-12 1 -2.2204460492503126e-16 2.2204460492503136e-16 -2.2204460492503136e-16 0 1 -2.2204460492503126e-16 -1 -4.9303806576313238e-32 
Triangulations 0

TShapes 34
Ve
1e-07
2.43750000000896 4.22187384346185 0
0 0

0101101
*
Ed
 1e-07 1 1 0
1  1 0 0 16
0

0101000
+34 3 -34 5 *
Ve
1.00000000222045e-07
-2.43750000000896 4.22187384346185 0
0 0

0101101
*
Ed
 1.00000000222045e-07 1 1 0
1  2 0 0 16
0

0101000
+32 3 -32 5 *
Ed
 1e-07 1 1 0
1  3 0 0 4.87500000001793
0

0101000
+34 0 -32 0 *
Wi

0101100
+33 0 -31 0 -30 3 +30 5 *
Fa
0  1e-07 1 0

0111000
+29 0 *
Ve
1.00000000211606e-07
-4.87500000007835 1.57955766217179e-11 0
0 0

0101101
*
Ed
 1.00000000211606e-07 1 1 0
1  4 0 0 16
0

0101000
+27 3 -27 5 *
Ed
 1e-07 1 1 0
1  5 0 0 4.87500000003202
0

0101000
+32 0 -27 0 *
Wi

0101100
+31 0 -26 0 -25 3 +25 5 *
Fa
0  1e-07 2 0

0111000
+24 0 *
Ve
1e-07
-2.43750000000896 -4.22187384345491 0
0 0

0101101
*
Ed
 1e-07 1 1 0
1  6 0 0 16
0

0101000
+22 3 -22 5 *
Ed
 1e-07 1 1 0
1  7 0 0 4.87500000005337
0

0101000
+27 0 -22 0 *
Wi

0101100
+26 0 -21 0 -20 3 +20 5 *
Fa
0  1e-07 3 0

0111000
+19 0 *
Ve
1.00000000222045e-07
2.43750000000896 -4.22187384345491 0
0 0

0101101
*
Ed
 1.00000000222045e-07 1 1 0
1  8 0 0 16
0

0101000
+17 3 -17 5 *
Ed
 1e-07 1 1 0
1  9 0 0 4.87500000001793
0

0101000
+22 0 -17 0 *
Wi

0101100
+21 0 -16 0 -15 3 +15 5 *
Fa
0  1e-07 4 0

0111000
+14 0 *
Ve
1.00000000148566e-07
4.87500000007835 1.57961046281759e-11 0
0 0

0101101
*
Ed
 1.00000000148566e-07 1 1 0
1  10 0 0 16
0

0101000
+12 3 -12 5 *
Ed
 1e-07 1 1 0
1  11 0 0 4.87500000005337
0

0101000
+17 0 -12 0 *
Wi

0101100
+16 0 -11 0 -10 3 +10 5 *
Fa
0  1e-07 5 0

0111000
+9 0 *
Ed
 1e-07 1 1 0
1  12 0 0 4.87500000003202
0

0101000
+12 0 -34 0 *
Wi

0101100
+11 0 -33 0 -7 3 +7 5 *
Fa
0  1e-07 6 0

0111000
+6 0 *
Wi

0101100
+30 0 +25 0 +20 0 +15 0 +10 0 +7 0 *
Fa
0  1e-07 7 0

0111000
+4 3 *
Sh

0101100
+28 0 +23 0 +18 0 +13 0 +8 0 +5 0 +3 0 -3 4 *
So

1100000
-2 0 *

+1 0 ]]>
      </Part>
      <ElementMap new="1" count="1"><Element key="Dummy" value="Dummy"/></ElementMap>
      <ElementMap2 count="44">
<![CDATA[
4 PostfixCount 11
Edge
Face
Vertex
;:G0;XTR;:H77d:8,F
;:U;XTR;:H77d:7,E
;:U;XTR;:H77d:7,V
;:G;XTR;:H77d:7,F
;FAC;:H77d:4,F
;:G;XTR;:H77d:7,E
;SKT;:H77d,E
;SKT;:H77d,V

MapCount 1

ElementMap 1 4 3

Edge

ChildCount 0

NameCount 19
0
$#4.9 0
$#5.9 0
;g15.a 0
$#12.5 0
$#6.9 0
;g16.a 0
$#13.5 0
$#7.9 0
;g17.a 0
$#14.5 0
$#8.9 0
;g18.a 0
$#15.5 0
$#9.9 0
;g19.a 0
$#16.5 0
;g20.a 0
$#17.5 0

Face

ChildCount 0

NameCount 9
0
$#2.7 0
$#a.7 0
$#b.7 0
$#c.7 0
$#d.7 0
$#e.7 0
$#2.8 0
$#10.4 0

Vertex

ChildCount 0

NameCount 13
0
;g15v1.b ;g20v2.b 0
$#19.6 0
;g15v2.b ;g16v1.b 0
$#1a.6 0
;g16v2.b ;g17v1.b 0
$#1b.6 0
;g17v2.b ;g18v1.b 0
$#1c.6 0
;g18v2.b ;g19v1.b 0
$#1d.6 0
;g19v2.b ;g20v1.b 0
$#1e.6 0

EndMap
]]>
      </ElementMap2>
    </Property>
    <Property name="AddSubType" type="App::PropertyEnumeration">
      <Integer value="0"/>
    </Property>
    <Property name="AllowMultiFace" type="App::PropertyBool">
      <Bool value="true"/>
    </Property>
    <Property name="AlongSketchNormal" type="App::PropertyBool" status="4">
      <Bool value="false"/>
    </Property>
    <Property name="AutoTaperInnerAngle" type="App::PropertyBool">
      <Bool value="true"/>
    </Property>
    <Property name="BaseFeature" type="App::PropertyLink" status="8">
      <Link value=""/>
    </Property>
    <Property name="CheckUpToFaceLimits" type="App::PropertyBool">
      <Bool value="true"/>
    </Property>
    <Property name="ClaimChildren" type="App::PropertyBool" status="134217728">
      <Bool value="false"/>
    </Property>
    <Property name="ColoredElements" type="App::PropertyLinkSubHidden" status="218103808">
      <LinkSub value="" count="0">
      </LinkSub>
    </Property>
    <Property name="Direction" type="App::PropertyVector" status="4">
      <PropertyVector valueX="1" valueY="-2.220446049250313e-16" valueZ="2.775557561562891e-16"/>
    </Property>
    <Property name="ExpressionEngine" type="App::PropertyExpressionEngine" status="67108864">
      <ExpressionEngine count="0"></ExpressionEngine>
    </Property>
    <Property name="Fit" type="App::PropertyDistance">
      <Float value="0"/>
    </Property>
    <Property name="FitJoin" type="App::PropertyEnumeration">
      <Integer value="0"/>
    </Property>
    <Property name="FixShape" type="App::PropertyEnumeration">
      <Integer value="1"/>
    </Property>
    <Property name="InnerFit" type="App::PropertyDistance">
      <Float value="0"/>
    </Property>
    <Property name="InnerFitJoin" type="App::PropertyEnumeration">
      <Integer value="0"/>
    </Property>
    <Property name="InvalidShape" type="App::PropertyBool" status="67108864">
      <Bool value="false"/>
    </Property>
    <Property name="Label" type="App::PropertyString" status="134217728">
      <String value="Pad"/>
    </Property>
    <Property name="Label2" type="App::PropertyString" status="128">
      <String value=""/>
    </Property>
    <Property name="Length" type="App::PropertyLength">
      <Float value="16"/>
    </Property>
    <Property name="Length2" type="App::PropertyLength">
      <Float value="100"/>
    </Property>
    <Property name="Linearize" type="App::PropertyBool">
      <Bool value="true"/>
    </Property>
    <Property name="Midplane" type="App::PropertyBool">
      <Bool value="false"/>
    </Property>
    <Property name="NewSolid" type="App::PropertyBool">
      <Bool value="false"/>
    </Property>
    <Property name="Offset" type="App::PropertyLength">
      <Float value="0"/>
    </Property>
    <Property name="Placement" type="App::PropertyPlacement" status="8388620">
      <PropertyPlacement Px="0" Py="0" Pz="0" Q0="0" Q1="0" Q2="0" Q3="1" A="0" Ox="0" Oy="0" Oz="1"/>
    </Property>
    <Property name="Profile" type="App::PropertyLinkSub">
      <LinkSub value="Sketch" count="1">
        <Sub value=""/>
      </LinkSub>
    </Property>
    <Property name="ReferenceAxis" type="App::PropertyLinkSub">
      <LinkSub value="" count="0">
      </LinkSub>
    </Property>
    <Property name="Refine" type="App::PropertyBool">
      <Bool value="false"/>
    </Property>
    <Property name="Reversed" type="App::PropertyBool">
      <Bool value="false"/>
    </Property>
    <Property name="Shape" type="Part::PropertyPartShape">
      <Part HasherIndex="0" ElementMap="1.15.70200.4" brep="1">
<![CDATA[

CASCADE Topology V1, (c) Matra-Datavision
Locations 5
1
              1               0               0               0 
              0               1               0               0 
              0               0               1               0 
1
2.22044604925031e-16 -2.22044604925031e-16               1               0 
              1 2.22044604925031e-16 -2.22044604925031e-16               0 
-2.22044604925031e-16               1 2.22044604925031e-16               0 
2  1 1 2 1 0
1
              1               0               0              16 
              0               1               0 -3.5527136788005e-15 
              0               0               1 4.44089209850063e-15 
2  1 1 2 1 4 1 0
Curve2ds 0
Curves 12
1 -3.9621058510805509e-16 2.4375000000089635 4.2218738434618448 1 -2.2204460492503131e-16 2.7755575615628914e-16 
1 -1.4786780341215629e-15 -2.4375000000089617 4.2218738434618466 1 -2.2204460492503131e-16 2.7755575615628914e-16 
1 2.4375000000089626 4.2218738434618457 0 -1 0 0 
1 -1.0824674490304317e-15 -4.875000000078348 1.5796659089166936e-11 1 -2.2204460492503131e-16 2.7755575615628914e-16 
1 -2.4375000000089622 4.2218738434618457 0 -0.50000000001094902 -0.86602540377811721 0 
1 3.9621058510651523e-16 -2.4375000000089635 -4.2218738434549099 1 -2.2204460492503131e-16 2.7755575615628914e-16 
1 -4.875000000078348 1.5795788227488793e-11 0 0.50000000000875899 -0.86602540377938175 0 
1 1.4786780341200231e-15 2.4375000000089617 -4.2218738434549117 1 -2.2204460492503131e-16 2.7755575615628914e-16 
1 -2.4375000000089626 -4.2218738434549108 0 1 0 0 
1 1.0824674490234169e-15 4.875000000078348 1.5795022160726885e-11 1 -2.2204460492503131e-16 2.7755575615628914e-16 
1 2.4375000000089631 -4.2218738434549108 0 0.50000000000875877 0.86602540377938175 0 
1 4.875000000078348 1.5795956061985094e-11 0 -0.50000000001094913 0.86602540377811732 0 
Polygon3D 0
PolygonOnTriangulations 0
Surfaces 7
1 -3.9621058510805509e-16 2.4375000000089635 4.2218738434618448 2.7755575615628909e-16 -2.2204460492503136e-16 -1 -2.2204460492503131e-16 -1 2.2204460492503131e-16 -1 2.2204460492503126e-16 -2.7755575615628914e-16 
1 -1.4786780341215629e-15 -2.4375000000089613 4.2218738434618466 3.3107414671813631e-16 0.8660254037781171 -0.50000000001094924 8.1273966172005927e-17 -0.50000000001094924 -0.8660254037781171 -1 2.4608163850517672e-16 -2.3592239273345363e-16 
1 -1.0824674490304317e-15 -4.875000000078348 1.5796870694937819e-11 5.3518390556657946e-17 0.86602540377938186 0.50000000000875877 3.0331857110169408e-16 0.50000000000875877 -0.86602540377938186 -1 1.9800757134495608e-16 -2.35922392733332e-16 
1 3.9621058510651523e-16 -2.4375000000089635 -4.2218738434549099 -2.7755575615628909e-16 2.2204460492503136e-16 1 2.2204460492503131e-16 1 -2.2204460492503131e-16 -1 2.2204460492503126e-16 -2.7755575615628914e-16 
1 1.4786780341200231e-15 2.4375000000089622 -4.2218738434549117 -3.3107414671780923e-16 -0.86602540377938164 0.50000000000875899 -8.1273966172773069e-17 0.50000000000875899 0.86602540377938164 -1 2.4608163850510656e-16 -2.359223927333321e-16 
1 1.0824674490234169e-15 4.875000000078348 1.5794873594536068e-11 -5.3518390555769295e-17 -0.86602540377811743 -0.50000000001094891 -3.0331857110189953e-16 -0.5000000000109488 0.86602540377811732 -1 1.9800757134488585e-16 -2.3592239273345353e-16 
1 -9.9815177152990444e-28 -1.2146029671027021e-16 4.4948204702086148e-12 1 -2.2204460492503126e-16 2.2204460492503136e-16 -2.2204460492503136e-16 0 1 -2.2204460492503126e-16 -1 -4.9303806576313238e-32 
Triangulations 0

TShapes 34
Ve
1e-07
2.43750000000896 4.22187384346185 0
0 0

0101101
*
Ed
 1e-07 1 1 0
1  1 0 0 16
0

0101000
+34 3 -34 5 *
Ve
1.00000000222045e-07
-2.43750000000896 4.22187384346185 0
0 0

0101101
*
Ed
 1.00000000222045e-07 1 1 0
1  2 0 0 16
0

0101000
+32 3 -32 5 *
Ed
 1e-07 1 1 0
1  3 0 0 4.87500000001793
0

0101000
+34 0 -32 0 *
Wi

0101100
+33 0 -31 0 -30 3 +30 5 *
Fa
0  1e-07 1 0

0111000
+29 0 *
Ve
1.00000000211606e-07
-4.87500000007835 1.57955766217179e-11 0
0 0

0101101
*
Ed
 1.00000000211606e-07 1 1 0
1  4 0 0 16
0

0101000
+27 3 -27 5 *
Ed
 1e-07 1 1 0
1  5 0 0 4.87500000003202
0

0101000
+32 0 -27 0 *
Wi

0101100
+31 0 -26 0 -25 3 +25 5 *
Fa
0  1e-07 2 0

0111000
+24 0 *
Ve
1e-07
-2.43750000000896 -4.22187384345491 0
0 0

0101101
*
Ed
 1e-07 1 1 0
1  6 0 0 16
0

0101000
+22 3 -22 5 *
Ed
 1e-07 1 1 0
1  7 0 0 4.87500000005337
0

0101000
+27 0 -22 0 *
Wi

0101100
+26 0 -21 0 -20 3 +20 5 *
Fa
0  1e-07 3 0

0111000
+19 0 *
Ve
1.00000000222045e-07
2.43750000000896 -4.22187384345491 0
0 0

0101101
*
Ed
 1.00000000222045e-07 1 1 0
1  8 0 0 16
0

0101000
+17 3 -17 5 *
Ed
 1e-07 1 1 0
1  9 0 0 4.87500000001793
0

0101000
+22 0 -17 0 *
Wi

0101100
+21 0 -16 0 -15 3 +15 5 *
Fa
0  1e-07 4 0

0111000
+14 0 *
Ve
1.00000000148566e-07
4.87500000007835 1.57961046281759e-11 0
0 0

0101101
*
Ed
 1.00000000148566e-07 1 1 0
1  10 0 0 16
0

0101000
+12 3 -12 5 *
Ed
 1e-07 1 1 0
1  11 0 0 4.87500000005337
0

0101000
+17 0 -12 0 *
Wi

0101100
+16 0 -11 0 -10 3 +10 5 *
Fa
0  1e-07 5 0

0111000
+9 0 *
Ed
 1e-07 1 1 0
1  12 0 0 4.87500000003202
0

0101000
+12 0 -34 0 *
Wi

0101100
+11 0 -33 0 -7 3 +7 5 *
Fa
0  1e-07 6 0

0111000
+6 0 *
Wi

0101100
+30 0 +25 0 +20 0 +15 0 +10 0 +7 0 *
Fa
0  1e-07 7 0

0111000
+4 3 *
Sh

0101100
+28 0 +23 0 +18 0 +13 0 +8 0 +5 0 +3 0 -3 4 *
So

1100000
-2 0 *

+1 0 ]]>
      </Part>
      <ElementMap new="1" count="1"><Element key="Dummy" value="Dummy"/></ElementMap>
      <ElementMap2 count="44">
<![CDATA[
4 PostfixCount 11
Edge
Face
Vertex
;:G0;XTR;:H77d:8,F
;:U;XTR;:H77d:7,E
;:U;XTR;:H77d:7,V
;:G;XTR;:H77d:7,F
;FAC;:H77d:4,F
;:G;XTR;:H77d:7,E
;SKT;:H77d,E
;SKT;:H77d,V

MapCount 1

ElementMap 1 4 3

Edge

ChildCount 0

NameCount 19
0
$#4.9 0
$#5.9 0
;g15.a 0
$#12.5 0
$#6.9 0
;g16.a 0
$#13.5 0
$#7.9 0
;g17.a 0
$#14.5 0
$#8.9 0
;g18.a 0
$#15.5 0
$#9.9 0
;g19.a 0
$#16.5 0
;g20.a 0
$#17.5 0

Face

ChildCount 0

NameCount 9
0
$#2.7 0
$#a.7 0
$#b.7 0
$#c.7 0
$#d.7 0
$#e.7 0
$#2.8 0
$#10.4 0

Vertex

ChildCount 0

NameCount 13
0
;g15v1.b ;g20v2.b 0
$#19.6 0
;g15v2.b ;g16v1.b 0
$#1a.6 0
;g16v2.b ;g17v1.b 0
$#1b.6 0
;g17v2.b ;g18v1.b 0
$#1c.6 0
;g18v2.b ;g19v1.b 0
$#1d.6 0
;g19v2.b ;g20v1.b 0
$#1e.6 0

EndMap
]]>
      </ElementMap2>
    </Property>
    <Property name="Suppress" type="App::PropertyBool">
      <Bool value="false"/>
    </Property>
    <Property name="SuppressedShape" type="Part::PropertyPartShape">
      <Part ElementMap="0.15.70200.4" brep="1">
<![CDATA[

CASCADE Topology V1, (c) Matra-Datavision
Locations 0
Curve2ds 0
Curves 0
Polygon3D 0
PolygonOnTriangulations 0
Surfaces 0
Triangulations 0

TShapes 0

*]]>
      </Part>
      <ElementMap/>
    </Property>
    <Property name="TaperAngle" type="App::PropertyAngle">
      <Float value="0"/>
    </Property>
    <Property name="TaperAngleRev" type="App::PropertyAngle">
      <Float value="0"/>
    </Property>
    <Property name="TaperInnerAngle" type="App::PropertyAngle">
      <Float value="0"/>
    </Property>
    <Property name="TaperInnerAngleRev" type="App::PropertyAngle">
      <Float value="0"/>
    </Property>
    <Property name="TreeRank" type="App::PropertyInteger" status="2184">
      <Integer value="19"/>
    </Property>
    <Property name="Type" type="App::PropertyEnumeration">
      <Integer value="0"/>
    </Property>
    <Property name="UpToFace" type="App::PropertyLinkSub">
      <LinkSub value="" count="0">
      </LinkSub>
    </Property>
    <Property name="UseCustomVector" type="App::PropertyBool">
      <Bool value="false"/>
    </Property>
    <Property name="UsePipeForDraft" type="App::PropertyBool">
      <Bool value="false"/>
    </Property>
    <Property name="ValidateShape" type="App::PropertyBool">
      <Bool value="false"/>
    </Property>
    <Property name="Visibility" type="App::PropertyBool" status="649">
      <Bool value="false"/>
    </Property>
    <Property name="_ProfileBasedVersion" type="App::PropertyInteger" status="67108864">
      <Integer value="1"/>
    </Property>
    <Property name="_Siblings" type="App::PropertyLinkList" status="218103808">
      <LinkList count="0">
      </LinkList>
    </Property>
  </Properties>
</Object>
</Document>
