<?xml version='1.0' encoding='utf-8'?>
<!-- FreeCAD DocumentObject -->
<Document SchemaVersion="4" FileVersion="2">
<Object name="Pad001">
  <Properties Count="46" TransientCount="2">
    <_Property name="_Body" type="App::PropertyLinkHidden" status="251658240"/>
    <_Property name="_ElementMapVersion" type="App::PropertyString" status="234881024"/>
    <Property name="AddSubShape" type="Part::PropertyPartShape">
      <Part HasherIndex="0" ElementMap="1.15.70200.4" brep="1">
<![CDATA[

CASCADE Topology V1, (c) Matra-Datavision
Locations 5
1
              1               0               0               0 
              0               1               0               0 
              0               0               1               0 
1
2.22044604925031e-16 -2.22044604925031e-16               1               0 
              1 2.22044604925031e-16 -2.22044604925031e-16               0 
-2.22044604925031e-16               1 2.22044604925031e-16               0 
2  1 1 2 1 0
1
              1               0               0              -4 
              0               1               0 8.88178419700125e-16 
              0               0               1 -1.11022302462516e-15 
2  1 1 2 1 4 1 0
Curve2ds 0
Curves 12
1 -5.6891776323088514e-16 3.5000000000000013 6.0621778264910695 -1 2.2204460492503131e-16 -2.7755575615628914e-16 
1 -2.1232299977061041e-15 -3.4999999999999987 6.0621778264910713 -1 2.2204460492503131e-16 -2.7755575615628914e-16 
1 3.5 6.0621778264910704 0 -1 0 0 
1 -1.5543122344752192e-15 -7 1.5989878029954247e-15 -1 2.2204460492503131e-16 -2.7755575615628914e-16 
1 -3.5 6.0621778264910704 0 -0.5 -0.8660254037844386 0 
1 5.6891776323088504e-16 -3.5000000000000018 -6.0621778264910695 -1 2.2204460492503131e-16 -2.7755575615628914e-16 
1 -7 8.935113018305158e-17 0 0.49999999999999994 -0.8660254037844386 0 
1 2.1232299977061041e-15 3.4999999999999987 -6.0621778264910713 -1 2.2204460492503131e-16 -2.7755575615628914e-16 
1 -3.5000000000000004 -6.0621778264910704 0 1 0 0 
1 1.5543122344752192e-15 7 -1.4846593583724514e-15 -1 2.2204460492503131e-16 -2.7755575615628914e-16 
1 3.5 -6.0621778264910704 0 0.5 0.8660254037844386 0 
1 7 1.3930574531424853e-16 0 -0.5 0.8660254037844386 0 
Polygon3D 0
PolygonOnTriangulations 0
Surfaces 7
1 -5.6891776323088514e-16 3.5000000000000013 6.0621778264910695 -2.7755575615628909e-16 2.2204460492503136e-16 1 -2.2204460492503131e-16 -1 2.2204460492503131e-16 1 -2.2204460492503126e-16 2.7755575615628914e-16 
1 -2.1232299977061041e-15 -3.4999999999999987 6.0621778264910713 -3.3107414671650105e-16 -0.8660254037844386 0.50000000000000033 8.127396617584074e-17 -0.50000000000000022 -0.86602540378443849 1 -2.4608163850482587e-16 2.3592239273284586e-16 
1 -1.5543122344752192e-15 -7 1.6436633646582707e-15 -5.3518390560211913e-17 -0.86602540378443882 -0.49999999999999983 3.0331857110087204e-16 0.49999999999999983 -0.86602540378443882 1 -1.9800757134523674e-16 2.3592239273284572e-16 
1 5.6891776323088504e-16 -3.5000000000000018 -6.0621778264910695 2.7755575615628909e-16 -2.2204460492503136e-16 -1 2.2204460492503131e-16 1 -2.2204460492503131e-16 1 -2.2204460492503126e-16 2.7755575615628914e-16 
1 2.1232299977061041e-15 3.4999999999999987 -6.0621778264910713 3.3107414671650105e-16 0.8660254037844386 -0.50000000000000033 -8.127396617584074e-17 0.50000000000000022 0.86602540378443849 1 -2.4608163850482587e-16 2.3592239273284586e-16 
1 1.5543122344752192e-15 7 -1.4150064891609706e-15 5.3518390560211888e-17 0.86602540378443871 0.49999999999999983 -3.0331857110087204e-16 -0.49999999999999983 0.86602540378443871 1 -1.9800757134523677e-16 2.3592239273284576e-16 
1 -6.5738408768417647e-32 4.65236315081018e-16 0 1 -2.2204460492503131e-16 2.2204460492503131e-16 -2.2204460492503131e-16 0 1 -2.2204460492503131e-16 -1 -4.9303806576313238e-32 
Triangulations 0

TShapes 34
Ve
1e-07
3.5 6.06217782649107 0
0 0

0101101
*
Ed
 1e-07 1 1 0
1  1 0 0 4
0

0101000
+34 3 -34 5 *
Ve
1e-07
-3.5 6.06217782649107 0
0 0

0101101
*
Ed
 1e-07 1 1 0
1  2 0 0 4
0

0101000
+32 3 -32 5 *
Ed
 1e-07 1 1 0
1  3 0 0 7
0

0101000
+34 0 -32 0 *
Wi

0101100
+33 0 -31 0 -30 3 +30 5 *
Fa
0  1e-07 1 0

0111000
+29 0 *
Ve
1.00000000044676e-07
-7 4.46755685202056e-17 0
0 0

0101101
*
Ed
 1.00000000044676e-07 1 1 0
1  4 0 0 4
0

0101000
+27 3 -27 5 *
Ed
 1e-07 1 1 0
1  5 0 0 7
0

0101000
+32 0 -27 0 *
Wi

0101100
+31 0 -26 0 -25 3 +25 5 *
Fa
0  1e-07 2 0

0111000
+24 0 *
Ve
1e-07
-3.5 -6.06217782649107 0
0 0

0101101
*
Ed
 1e-07 1 1 0
1  6 0 0 4
0

0101000
+22 3 -22 5 *
Ed
 1e-07 1 1 0
1  7 0 0 7
0

0101000
+27 0 -22 0 *
Wi

0101100
+26 0 -21 0 -20 3 +20 5 *
Fa
0  1e-07 3 0

0111000
+19 0 *
Ve
1.00000000222045e-07
3.5 -6.06217782649107 0
0 0

0101101
*
Ed
 1.00000000222045e-07 1 1 0
1  8 0 0 4
0

0101000
+17 3 -17 5 *
Ed
 1e-07 1 1 0
1  9 0 0 7
0

0101000
+22 0 -17 0 *
Wi

0101100
+21 0 -16 0 -15 3 +15 5 *
Fa
0  1e-07 4 0

0111000
+14 0 *
Ve
1.00000000069653e-07
7 6.96528761027677e-17 0
0 0

0101101
*
Ed
 1.00000000069653e-07 1 1 0
1  10 0 0 4
0

0101000
+12 3 -12 5 *
Ed
 1e-07 1 1 0
1  11 0 0 7
0

0101000
+17 0 -12 0 *
Wi

0101100
+16 0 -11 0 -10 3 +10 5 *
Fa
0  1e-07 5 0

0111000
+9 0 *
Ed
 1e-07 1 1 0
1  12 0 0 7
0

0101000
+12 0 -34 0 *
Wi

0101100
+11 0 -33 0 -7 3 +7 5 *
Fa
0  1e-07 6 0

0111000
+6 0 *
Wi

0101100
+30 0 +25 0 +20 0 +15 0 +10 0 +7 0 *
Fa
0  1e-07 7 0

0111000
+4 3 *
Sh

0101100
+28 0 +23 0 +18 0 +13 0 +8 0 +5 0 +3 0 -3 4 *
So

1100000
+2 0 *

+1 0 ]]>
      </Part>
      <ElementMap new="1" count="1"><Element key="Dummy" value="Dummy"/></ElementMap>
      <ElementMap2 count="44">
<![CDATA[
6 PostfixCount 11
Edge
Face
Vertex
;:G;XTR;:H780:7,F
;FAC;:H780:4,F
;:G;XTR;:H780:7,E
;:G0;XTR;:H780:8,F
;:U;XTR;:H780:7,E
;:U;XTR;:H780:7,V
;SKT;:H780,E
;SKT;:H780,V

MapCount 1

ElementMap 1 6 3

Edge

ChildCount 0

NameCount 19
0
$#165.6 0
$#166.6 0
;g5.a 0
$#171.8 0
$#167.6 0
;g6.a 0
$#172.8 0
$#168.6 0
;g7.a 0
$#173.8 0
$#169.6 0
;g8.a 0
$#174.8 0
$#16a.6 0
;g9.a 0
$#175.8 0
;g10.a 0
$#176.8 0

Face

ChildCount 0

NameCount 9
0
$#164.4 0
$#16b.4 0
$#16c.4 0
$#16d.4 0
$#16e.4 0
$#16f.4 0
$#164.5 0
$#170.7 0

Vertex

ChildCount 0

NameCount 13
0
;g5v1.b ;g10v2.b 0
$#177.9 0
;g5v2.b ;g6v1.b 0
$#178.9 0
;g6v2.b ;g7v1.b 0
$#179.9 0
;g7v2.b ;g8v1.b 0
$#17a.9 0
;g8v2.b ;g9v1.b 0
$#17b.9 0
;g9v2.b ;g10v1.b 0
$#17c.9 0

EndMap
]]>
      </ElementMap2>
    </Property>
    <Property name="AddSubType" type="App::PropertyEnumeration">
      <Integer value="0"/>
    </Property>
    <Property name="AllowMultiFace" type="App::PropertyBool">
      <Bool value="true"/>
    </Property>
    <Property name="AlongSketchNormal" type="App::PropertyBool" status="4">
      <Bool value="false"/>
    </Property>
    <Property name="AutoTaperInnerAngle" type="App::PropertyBool">
      <Bool value="true"/>
    </Property>
    <Property name="BaseFeature" type="App::PropertyLink" status="8">
      <Link value="Pad"/>
    </Property>
    <Property name="CheckUpToFaceLimits" type="App::PropertyBool">
      <Bool value="true"/>
    </Property>
    <Property name="ClaimChildren" type="App::PropertyBool" status="134217728">
      <Bool value="false"/>
    </Property>
    <Property name="ColoredElements" type="App::PropertyLinkSubHidden" status="218103808">
      <LinkSub value="" count="0">
      </LinkSub>
    </Property>
    <Property name="Direction" type="App::PropertyVector" status="4">
      <PropertyVector valueX="1" valueY="-2.220446049250313e-16" valueZ="2.775557561562891e-16"/>
    </Property>
    <Property name="ExpressionEngine" type="App::PropertyExpressionEngine" status="67108864">
      <ExpressionEngine count="0"></ExpressionEngine>
    </Property>
    <Property name="Fit" type="App::PropertyDistance">
      <Float value="0"/>
    </Property>
    <Property name="FitJoin" type="App::PropertyEnumeration">
      <Integer value="0"/>
    </Property>
    <Property name="FixShape" type="App::PropertyEnumeration">
      <Integer value="1"/>
    </Property>
    <Property name="InnerFit" type="App::PropertyDistance">
      <Float value="0"/>
    </Property>
    <Property name="InnerFitJoin" type="App::PropertyEnumeration">
      <Integer value="0"/>
    </Property>
    <Property name="InvalidShape" type="App::PropertyBool" status="67108864">
      <Bool value="false"/>
    </Property>
    <Property name="Label" type="App::PropertyString" status="134217728">
      <String value="Pad001"/>
    </Property>
    <Property name="Label2" type="App::PropertyString" status="128">
      <String value=""/>
    </Property>
    <Property name="Length" type="App::PropertyLength">
      <Float value="4"/>
    </Property>
    <Property name="Length2" type="App::PropertyLength">
      <Float value="100"/>
    </Property>
    <Property name="Linearize" type="App::PropertyBool">
      <Bool value="true"/>
    </Property>
    <Property name="Midplane" type="App::PropertyBool" status="4">
      <Bool value="false"/>
    </Property>
    <Property name="NewSolid" type="App::PropertyBool">
      <Bool value="false"/>
    </Property>
    <Property name="Offset" type="App::PropertyLength">
      <Float value="0"/>
    </Property>
    <Property name="Placement" type="App::PropertyPlacement" status="8388620">
      <PropertyPlacement Px="0" Py="0" Pz="0" Q0="0" Q1="0" Q2="0" Q3="1" A="0" Ox="0" Oy="0" Oz="1"/>
    </Property>
    <Property name="Profile" type="App::PropertyLinkSub">
      <LinkSub value="Sketch001" count="1">
        <Sub value=""/>
      </LinkSub>
    </Property>
    <Property name="ReferenceAxis" type="App::PropertyLinkSub">
      <LinkSub value="" count="0">
      </LinkSub>
    </Property>
    <Property name="Refine" type="App::PropertyBool">
      <Bool value="false"/>
    </Property>
    <Property name="Reversed" type="App::PropertyBool">
      <Bool value="true"/>
    </Property>
    <Property name="Shape" type="Part::PropertyPartShape">
      <Part HasherIndex="0" ElementMap="1.15.70200.4" brep="1">
<![CDATA[

CASCADE Topology V1, (c) Matra-Datavision
Locations 11
1
              1               0               0               0 
              0               1               0               0 
              0               0               1               0 
1
2.22044604925031e-16 -2.22044604925031e-16               1               0 
              1 2.22044604925031e-16 -2.22044604925031e-16               0 
-2.22044604925031e-16               1 2.22044604925031e-16               0 
1
              1               0               0              16 
              0               1               0 -3.5527136788005e-15 
              0               0               1 4.44089209850063e-15 
2  1 1 2 1 3 1 0
2  1 1 2 1 0
2  2 -1 1 -1 0
1
              1               0               0               0 
              0               1               0               0 
              0               0               1               0 
1
2.22044604925031e-16 -2.22044604925031e-16               1               0 
              1 2.22044604925031e-16 -2.22044604925031e-16               0 
-2.22044604925031e-16               1 2.22044604925031e-16               0 
2  7 1 8 1 0
1
              1               0               0              -4 
              0               1               0 8.88178419700125e-16 
              0               0               1 -1.11022302462516e-15 
2  7 1 8 1 10 1 0
Curve2ds 0
Curves 24
1 -3.9621058510805509e-16 2.4375000000089635 4.2218738434618448 1 -2.2204460492503131e-16 2.7755575615628914e-16 
1 -1.4786780341215629e-15 -2.4375000000089617 4.2218738434618466 1 -2.2204460492503131e-16 2.7755575615628914e-16 
1 2.4375000000089626 4.2218738434618457 0 -1 0 0 
1 1.0824674490234169e-15 4.875000000078348 1.5795022160726885e-11 1 -2.2204460492503131e-16 2.7755575615628914e-16 
1 4.875000000078348 1.5795956061985094e-11 0 -0.50000000001094913 0.86602540377811732 0 
1 -1.0824674490304317e-15 -4.875000000078348 1.5796659089166936e-11 1 -2.2204460492503131e-16 2.7755575615628914e-16 
1 -2.4375000000089622 4.2218738434618457 0 -0.50000000001094902 -0.86602540377811721 0 
1 3.5 6.0621778264910704 0 -1 0 0 
1 7 1.3930574531424853e-16 0 -0.5 0.8660254037844386 0 
1 -3.5 6.0621778264910704 0 -0.5 -0.8660254037844386 0 
1 3.5 -6.0621778264910704 0 0.5 0.8660254037844386 0 
1 -7 8.935113018305158e-17 0 0.49999999999999994 -0.8660254037844386 0 
1 -3.5000000000000004 -6.0621778264910704 0 1 0 0 
1 -4.875000000078348 1.5795788227488793e-11 0 0.50000000000875899 -0.86602540377938175 0 
1 -2.4375000000089626 -4.2218738434549108 0 1 0 0 
1 2.4375000000089631 -4.2218738434549108 0 0.50000000000875877 0.86602540377938175 0 
1 1.4786780341200231e-15 2.4375000000089617 -4.2218738434549117 1 -2.2204460492503131e-16 2.7755575615628914e-16 
1 3.9621058510651523e-16 -2.4375000000089635 -4.2218738434549099 1 -2.2204460492503131e-16 2.7755575615628914e-16 
1 -5.6891776323088514e-16 3.5000000000000013 6.0621778264910695 -1 2.2204460492503131e-16 -2.7755575615628914e-16 
1 -2.1232299977061041e-15 -3.4999999999999987 6.0621778264910713 -1 2.2204460492503131e-16 -2.7755575615628914e-16 
1 1.5543122344752192e-15 7 -1.4846593583724514e-15 -1 2.2204460492503131e-16 -2.7755575615628914e-16 
1 -1.5543122344752192e-15 -7 1.5989878029954247e-15 -1 2.2204460492503131e-16 -2.7755575615628914e-16 
1 2.1232299977061041e-15 3.4999999999999987 -6.0621778264910713 -1 2.2204460492503131e-16 -2.7755575615628914e-16 
1 5.6891776323088504e-16 -3.5000000000000018 -6.0621778264910695 -1 2.2204460492503131e-16 -2.7755575615628914e-16 
Polygon3D 0
PolygonOnTriangulations 0
Surfaces 14
1 -3.9621058510805509e-16 2.4375000000089635 4.2218738434618448 2.7755575615628909e-16 -2.2204460492503136e-16 -1 -2.2204460492503131e-16 -1 2.2204460492503131e-16 -1 2.2204460492503126e-16 -2.7755575615628914e-16 
1 1.0824674490234169e-15 4.875000000078348 1.5794873594536068e-11 -5.3518390555769295e-17 -0.86602540377811743 -0.50000000001094891 -3.0331857110189953e-16 -0.5000000000109488 0.86602540377811732 -1 1.9800757134488585e-16 -2.3592239273345353e-16 
1 -1.4786780341215629e-15 -2.4375000000089613 4.2218738434618466 3.3107414671813631e-16 0.8660254037781171 -0.50000000001094924 8.1273966172005927e-17 -0.50000000001094924 -0.8660254037781171 -1 2.4608163850517672e-16 -2.3592239273345363e-16 
1 -6.5738408768417647e-32 4.65236315081018e-16 0 1 -2.2204460492503131e-16 2.2204460492503131e-16 -2.2204460492503131e-16 0 1 -2.2204460492503131e-16 -1 -4.9303806576313238e-32 
1 -9.9815177152990444e-28 -1.2146029671027021e-16 4.4948204702086148e-12 1 -2.2204460492503126e-16 2.2204460492503136e-16 -2.2204460492503136e-16 0 1 -2.2204460492503126e-16 -1 -4.9303806576313238e-32 
1 1.4786780341200231e-15 2.4375000000089622 -4.2218738434549117 -3.3107414671780923e-16 -0.86602540377938164 0.50000000000875899 -8.1273966172773069e-17 0.50000000000875899 0.86602540377938164 -1 2.4608163850510656e-16 -2.359223927333321e-16 
1 -1.0824674490304317e-15 -4.875000000078348 1.5796870694937819e-11 5.3518390556657946e-17 0.86602540377938186 0.50000000000875877 3.0331857110169408e-16 0.50000000000875877 -0.86602540377938186 -1 1.9800757134495608e-16 -2.35922392733332e-16 
1 -5.6891776323088514e-16 3.5000000000000013 6.0621778264910695 -2.7755575615628909e-16 2.2204460492503136e-16 1 -2.2204460492503131e-16 -1 2.2204460492503131e-16 1 -2.2204460492503126e-16 2.7755575615628914e-16 
1 1.5543122344752192e-15 7 -1.4150064891609706e-15 5.3518390560211888e-17 0.86602540378443871 0.49999999999999983 -3.0331857110087204e-16 -0.49999999999999983 0.86602540378443871 1 -1.9800757134523677e-16 2.3592239273284576e-16 
1 -2.1232299977061041e-15 -3.4999999999999987 6.0621778264910713 -3.3107414671650105e-16 -0.8660254037844386 0.50000000000000033 8.127396617584074e-17 -0.50000000000000022 -0.86602540378443849 1 -2.4608163850482587e-16 2.3592239273284586e-16 
1 2.1232299977061041e-15 3.4999999999999987 -6.0621778264910713 3.3107414671650105e-16 0.8660254037844386 -0.50000000000000033 -8.127396617584074e-17 0.50000000000000022 0.86602540378443849 1 -2.4608163850482587e-16 2.3592239273284586e-16 
1 -1.5543122344752192e-15 -7 1.6436633646582707e-15 -5.3518390560211913e-17 -0.86602540378443882 -0.49999999999999983 3.0331857110087204e-16 0.49999999999999983 -0.86602540378443882 1 -1.9800757134523674e-16 2.3592239273284572e-16 
1 5.6891776323088504e-16 -3.5000000000000018 -6.0621778264910695 2.7755575615628909e-16 -2.2204460492503136e-16 -1 2.2204460492503131e-16 1 -2.2204460492503131e-16 1 -2.2204460492503126e-16 2.7755575615628914e-16 
1 3.9621058510651523e-16 -2.4375000000089635 -4.2218738434549099 -2.7755575615628909e-16 2.2204460492503136e-16 1 2.2204460492503131e-16 1 -2.2204460492503131e-16 -1 2.2204460492503126e-16 -2.7755575615628914e-16 
Triangulations 0

TShapes 81
Ve
1e-07
-3.96210585108055e-16 2.43750000000896 4.22187384346184
0 0

0101101
*
Ve
1e-07
2.43750000000896 4.22187384346185 0
0 0

0101101
*
Ed
 1e-07 1 1 0
1  1 0 0 16
0

0101000
+81 0 -80 4 *
Ve
1.00000000222045e-07
-1.47867803412156e-15 -2.43750000000896 4.22187384346185
0 0

0101101
*
Ve
1.00000000222045e-07
-2.43750000000896 4.22187384346185 0
0 0

0101101
*
Ed
 1.00000000222045e-07 1 1 0
1  2 0 0 16
0

0101000
+78 0 -77 4 *
Ed
 1e-07 1 1 0
1  3 0 0 4.87500000001793
0

0101000
+81 6 -78 6 *
Ed
 1e-07 1 1 0
1  3 0 0 4.87500000001793
0

0101000
+80 0 -77 0 *
Wi

0101100
+79 0 -76 0 -75 5 +74 4 *
Fa
0  1e-07 1 0

0111000
+73 0 *
Ve
1.00000000148566e-07
1.08246744902342e-15 4.87500000007835 1.57950221607269e-11
0 0

0101101
*
Ve
1.00000000148566e-07
4.87500000007835 1.57961046281759e-11 0
0 0

0101101
*
Ed
 1.00000000148566e-07 1 1 0
1  4 0 0 16
0

0101000
+71 0 -70 4 *
Ed
 1e-07 1 1 0
1  5 0 0 4.87500000003202
0

0101000
+71 6 -81 6 *
Ed
 1e-07 1 1 0
1  5 0 0 4.87500000003202
0

0101000
+70 0 -80 0 *
Wi

0101100
+69 0 -79 0 -68 5 +67 4 *
Fa
0  1e-07 2 0

0111000
+66 0 *
Ve
1.00000000211606e-07
-1.08246744903043e-15 -4.87500000007835 1.57966590891669e-11
0 0

0101101
*
Ve
1.00000000211606e-07
-4.87500000007835 1.57955766217179e-11 0
0 0

0101101
*
Ed
 1.00000000211606e-07 1 1 0
1  6 0 0 16
0

0101000
+64 0 -63 4 *
Ed
 1e-07 1 1 0
1  7 0 0 4.87500000003202
0

0101000
+78 6 -64 6 *
Ed
 1e-07 1 1 0
1  7 0 0 4.87500000003202
0

0101000
+77 0 -63 0 *
Wi

0101100
+76 0 -62 0 -61 5 +60 4 *
Fa
0  1e-07 3 0

0111000
+59 0 *
Ve
1e-07
3.5 6.06217782649107 0
0 0

0101101
*
Ve
1e-07
-3.5 6.06217782649107 0
0 0

0101101
*
Ed
 1e-07 1 1 0
1  8 0 0 7
0

0101000
+57 0 -56 0 *
Ve
1.00000000069653e-07
7 6.96528761027677e-17 0
0 0

0101101
*
Ed
 1e-07 1 1 0
1  9 0 0 7
0

0101000
+54 0 -57 0 *
Ve
1.00000000044676e-07
-7 4.46755685202056e-17 0
0 0

0101101
*
Ed
 1e-07 1 1 0
1  10 0 0 7
0

0101000
+56 0 -52 0 *
Ve
1.00000000222045e-07
3.5 -6.06217782649107 0
0 0

0101101
*
Ed
 1e-07 1 1 0
1  11 0 0 7
0

0101000
+50 0 -54 0 *
Ve
1e-07
-3.5 -6.06217782649107 0
0 0

0101101
*
Ed
 1e-07 1 1 0
1  12 0 0 7
0

0101000
+52 0 -48 0 *
Ed
 1e-07 1 1 0
1  13 0 0 7
0

0101000
+48 0 -50 0 *
Wi

0101100
+55 9 +53 9 +51 9 +49 9 +47 9 +46 9 *
Ve
1e-07
3.96210585106515e-16 -2.43750000000896 -4.22187384345491
0 0

0101101
*
Ed
 1e-07 1 1 0
1  14 0 0 4.87500000005337
0

0101000
+64 6 -44 6 *
Ve
1.00000000222045e-07
1.47867803412002e-15 2.43750000000896 -4.22187384345491
0 0

0101101
*
Ed
 1e-07 1 1 0
1  15 0 0 4.87500000001793
0

0101000
+44 6 -42 6 *
Ed
 1e-07 1 1 0
1  16 0 0 4.87500000005337
0

0101000
+42 6 -71 6 *
Wi

0101100
-75 5 -61 5 -43 5 -41 5 -40 5 -68 5 *
Fa
0  1e-07 4 0

0111000
+45 0 +39 0 *
Ve
1e-07
-2.43750000000896 -4.22187384345491 0
0 0

0101101
*
Ed
 1e-07 1 1 0
1  14 0 0 4.87500000005337
0

0101000
+63 0 -37 0 *
Ve
1.00000000222045e-07
2.43750000000896 -4.22187384345491 0
0 0

0101101
*
Ed
 1e-07 1 1 0
1  15 0 0 4.87500000001793
0

0101000
+37 0 -35 0 *
Ed
 1e-07 1 1 0
1  16 0 0 4.87500000005337
0

0101000
+35 0 -70 0 *
Wi

0101100
+74 0 +60 0 +36 0 +34 0 +33 0 +67 0 *
Fa
0  1e-07 5 0

0111000
+32 5 *
Ed
 1.00000000222045e-07 1 1 0
1  17 0 0 16
0

0101000
+42 0 -35 4 *
Wi

0101100
+30 0 -69 0 -40 5 +33 4 *
Fa
0  1e-07 6 0

0111000
+29 0 *
Ed
 1e-07 1 1 0
1  18 0 0 16
0

0101000
+44 0 -37 4 *
Wi

0101100
+62 0 -27 0 -43 5 +36 4 *
Fa
0  1e-07 7 0

0111000
+26 0 *
Ed
 1e-07 1 1 0
1  19 0 0 4
0

0101000
+57 9 -57 11 *
Ed
 1e-07 1 1 0
1  20 0 0 4
0

0101000
+56 9 -56 11 *
Wi

0101100
+24 0 -23 0 -55 9 +55 11 *
Fa
0  1e-07 8 0

0111000
+22 0 *
Ed
 1.00000000069653e-07 1 1 0
1  21 0 0 4
0

0101000
+54 9 -54 11 *
Wi

0101100
+20 0 -24 0 -53 9 +53 11 *
Fa
0  1e-07 9 0

0111000
+19 0 *
Ed
 1.00000000044676e-07 1 1 0
1  22 0 0 4
0

0101000
+52 9 -52 11 *
Wi

0101100
+23 0 -17 0 -51 9 +51 11 *
Fa
0  1e-07 10 0

0111000
+16 0 *
Ed
 1.00000000222045e-07 1 1 0
1  23 0 0 4
0

0101000
+50 9 -50 11 *
Wi

0101100
+14 0 -20 0 -49 9 +49 11 *
Fa
0  1e-07 11 0

0111000
+13 0 *
Ed
 1e-07 1 1 0
1  24 0 0 4
0

0101000
+48 9 -48 11 *
Wi

0101100
+17 0 -11 0 -47 9 +47 11 *
Fa
0  1e-07 12 0

0111000
+10 0 *
Wi

0101100
+11 0 -14 0 -46 9 +46 11 *
Fa
0  1e-07 13 0

0111000
+8 0 *
Wi

0101100
+27 0 -30 0 -41 5 +34 4 *
Fa
0  1e-07 14 0

0111000
+6 0 *
Wi

0101100
+55 0 +51 0 +47 0 +46 0 +49 0 +53 0 *
Fa
0  1e-07 4 0

0111000
+4 9 *
Sh

0101100
-72 0 -65 0 -58 0 +38 0 +31 3 -28 0 -25 0 +21 0 +18 0 +15 0 
+12 0 +9 0 +7 0 -5 0 -3 10 *
So

0100000
+2 0 *

+1 0 ]]>
      </Part>
      <ElementMap new="1" count="1"><Element key="Dummy" value="Dummy"/></ElementMap>
      <ElementMap2 count="81">
<![CDATA[
7 PostfixCount 13
Edge
Face
Vertex
;:M;FUS;:H77e:7,F
;:H-781,E
;:H-781,V
;:M;FUS;:H-781:7,F
;:H-781,F
;:M;FUS;:H77e:7,E
;:H77e,V
;:H77e,E
;:H77e,F
;:M;FUS;:H77e:7,V

MapCount 1

ElementMap 1 7 3

Edge

ChildCount 0

NameCount 37
0
$#19.9 0
$#1a.9 0
$#2.9 0
$#3d.b 0
$#1e.9 0
$#e.9 0
$#42.b 0
$#1b.9 0
$#a.9 0
$#3e.b 0
$#164.5 0
$#16f.5 0
$#16b.5 0
$#16e.5 0
$#16c.5 0
$#16d.5 0
$#b.9 0
$#c.9 0
$#d.9 0
$#3f.b 0
$#40.b 0
$#41.b 0
$#1d.9 0
$#1c.9 0
$#177.5 0
$#178.5 0
$#189.5 0
$#17c.5 0
$#18e.5 0
$#179.5 0
$#18a.5 0
$#17b.5 0
$#18d.5 0
$#17a.5 0
$#18b.5 0
$#18c.5 0

Face

ChildCount 0

NameCount 16
0
$#12.4 0
$#17.4 0
$#13.4 0
$#170.7 0
$#44.c 0
$#16.4 0
$#14.4 0
$#171.8 0
$#176.8 0
$#172.8 0
$#175.8 0
$#173.8 0
$#174.8 0
$#15.4 0
$#18f.8 0

Vertex

ChildCount 0

NameCount 25
0
$#4.d 0
$#36.a 0
$#5.d 0
$#37.a 0
$#9.d 0
$#3b.a 0
$#6.d 0
$#38.a 0
$#165.6 $#17d.6 0
$#166.6 $#17f.6 0
$#16a.6 $#187.6 0
$#167.6 $#181.6 0
$#169.6 $#185.6 0
$#168.6 $#183.6 0
$#7.d 0
$#8.d 0
$#39.a 0
$#3a.a 0
$#17e.6 0
$#180.6 0
$#188.6 0
$#182.6 0
$#186.6 0
$#184.6 0

EndMap
]]>
      </ElementMap2>
    </Property>
    <Property name="Suppress" type="App::PropertyBool">
      <Bool value="false"/>
    </Property>
    <Property name="SuppressedShape" type="Part::PropertyPartShape">
      <Part ElementMap="0.15.70200.4" brep="1">
<![CDATA[

CASCADE Topology V1, (c) Matra-Datavision
Locations 0
Curve2ds 0
Curves 0
Polygon3D 0
PolygonOnTriangulations 0
Surfaces 0
Triangulations 0

TShapes 0

*]]>
      </Part>
      <ElementMap/>
    </Property>
    <Property name="TaperAngle" type="App::PropertyAngle">
      <Float value="0"/>
    </Property>
    <Property name="TaperAngleRev" type="App::PropertyAngle">
      <Float value="0"/>
    </Property>
    <Property name="TaperInnerAngle" type="App::PropertyAngle">
      <Float value="0"/>
    </Property>
    <Property name="TaperInnerAngleRev" type="App::PropertyAngle">
      <Float value="0"/>
    </Property>
    <Property name="TreeRank" type="App::PropertyInteger" status="2184">
      <Integer value="21"/>
    </Property>
    <Property name="Type" type="App::PropertyEnumeration">
      <Integer value="0"/>
    </Property>
    <Property name="UpToFace" type="App::PropertyLinkSub">
      <LinkSub value="" count="0">
      </LinkSub>
    </Property>
    <Property name="UseCustomVector" type="App::PropertyBool">
      <Bool value="false"/>
    </Property>
    <Property name="UsePipeForDraft" type="App::PropertyBool">
      <Bool value="false"/>
    </Property>
    <Property name="ValidateShape" type="App::PropertyBool">
      <Bool value="false"/>
    </Property>
    <Property name="Visibility" type="App::PropertyBool" status="648">
      <Bool value="false"/>
    </Property>
    <Property name="_ProfileBasedVersion" type="App::PropertyInteger" status="67108864">
      <Integer value="1"/>
    </Property>
    <Property name="_Siblings" type="App::PropertyLinkList" status="218103808">
      <LinkList count="0">
      </LinkList>
    </Property>
  </Properties>
</Object>
</Document>
