<?xml version='1.0' encoding='utf-8'?>
<!-- FreeCAD DocumentObject -->
<Document SchemaVersion="4" FileVersion="2">
<Object name="Pocket">
  <Properties Count="43" TransientCount="2">
    <_Property name="_Body" type="App::PropertyLinkHidden" status="251658240"/>
    <_Property name="_ElementMapVersion" type="App::PropertyString" status="234881024"/>
    <Property name="AddSubShape" type="Part::PropertyPartShape">
      <Part HasherIndex="0" ElementMap="1.15.70200.4" brep="1">
<![CDATA[

CASCADE Topology V1, (c) Matra-Datavision
Locations 8
1
              1               0               0               0 
              0               1               0               0 
              0               0               1               0 
1
2.22044604925031e-16 -2.22044604925031e-16               1               0 
              1 2.22044604925031e-16 -2.22044604925031e-16               0 
-2.22044604925031e-16               1 2.22044604925031e-16               0 
1
              1               0               0              20 
              0               1               0 -4.44089209850063e-15 
              0               0               1 5.55111512312578e-15 
2  1 1 2 1 3 1 0
1
              1               0               0             -40 
              0               1               0 8.88178419700125e-15 
              0               0               1 -1.11022302462516e-14 
2  1 1 2 1 3 1 5 1 0
2  1 1 2 1 0
2  3 1 5 1 0
Curve2ds 0
Curves 12
1 20 -1.9250000000429093 3.3341978045963865 -1 2.2204460492503131e-16 -2.7755575615628914e-16 
1 20 -3.85000000001599 -1.1404474634012985e-11 -1 2.2204460492503131e-16 -2.7755575615628914e-16 
1 -1.9250000000429055 3.3341978045963803 0 -0.49999999999051548 -0.86602540378991466 0 
1 20 -1.9249999999909053 -3.3341978046818328 -1 2.2204460492503131e-16 -2.7755575615628914e-16 
1 -3.8500000000159855 -1.1410888994632792e-11 0 0.49999999999360151 -0.86602540378813275 0 
1 20 1.9250000000558527 -3.3341978045599054 -1 2.2204460492503131e-16 -2.7755575615628914e-16 
1 -1.9249999999909002 -3.334197804681839 0 1 3.1669674097800696e-11 0 
1 20 3.8500000000001111 4.4826575067880718e-11 -1 2.2204460492503131e-16 -2.7755575615628914e-16 
1 1.9250000000558578 -3.3341978045599108 0 0.49999999998524469 0.86602540379295767 0 
1 20 1.924999999955157 3.3341978045963856 -1 2.2204460492503131e-16 -2.7755575615628914e-16 
1 3.8500000000001156 4.482183369880629e-11 0 -0.50000000001084155 0.86602540377817927 0 
1 1.9249999999551608 3.3341978045963803 0 -1 0 0 
Polygon3D 0
PolygonOnTriangulations 0
Surfaces 7
1 20 -1.9250000000429093 3.3341978045963865 -3.310741467150844e-16 -0.86602540378991455 0.49999999999051564 8.1273966179162609e-17 -0.49999999999051564 -0.86602540378991455 1 -2.4608163850452187e-16 2.3592239273231925e-16 
1 20 -3.85000000001599 -1.1404483007780702e-11 -5.3518390562808103e-17 -0.86602540378813297 -0.4999999999936014 3.0331857110027166e-16 0.4999999999936014 -0.86602540378813297 1 -1.9800757134544185e-16 2.3592239273249063e-16 
1 20 -1.9249999999909053 -3.3341978046818328 2.7755575616332119e-16 3.1669452053195771e-11 -1 2.2204460491799925e-16 1 3.1669452053195771e-11 1 -2.2204460492678928e-16 2.7755575615628914e-16 
1 20 1.9250000000558527 -3.3341978045599054 3.3107414671429717e-16 0.86602540379295756 -0.49999999998524486 -8.1273966181008679e-17 0.49999999998524486 0.86602540379295756 1 -2.4608163850435295e-16 2.3592239273202673e-16 
1 20 3.8500000000001111 4.4826529942200453e-11 5.3518390555812928e-17 0.86602540377817938 0.50000000001084133 -3.0331857110188947e-16 -0.50000000001084133 0.86602540377817938 1 -1.980075713448893e-16 2.3592239273344757e-16 
1 20 1.924999999955157 3.3341978045963856 -2.7755575615628909e-16 2.2204460492503136e-16 1 -2.2204460492503131e-16 -1 2.2204460492503131e-16 1 -2.2204460492503126e-16 2.7755575615628914e-16 
1 -1.1314860767313051e-27 -2.0201368235594367e-11 -1.5105646411334595e-11 1 -2.2204460492503131e-16 2.2204460492503128e-16 2.2204460492503131e-16 1 0 -2.2204460492503128e-16 4.9303806576313232e-32 1 
Triangulations 0

TShapes 34
Ve
1.00000000111022e-07
-1.92500000004291 3.33419780459638 0
0 0

0101101
*
Ed
 1.00000000111022e-07 1 1 0
1  1 0 0 40
0

0101000
+34 4 -34 6 *
Ve
1.00000000008374e-07
-3.85000000001599 -1.14108806208651e-11 0
0 0

0101101
*
Ed
 1.00000000008374e-07 1 1 0
1  2 0 0 40
0

0101000
+32 4 -32 6 *
Ed
 1e-07 1 1 0
1  3 0 0 3.85000000001919
0

0101000
+34 0 -32 0 *
Wi

0101100
+33 0 -31 0 -30 4 +30 6 *
Fa
0  1e-07 1 0

0101000
+29 0 *
Ve
1e-07
-1.9249999999909 -3.33419780468184 0
0 0

0101101
*
Ed
 1e-07 1 1 0
1  4 0 0 40
0

0101000
+27 4 -27 6 *
Ed
 1e-07 1 1 0
1  5 0 0 3.85000000009944
0

0101000
+32 0 -27 0 *
Wi

0101100
+31 0 -26 0 -25 4 +25 6 *
Fa
0  1e-07 2 0

0101000
+24 0 *
Ve
1.00000000111022e-07
1.92500000005586 -3.33419780455991 0
0 0

0101101
*
Ed
 1.00000000111022e-07 1 1 0
1  6 0 0 40
0

0101000
+22 4 -22 6 *
Ed
 1e-07 1 1 0
1  7 0 0 3.85000000004676
0

0101000
+27 0 -22 0 *
Wi

0101100
+26 0 -21 0 -20 4 +20 6 *
Fa
0  1e-07 3 0

0101000
+19 0 *
Ve
1.00000000045126e-07
3.85000000000012 4.48218788244866e-11 0
0 0

0101101
*
Ed
 1.00000000045126e-07 1 1 0
1  8 0 0 40
0

0101000
+17 4 -17 6 *
Ed
 1e-07 1 1 0
1  9 0 0 3.85000000000213
0

0101000
+22 0 -17 0 *
Wi

0101100
+21 0 -16 0 -15 4 +15 6 *
Fa
0  1e-07 4 0

0101000
+14 0 *
Ve
1e-07
1.92499999995516 3.33419780459638 0
0 0

0101101
*
Ed
 1e-07 1 1 0
1  10 0 0 40
0

0101000
+12 4 -12 6 *
Ed
 1e-07 1 1 0
1  11 0 0 3.85000000000643
0

0101000
+17 0 -12 0 *
Wi

0101100
+16 0 -11 0 -10 4 +10 6 *
Fa
0  1e-07 5 0

0101000
+9 0 *
Ed
 1e-07 1 1 0
1  12 0 0 3.84999999999807
0

0101000
+12 0 -34 0 *
Wi

0101100
+11 0 -33 0 -7 4 +7 6 *
Fa
0  1e-07 6 0

0101000
+6 0 *
Wi

0101100
+30 0 +25 0 +20 0 +15 0 +10 0 +7 0 *
Fa
0  1e-07 7 0

0101000
+4 7 *
Sh

0101100
+28 0 +23 0 +18 0 +13 0 +8 0 +5 0 +3 3 -3 8 *
So

1100000
+2 0 *

+1 0 ]]>
      </Part>
      <ElementMap new="1" count="1"><Element key="Dummy" value="Dummy"/></ElementMap>
      <ElementMap2 count="44">
<![CDATA[
9 PostfixCount 11
Edge
Face
Vertex
;:G;XTR;:H782:7,F
;FAC;:H782:4,F
;:G;XTR;:H782:7,E
;:G0;XTR;:H782:8,F
;:U;XTR;:H782:7,E
;:U;XTR;:H782:7,V
;SKT;:H782,E
;SKT;:H782,V

MapCount 1

ElementMap 1 9 3

Edge

ChildCount 0

NameCount 19
0
$#61.6 0
$#62.6 0
;g1.a 0
$#6f.8 0
$#63.6 0
;g2.a 0
$#70.8 0
$#64.6 0
;g3.a 0
$#71.8 0
$#65.6 0
;g4.a 0
$#72.8 0
$#66.6 0
;g5.a 0
$#73.8 0
;g6.a 0
$#74.8 0

Face

ChildCount 0

NameCount 9
0
$#5f.4 0
$#67.4 0
$#68.4 0
$#69.4 0
$#6a.4 0
$#6b.4 0
$#5f.5 0
$#6d.7 0

Vertex

ChildCount 0

NameCount 13
0
;g1v1.b ;g6v2.b 0
$#76.9 0
;g1v2.b ;g2v1.b 0
$#77.9 0
;g2v2.b ;g3v1.b 0
$#78.9 0
;g3v2.b ;g4v1.b 0
$#79.9 0
;g4v2.b ;g5v1.b 0
$#7a.9 0
;g5v2.b ;g6v1.b 0
$#7b.9 0

EndMap
]]>
      </ElementMap2>
    </Property>
    <Property name="AddSubType" type="App::PropertyEnumeration">
      <Integer value="1"/>
    </Property>
    <Property name="AllowMultiFace" type="App::PropertyBool">
      <Bool value="true"/>
    </Property>
    <Property name="AutoTaperInnerAngle" type="App::PropertyBool">
      <Bool value="true"/>
    </Property>
    <Property name="BaseFeature" type="App::PropertyLink" status="8">
      <Link value="Pad001"/>
    </Property>
    <Property name="CheckUpToFaceLimits" type="App::PropertyBool">
      <Bool value="true"/>
    </Property>
    <Property name="ClaimChildren" type="App::PropertyBool" status="134217728">
      <Bool value="false"/>
    </Property>
    <Property name="ColoredElements" type="App::PropertyLinkSubHidden" status="218103808">
      <LinkSub value="" count="0">
      </LinkSub>
    </Property>
    <Property name="ExpressionEngine" type="App::PropertyExpressionEngine" status="67108864">
      <ExpressionEngine count="0"></ExpressionEngine>
    </Property>
    <Property name="Fit" type="App::PropertyDistance">
      <Float value="0"/>
    </Property>
    <Property name="FitJoin" type="App::PropertyEnumeration">
      <Integer value="0"/>
    </Property>
    <Property name="FixShape" type="App::PropertyEnumeration">
      <Integer value="1"/>
    </Property>
    <Property name="InnerFit" type="App::PropertyDistance">
      <Float value="0"/>
    </Property>
    <Property name="InnerFitJoin" type="App::PropertyEnumeration">
      <Integer value="0"/>
    </Property>
    <Property name="InvalidShape" type="App::PropertyBool" status="67108864">
      <Bool value="false"/>
    </Property>
    <Property name="Label" type="App::PropertyString" status="134217728">
      <String value="Pocket"/>
    </Property>
    <Property name="Label2" type="App::PropertyString" status="128">
      <String value=""/>
    </Property>
    <Property name="Length" type="App::PropertyLength">
      <Float value="40"/>
    </Property>
    <Property name="Length2" type="App::PropertyLength">
      <Float value="100"/>
    </Property>
    <Property name="Linearize" type="App::PropertyBool">
      <Bool value="true"/>
    </Property>
    <Property name="Midplane" type="App::PropertyBool">
      <Bool value="true"/>
    </Property>
    <Property name="NewSolid" type="App::PropertyBool">
      <Bool value="false"/>
    </Property>
    <Property name="Offset" type="App::PropertyLength">
      <Float value="0"/>
    </Property>
    <Property name="Placement" type="App::PropertyPlacement" status="8388620">
      <PropertyPlacement Px="0" Py="0" Pz="0" Q0="0" Q1="0" Q2="0" Q3="1" A="0" Ox="0" Oy="0" Oz="1"/>
    </Property>
    <Property name="Profile" type="App::PropertyLinkSub">
      <LinkSub value="Sketch002" count="1">
        <Sub value=""/>
      </LinkSub>
    </Property>
    <Property name="Refine" type="App::PropertyBool">
      <Bool value="false"/>
    </Property>
    <Property name="Reversed" type="App::PropertyBool">
      <Bool value="false"/>
    </Property>
    <Property name="Shape" type="Part::PropertyPartShape">
      <Part HasherIndex="0" ElementMap="1.15.70200.4" brep="1">
<![CDATA[

CASCADE Topology V1, (c) Matra-Datavision
Locations 11
1
              1               0               0               0 
              0               1               0               0 
              0               0               1               0 
1
2.22044604925031e-16 -2.22044604925031e-16               1               0 
              1 2.22044604925031e-16 -2.22044604925031e-16               0 
-2.22044604925031e-16               1 2.22044604925031e-16               0 
1
              1               0               0              16 
              0               1               0 -3.5527136788005e-15 
              0               0               1 4.44089209850063e-15 
2  1 1 2 1 3 1 0
2  1 1 2 1 0
2  2 -1 1 -1 0
1
              1               0               0               0 
              0               1               0               0 
              0               0               1               0 
1
2.22044604925031e-16 -2.22044604925031e-16               1               0 
              1 2.22044604925031e-16 -2.22044604925031e-16               0 
-2.22044604925031e-16               1 2.22044604925031e-16               0 
2  7 1 8 1 0
1
              1               0               0              -4 
              0               1               0 8.88178419700125e-16 
              0               0               1 -1.11022302462516e-15 
2  7 1 8 1 10 1 0
Curve2ds 24
8 -0.96250000001696989 2.8875000000022233
1 2.5006483534293977 2.4062500000422613 -0.86602540378991455 0.49999999999051564 
8 -0.96250000001696989 2.8875000000022233
1 0.96250000001696989 -4 1 9.8607613152626454e-32 
8 -0.9624999999847923 2.8875000001146489
1 -0.83354945114881218 3.3687500000297481 -0.86602540378813297 -0.4999999999936014 
8 -0.9624999999847923 2.8875000001146489
1 0.9624999999847923 -4 1 0 
8 -0.96250000004824654 2.8874999999985111
1 -3.3341978046558509 0.96249999994265423 3.1669452053195771e-11 -1 
8 -0.96250000004824654 2.8874999999985111
1 0.96250000004824654 -4 1 -1.6488068045018836e-32 
8 -0.96250000001198099 2.8874999999901529
1 -2.5006483534033102 -2.4062500000476446 0.86602540379295756 -0.49999999998524486 
8 -0.96250000001198099 2.8874999999901529
1 0.96250000001197855 -4 1 0 
8 -0.9625000000034386 2.8875000000029933
1 0.83354945117980006 -3.368749999987962 0.86602540377817938 0.50000000001084133 
8 -0.9625000000034386 2.8875000000029933
1 0.96250000000343672 -4 1 -7.3955709864469857e-32 
8 -0.9624999999775804 2.8875000000204856
1 3.3341978045918856 -0.96249999997758118 2.2204460492503136e-16 1 
8 -0.9624999999775804 2.8875000000204856
1 0.9624999999775804 -4 1 1.2325951644078309e-32 
8 -0.96250000001891656 2.8875000000002764
1 2.500648353432207 2.4062500000432343 -0.86602540378991455 0.49999999999051564 
8 -0.96250000001891656 2.8875000000002764
1 0.96250000001891656 -24.000000000000004 1 0 
8 -0.96249999998673919 2.887500000112702
1 -0.83354945114600276 3.368750000028776 -0.86602540378813297 -0.4999999999936014 
8 -0.96249999998673919 2.887500000112702
1 0.96249999998673919 -24.000000000000004 1 -4.9303806576313227e-32 
8 -0.96250000004824676 2.8874999999985111
1 -3.3341978046513567 0.96249999994265456 3.1669452053195771e-11 -1 
8 -0.96250000004824676 2.8874999999985111
1 0.96250000004824676 -24 1 3.2815738531294402e-32 
8 -0.96250000001003433 2.8874999999920994
1 -2.5006483534005008 -2.4062500000466716 0.86602540379295756 -0.49999999998524486 
8 -0.96250000001003433 2.8874999999920994
1 0.96250000001003189 -24 1 4.9303806576313238e-32 
8 -0.9625000000014915 2.8875000000049402
1 0.83354945118260959 -3.368749999988935 0.86602540377817938 0.50000000001084133 
8 -0.9625000000014915 2.8875000000049402
1 0.96250000000148961 -24 1 -2.4651903288156619e-32 
8 -0.96249999997758018 2.887500000020486
1 3.3341978045963803 -0.96249999997758084 2.2204460492503136e-16 1 
8 -0.96249999997758018 2.887500000020486
1 0.96249999997758018 -24 1 -3.6977854932234928e-32 
Curves 42
1 -3.9621058510805509e-16 2.4375000000089635 4.2218738434618448 1 -2.2204460492503131e-16 2.7755575615628914e-16 
1 -1.4786780341215629e-15 -2.4375000000089617 4.2218738434618466 1 -2.2204460492503131e-16 2.7755575615628914e-16 
1 2.4375000000089626 4.2218738434618457 0 -1 0 0 
1 1.0824674490234169e-15 4.875000000078348 1.5795022160726885e-11 1 -2.2204460492503131e-16 2.7755575615628914e-16 
1 4.875000000078348 1.5795956061985094e-11 0 -0.50000000001094913 0.86602540377811732 0 
1 -1.0824674490304317e-15 -4.875000000078348 1.5796659089166936e-11 1 -2.2204460492503131e-16 2.7755575615628914e-16 
1 -2.4375000000089622 4.2218738434618457 0 -0.50000000001094902 -0.86602540377811721 0 
1 3.5 6.0621778264910704 0 -1 0 0 
1 7 1.3930574531424853e-16 0 -0.5 0.8660254037844386 0 
1 -3.5 6.0621778264910704 0 -0.5 -0.8660254037844386 0 
1 3.5 -6.0621778264910704 0 0.5 0.8660254037844386 0 
1 -7 8.935113018305158e-17 0 0.49999999999999994 -0.8660254037844386 0 
1 -3.5000000000000004 -6.0621778264910704 0 1 0 0 
1 -4.875000000078348 1.5795788227488793e-11 0 0.50000000000875899 -0.86602540377938175 0 
1 -2.4375000000089626 -4.2218738434549108 0 1 0 0 
1 2.4375000000089631 -4.2218738434549108 0 0.50000000000875877 0.86602540377938175 0 
1 16 -2.4062500000422649 2.5006483534338968 8.1273966179162658e-17 -0.49999999999051564 -0.86602540378991455 
1 16 -3.3687500000297517 -0.83354945114431289 3.0331857110027161e-16 0.4999999999936014 -0.86602540378813297 
1 16 -0.96249999994265789 -3.3341978046513518 2.2204460491799923e-16 1 3.1669452053195771e-11 
1 16 2.406250000047641 -2.5006483533988111 -8.1273966181008691e-17 0.49999999998524486 0.86602540379295756 
1 16 3.3687499999879584 0.83354945118429935 -3.0331857110188952e-16 -0.50000000001084133 0.86602540377817938 
1 16 0.96249999997757751 3.3341978045963847 -2.2204460492503131e-16 -1 2.2204460492503131e-16 
1 1.4786780341200231e-15 2.4375000000089617 -4.2218738434549117 1 -2.2204460492503131e-16 2.7755575615628914e-16 
1 3.9621058510651523e-16 -2.4375000000089635 -4.2218738434549099 1 -2.2204460492503131e-16 2.7755575615628914e-16 
1 -5.6891776323088514e-16 3.5000000000000013 6.0621778264910695 -1 2.2204460492503131e-16 -2.7755575615628914e-16 
1 -2.1232299977061041e-15 -3.4999999999999987 6.0621778264910713 -1 2.2204460492503131e-16 -2.7755575615628914e-16 
1 1.5543122344752192e-15 7 -1.4846593583724514e-15 -1 2.2204460492503131e-16 -2.7755575615628914e-16 
1 -1.5543122344752192e-15 -7 1.5989878029954247e-15 -1 2.2204460492503131e-16 -2.7755575615628914e-16 
1 2.1232299977061041e-15 3.4999999999999987 -6.0621778264910713 -1 2.2204460492503131e-16 -2.7755575615628914e-16 
1 5.6891776323088504e-16 -3.5000000000000018 -6.0621778264910695 -1 2.2204460492503131e-16 -2.7755575615628914e-16 
1 20 -3.85000000001599 -1.1404474634012985e-11 -1 2.2204460492503131e-16 -2.7755575615628914e-16 
1 -4.0000000000000036 -2.406250000043233 2.5006483534322062 8.1273966179162584e-17 -0.49999999999051564 -0.86602540378991455 
1 20 -1.9250000000429093 3.3341978045963865 -1 2.2204460492503131e-16 -2.7755575615628914e-16 
1 20 -1.9249999999909053 -3.3341978046818328 -1 2.2204460492503131e-16 -2.7755575615628914e-16 
1 -4.0000000000000036 -3.3687500000287747 -0.83354945114600387 3.0331857110027156e-16 0.4999999999936014 -0.86602540378813297 
1 20 1.9250000000558527 -3.3341978045599054 -1 2.2204460492503131e-16 -2.7755575615628914e-16 
1 -3.9999999999999996 -0.96249999994265323 -3.3341978046513576 2.2204460491799928e-16 1 3.1669452053195771e-11 
1 20 3.8500000000001111 4.4826575067880718e-11 -1 2.2204460492503131e-16 -2.7755575615628914e-16 
1 -3.9999999999999996 2.4062500000466729 -2.5006483534005017 -8.1273966181008617e-17 0.49999999998524486 0.86602540379295756 
1 20 1.924999999955157 3.3341978045963856 -1 2.2204460492503131e-16 -2.7755575615628914e-16 
1 -4 3.3687499999889363 0.83354945118260848 -3.0331857110188947e-16 -0.50000000001084133 0.86602540377817938 
1 -4 0.96249999997758218 3.3341978045963794 -2.2204460492503136e-16 -1 2.2204460492503131e-16 
Polygon3D 0
PolygonOnTriangulations 0
Surfaces 20
1 -3.9621058510805509e-16 2.4375000000089635 4.2218738434618448 2.7755575615628909e-16 -2.2204460492503136e-16 -1 -2.2204460492503131e-16 -1 2.2204460492503131e-16 -1 2.2204460492503126e-16 -2.7755575615628914e-16 
1 1.0824674490234169e-15 4.875000000078348 1.5794873594536068e-11 -5.3518390555769295e-17 -0.86602540377811743 -0.50000000001094891 -3.0331857110189953e-16 -0.5000000000109488 0.86602540377811732 -1 1.9800757134488585e-16 -2.3592239273345353e-16 
1 -1.4786780341215629e-15 -2.4375000000089613 4.2218738434618466 3.3107414671813631e-16 0.8660254037781171 -0.50000000001094924 8.1273966172005927e-17 -0.50000000001094924 -0.8660254037781171 -1 2.4608163850517672e-16 -2.3592239273345363e-16 
1 -6.5738408768417647e-32 4.65236315081018e-16 0 1 -2.2204460492503131e-16 2.2204460492503131e-16 -2.2204460492503131e-16 0 1 -2.2204460492503131e-16 -1 -4.9303806576313238e-32 
1 -9.9815177152990444e-28 -1.2146029671027021e-16 4.4948204702086148e-12 1 -2.2204460492503126e-16 2.2204460492503136e-16 -2.2204460492503136e-16 0 1 -2.2204460492503126e-16 -1 -4.9303806576313238e-32 
1 20 -1.9250000000429093 3.3341978045963865 -3.310741467150844e-16 -0.86602540378991455 0.49999999999051564 8.1273966179162609e-17 -0.49999999999051564 -0.86602540378991455 1 -2.4608163850452187e-16 2.3592239273231925e-16 
1 20 -3.85000000001599 -1.1404483007780702e-11 -5.3518390562808103e-17 -0.86602540378813297 -0.4999999999936014 3.0331857110027166e-16 0.4999999999936014 -0.86602540378813297 1 -1.9800757134544185e-16 2.3592239273249063e-16 
1 20 -1.9249999999909053 -3.3341978046818328 2.7755575616332119e-16 3.1669452053195771e-11 -1 2.2204460491799925e-16 1 3.1669452053195771e-11 1 -2.2204460492678928e-16 2.7755575615628914e-16 
1 20 1.9250000000558527 -3.3341978045599054 3.3107414671429717e-16 0.86602540379295756 -0.49999999998524486 -8.1273966181008679e-17 0.49999999998524486 0.86602540379295756 1 -2.4608163850435295e-16 2.3592239273202673e-16 
1 20 3.8500000000001111 4.4826529942200453e-11 5.3518390555812928e-17 0.86602540377817938 0.50000000001084133 -3.0331857110188947e-16 -0.50000000001084133 0.86602540377817938 1 -1.980075713448893e-16 2.3592239273344757e-16 
1 20 1.924999999955157 3.3341978045963856 -2.7755575615628909e-16 2.2204460492503136e-16 1 -2.2204460492503131e-16 -1 2.2204460492503131e-16 1 -2.2204460492503126e-16 2.7755575615628914e-16 
1 1.4786780341200231e-15 2.4375000000089622 -4.2218738434549117 -3.3107414671780923e-16 -0.86602540377938164 0.50000000000875899 -8.1273966172773069e-17 0.50000000000875899 0.86602540377938164 -1 2.4608163850510656e-16 -2.359223927333321e-16 
1 -1.0824674490304317e-15 -4.875000000078348 1.5796870694937819e-11 5.3518390556657946e-17 0.86602540377938186 0.50000000000875877 3.0331857110169408e-16 0.50000000000875877 -0.86602540377938186 -1 1.9800757134495608e-16 -2.35922392733332e-16 
1 -5.6891776323088514e-16 3.5000000000000013 6.0621778264910695 -2.7755575615628909e-16 2.2204460492503136e-16 1 -2.2204460492503131e-16 -1 2.2204460492503131e-16 1 -2.2204460492503126e-16 2.7755575615628914e-16 
1 1.5543122344752192e-15 7 -1.4150064891609706e-15 5.3518390560211888e-17 0.86602540378443871 0.49999999999999983 -3.0331857110087204e-16 -0.49999999999999983 0.86602540378443871 1 -1.9800757134523677e-16 2.3592239273284576e-16 
1 -2.1232299977061041e-15 -3.4999999999999987 6.0621778264910713 -3.3107414671650105e-16 -0.8660254037844386 0.50000000000000033 8.127396617584074e-17 -0.50000000000000022 -0.86602540378443849 1 -2.4608163850482587e-16 2.3592239273284586e-16 
1 2.1232299977061041e-15 3.4999999999999987 -6.0621778264910713 3.3107414671650105e-16 0.8660254037844386 -0.50000000000000033 -8.127396617584074e-17 0.50000000000000022 0.86602540378443849 1 -2.4608163850482587e-16 2.3592239273284586e-16 
1 -1.5543122344752192e-15 -7 1.6436633646582707e-15 -5.3518390560211913e-17 -0.86602540378443882 -0.49999999999999983 3.0331857110087204e-16 0.49999999999999983 -0.86602540378443882 1 -1.9800757134523674e-16 2.3592239273284572e-16 
1 5.6891776323088504e-16 -3.5000000000000018 -6.0621778264910695 2.7755575615628909e-16 -2.2204460492503136e-16 -1 2.2204460492503131e-16 1 -2.2204460492503131e-16 1 -2.2204460492503126e-16 2.7755575615628914e-16 
1 3.9621058510651523e-16 -2.4375000000089635 -4.2218738434549099 -2.7755575615628909e-16 2.2204460492503136e-16 1 2.2204460492503131e-16 1 -2.2204460492503131e-16 -1 2.2204460492503126e-16 -2.7755575615628914e-16 
Triangulations 0

TShapes 125
Ve
1e-07
-3.96210585108055e-16 2.43750000000896 4.22187384346184
0 0

0101101
*
Ve
1e-07
2.43750000000896 4.22187384346185 0
0 0

0101101
*
Ed
 1e-07 1 1 0
1  1 0 0 16
0

0101000
+125 0 -124 4 *
Ve
1.00000000222045e-07
-1.47867803412156e-15 -2.43750000000896 4.22187384346185
0 0

0101101
*
Ve
1.00000000222045e-07
-2.43750000000896 4.22187384346185 0
0 0

0101101
*
Ed
 1.00000000222045e-07 1 1 0
1  2 0 0 16
0

0101000
+122 0 -121 4 *
Ed
 1e-07 1 1 0
1  3 0 0 4.87500000001793
0

0101000
+125 6 -122 6 *
Ed
 1e-07 1 1 0
1  3 0 0 4.87500000001793
0

0101000
+124 0 -121 0 *
Wi

0101100
+123 0 -120 0 -119 5 +118 4 *
Fa
0  1e-07 1 0

0111000
+117 0 *
Ve
1.00000000148566e-07
1.08246744902342e-15 4.87500000007835 1.57950221607269e-11
0 0

0101101
*
Ve
1.00000000148566e-07
4.87500000007835 1.57961046281759e-11 0
0 0

0101101
*
Ed
 1.00000000148566e-07 1 1 0
1  4 0 0 16
0

0101000
+115 0 -114 4 *
Ed
 1e-07 1 1 0
1  5 0 0 4.87500000003202
0

0101000
+115 6 -125 6 *
Ed
 1e-07 1 1 0
1  5 0 0 4.87500000003202
0

0101000
+114 0 -124 0 *
Wi

0101100
+113 0 -123 0 -112 5 +111 4 *
Fa
0  1e-07 2 0

0111000
+110 0 *
Ve
1.00000000211606e-07
-1.08246744903043e-15 -4.87500000007835 1.57966590891669e-11
0 0

0101101
*
Ve
1.00000000211606e-07
-4.87500000007835 1.57955766217179e-11 0
0 0

0101101
*
Ed
 1.00000000211606e-07 1 1 0
1  6 0 0 16
0

0101000
+108 0 -107 4 *
Ed
 1e-07 1 1 0
1  7 0 0 4.87500000003202
0

0101000
+122 6 -108 6 *
Ed
 1e-07 1 1 0
1  7 0 0 4.87500000003202
0

0101000
+121 0 -107 0 *
Wi

0101100
+120 0 -106 0 -105 5 +104 4 *
Fa
0  1e-07 3 0

0111000
+103 0 *
Ve
1e-07
3.5 6.06217782649107 0
0 0

0101101
*
Ve
1e-07
-3.5 6.06217782649107 0
0 0

0101101
*
Ed
 1e-07 1 1 0
1  8 0 0 7
0

0101000
+101 0 -100 0 *
Ve
1.00000000069653e-07
7 6.96528761027677e-17 0
0 0

0101101
*
Ed
 1e-07 1 1 0
1  9 0 0 7
0

0101000
+98 0 -101 0 *
Ve
1.00000000044676e-07
-7 4.46755685202056e-17 0
0 0

0101101
*
Ed
 1e-07 1 1 0
1  10 0 0 7
0

0101000
+100 0 -96 0 *
Ve
1.00000000222045e-07
3.5 -6.06217782649107 0
0 0

0101101
*
Ed
 1e-07 1 1 0
1  11 0 0 7
0

0101000
+94 0 -98 0 *
Ve
1e-07
-3.5 -6.06217782649107 0
0 0

0101101
*
Ed
 1e-07 1 1 0
1  12 0 0 7
0

0101000
+96 0 -92 0 *
Ed
 1e-07 1 1 0
1  13 0 0 7
0

0101000
+92 0 -94 0 *
Wi

0101100
+99 9 +97 9 +95 9 +93 9 +91 9 +90 9 *
Ve
1e-07
3.96210585106515e-16 -2.43750000000896 -4.22187384345491
0 0

0101101
*
Ed
 1e-07 1 1 0
1  14 0 0 4.87500000005337
0

0101000
+108 6 -88 6 *
Ve
1.00000000222045e-07
1.47867803412002e-15 2.43750000000896 -4.22187384345491
0 0

0101101
*
Ed
 1e-07 1 1 0
1  15 0 0 4.87500000001793
0

0101000
+88 6 -86 6 *
Ed
 1e-07 1 1 0
1  16 0 0 4.87500000005337
0

0101000
+86 6 -115 6 *
Wi

0101100
-119 5 -105 5 -87 5 -85 5 -84 5 -112 5 *
Fa
0  1e-07 4 0

0111000
+89 0 +83 0 *
Ve
1.00000000222045e-07
2.43750000000896 -4.22187384345491 0
0 0

0101101
*
Ed
 1e-07 1 1 0
1  16 0 0 4.87500000005337
0

0101000
+81 0 -114 0 *
Ve
1e-07
-2.43750000000896 -4.22187384345491 0
0 0

0101101
*
Ed
 1e-07 1 1 0
1  14 0 0 4.87500000005337
0

0101000
+107 0 -79 0 *
Ed
 1e-07 1 1 0
1  15 0 0 4.87500000001793
0

0101000
+79 0 -81 0 *
Wi

0101100
+118 4 +111 4 +104 4 +80 4 +78 4 +77 4 *
Ve
1.50000001998401e-07
16 -1.92500000004291 3.33419780459639
0 0

0101101
*
Ve
1.50000001854873e-07
16 -3.85000000001599 -1.14055848570376e-11
0 0

0101101
*
Ed
 1.5e-07 1 1 0
1  17 0 -0.96250000001697 2.88750000000222
2  1 5 3 -0.96250000001697 2.88750000000222
2  2 6 0 -0.96250000001697 2.88750000000222
0

0101000
+75 0 -74 0 *
Ve
1.50000002220446e-07
16 -1.9249999999909 -3.33419780468183
0 0

0101101
*
Ed
 1.5e-07 1 1 0
1  18 0 -0.962499999984792 2.88750000011465
2  3 5 3 -0.962499999984792 2.88750000011465
2  4 7 0 -0.962499999984792 2.88750000011465
0

0101000
+74 0 -72 0 *
Ve
1.50000002589463e-07
16 1.92500000005585 -3.33419780455991
0 0

0101101
*
Ed
 1.5e-07 1 1 0
1  19 0 -0.962500000048247 2.88749999999851
2  5 5 3 -0.962500000048247 2.88749999999851
2  6 8 0 -0.962500000048247 2.88749999999851
0

0101000
+72 0 -70 0 *
Ve
1.50000001712112e-07
16 3.85000000000011 4.48254648448561e-11
0 0

0101101
*
Ed
 1.5e-07 1 1 0
1  20 0 -0.962500000011981 2.88749999999015
2  7 5 3 -0.962500000011981 2.88749999999015
2  8 9 0 -0.962500000011981 2.88749999999015
0

0101000
+70 0 -68 0 *
Ve
1.50000000444089e-07
16 1.92499999995516 3.33419780459638
0 0

0101101
*
Ed
 1.5e-07 1 1 0
1  21 0 -0.962500000003439 2.88750000000299
2  9 5 3 -0.962500000003439 2.88750000000299
2  10 10 0 -0.962500000003439 2.88750000000299
0

0101000
+68 0 -66 0 *
Ed
 1.5e-07 1 1 0
1  22 0 -0.96249999997758 2.88750000002049
2  11 5 3 -0.96249999997758 2.88750000002049
2  12 11 0 -0.96249999997758 2.88750000002049
0

0101000
+66 0 -75 0 *
Wi

0101100
-73 0 -71 0 -69 0 -67 0 -65 0 -64 0 *
Fa
0  1e-07 5 3

0111000
+76 0 +63 0 *
Ed
 1.00000000222045e-07 1 1 0
1  23 0 0 16
0

0101000
+86 0 -81 4 *
Wi

0101100
+61 0 -113 0 -84 5 +80 4 *
Fa
0  1e-07 12 0

0111000
+60 0 *
Ed
 1e-07 1 1 0
1  24 0 0 16
0

0101000
+88 0 -79 4 *
Wi

0101100
+106 0 -58 0 -87 5 +78 4 *
Fa
0  1e-07 13 0

0111000
+57 0 *
Ed
 1e-07 1 1 0
1  25 0 0 4
0

0101000
+101 9 -101 11 *
Ed
 1e-07 1 1 0
1  26 0 0 4
0

0101000
+100 9 -100 11 *
Wi

0101100
+55 0 -54 0 -99 9 +99 11 *
Fa
0  1e-07 14 0

0111000
+53 0 *
Ed
 1.00000000069653e-07 1 1 0
1  27 0 0 4
0

0101000
+98 9 -98 11 *
Wi

0101100
+51 0 -55 0 -97 9 +97 11 *
Fa
0  1e-07 15 0

0111000
+50 0 *
Ed
 1.00000000044676e-07 1 1 0
1  28 0 0 4
0

0101000
+96 9 -96 11 *
Wi

0101100
+54 0 -48 0 -95 9 +95 11 *
Fa
0  1e-07 16 0

0111000
+47 0 *
Ed
 1.00000000222045e-07 1 1 0
1  29 0 0 4
0

0101000
+94 9 -94 11 *
Wi

0101100
+45 0 -51 0 -93 9 +93 11 *
Fa
0  1e-07 17 0

0111000
+44 0 *
Ed
 1e-07 1 1 0
1  30 0 0 4
0

0101000
+92 9 -92 11 *
Wi

0101100
+48 0 -42 0 -91 9 +91 11 *
Fa
0  1e-07 18 0

0111000
+41 0 *
Wi

0101100
+42 0 -45 0 -90 9 +90 11 *
Fa
0  1e-07 19 0

0111000
+39 0 *
Wi

0101100
+58 0 -61 0 -85 5 +77 4 *
Fa
0  1e-07 20 0

0111000
+37 0 *
Ve
1.50000003807108e-07
-4 -3.85000000001598 -1.14111359721607e-11
0 0

0101101
*
Ed
 1.00000000008374e-07 1 1 0
1  31 0 4 24
0

0101000
+74 0 -35 0 *
Ve
1.5000000385233e-07
-4 -1.9250000000429 3.33419780459638
0 0

0101101
*
Ed
 1.5e-07 1 1 0
1  32 0 -0.962500000018917 2.88750000000028
2  13 4 10 -0.962500000018917 2.88750000000028
2  14 6 0 -0.962500000018917 2.88750000000028
0

0101000
+33 0 -35 0 *
Ed
 1.00000000111022e-07 1 1 0
1  33 0 4 24
0

0101000
+75 0 -33 0 *
Wi

0101100
-73 0 -34 0 +32 0 +31 0 *
Fa
0  1e-07 6 0

0111000
+30 0 *
Ve
1.50000002843558e-07
-4 -1.9249999999909 -3.33419780468184
0 0

0101101
*
Ed
 1e-07 1 1 0
1  34 0 4 24
0

0101000
+72 0 -28 0 *
Ed
 1.5e-07 1 1 0
1  35 0 -0.962499999986739 2.8875000001127
2  15 4 10 -0.962499999986739 2.8875000001127
2  16 7 0 -0.962499999986739 2.8875000001127
0

0101000
+35 0 -28 0 *
Wi

0101100
-71 0 -27 0 +26 0 +34 0 *
Fa
0  1e-07 7 0

0111000
+25 0 *
Ve
1.50000001472877e-07
-4 1.92500000005586 -3.33419780455991
0 0

0101101
*
Ed
 1.00000000111022e-07 1 1 0
1  36 0 4 24
0

0101000
+70 0 -23 0 *
Ed
 1.5e-07 1 1 0
1  37 0 -0.962500000048247 2.88749999999851
2  17 4 10 -0.962500000048247 2.88749999999851
2  18 8 0 -0.962500000048247 2.88749999999851
0

0101000
+28 0 -23 0 *
Wi

0101100
-69 0 -22 0 +21 0 +27 0 *
Fa
0  1e-07 8 0

0101000
+20 0 *
Ve
1.50000001206728e-07
-4 3.85000000000012 4.4819913729733e-11
0 0

0101101
*
Ed
 1.00000000045126e-07 1 1 0
1  38 0 4 24
0

0101000
+68 0 -18 0 *
Ed
 1.5e-07 1 1 0
1  39 0 -0.962500000010034 2.8874999999921
2  19 4 10 -0.962500000010034 2.8874999999921
2  20 9 0 -0.962500000010034 2.8874999999921
0

0101000
+23 0 -18 0 *
Wi

0101100
-67 0 -17 0 +16 0 +22 0 *
Fa
0  1e-07 9 0

0111000
+15 0 *
Ve
1.50000001087792e-07
-4 1.92499999995516 3.33419780459638
0 0

0101101
*
Ed
 1e-07 1 1 0
1  40 0 4 24
0

0101000
+66 0 -13 0 *
Ed
 1.5e-07 1 1 0
1  41 0 -0.962500000001491 2.88750000000494
2  21 4 10 -0.962500000001491 2.88750000000494
2  22 10 0 -0.962500000001491 2.88750000000494
0

0101000
+18 0 -13 0 *
Wi

0101100
-65 0 -12 0 +11 0 +17 0 *
Fa
0  1e-07 10 0

0111000
+10 0 *
Ed
 1.5e-07 1 1 0
1  42 0 -0.96249999997758 2.88750000002049
2  23 4 10 -0.96249999997758 2.88750000002049
2  24 11 0 -0.96249999997758 2.88750000002049
0

0101000
+13 0 -33 0 *
Wi

0101100
-64 0 -31 0 +8 0 +12 0 *
Fa
0  1e-07 11 0

0101000
+7 0 *
Wi

0101100
+99 11 +97 11 +95 11 +93 11 +91 11 +90 11 *
Wi

0101100
-32 0 -26 0 -21 0 -16 0 -11 0 -8 0 *
Fa
0  1e-07 4 10

0111000
+5 0 +4 0 *
Sh

0101100
-116 0 -109 0 -102 0 +82 0 +62 0 -59 0 -56 0 +52 0 +49 0 +46 0 
+43 0 +40 0 +38 0 -36 0 -29 0 -24 0 -19 0 -14 0 -9 0 -6 0 
-3 0 *
So

0100000
+2 0 *

+1 0 ]]>
      </Part>
      <ElementMap new="1" count="1"><Element key="Dummy" value="Dummy"/></ElementMap>
      <ElementMap2 count="117">
<![CDATA[
10 PostfixCount 33
Edge
Face
Vertex
;:H781,V
;:H781,E
;:H781,F
;:M;CUT;:H781:7,F
;:G#d7;CUT;:H-783:a,E
;:G2#1bc;CUT;:H-783:c,E
;:M;CUT;:H-783:7,F
;:G#d8;CUT;:H-783:a,E
;:G2#1bd;CUT;:H-783:c,E
;:G#d9;CUT;:H-783:a,E
;:G2#1be;CUT;:H-783:c,E
;:G#da;CUT;:H-783:a,E
;:G2#1bf;CUT;:H-783:c,E
;:G#db;CUT;:H-783:a,E
;:G2#1c0;CUT;:H-783:c,E
;:G#dc;CUT;:H-783:a,E
;:G2#1c1;CUT;:H-783:c,E
;:G#dd;CUT;:H-783:a,V
;:G2#1c3;CUT;:H-783:c,V
;:M;CUT;:H-783:7,E
;:G#de;CUT;:H-783:a,V
;:G2#1c2;CUT;:H-783:c,V
;:G#df;CUT;:H-783:a,V
;:G2#1c4;CUT;:H-783:c,V
;:G#e0;CUT;:H-783:a,V
;:G2#1c5;CUT;:H-783:c,V
;:G#e1;CUT;:H-783:a,V
;:G2#1c6;CUT;:H-783:c,V
;:G#e2;CUT;:H-783:a,V
;:G2#1c7;CUT;:H-783:c,V

MapCount 1

ElementMap 1 10 3

Edge

ChildCount 0

NameCount 55
0
$#94.5 0
$#95.5 0
$#96.5 0
$#98.5 0
$#99.5 0
$#9a.5 0
$#9b.5 0
$#9c.5 0
$#9d.5 0
$#9e.5 0
$#1a2.5 0
$#1a3.5 0
$#1a4.5 0
$#1a5.5 0
$#1a6.5 0
$#1a7.5 0
$#a4.5 0
$#a5.5 0
$#a6.5 0
$#a9.5 0
$#a7.5 0
$#a8.5 0
$#6f.8.44.bb.d7 0
$#70.b.44.bb.d8 0
$#71.d.44.bb.d9 0
$#72.f.44.bb.da 0
$#73.11.44.bb.db 0
$#74.13.44.bb.dc 0
$#aa.5 0
$#ab.5 0
$#1a8.5 0
$#1a9.5 0
$#1aa.5 0
$#1ab.5 0
$#1ac.5 0
$#1ad.5 0
$#1ae.5 0
$#1af.5 0
$#1b0.5 0
$#1b1.5 0
$#1b2.5 0
$#1b3.5 0
$#77.17 0
$#6f.9.18f.1bb.1bc 0
$#76.17 0
$#78.17 0
$#70.c.18f.1bb.1bd 0
$#79.17 0
$#71.e.18f.1bb.1be 0
$#7a.17 0
$#72.10.18f.1bb.1bf 0
$#7b.17 0
$#73.12.18f.1bb.1c0 0
$#74.14.18f.1bb.1c1 0

Face

ChildCount 0

NameCount 22
0
$#b5.6 0
$#b6.6 0
$#b7.6 0
$#1b4.6 0
$#bb.7 0
$#bc.6 0
$#bd.6 0
$#1b5.6 0
$#1b6.6 0
$#1b7.6 0
$#1b8.6 0
$#1b9.6 0
$#1ba.6 0
$#c3.6 0
$#6f.a 0
$#70.a 0
$#71.a 0
$#72.a 0
$#73.a 0
$#74.a 0
$#1bb.7.18f 0

Vertex

ChildCount 0

NameCount 37
0
$#7d.4 0
$#7f.4 0
$#80.4 0
$#81.4 0
$#82.4 0
$#83.4 0
$#84.4 0
$#85.4 0
$#190.4 $#191.4 0
$#192.4 $#193.4 0
$#194.4 $#195.4 0
$#196.4 $#197.4 0
$#198.4 $#199.4 0
$#19a.4 $#19b.4 0
$#8b.4 0
$#8c.4 0
$#8e.4 0
$#8d.4 0
$#76.15.44.bb.dd 0
$#77.18.44.bb.de 0
$#78.1a.44.bb.df 0
$#79.1c.44.bb.e0 0
$#7a.1e.44.bb.e1 0
$#7b.20.44.bb.e2 0
$#19c.4 0
$#19d.4 0
$#19e.4 0
$#19f.4 0
$#1a0.4 0
$#1a1.4 0
$#77.19.18f.1bb.1c2 0
$#76.16.18f.1bb.1c3 0
$#78.1b.18f.1bb.1c4 0
$#79.1d.18f.1bb.1c5 0
$#7a.1f.18f.1bb.1c6 0
$#7b.21.18f.1bb.1c7 0

EndMap
]]>
      </ElementMap2>
    </Property>
    <Property name="Suppress" type="App::PropertyBool">
      <Bool value="false"/>
    </Property>
    <Property name="SuppressedShape" type="Part::PropertyPartShape">
      <Part ElementMap="0.15.70200.4" brep="1">
<![CDATA[

CASCADE Topology V1, (c) Matra-Datavision
Locations 0
Curve2ds 0
Curves 0
Polygon3D 0
PolygonOnTriangulations 0
Surfaces 0
Triangulations 0

TShapes 0

*]]>
      </Part>
      <ElementMap/>
    </Property>
    <Property name="TaperAngle" type="App::PropertyAngle">
      <Float value="0"/>
    </Property>
    <Property name="TaperAngleRev" type="App::PropertyAngle">
      <Float value="0"/>
    </Property>
    <Property name="TaperInnerAngle" type="App::PropertyAngle">
      <Float value="0"/>
    </Property>
    <Property name="TaperInnerAngleRev" type="App::PropertyAngle">
      <Float value="0"/>
    </Property>
    <Property name="TreeRank" type="App::PropertyInteger" status="2184">
      <Integer value="23"/>
    </Property>
    <Property name="Type" type="App::PropertyEnumeration">
      <Integer value="0"/>
    </Property>
    <Property name="UpToFace" type="App::PropertyLinkSub">
      <LinkSub value="" count="0">
      </LinkSub>
    </Property>
    <Property name="UsePipeForDraft" type="App::PropertyBool">
      <Bool value="false"/>
    </Property>
    <Property name="ValidateShape" type="App::PropertyBool">
      <Bool value="false"/>
    </Property>
    <Property name="Visibility" type="App::PropertyBool" status="648">
      <Bool value="false"/>
    </Property>
    <Property name="_ProfileBasedVersion" type="App::PropertyInteger" status="67108864">
      <Integer value="1"/>
    </Property>
    <Property name="_Siblings" type="App::PropertyLinkList" status="218103808">
      <LinkList count="0">
      </LinkList>
    </Property>
    <Property name="_Version" type="App::PropertyInteger" status="67108864">
      <Integer value="1"/>
    </Property>
  </Properties>
</Object>
</Document>
