<?xml version='1.0' encoding='utf-8'?>
<!-- FreeCAD DocumentObject -->
<Document SchemaVersion="4" FileVersion="2">
<Object name="Pad001">
  <Properties Count="47" TransientCount="2">
    <_Property name="_Body" type="App::PropertyLinkHidden" status="251658241"/>
    <_Property name="_ElementMapVersion" type="App::PropertyString" status="234881024"/>
    <Property name="AddSubShape" type="Part::PropertyPartShape">
      <Part HasherIndex="0" ElementMap="1.15.70200.4" brep="1">
<![CDATA[

CASCADE Topology V1, (c) Matra-Datavision
Locations 5
1
              1               0               0               0 
              0               1               0               0 
              0               0               1               0 
1
              1               0               0               0 
              0 -4.44089209850063e-16              -1               0 
              0               1 -4.44089209850063e-16               0 
2  1 1 2 1 0
1
              1               0               0              -0 
              0               1               0              67 
              0               0               1 2.97539770599542e-14 
2  1 1 2 1 4 1 0
Curve2ds 0
Curves 8
1 1.5 1.105056046668551e-15 -2.4883649999999999 -0 1 4.4408920985006262e-16 
1 2.6000000000000001 1.105056046668551e-15 -2.4883649999999999 -0 1 4.4408920985006262e-16 
1 1.5 -2.4883649999999999 0 1 0 0 
1 2.6000000000000001 0 0 -0 1 4.4408920985006262e-16 
1 2.6000000000000001 -2.4883649999999999 0 0 1 0 
1 1.5 0 0 -0 1 4.4408920985006262e-16 
1 2.6000000000000001 0 0 -1 0 0 
1 1.5 0 0 0 -1 0 
Polygon3D 0
PolygonOnTriangulations 0
Surfaces 5
1 1.5 1.105056046668551e-15 -2.4883649999999999 0 4.4408920985006262e-16 -1 1 0 0 0 -1 -4.4408920985006262e-16 
1 2.6000000000000001 1.105056046668551e-15 -2.4883649999999999 1 0 0 0 -4.4408920985006262e-16 1 0 -1 -4.4408920985006262e-16 
1 2.6000000000000001 0 0 0 -4.4408920985006262e-16 1 -1 0 0 -0 -1 -4.4408920985006262e-16 
1 1.5 0 0 -1 0 -0 0 4.4408920985006262e-16 -1 0 -1 -4.4408920985006262e-16 
1 2.0499999999999998 5.5252802333427542e-16 -1.2441824999999997 0 1 4.4408920985006262e-16 0 -4.4408920985006262e-16 1 1 0 -0 
Triangulations 0

TShapes 24
Ve
1e-07
1.5 -2.488365 0
0 0

0101101
*
Ed
 1e-07 1 1 0
1  1 0 0 67
0

0101000
+24 3 -24 5 *
Ve
1e-07
2.6 -2.488365 0
0 0

0101101
*
Ed
 1e-07 1 1 0
1  2 0 0 67
0

0101000
+22 3 -22 5 *
Ed
 1e-07 1 1 0
1  3 0 0 1.1
0

0101000
+24 0 -22 0 *
Wi

0101100
+23 0 -21 0 -20 3 +20 5 *
Fa
0  1e-07 1 0

0111000
+19 0 *
Ve
1e-07
2.6 0 0
0 0

0101101
*
Ed
 1e-07 1 1 0
1  4 0 0 67
0

0101000
+17 3 -17 5 *
Ed
 1e-07 1 1 0
1  5 0 0 2.488365
0

0101000
+22 0 -17 0 *
Wi

0101100
+21 0 -16 0 -15 3 +15 5 *
Fa
0  1e-07 2 0

0111000
+14 0 *
Ve
1e-07
1.5 0 0
0 0

0101101
*
Ed
 1e-07 1 1 0
1  6 0 0 67
0

0101000
+12 3 -12 5 *
Ed
 1e-07 1 1 0
1  7 0 0 1.1
0

0101000
+17 0 -12 0 *
Wi

0101100
+16 0 -11 0 -10 3 +10 5 *
Fa
0  1e-07 3 0

0111000
+9 0 *
Ed
 1e-07 1 1 0
1  8 0 0 2.488365
0

0101000
+12 0 -24 0 *
Wi

0101100
+11 0 -23 0 -7 3 +7 5 *
Fa
0  1e-07 4 0

0111000
+6 0 *
Wi

0101100
+20 0 +15 0 +10 0 +7 0 *
Fa
0  1e-07 5 0

0111000
-4 3 *
Sh

0101100
-18 0 -13 0 -8 0 -5 0 +3 0 -3 4 *
So

1100000
-2 0 *

+1 0 ]]>
      </Part>
      <ElementMap new="1" count="1"><Element key="Dummy" value="Dummy"/></ElementMap>
      <ElementMap2 count="26">
<![CDATA[
14 PostfixCount 11
Edge
Face
Vertex
;:G;XTR;:H13a8:7,F
;FAC;:H13a8:4,F
;:G;XTR;:H13a8:7,E
;:G0;XTR;:H13a8:8,F
;:U;XTR;:H13a8:7,E
;:U;XTR;:H13a8:7,V
;SKT;:H13a8,E
;SKT;:H13a8,V

MapCount 1

ElementMap 1 14 3

Edge

ChildCount 0

NameCount 13
0
$#b95.6 0
$#b96.6 0
;g3.a 0
$#b9f.8 0
$#b97.6 0
;g4.a 0
$#ba0.8 0
$#b98.6 0
;g5.a 0
$#ba1.8 0
;g6.a 0
$#ba2.8 0

Face

ChildCount 0

NameCount 7
0
$#b93.4 0
$#b99.4 0
$#b9a.4 0
$#b9b.4 0
$#b93.5 0
$#b9d.7 0

Vertex

ChildCount 0

NameCount 9
0
;g3v1.b 0
$#ba4.9 0
;g3v2.b 0
$#ba5.9 0
;g4v2.b 0
$#ba6.9 0
;g5v2.b 0
$#ba7.9 0

EndMap
]]>
      </ElementMap2>
    </Property>
    <Property name="AddSubType" type="App::PropertyEnumeration">
      <Integer value="1"/>
    </Property>
    <Property name="AllowMultiFace" type="App::PropertyBool">
      <Bool value="true"/>
    </Property>
    <Property name="AlongSketchNormal" type="App::PropertyBool">
      <Bool value="false"/>
    </Property>
    <Property name="AutoTaperInnerAngle" type="App::PropertyBool">
      <Bool value="true"/>
    </Property>
    <Property name="BaseFeature" type="App::PropertyLink" status="8">
      <Link value="Pad"/>
    </Property>
    <Property name="CheckUpToFaceLimits" type="App::PropertyBool">
      <Bool value="true"/>
    </Property>
    <Property name="ClaimChildren" type="App::PropertyBool" status="134217728">
      <Bool value="false"/>
    </Property>
    <Property name="ColoredElements" type="App::PropertyLinkSubHidden" status="218103808">
      <LinkSub value="" count="0">
      </LinkSub>
    </Property>
    <Property name="Direction" type="App::PropertyVector" status="4">
      <PropertyVector valueX="0" valueY="-1" valueZ="-4.440892098500626e-16"/>
    </Property>
    <Property name="ExpressionEngine" type="App::PropertyExpressionEngine" status="67108864">
      <ExpressionEngine count="0"></ExpressionEngine>
    </Property>
    <Property name="Fit" type="App::PropertyDistance">
      <Float value="0"/>
    </Property>
    <Property name="FitJoin" type="App::PropertyEnumeration">
      <Integer value="0"/>
    </Property>
    <Property name="FixShape" type="App::PropertyEnumeration">
      <Integer value="0"/>
    </Property>
    <Property name="InnerFit" type="App::PropertyDistance">
      <Float value="0"/>
    </Property>
    <Property name="InnerFitJoin" type="App::PropertyEnumeration">
      <Integer value="0"/>
    </Property>
    <Property name="InvalidShape" type="App::PropertyBool" status="67108864">
      <Bool value="false"/>
    </Property>
    <Property name="Label" type="App::PropertyString" status="134217728">
      <String value="Pad001"/>
    </Property>
    <Property name="Label2" type="App::PropertyString" status="128">
      <String value=""/>
    </Property>
    <Property name="Length" type="App::PropertyLength">
      <Float value="67"/>
    </Property>
    <Property name="Length2" type="App::PropertyLength" status="4">
      <Float value="10"/>
    </Property>
    <Property name="Linearize" type="App::PropertyBool">
      <Bool value="true"/>
    </Property>
    <Property name="Midplane" type="App::PropertyBool">
      <Bool value="false"/>
    </Property>
    <Property name="NewSolid" type="App::PropertyBool">
      <Bool value="false"/>
    </Property>
    <Property name="Offset" type="App::PropertyLength" status="4">
      <Float value="0"/>
    </Property>
    <Property name="Placement" type="App::PropertyPlacement" status="8388620">
      <PropertyPlacement Px="0" Py="0" Pz="0" Q0="0" Q1="0" Q2="0" Q3="1" A="0" Ox="0" Oy="0" Oz="1"/>
    </Property>
    <Property name="Profile" type="App::PropertyLinkSub">
      <LinkSub value="Sketch003" count="1">
        <Sub value=""/>
      </LinkSub>
    </Property>
    <Property name="ReferenceAxis" type="App::PropertyLinkSub">
      <LinkSub value="Sketch003" count="1">
        <Sub value="N_Axis"/>
      </LinkSub>
    </Property>
    <Property name="Refine" type="App::PropertyBool">
      <Bool value="false"/>
    </Property>
    <Property name="Reversed" type="App::PropertyBool">
      <Bool value="true"/>
    </Property>
    <Property name="Shape" type="Part::PropertyPartShape">
      <Part HasherIndex="0" ElementMap="1.15.70200.4" brep="1">
<![CDATA[

CASCADE Topology V1, (c) Matra-Datavision
Locations 44
1
              1               0               0               0 
              0               1               0               0 
              0               0               1               0 
1
              1               0               0               0 
              0               1               0               0 
              0               0               1               0 
1
              1               0               0               0 
              0               1               0               0 
              0               0               1               0 
1
              1               0               0               0 
              0               1               0               0 
              0               0               1               0 
1
              1               0               0               0 
              0               1               0               0 
              0               0               1               0 
1
              1               0               0               0 
              0               1               0               0 
              0               0               1               0 
1
              1               0               0               0 
              0               1               0               0 
              0               0               1               0 
1
              1               0               0               0 
              0               1               0               0 
              0               0               1               0 
1
              1               0               0               0 
              0               1               0               0 
              0               0               1               0 
1
              1               0               0               0 
              0               1               0           50.06 
              0               0               1               0 
1
              1               0               0               0 
              0               1               0               0 
              0               0               1               0 
2  2 1 3 1 4 1 5 1 6 1 7 1 8 1 9 1 10 1 11 1 0
1
              1               0               0               0 
              0               1               0               0 
              0               0               1               0 
2  13 -1 2 -1 0
1
              1               0               0               0 
              0               1               0               0 
              0               0               1               0 
1
2.22044604925031e-16 -3.33066907387547e-16               1               0 
              1 3.33066907387547e-16 -2.22044604925031e-16               0 
-3.33066907387547e-16               1 3.33066907387547e-16               0 
2  15 1 16 1 0
2  13 -1 2 -1 16 -1 15 -1 0
1
              1               0               0            2.45 
              0               1               0 -8.1601392309949e-16 
              0               0               1 9.52016243616072e-16 
2  15 1 16 1 19 1 0
2  13 -1 2 -1 19 -1 16 -1 15 -1 0
2  15 1 16 1 2 1 3 1 4 1 5 1 6 1 7 1 8 1 9 1 10 1 11 1 0
2  11 -1 10 -1 9 -1 8 -1 7 -1 6 -1 5 -1 4 -1 3 -1 2 -1 16 -1 15 -1 0
2  15 1 16 1 19 1 2 1 3 1 4 1 5 1 6 1 7 1 8 1 9 1 10 1 11 1 0
2  11 -1 10 -1 9 -1 8 -1 7 -1 6 -1 5 -1 4 -1 3 -1 2 -1 19 -1 16 -1 15 -1 0
1
              1               0               0               0 
              0               1               0               0 
              0               0               1               0 
1
2.22044604925031e-16 -3.33066907387547e-16               1               0 
              1 3.33066907387547e-16 -2.22044604925031e-16               0 
-3.33066907387547e-16               1 3.33066907387547e-16               0 
2  26 1 27 1 0
1
              1               0               0            2.45 
              0               1               0 -8.1601392309949e-16 
              0               0               1 9.52016243616072e-16 
2  26 1 27 1 29 1 0
2  27 -1 26 -1 0
2  29 -1 27 -1 26 -1 0
1
              1               0               0               0 
              0               1               0               0 
              0               0               1               0 
1
2.22044604925031e-16 -3.33066907387547e-16               1               0 
              1 3.33066907387547e-16 -2.22044604925031e-16               0 
-3.33066907387547e-16               1 3.33066907387547e-16               0 
2  33 1 34 1 2 1 3 1 4 1 5 1 6 1 7 1 8 1 9 1 10 1 11 1 0
2  13 -1 2 -1 34 -1 33 -1 0
2  2 -1 0
1
              1               0               0             1.5 
              0               1               0 -4.9960036108132e-16 
              0               0               1 5.82867087928207e-16 
2  33 1 34 1 38 1 2 1 0
2  13 -1 2 -1 38 -1 34 -1 33 -1 0
2  13 -1 0
2  33 1 34 1 38 1 0
2  3 1 4 1 5 1 6 1 7 1 8 1 9 1 10 1 11 1 0
2  33 1 34 1 2 1 0
Curve2ds 0
Curves 187
1 -1.330523868787845e-14 -40.256283787050407 13.110122806503 1 -3.3306690738754696e-16 3.8857805861880479e-16 
1 -6.3861278863805483e-15 -20.099877071192672 5.7737907321674058 1 -3.3306690738754696e-16 3.8857805861880479e-16 
1 -40.256283787050414 13.110122806502986 -4.9619700732947617e-31 0.93969262078590854 -0.34202014332566838 1.1582605804104304e-32 
1 -40.256283787050414 13.110122806502986 -4.9619700732947617e-31 0.93969262078590854 -0.34202014332566838 1.1582605804104304e-32 
1 -1.2357091537882805e-14 -41.624364360353084 9.3513523233593645 1 -3.3306690738754696e-16 3.8857805861880479e-16 
1 -40.256283787050414 13.110122806502986 -4.9619700732947617e-31 -0.34202014332566755 -0.93969262078590887 -4.2157237479329034e-33 
1 -40.256283787050414 13.110122806502986 -4.9619700732947617e-31 -0.34202014332566755 -0.93969262078590887 -4.2157237479329034e-33 
1 -1.3815608490961555e-15 -0.17598310935776482 4.0306758772142315 1 -3.3306690738754696e-16 3.8857805861880479e-16 
1 -20.099877071192676 5.7737907321673987 -2.4775011283143884e-31 0.99619469809174555 -0.08715574274765836 1.2279047676766024e-32 
1 -20.099877071192676 5.7737907321673987 -2.4775011283143884e-31 0.99619469809174555 -0.08715574274765836 1.2279047676766024e-32 
1 -20.973106122531689 1.8349090246476671 -2.585134918924479e-31 -0.93969262078590865 0.34202014332566832 -1.1582605804104306e-32 
1 -20.973106122531689 1.8349090246476671 -2.585134918924479e-31 -0.93969262078590865 0.34202014332566832 -1.1582605804104306e-32 
1 3.9296214844163706e-15 23.500000000000011 3.8683720980502239 1 -3.3306690738754696e-16 3.8857805861880479e-16 
1 2.0683453306745157e-15 20.948143192754102 7.7554292881698901 1 -3.3306690738754696e-16 3.8857805861880479e-16 
1 -0.17598310935776634 4.0306758772142315 -2.1691592961183692e-33 0.98480775301220802 0.17364817766693078 1.2138692742341869e-32 
1 -0.17598310935776634 4.0306758772142315 -2.1691592961183692e-33 0.98480775301220802 0.17364817766693078 1.2138692742341869e-32 
1 3.5346033853667585e-15 21.642735903421819 3.8161982761210553 1 -3.3306690738754696e-16 3.8857805861880479e-16 
1 20.948143192754099 7.7554292881698972 2.5820580002711479e-31 0.17364817766693 -0.98480775301220824 2.1403790410048944e-33 
1 20.948143192754099 7.7554292881698972 2.5820580002711479e-31 0.17364817766693 -0.98480775301220824 2.1403790410048944e-33 
1 0 1.110223024625157e-16 0 0.98480775301220813 0.17364817766693041 1.2138692742341871e-32 
1 0 1.110223024625157e-16 0 0.98480775301220813 0.17364817766693041 1.2138692742341871e-32 
1 1.3800466692910179e-14 66.5 2.8988155628471626 1 -3.3306690738754696e-16 3.8857805861880479e-16 
1 5.384581669432014e-15 23.500000000000011 -0.5000000000000141 1 -3.3306690738754696e-16 3.8857805861880479e-16 
1 23.500000000000011 -0.50000000000000633 0 0 1 0 
1 6.2172489379008766e-15 25 -2.0000000000000084 1 -3.3306690738754696e-16 3.8857805861880479e-16 
1 25 -2 0 -0.70710678118654657 0.70710678118654857 0 
1 5.5511151231257827e-15 25 -8.3266726846886756e-15 1 -3.3306690738754696e-16 3.8857805861880479e-16 
1 25 0 0 0 -1 0 
1 6.3282712403633923e-15 28.5 -9.49240686054509e-15 1 -3.3306690738754696e-16 3.8857805861880479e-16 
1 25 0 0 1 0 0 
1 7.3274719625260332e-15 28.5 -3.0000000000000093 1 -3.3306690738754696e-16 3.8857805861880479e-16 
1 28.5 0 0 0 -1 0 
1 7.6605388699137158e-15 30.000000000000611 -3.0000000000000102 1 -3.3306690738754696e-16 3.8857805861880479e-16 
1 30.000000000000611 -3 0 -1 0 0 
1 7.4940054162199944e-15 31.500000000000512 -1.5000000000002354 1 -3.3306690738754696e-16 3.8857805861880479e-16 
1 30.000000000000611 -3 0 0.7071067811865771 0.70710678118651793 0 
1 6.6613381477509392e-15 30 -9.9920072216264104e-15 1 -3.3306690738754696e-16 3.8857805861880479e-16 
1 31.500000000000512 -1.5000000000002249 0 -0.70710678118661507 0.70710678118647996 0 
1 6.0767982011944277e-15 30 1.75502259033004 1 -3.3306690738754696e-16 3.8857805861880479e-16 
1 30 0 0 0 1 0 
1 -20.973106122531689 1.8349090246476671 -2.585134918924479e-31 0.99619469809174555 -0.087155742747657958 1.2279047676766024e-32 
1 -5.5466782398352404e-32 5.5466782398352425e-32 1.6653345369377353e-16 1 -3.3306690738754696e-16 3.8857805861880479e-16 
1 -20.973106122531689 1.8349090246476671 -2.585134918924479e-31 0.99619469809174555 -0.087155742747657958 1.2279047676766024e-32 
1 1.2738913194895563e-14 60 1.7526901882421431 1 -3.3306690738754696e-16 3.8857805861880479e-16 
1 1.3322676295501878e-14 60 -1.9984014443252821e-14 1 -3.3306690738754696e-16 3.8857805861880479e-16 
1 60 1.752690188242163 0 0 -1 0 
1 1.3489209749132144e-14 58.499999999865253 -1.4999999998991744 1 -3.3306690738754696e-16 3.8857805861880479e-16 
1 60 0 0 -0.70710678124207726 -0.70710678113101788 0 
1 1.4321877017632668e-14 59.999999999856563 -3.00000000000002 1 -3.3306690738754696e-16 3.8857805861880479e-16 
1 58.499999999865253 -1.4999999998991549 0 0.70710678116073 -0.70710678121236525 0 
1 1.4654943925052066e-14 61.5 -3.0000000000000204 1 -3.3306690738754696e-16 3.8857805861880479e-16 
1 59.999999999856563 -3 0 1 0 0 
1 1.3655743202889425e-14 61.5 -2.0483614804334141e-14 1 -3.3306690738754696e-16 3.8857805861880479e-16 
1 61.5 -3 0 0 1 0 
1 1.4432899320127035e-14 65 -2.1649348980190556e-14 1 -3.3306690738754696e-16 3.8857805861880479e-16 
1 61.5 0 0 1 0 0 
1 1.5099033134902129e-14 65 -2.0000000000000218 1 -3.3306690738754696e-16 3.8857805861880479e-16 
1 65 0 0 0 -1 0 
1 1.4932499681208359e-14 66.5 -0.50000000000003553 1 -3.3306690738754696e-16 3.8857805861880479e-16 
1 65 -2 0 0.70710678118655068 0.70710678118654446 0 
1 66.5 -0.50000000000001332 0 0 1 0 
1 -4.1970498031980254e-15 -25.39553704707178 6.1581955640922086 -1.1391559140172592e-16 -0.93969262078590854 0.34202014332566827 
1 -39.232121458464704 9.4916159977894896 -4.8357323199164206e-31 0.34202014332566671 0.93969262078590909 4.2157237479328932e-33 
1 -3.2805315763428789e-15 -25.942769276392859 4.6546873708347443 -1.1391559140172612e-16 -0.93969262078590843 0.34202014332566888 
1 -5.8509162664774678e-15 -35.057156578249362 11.021302772642716 3.1298051510006115e-16 -0.34202014332567171 -0.93969262078590732 
1 -3.3088713834978982e-15 -18.018949973902405 3.4733374389857063 -1.1391559140172607e-16 -0.93969262078590843 0.34202014332566871 
1 -4.7404208469272942e-15 -23.789136800393717 7.7714211923610801 -3.129805151000616e-16 0.34202014332566794 0.93969262078590865 
1 -2.8364423664928171e-15 -18.566182203223477 1.9698292457282514 -1.1391559140172612e-16 -0.93969262078590843 0.34202014332566882 
1 -21.847807973925395 3.1642433462646302 -2.6929502461571244e-31 0.3420201433256676 0.93969262078590876 4.2157237479329041e-33 
1 -2.8337473739328736e-15 -4.5943812764157181 1.7792244816147658 5.7836461509007751e-17 -0.98480775301220813 -0.17364817766693016 
1 0.81441256301843135 2.7329407685967353 1.0038409870095046e-32 0.17364817766693033 -0.98480775301220813 2.1403790410048985e-33 
1 -1.9052080610241351e-15 -4.3165441921486307 0.20353207679523266 5.7836461509007714e-17 -0.98480775301220824 -0.17364817766693008 
1 -3.4657319861983993e-15 3.8041133638997251 5.3573246131505652 -3.280068726670555e-16 -0.17364817766692989 0.98480775301220824 
1 -4.470209100801186e-15 15.465282616276108 6.6011620894438732 3.280068726670555e-16 0.1736481776669293 -0.98480775301220824 
1 -2.3492972708741973e-15 3.4141966689972048 1.5666702714806326 5.7836461509007764e-17 -0.98480775301220824 -0.17364817766693022 
1 19.033355993744294 5.9454320554349502 2.3460422560341979e-31 0.17364817766693175 -0.98480775301220791 2.140379041004916e-33 
1 -3.0557919788579061e-15 5.1059750907545318 3.489659031634031 -5.7836461509007653e-17 0.98480775301220824 0.17364817766692989 
1 -3.426289886638903e-15 -4.3692047661744517 3.7178429922578387 -3.3179948724928879e-16 0.087155742747658582 0.99619469809174555 
1 -2.7672687248380665e-15 -5.4974962175537323 1.4345974424787813 2.9028693698027183e-17 0.99619469809174555 -0.087155742747658291 
1 -1.0495049599106738 2.6515603720419523 -1.2936147386079288e-32 -0.087155742747658069 -0.99619469809174555 -1.0742774706113603e-33 
1 -2.8106637097124664e-15 -5.3580470291574791 3.0285089594255741 2.9028693698027164e-17 0.99619469809174566 -0.087155742747658249 
1 -3.5961077447723619e-15 -16.094407328045996 3.9406094239320444 3.3179948724928879e-16 -0.087155742747658013 -0.99619469809174555 
1 -3.4767975244875608e-15 -15.170564805361174 3.8869930254900096 -2.9028693698027146e-17 -0.99619469809174555 0.087155742747658194 
1 -19.479106874607968 4.2639416128736238 -2.4009852940625075e-31 -0.087155742747660012 -0.99619469809174543 -1.0742774706113842e-33 
1 -2.9893133297630982e-15 -15.310013993757426 2.2930815085432155 -2.9028693698027146e-17 -0.99619469809174555 0.087155742747658194 
1 -39.248704801615176 11.200336277042346 -4.8377763747741194e-31 0.93969262078590887 -0.3420201433256676 1.1582605804104308e-32 
8 -1.8667619023324955 -1.0323759005323725
1 0.17999999999998684 -37.998913615969911 10.745449486419218 -0.70710678118654891 0.66446302438867366 -0.24184476264797461 
1 -3.2000000000000126 -39.248704801615169 11.200336277042357 1 -3.3306690738754696e-16 3.8857805861880479e-16 
1 -1.2251882956107808e-14 -38.684889229143629 10.99512419104696 1 -3.3306690738754696e-16 3.8857805861880479e-16 
1 2.4499999999999962 -25.39553704707178 6.1581955640922095 -1.1391559140172592e-16 -0.93969262078590854 0.34202014332566827 
1 -3.2000000000000113 -35.489934318471541 9.8322557037396852 1 -3.3306690738754696e-16 3.8857805861880479e-16 
1 2.449999999999994 -35.057156578249362 11.021302772642716 3.1298051510006115e-16 -0.34202014332567171 -0.93969262078590732 
1 -3.2000000000000108 -36.037166547792616 8.3287475104822306 1 -3.3306690738754696e-16 3.8857805861880479e-16 
1 -39.795937030936244 9.6968280837848919 -4.905227954741046e-31 0.93969262078590687 -0.34202014332567282 1.1582605804104284e-32 
8 -1.8667619023324926 -1.03237590053237
1 0.17999999999999061 -38.54614584529098 9.2419412931617622 -0.70710678118654879 0.66446302438867344 -0.24184476264797508 
1 -3.2000000000000122 -39.795937030936244 9.6968280837849026 1 -3.3306690738754696e-16 3.8857805861880479e-16 
1 -1.1872624096109548e-14 -39.232121458464704 9.491615997789502 1 -3.3306690738754696e-16 3.8857805861880479e-16 
1 2.4499999999999971 -25.942769276392859 4.6546873708347452 -1.1391559140172612e-16 -0.93969262078590843 0.34202014332566888 
1 2.449999999999994 -38.542310946732485 13.14113744257407 -3.1298051510006165e-16 0.34202014332566782 0.93969262078590876 
1 -39.795937030936244 9.6968280837848919 -4.905227954741046e-31 0.34202014332566749 0.93969262078590887 4.2157237479329027e-33 
1 1.4999999999999947 -39.786540104728388 9.6934078823516447 -2.3703678749891141e-16 0.34202014332566705 0.93969262078590898 
1 0.9099999999999947 -39.232121458464704 9.491615997789502 -2.3703678749891141e-16 0.34202014332566705 0.93969262078590898 
1 -6.2843514956084541e-15 -21.300575744604327 4.667751539522091 1 -3.3306690738754696e-16 3.8857805861880479e-16 
8 2.4465894629054539 3.2809754647055778
1 -0.8200000000000055 -22.926243978563946 5.2594463874754975 0.70710678118654846 0.664463024388674 -0.24184476264797475 
1 -21.300575744604327 4.6677515395220839 -2.6254986661901978e-31 0.93969262078590865 -0.34202014332566832 1.1582605804104306e-32 
1 -3.2000000000000077 -24.495530655276411 5.8306200268293633 1 -3.3306690738754696e-16 3.8857805861880479e-16 
1 -3.2000000000000064 -20.736760172132783 4.4625394535266896 1 -3.3306690738754696e-16 3.8857805861880479e-16 
1 2.4499999999999966 -18.018949973902405 3.4733374389857072 -1.1391559140172607e-16 -0.93969262078590843 0.34202014332566871 
1 -3.2000000000000073 -25.042762884597483 4.3271118335719096 1 -3.3306690738754696e-16 3.8857805861880479e-16 
1 2.4499999999999953 -23.789136800393717 7.7714211923610801 -3.129805151000616e-16 0.34202014332566794 0.93969262078590865 
1 -5.9050926356101959e-15 -21.847807973925395 3.1642433462646373 1 -3.3306690738754696e-16 3.8857805861880479e-16 
8 2.4465894629054548 3.2809754647055787
1 -0.82000000000000606 -23.473476207885014 3.755938194218043 0.70710678118654846 0.664463024388674 -0.24184476264797483 
1 -21.283992401453851 2.9590312602692292 -2.6234546113324986e-31 -0.93969262078590832 0.34202014332566893 -1.1582605804104301e-32 
1 -3.200000000000006 -21.283992401453851 2.959031260269235 1 -3.3306690738754696e-16 3.8857805861880479e-16 
1 2.4499999999999975 -18.566182203223477 1.9698292457282518 -1.1391559140172612e-16 -0.93969262078590843 0.34202014332566882 
1 2.4499999999999962 -20.030366317250088 6.4033406190584099 -3.1298051510006165e-16 0.34202014332566794 0.93969262078590876 
1 -20.736760172132783 4.4625394535266834 -2.5560030313655725e-31 -0.3420201433256676 -0.93969262078590887 -4.2157237479329041e-33 
1 0.90999999999999692 -21.847807973925395 3.1642433462646373 -2.3703678749891106e-16 0.34202014332566794 0.93969262078590865 
1 1.4999999999999969 -21.293389327661711 2.9624514617024933 -2.3703678749891106e-16 0.34202014332566794 0.93969262078590865 
1 1.0922496472855199 1.1572483637772022 1.3463016335702883e-32 -0.98480775301220813 -0.17364817766692997 -1.2138692742341871e-32 
8 -1.8667619023324884 -1.0323759005323618
1 0.17999999999999694 1.8111593069844347 1.2840115334740614 -0.70710678118654746 0.6963642403200192 0.12278780396897238 
1 -3.2000000000000006 0.5013649954782039 1.053059457177044 1 -3.3306690738754696e-16 3.8857805861880479e-16 
1 -1.4291299219155355e-16 1.0922496472855203 1.1572483637772017 1 -3.3306690738754696e-16 3.8857805861880479e-16 
1 2.4499999999999984 -4.3165441921486307 0.20353207679523366 5.7836461509007714e-17 -0.98480775301220824 -0.17364817766693008 
1 -3.1999999999999997 4.440596007527037 1.7476521678447643 1 -3.3306690738754696e-16 3.8857805861880479e-16 
1 2.4499999999999966 3.8041133638997247 5.3573246131505652 -3.280068726670555e-16 -0.17364817766692989 0.98480775301220824 
1 -3.2000000000000002 4.1627589232599487 3.3233445726642974 1 -3.3306690738754696e-16 3.8857805861880479e-16 
1 0.22352791121111393 2.628751861996578 2.7551942246900153e-33 0.98480775301220802 0.17364817766693108 1.2138692742341869e-32 
8 -1.8667619023324884 -1.0323759005323616
1 0.17999999999999627 1.5333222227173464 2.859703938293594 -0.70710678118654735 0.6963642403200192 0.12278780396897244 
1 -3.2000000000000011 0.22352791121111587 2.6287518619965766 1 -3.3306690738754696e-16 3.8857805861880479e-16 
1 -7.2941621406845045e-16 0.81441256301843223 2.7329407685967348 1 -3.3306690738754696e-16 3.8857805861880479e-16 
1 2.4499999999999975 -4.5943812764157181 1.7792244816147673 5.7836461509007751e-17 -0.98480775301220813 -0.17364817766693016 
1 2.4499999999999971 -0.1351176481491089 4.6627319024828466 -3.280068726670555e-16 -0.17364817766693005 0.98480775301220824 
1 0.50136499547820246 1.0530594571770455 6.1798006902978528e-33 -0.17364817766693039 0.98480775301220813 -2.1403790410048992e-33 
1 1.4999999999999971 0.23337598874123011 2.630488343773246 3.6656451367306048e-16 0.17364817766693 -0.98480775301220824 
1 0.90999999999999714 0.81441256301843312 2.7329407685967348 3.6656451367306048e-16 0.17364817766693 -0.98480775301220824 
1 2.8325305661188207e-15 19.311193078011385 4.3697396506154105 1 -3.3306690738754696e-16 3.8857805861880479e-16 
8 2.4465894629054579 3.2809754647055884
1 -0.82000000000000495 17.607475665300271 4.0693283032516216 0.70710678118654746 0.6963642403200192 0.12278780396897308 
1 19.311193078011385 4.3697396506154167 2.3802883206902766e-31 0.98480775301220747 0.17364817766693366 1.2138692742341862e-32 
1 -3.199999999999998 15.962846717769873 3.7793358465478466 1 -3.3306690738754696e-16 3.8857805861880479e-16 
1 -3.1999999999999971 19.902077729818703 4.4739285572155687 1 -3.3306690738754696e-16 3.8857805861880479e-16 
1 2.449999999999998 3.4141966689972048 1.5666702714806338 5.7836461509007764e-17 -0.98480775301220824 -0.17364817766693022 
1 2.2460273442419232e-15 19.033355993744298 5.945432055434944 1 -3.3306690738754696e-16 3.8857805861880479e-16 
1 0.90999999999999581 19.033355993744305 5.9454320554349458 3.6656451367306078e-16 0.17364817766693141 -0.98480775301220802 
8 1.0323759005323578 1.8667619023324882
1 0.17999999999999627 18.314446334045392 5.8186688857380862 0.70710678118654746 0.6963642403200192 0.12278780396897285 
1 1.4999999999999958 19.614392568021508 6.0478844802584355 3.6656451367306078e-16 0.17364817766693141 -0.98480775301220802 
1 19.624240645551616 6.0496209620351076 2.4188744124882489e-31 -0.98480775301220824 -0.1736481776669298 -1.2138692742341872e-32 
1 19.902077729818703 4.4739285572155758 2.4531204771443272e-31 -0.1736481776669298 0.98480775301220824 -2.140379041004892e-33 
1 -3.1999999999999984 15.685009633502785 5.3550282513673801 1 -3.3306690738754696e-16 3.8857805861880479e-16 
1 2.4499999999999957 15.465282616276108 6.6011620894438732 3.280068726670555e-16 0.1736481776669293 -0.98480775301220824 
1 -3.199999999999998 19.62424064555162 6.0496209620351005 1 -3.3306690738754696e-16 3.8857805861880479e-16 
1 2.4499999999999957 19.404513628324942 7.2957548001115953 3.280068726670555e-16 0.17364817766692947 -0.98480775301220835 
1 2.4499999999999966 5.1059750907545318 3.4896590316340323 -5.7836461509007653e-17 0.98480775301220824 0.17364817766692989 
1 -3.2000000000000015 -4.5760161218188671 1.3539783804371965 1 -3.3306690738754696e-16 3.8857805861880479e-16 
1 2.4499999999999966 -4.3692047661744535 3.7178429922578395 -3.3179948724928879e-16 0.087155742747658582 0.99619469809174555 
1 -3.200000000000002 -4.4365669334226139 2.9478898973839893 1 -3.3306690738754696e-16 3.8857805861880479e-16 
1 -0.59123732945188578 1.0053554094465644 -7.2875627329979284e-33 -0.99619469809174555 0.087155742747657874 -1.2279047676766024e-32 
8 -1.8667619023324877 -1.0323759005323609
1 0.17999999999999605 -1.9161762779139009 1.1212725473009497 -0.70710678118654757 -0.70441602640275858 0.06162841671621918 
1 -3.2000000000000006 -0.59123732945188434 1.0053554094465633 1 -3.3306690738754696e-16 3.8857805861880479e-16 
1 -6.1626868740331286e-16 -1.1889541483069264 1.057648855095159 1 -3.3306690738754696e-16 3.8857805861880479e-16 
1 2.4499999999999975 -5.4974962175537323 1.4345974424787822 2.9028693698027183e-17 0.99619469809174555 -0.087155742747658291 
1 -1.0495049599106738 2.6515603720419523 -1.2936147386079288e-32 0.99619469809174555 -0.08715574274765861 1.2279047676766024e-32 
8 -1.866761902332488 -1.0323759005323605
1 0.17999999999999594 -1.7767270895176477 2.7151840642477425 -0.70710678118654768 -0.70441602640275869 0.061628416716219152 
1 -3.2000000000000011 -0.45178814105563092 2.5992669263933563 1 -3.3306690738754696e-16 3.8857805861880479e-16 
1 -1.1161839270576127e-15 -1.0495049599106729 2.6515603720419527 1 -3.3306690738754696e-16 3.8857805861880479e-16 
1 2.4499999999999975 -5.3580470291574791 3.028508959425575 2.9028693698027164e-17 0.99619469809174566 -0.087155742747658249 
1 2.4499999999999971 -0.38442597380747101 3.369220021267207 -3.3179948724928879e-16 0.087155742747658388 0.99619469809174555 
1 -0.45178814105563286 2.5992669263933577 -5.5687187800197515e-33 -0.087155742747658055 -0.99619469809174555 -1.0742774706113601e-33 
1 1.4999999999999969 -0.46175008803654238 2.6001384838208348 3.1244702478393728e-16 -0.087155742747658402 -0.99619469809174555 
1 0.90999999999999692 -1.0495049599106721 2.6515603720419532 3.1244702478393728e-16 -0.087155742747658402 -0.99619469809174555 
1 -3.2000000000000051 -16.092044901096035 3.9676120875315912 1 -3.3306690738754696e-16 3.8857805861880479e-16 
1 2.4499999999999966 -16.094407328046003 3.9406094239320453 3.3179948724928879e-16 -0.087155742747658013 -0.99619469809174555 
1 -3.2000000000000046 -16.231494089492287 2.373700570584798 1 -3.3306690738754696e-16 3.8857805861880479e-16 
1 -20.07682369346302 4.3162350585222189 -2.4746595801231043e-31 0.99619469809174566 -0.087155742747657847 1.2279047676766026e-32 
8 -1.8667619023324851 -1.0323759005323605
1 0.17999999999999539 -18.751884745000993 4.2003179206678407 -0.70710678118654802 0.70441602640275824 -0.061628416716219582 
1 -3.200000000000006 -20.07682369346302 4.3162350585222251 1 -3.3306690738754696e-16 3.8857805861880479e-16 
1 -5.7454084365456742e-15 -19.479106874607968 4.26394161287363 1 -3.3306690738754696e-16 3.8857805861880479e-16 
1 2.4499999999999966 -15.170564805361174 3.8869930254900105 -2.9028693698027146e-17 -0.99619469809174555 0.087155742747658194 
1 -20.216272881859272 2.7223235415754257 -2.491848019652886e-31 0.99619469809174588 -0.087155742747654683 1.2279047676766028e-32 
8 -1.8667619023324866 -1.0323759005323647
1 0.17999999999999372 -18.891333933397249 2.6064064037210466 -0.70710678118654802 0.70441602640275824 -0.061628416716219582 
1 -3.2000000000000055 -20.216272881859272 2.722323541575431 1 -3.3306690738754696e-16 3.8857805861880479e-16 
1 -5.2454931968913762e-15 -19.618556063004224 2.6700300959268395 1 -3.3306690738754696e-16 3.8857805861880479e-16 
1 2.4499999999999966 -15.310013993757426 2.2930815085432164 -2.9028693698027146e-17 -0.99619469809174555 0.087155742747658194 
1 2.4499999999999962 -20.079186120412984 4.2892323949226778 3.3179948724928879e-16 -0.087155742747658013 -0.99619469809174555 
1 -20.07682369346302 4.3162350585222189 -2.4746595801231043e-31 -0.08715574274765768 -0.99619469809174555 -1.0742774706113555e-33 
1 1.4999999999999962 -20.066861746482097 4.3153635010947502 3.1244702478393679e-16 -0.087155742747660331 -0.99619469809174532 
1 0.90999999999999626 -19.479106874607968 4.2639416128736309 3.1244702478393679e-16 -0.087155742747660331 -0.99619469809174532 
Polygon3D 0
PolygonOnTriangulations 0
Surfaces 70
1 -1.330523868787845e-14 -40.256283787050407 13.110122806503 -2.5122834288167895e-16 0.34202014332566871 0.93969262078590843 3.2256926813510025e-16 0.93969262078590843 -0.34202014332566871 -1 2.171908071190027e-16 -3.4640260725820875e-16 
1 -1.330523868787845e-14 -40.256283787050407 13.110122806503 4.4588203840207496e-16 0.93969262078590876 -0.34202014332566788 2.3703678749891111e-16 -0.34202014332566788 -0.93969262078590876 -1 3.3792070519357547e-16 -3.7524235874814285e-16 
1 -6.3861278863805483e-15 -20.099877071192672 5.7737907321674058 -3.5807070809280953e-16 0.087155742747658693 0.99619469809174555 2.5022835186421965e-16 0.99619469809174555 -0.087155742747658693 -1 2.1806823891936245e-16 -3.7851697880726241e-16 
1 -5.2681125372052029e-15 -20.973106122531689 1.834909024647674 2.5122834288167905e-16 -0.34202014332566866 -0.93969262078590854 -3.225692681351003e-16 -0.93969262078590854 0.34202014332566866 -1 2.171908071190027e-16 -3.464026072582088e-16 
1 -1.3815608490961555e-15 -0.17598310935776501 4.0306758772142315 -4.4051114628723909e-16 -0.17364817766693044 0.98480775301220813 1.6083478693569569e-16 0.98480775301220813 0.17364817766693044 -1 2.3488530292308934e-16 -4.0589012449513533e-16 
1 2.0683453306745157e-15 20.948143192754102 7.7554292881698901 2.6053100090654656e-16 0.98480775301220824 0.17364817766692967 3.6656451367305831e-16 0.17364817766692967 -0.98480775301220824 -1 3.2022620938948854e-16 -3.1575484151121435e-16 
1 -3.6977854932234939e-32 3.6977854932234956e-32 1.110223024625157e-16 -4.4051114628723894e-16 -0.17364817766693005 0.98480775301220813 1.6083478693569579e-16 0.98480775301220813 0.17364817766693005 -1 2.3488530292308929e-16 -4.0589012449513538e-16 
1 5.384581669432014e-15 23.500000000000011 -0.50000000000001421 -3.3306690738754711e-16 -1 3.3306690738754696e-16 -3.3306690738754691e-16 3.3306690738754706e-16 1 -1 3.3306690738754701e-16 -3.3306690738754701e-16 
1 6.2172489379008766e-15 25 -2.0000000000000084 3.925231146709351e-17 -0.70710678118654879 -0.70710678118654635 -3.9252311467094408e-16 -0.70710678118654635 0.70710678118654879 -1 2.4980018054066052e-16 -3.0531133177191815e-16 
1 5.5511151231257827e-15 25 -8.3266726846886756e-15 3.3306690738754711e-16 1 -3.3306690738754696e-16 3.3306690738754691e-16 -3.3306690738754706e-16 -1 -1 3.3306690738754701e-16 -3.3306690738754701e-16 
1 5.5511151231257827e-15 25 -8.3266726846886756e-15 -3.8857805861880469e-16 3.3306690738754711e-16 1 2.2204460492503131e-16 1 -3.3306690738754701e-16 -1 2.2204460492503118e-16 -3.8857805861880479e-16 
1 6.3282712403633923e-15 28.5 -9.49240686054509e-15 3.3306690738754711e-16 1 -3.3306690738754696e-16 3.3306690738754691e-16 -3.3306690738754706e-16 -1 -1 3.3306690738754701e-16 -3.3306690738754701e-16 
1 7.6605388699137158e-15 30.000000000000611 -3.0000000000000102 3.8857805861880469e-16 -3.3306690738754711e-16 -1 -2.2204460492503131e-16 -1 3.3306690738754701e-16 -1 2.2204460492503118e-16 -3.8857805861880479e-16 
1 7.6605388699137158e-15 30.000000000000611 -3.0000000000000102 -5.1028004907222855e-16 -0.70710678118651771 0.70710678118657733 -7.8504622934172303e-17 0.70710678118657733 0.70710678118651771 -1 3.0531133177191332e-16 -4.1633363423443612e-16 
1 7.4940054162199944e-15 31.500000000000512 -1.5000000000002354 3.9252311467143011e-17 -0.70710678118648018 -0.70710678118661485 -3.9252311467093609e-16 -0.70710678118661485 0.70710678118648018 -1 2.4980018054064947e-16 -3.0531133177192323e-16 
1 6.6613381477509392e-15 30 -9.9920072216264104e-15 -3.3306690738754711e-16 -1 3.3306690738754696e-16 -3.3306690738754691e-16 3.3306690738754706e-16 1 -1 3.3306690738754701e-16 -3.3306690738754701e-16 
1 -5.2681125372052029e-15 -20.973106122531689 1.834909024647674 -3.5807070809280968e-16 0.087155742747658291 0.99619469809174555 2.5022835186422088e-16 0.99619469809174555 -0.087155742747658291 -1 2.1806823891936386e-16 -3.7851697880726266e-16 
1 1.2738913194895563e-14 60 1.7526901882421431 3.3306690738754711e-16 1 -3.3306690738754696e-16 3.3306690738754691e-16 -3.3306690738754706e-16 -1 -1 3.3306690738754701e-16 -3.3306690738754701e-16 
1 1.3322676295501878e-14 60 -1.9984014443252821e-14 5.1028004907530945e-16 0.70710678113101766 -0.70710678124207749 7.8504622903363562e-17 -0.70710678124207749 -0.70710678113101766 -1 3.0531133176319926e-16 -4.1633363423879315e-16 
1 1.3489209749132144e-14 58.499999999865253 -1.4999999998991744 -3.9252311448463081e-17 0.70710678121236537 0.70710678116072967 3.9252311467381001e-16 0.70710678116072967 -0.70710678121236537 -1 2.4980018054471373e-16 -3.0531133176989117e-16 
1 1.4321877017632668e-14 59.999999999856563 -3.00000000000002 -3.8857805861880469e-16 3.3306690738754711e-16 1 2.2204460492503131e-16 1 -3.3306690738754701e-16 -1 2.2204460492503118e-16 -3.8857805861880479e-16 
1 1.4654943925052066e-14 61.5 -3.0000000000000204 -3.3306690738754711e-16 -1 3.3306690738754696e-16 -3.3306690738754691e-16 3.3306690738754706e-16 1 -1 3.3306690738754701e-16 -3.3306690738754701e-16 
1 1.3655743202889425e-14 61.5 -2.0483614804334141e-14 -3.8857805861880469e-16 3.3306690738754711e-16 1 2.2204460492503131e-16 1 -3.3306690738754701e-16 -1 2.2204460492503118e-16 -3.8857805861880479e-16 
1 1.4432899320127035e-14 65 -2.1649348980190556e-14 3.3306690738754711e-16 1 -3.3306690738754696e-16 3.3306690738754691e-16 -3.3306690738754706e-16 -1 -1 3.3306690738754701e-16 -3.3306690738754701e-16 
1 1.5099033134902129e-14 65 -2.0000000000000218 -5.1028004907222707e-16 -0.70710678118654424 0.7071067811865509 -7.850462293418707e-17 0.7071067811865509 0.70710678118654424 -1 3.0531133177191746e-16 -4.1633363423443415e-16 
