<?xml version='1.0' encoding='utf-8'?>
<!-- FreeCAD DocumentObject -->
<Document SchemaVersion="4" FileVersion="2">
<Object name="Body" Extensions="True">
  <Extensions Count="1">
    <Extension type="App::OriginGroupExtension" name="OriginGroupExtension">
    </Extension>
  </Extensions>
  <Properties Count="21" TransientCount="2">
    <_Property name="_ElementMapVersion" type="App::PropertyString" status="234881024"/>
    <_Property name="_GroupTouched" type="App::PropertyBool" status="100663425"/>
    <Property name="AutoGroupSolids" type="App::PropertyBool" status="134217728">
      <Bool value="false"/>
    </Property>
    <Property name="BaseFeature" type="App::PropertyLink">
      <Link value=""/>
    </Property>
    <Property name="ClaimAllChildren" type="App::PropertyBool" status="8">
      <Bool value="false"/>
    </Property>
    <Property name="ColoredElements" type="App::PropertyLinkSubHidden" status="218103808">
      <LinkSub value="" count="0">
      </LinkSub>
    </Property>
    <Property name="ExportMode" type="App::PropertyEnumeration" status="8">
      <Integer value="0"/>
    </Property>
    <Property name="ExpressionEngine" type="App::PropertyExpressionEngine" status="67108864">
      <ExpressionEngine count="0"></ExpressionEngine>
    </Property>
    <Property name="FixShape" type="App::PropertyEnumeration">
      <Integer value="0"/>
    </Property>
    <Property name="Group" type="App::PropertyLinkList">
      <LinkList count="9">
        <Link value="Sketch"/>
        <Link value="Sketch001"/>
        <Link value="Pad"/>
        <Link value="Sketch002"/>
        <Link value="Pad001"/>
        <Link value="Sketch003"/>
        <Link value="Pad002"/>
        <Link value="Sketch004"/>
        <Link value="Pad003"/>
      </LinkList>
    </Property>
    <Property name="InvalidShape" type="App::PropertyBool" status="67108864">
      <Bool value="false"/>
    </Property>
    <Property name="Label" type="App::PropertyString" status="134217728">
      <String value="Body"/>
    </Property>
    <Property name="Label2" type="App::PropertyString" status="128">
      <String value=""/>
    </Property>
    <Property name="Origin" type="App::PropertyLink" status="67108864">
      <Link value="Origin001"/>
    </Property>
    <Property name="Placement" type="App::PropertyPlacement" status="8388608">
      <PropertyPlacement Px="0" Py="0" Pz="0" Q0="0" Q1="0" Q2="0" Q3="1" A="0" Ox="0" Oy="0" Oz="1"/>
    </Property>
    <Property name="Shape" type="Part::PropertyPartShape">
      <Part HasherIndex="0" ElementMap="1.15.70200.4" brep="1">
<![CDATA[

CASCADE Topology V1, (c) Matra-Datavision
Locations 22
1
              1               0               0               0 
              0               1               0               0 
              0               0               1               0 
1
              1               0               0               0 
              0               1               0               0 
              0               0               1               0 
1
2.22044604925031e-16 -3.33066907387547e-16               1               0 
              1 3.33066907387547e-16 -2.22044604925031e-16               0 
-3.33066907387547e-16               1 3.33066907387547e-16               0 
2  2 1 3 1 0
2  3 -1 2 -1 0
1
              1               0               0             2.5 
              0               1               0 -8.32667268468867e-16 
              0               0               1 9.71445146547012e-16 
2  2 1 3 1 6 1 0
2  6 -1 3 -1 2 -1 0
1
              1               0               0               0 
              0               1               0               0 
              0               0               1               0 
1
2.22044604925031e-16 -3.33066907387547e-16               1               0 
              1 3.33066907387547e-16 -2.22044604925031e-16               0 
-3.33066907387547e-16               1 3.33066907387547e-16               0 
2  9 1 10 1 0
2  10 -1 9 -1 0
1
              1               0               0               0 
              0               1               0               0 
              0               0               1               0 
1
2.22044604925031e-16 -3.33066907387547e-16               1               0 
              1 3.33066907387547e-16 -2.22044604925031e-16               0 
-3.33066907387547e-16               1 3.33066907387547e-16               0 
1
              1               0               0             1.5 
              0               1               0 -4.9960036108132e-16 
              0               0               1 5.82867087928207e-16 
2  13 1 14 1 15 1 0
2  15 -1 14 -1 13 -1 0
2  13 1 14 1 0
2  14 -1 13 -1 0
1
              1               0               0             3.7 
              0               1               0 -1.23234755733392e-15 
              0               0               1 1.43773881688958e-15 
2  9 1 10 1 20 1 0
2  20 -1 10 -1 9 -1 0
Curve2ds 0
Curves 223
1 -1.5559481636486525e-14 -40.720473982822526 19.568801144890848 1 -3.3306690738754696e-16 3.8857805861880479e-16 
1 -1.4727397529257597e-14 -42.410947029785319 15.943569996744246 1 -3.3306690738754696e-16 3.8857805861880479e-16 
1 -40.720473982822533 19.568801144890834 -5.0191859323621855e-31 -0.42261826174069839 -0.90630778703665049 -5.209172258120269e-33 
1 -40.720473982822533 19.568801144890834 -5.0191859323621855e-31 -0.42261826174069839 -0.90630778703665049 -5.209172258120269e-33 
1 -8.2235620750194299e-15 -21.28017195088638 10.503639430552854 1 -3.3306690738754696e-16 3.8857805861880479e-16 
1 -40.720473982822533 19.568801144890834 -5.0191859323621855e-31 0.90630778703665038 -0.42261826174069878 1.1171105957665355e-32 
1 -40.720473982822533 19.568801144890834 -5.0191859323621855e-31 0.90630778703665038 -0.42261826174069878 1.1171105957665355e-32 
1 -7.2113768708455388e-15 -22.493374262864052 6.6558532836694244 1 -3.3306690738754696e-16 3.8857805861880479e-16 
1 -22.493374262864055 6.6558532836694173 -2.7725224347621745e-31 -0.90630778703665038 0.42261826174069878 -1.1171105957665355e-32 
1 -22.493374262864055 6.6558532836694173 -2.7725224347621745e-31 -0.90630778703665038 0.42261826174069878 -1.1171105957665355e-32 
1 -21.280171950886384 10.503639430552846 -2.6229837044429667e-31 0.98480775301220813 -0.17364817766693016 1.2138692742341871e-32 
1 -1.5840168906422214 7.030675877214243 -1.9524515597459265e-32 0.99619469809174555 0.087155742747658319 1.2279047676766024e-32 
1 38.496283787050423 16.110122806503021 4.7450333243589846e-31 -0.93969262078590809 -0.34202014332566943 -1.1582605804104299e-32 
1 38.496283787050423 16.110122806503021 4.7450333243589846e-31 0.3420201433256686 -0.93969262078590854 4.2157237479329164e-33 
1 39.864364360353093 12.351352323359398 4.913662274276301e-31 -0.93969262078590809 -0.34202014332566966 -1.1582605804104299e-32 
1 19.213106122531681 4.8349090246476756 2.3681981699886996e-31 -0.99619469809174555 -0.087155742747658416 -1.2279047676766024e-32 
1 7.5 4.0121168692665874 9.2444637330587157e-32 0 -1 0 
1 -7.5 4.0121168692665874 -9.2444637330587157e-32 1 0 1.2325951644078288e-32 
1 -1.2776632763246731e-15 -1.0612156441426746 4.0147645550529631 2.9028693698027016e-17 -0.99619469809174566 -0.087155742747657805 
1 -1.2776632763246731e-15 -1.0612156441426746 4.0147645550529631 2.9028693698027016e-17 -0.99619469809174566 -0.087155742747657805 
1 -2.8897478878359826e-15 1.5624238207352348 7.7825763647758741 -3.3179948724928879e-16 -0.087155742747657861 0.99619469809174555 
1 -1.7651474710491353e-15 -1.2006648325389271 5.6086760719997546 2.9028693698027016e-17 -0.99619469809174566 -0.087155742747657805 
1 -1.7651474710491353e-15 -1.2006648325389271 5.6086760719997546 2.9028693698027016e-17 -0.99619469809174566 -0.087155742747657805 
1 -2.8462048472889421e-15 -1.4261602735400019 7.5211091365328997 -3.3179948724928879e-16 -0.087155742747657861 0.99619469809174555 
1 -7.5 4.0121168692665874 -9.2444637330587157e-32 1 0 1.2325951644078288e-32 
1 -22.493374262864055 6.6558532836694173 -2.7725224347621745e-31 0.98480775301220813 -0.17364817766693053 1.2138692742341871e-32 
1 -1.2106128633050283e-15 10.835454121504533 2.7966619470852057 1.1391559140172597e-16 -0.93969262078590854 -0.34202014332566838 
1 -1.2106128633050283e-15 10.835454121504533 2.7966619470852057 1.1391559140172597e-16 -0.93969262078590854 -0.34202014332566838 
1 -4.2997816263895141e-15 20.600867369573653 11.917945022281614 3.1298051510006155e-16 0.34202014332566877 -0.93969262078590843 
1 -4.3509528442119592e-15 17.508173392555385 11.643638688933343 -3.129805151000614e-16 -0.34202014332566977 0.93969262078590798 
1 -1.905086485235136e-15 11.697760823362337 4.8132003553311495 -1.1391559140172649e-16 0.93969262078590798 0.34202014332566993 
1 -1.905086485235136e-15 11.697760823362337 4.8132003553311495 -1.1391559140172649e-16 0.93969262078590798 0.34202014332566993 
1 -2.6430537951325025e-15 15.1803963089811 8.1709387076706221 3.3179948724928884e-16 0.087155742747657403 -0.99619469809174566 
1 -1.9871920759741678e-15 8.5620432087601781 6.4628023509268058 -2.9028693698026911e-17 0.99619469809174566 0.087155742747657486 
1 -1.9871920759741678e-15 8.5620432087601781 6.4628023509268058 -2.9028693698026911e-17 0.99619469809174566 0.087155742747657486 
1 -1.4997078812497046e-15 7.2072003500188124 4.7381572198585236 2.902869369802701e-17 -0.99619469809174566 -0.087155742747657777 
1 -1.4997078812497046e-15 7.2072003500188124 4.7381572198585236 2.902869369802701e-17 -0.99619469809174566 -0.087155742747657777 
1 -2.6865968356795434e-15 18.168980403256342 8.4324059359135966 3.3179948724928884e-16 0.087155742747657458 -0.99619469809174566 
1 -6.5775486645740191e-15 35.926148759959219 18.347233498116413 -3.1298051510006175e-16 -0.34202014332566716 0.93969262078590898 
1 -2.0987912830051515e-15 20.044441805206439 6.148459351676749 -1.1391559140172605e-16 0.93969262078590854 0.34202014332566866 
1 -2.0987912830051515e-15 20.044441805206439 6.148459351676749 -1.1391559140172605e-16 0.93969262078590854 0.34202014332566866 
1 -2.3491756950852073e-15 18.087670644706495 7.1389373299457217 1.139155914017257e-16 -0.93969262078590887 -0.3420201433256676 
1 -2.3491756950852073e-15 18.087670644706495 7.1389373299457217 1.139155914017257e-16 -0.93969262078590887 -0.3420201433256676 
1 -5.5184968577713021e-15 33.380687012262037 16.569418971510672 3.1298051510006184e-16 0.34202014332566644 -0.93969262078590932 
1 -3.1533345085210032e-15 -4.6529519997106963 8.0539455336273136 -3.2800687266705535e-16 0.17364817766693133 0.98480775301220791 
1 -1.7320866361502222e-15 -2.3676827119048722 4.071806139110377 5.7836461509009268e-17 0.98480775301220735 -0.17364817766693474 
1 -1.7320866361502222e-15 -2.3676827119048722 4.071806139110377 5.7836461509009268e-17 0.98480775301220735 -0.17364817766693474 
1 -2.2165367392088977e-15 -2.089845627637775 5.6474985439299079 5.7836461509008503e-17 0.98480775301220769 -0.17364817766693244 
1 -2.2165367392088977e-15 -2.089845627637775 5.6474985439299079 5.7836461509008503e-17 0.98480775301220769 -0.17364817766693244 
1 -2.8445352113324598e-15 -1.6985287406740719 7.533001000626518 -3.280068726670554e-16 0.17364817766693086 0.98480775301220802 
1 -3.5466224467822628e-15 -18.185255982810261 9.6277145474878232 3.2800687266705525e-16 -0.17364817766693302 -0.98480775301220758 
1 -2.8826705539839928e-15 -11.740961607157409 7.3492506850658321 -5.7836461509007665e-17 -0.98480775301220813 0.17364817766692991 
1 -2.8826705539839928e-15 -11.740961607157409 7.3492506850658321 -5.7836461509007665e-17 -0.98480775301220813 0.17364817766692991 
1 -2.3982204509253252e-15 -12.018798691424486 5.7735582802463234 -5.783646150900679e-17 -0.98480775301220858 0.17364817766692731 
1 -2.3982204509253252e-15 -12.018798691424486 5.7735582802463234 -5.783646150900679e-17 -0.98480775301220858 0.17364817766692731 
1 -3.855421743970805e-15 -21.139679241846892 10.148659080488606 3.2800687266705535e-16 -0.17364817766693219 -0.9848077530122078 
1 -1.9543590787015529e-15 -15.008519156701157 5.9792217208394289 -1.4076015744347687e-16 -0.90630778703664838 0.42261826174070311 
1 -1.9543590787015529e-15 -15.008519156701157 5.9792217208394289 -1.4076015744347687e-16 -0.90630778703664838 0.42261826174070311 
1 -4.3784593334491064e-15 -20.201509425599721 13.290078997554909 -3.0186113176954861e-16 0.42261826174069966 0.90630778703664994 
1 -5.2557333843894131e-15 -22.920432786709675 14.55793378277701 -3.0186113176954866e-16 0.42261826174069916 0.90630778703665005 
1 -1.4908255683608847e-15 -15.684708375486274 4.5291292615807937 -1.4076015744347673e-16 -0.9063077870366486 0.42261826174070261 
1 -1.4908255683608847e-15 -15.684708375486274 4.5291292615807937 -1.4076015744347673e-16 -0.9063077870366486 0.42261826174070261 
1 -3.5086713131767752e-15 -22.530873789105335 9.4869532932872396 -1.4076015744347606e-16 -0.90630778703664938 0.42261826174070066 
1 -3.5086713131767752e-15 -22.530873789105335 9.4869532932872396 -1.4076015744347606e-16 -0.90630778703664938 0.42261826174070066 
1 -6.879036269780156e-15 -35.584313299800634 19.580495912821242 3.0186113176954821e-16 -0.42261826174070216 -0.90630778703664872 
1 -7.5342657157954211e-15 -37.96514205151805 21.573396927672626 -3.0186113176954856e-16 0.42261826174070005 0.90630778703664971 
1 -2.6010485929860557e-15 -23.207063007890419 8.0368608340286407 -1.4076015744347527e-16 -0.9063077870366506 0.42261826174069828 
1 -2.6010485929860557e-15 -23.207063007890419 8.0368608340286407 -1.4076015744347527e-16 -0.9063077870366506 0.42261826174069828 
1 -21.280171950886384 10.503639430552846 -2.6229837044429667e-31 0.98480775301220813 -0.17364817766693016 1.2138692742341871e-32 
1 -1.5840168906422214 7.030675877214243 -1.9524515597459265e-32 0.99619469809174555 0.087155742747658319 1.2279047676766024e-32 
1 38.496283787050423 16.110122806503021 4.7450333243589846e-31 -0.93969262078590809 -0.34202014332566943 -1.1582605804104299e-32 
1 38.496283787050423 16.110122806503021 4.7450333243589846e-31 0.3420201433256686 -0.93969262078590854 4.2157237479329164e-33 
1 39.864364360353093 12.351352323359398 4.913662274276301e-31 -0.93969262078590809 -0.34202014332566966 -1.1582605804104299e-32 
1 19.213106122531681 4.8349090246476756 2.3681981699886996e-31 -0.99619469809174555 -0.087155742747658416 -1.2279047676766024e-32 
1 2.4999999999999973 7.5000000000000018 6.7304065728698372 -3.3306690738754706e-16 3.3306690738754706e-16 1 
1 2.4999999999999982 -4.4892219200192809 4.0121168692665901 -1.1093356479670487e-31 -1 3.3306690738754711e-16 
1 2.4999999999999987 -1.061215644142675 4.0147645550529631 2.9028693698027016e-17 -0.99619469809174566 -0.087155742747657805 
1 2.4999999999999969 1.5624238207352341 7.7825763647758759 -3.3179948724928879e-16 -0.087155742747657861 0.99619469809174555 
1 2.4999999999999982 -1.2006648325389275 5.6086760719997546 2.9028693698027016e-17 -0.99619469809174566 -0.087155742747657805 
1 2.4999999999999973 -1.4261602735400025 7.5211091365329015 -3.3179948724928879e-16 -0.087155742747657861 0.99619469809174555 
1 2.4999999999999982 -4.4892219200192809 4.0121168692665901 -1.1093356479670487e-31 -1 3.3306690738754711e-16 
1 -22.493374262864055 6.6558532836694173 -2.7725224347621745e-31 0.98480775301220813 -0.17364817766693053 1.2138692742341871e-32 
1 2.4999999999999987 10.835454121504533 2.796661947085207 1.1391559140172597e-16 -0.93969262078590854 -0.34202014332566838 
1 2.4999999999999956 20.600867369573653 11.917945022281618 3.1298051510006155e-16 0.34202014332566877 -0.93969262078590843 
1 2.4999999999999956 17.508173392555385 11.643638688933345 -3.129805151000614e-16 -0.34202014332566977 0.93969262078590798 
1 2.4999999999999982 11.697760823362337 4.8132003553311513 -1.1391559140172649e-16 0.93969262078590798 0.34202014332566993 
1 2.4999999999999973 15.1803963089811 8.1709387076706221 3.3179948724928884e-16 0.087155742747657403 -0.99619469809174566 
1 2.4999999999999982 8.5620432087601781 6.4628023509268067 -2.9028693698026911e-17 0.99619469809174566 0.087155742747657486 
1 2.4999999999999982 7.2072003500188115 4.7381572198585244 2.902869369802701e-17 -0.99619469809174566 -0.087155742747657777 
1 2.4999999999999973 18.168980403256338 8.4324059359135966 3.3179948724928884e-16 0.087155742747657458 -0.99619469809174566 
1 2.4999999999999933 35.926148759959212 18.347233498116413 -3.1298051510006175e-16 -0.34202014332566716 0.93969262078590898 
1 2.4999999999999978 20.044441805206439 6.1484593516767507 -1.1391559140172605e-16 0.93969262078590854 0.34202014332566866 
1 2.4999999999999973 18.087670644706495 7.1389373299457235 1.139155914017257e-16 -0.93969262078590887 -0.3420201433256676 
1 2.4999999999999947 33.380687012262037 16.569418971510672 3.1298051510006184e-16 0.34202014332566644 -0.93969262078590932 
1 2.4999999999999973 -4.6529519997106963 8.0539455336273154 -3.2800687266705535e-16 0.17364817766693133 0.98480775301220791 
1 2.4999999999999982 -2.3676827119048727 4.071806139110377 5.7836461509009268e-17 0.98480775301220735 -0.17364817766693474 
1 2.4999999999999978 -2.0898456276377759 5.6474985439299088 5.7836461509008503e-17 0.98480775301220769 -0.17364817766693244 
1 2.4999999999999973 -1.6985287406740728 7.5330010006265198 -3.280068726670554e-16 0.17364817766693086 0.98480775301220802 
1 2.4999999999999964 -18.185255982810265 9.627714547487825 3.2800687266705525e-16 -0.17364817766693302 -0.98480775301220758 
1 2.4999999999999973 -11.740961607157409 7.3492506850658321 -5.7836461509007665e-17 -0.98480775301220813 0.17364817766692991 
1 2.4999999999999978 -12.018798691424486 5.7735582802463243 -5.783646150900679e-17 -0.98480775301220858 0.17364817766692731 
1 2.4999999999999964 -21.139679241846892 10.148659080488606 3.2800687266705535e-16 -0.17364817766693219 -0.9848077530122078 
1 2.4999999999999978 -15.008519156701157 5.9792217208394307 -1.4076015744347687e-16 -0.90630778703664838 0.42261826174070311 
1 2.4999999999999956 -20.201509425599721 13.290078997554911 -3.0186113176954861e-16 0.42261826174069966 0.90630778703664994 
1 2.4999999999999947 -22.920432786709672 14.557933782777011 -3.0186113176954866e-16 0.42261826174069916 0.90630778703665005 
1 2.4999999999999982 -15.684708375486274 4.5291292615807954 -1.4076015744347673e-16 -0.9063077870366486 0.42261826174070261 
1 2.4999999999999964 -22.530873789105335 9.4869532932872396 -1.4076015744347606e-16 -0.90630778703664938 0.42261826174070066 
1 2.4999999999999929 -35.584313299800634 19.580495912821245 3.0186113176954821e-16 -0.42261826174070216 -0.90630778703664872 
1 2.499999999999992 -37.96514205151805 21.573396927672629 -3.0186113176954856e-16 0.42261826174070005 0.90630778703664971 
1 2.4999999999999973 -23.207063007890419 8.0368608340286407 -1.4076015744347527e-16 -0.9063077870366506 0.42261826174069828 
1 -2.693407875945205e-15 -1.584016890642219 7.0306758772142439 1 -3.3306690738754696e-16 3.8857805861880479e-16 
1 -3.001637894661764e-15 -7.4999999999999982 4.0121168692665901 1 -3.3306690738754701e-16 3.8857805861880479e-16 
1 1.1500114134181008e-15 18.339877071192692 8.773790732167404 1 -3.3306690738754696e-16 3.8857805861880479e-16 
1 3.1821433437819501e-15 38.49628378705043 16.110122806503007 1 -3.3306690738754696e-16 3.8857805861880479e-16 
1 4.7378403145867943e-15 39.8643643603531 12.351352323359386 1 -3.3306690738754696e-16 3.8857805861880479e-16 
1 2.6558183620207052e-15 19.213106122531681 4.8349090246476694 1 -3.3306690738754696e-16 3.8857805861880479e-16 
1 -2.1985792882511634e-16 7.5000000000000009 3.8101450242500561 1 -3.3306690738754701e-16 3.8857805861880479e-16 
1 -2.8462048472889421e-15 -1.4261602735400019 7.5211091365328997 -3.3179948724928879e-16 -0.087155742747657861 0.99619469809174555 
1 -1.2776632763246731e-15 -1.0612156441426746 4.0147645550529631 2.9028693698027016e-17 -0.99619469809174566 -0.087155742747657805 
1 19.213106122531681 4.8349090246476756 2.3681981699886996e-31 -0.99619469809174555 -0.087155742747658416 -1.2279047676766024e-32 
1 -22.493374262864055 6.6558532836694173 -2.7725224347621745e-31 0.98480775301220813 -0.17364817766693053 1.2138692742341871e-32 
1 -3.2000000000000011 1.8696311586317245 4.2711804248269205 1 -3.3306690738754696e-16 3.8857805861880479e-16 
1 -1.6000000000000014 -1.0914788311621204 4.0121168692665874 -1 3.3306690738754696e-16 -3.8857805861880479e-16 
1 -0.52123611678843895 4.0620066422325456 -6.4247311706814419e-33 -0.99619469809174555 -0.087155742747658721 -1.2279047676766024e-32 
1 -1.4686576577410141e-15 -0.52123611678843762 4.0620066422325456 1 -3.3306690738754696e-16 3.8857805861880479e-16 
1 -0.66068530518469193 5.6559181591793379 -8.1435751236596181e-33 0.087155742747658138 -0.99619469809174555 1.0742774706113611e-33 
1 -7.5 4.0121168692665874 -9.2444637330587157e-32 1 0 1.2325951644078288e-32 
1 -3.200000000000002 1.7301819702354722 5.865091941773712 1 -3.3306690738754696e-16 3.8857805861880479e-16 
1 -3.2000000000000024 -1.2584021240397649 5.6036247135307384 1 -3.3306690738754696e-16 3.8857805861880479e-16 
1 -1.2584021240397678 5.6036247135307393 -1.5511003729719585e-32 0.99619469809174543 0.087155742747660178 1.2279047676766023e-32 
1 -2.0305007772844383e-15 -0.66068530518469004 5.6559181591793379 1 -3.3306690738754696e-16 3.8857805861880479e-16 
1 -3.1999999999999975 22.390054894850888 7.0021926974125153 1 -3.3306690738754696e-16 3.8857805861880479e-16 
1 -3.199999999999998 19.570977032493165 5.9761322674355108 1 -3.3306690738754696e-16 3.8857805861880479e-16 
1 19.570977032493161 5.976132267435518 2.4123091652987748e-31 0.93969262078591143 0.34202014332566055 1.158260580410434e-32 
1 2.4120208219221207e-15 20.134792604964716 6.1813443534309087 1 -3.3306690738754696e-16 3.8857805861880479e-16 
1 20.134792604964712 6.1813443534309158 2.4818048001234014e-31 -0.34202014332566816 0.93969262078590865 -4.2157237479329109e-33 
1 -3.199999999999998 21.842822665529816 8.5057008906699707 1 -3.3306690738754696e-16 3.8857805861880479e-16 
1 1.7897420336001784e-15 19.587560375643644 7.6848525466883704 1 -3.3306690738754696e-16 3.8857805861880479e-16 
1 19.58756037564364 7.6848525466883766 2.4143532201564744e-31 -0.9396926207859061 -0.34202014332567499 -1.1582605804104274e-32 
1 -3.1999999999999984 19.023744803172093 7.4796404606929618 1 -3.3306690738754696e-16 3.8857805861880479e-16 
1 -3.1999999999999993 15.278429864283209 7.0504100431418602 1 -3.3306690738754696e-16 3.8857805861880479e-16 
1 -3.1999999999999984 15.417879052679462 5.4564985261950678 1 -3.3306690738754696e-16 3.8857805861880479e-16 
1 -3.1999999999999984 18.267013958558447 7.3118772713848328 1 -3.3306690738754696e-16 3.8857805861880479e-16 
1 18.267013958558444 7.3118772713848399 2.2515833073489448e-31 -0.99619469809174566 -0.087155742747656736 -1.2279047676766026e-32 
1 1.5054449689297944e-15 17.669297139703378 7.2595838257362377 1 -3.3306690738754696e-16 3.8857805861880479e-16 
1 17.669297139703374 7.2595838257362439 2.1779090212883459e-31 0.087155742747659845 -0.99619469809174543 1.0742774706113822e-33 
1 2.0672880884732197e-15 17.808746328099634 5.6656723087894436 1 -3.3306690738754696e-16 3.8857805861880479e-16 
1 17.80874632809963 5.6656723087894498 2.195097460818128e-31 0.99619469809174521 0.087155742747661649 1.227904767676602e-32 
1 -3.199999999999998 18.4064631469547 5.7179657544380413 1 -3.3306690738754696e-16 3.8857805861880479e-16 
1 36.87790459810433 13.978023183880669 4.5455526881116632e-31 0.34202014332567138 -0.93969262078590743 4.2157237479329506e-33 
1 -3.1999999999999962 35.169874537539243 11.653666646641602 1 -3.3306690738754696e-16 3.8857805861880479e-16 
1 -3.1999999999999962 37.988952399896966 12.679727076618608 1 -3.3306690738754696e-16 3.8857805861880479e-16 
1 37.425136827425405 12.474514990623215 4.6130042680785907e-31 0.93969262078590687 0.34202014332567304 1.1582605804104284e-32 
1 4.1552015920244457e-15 37.425136827425412 12.474514990623202 1 -3.3306690738754696e-16 3.8857805861880479e-16 
1 3.5329228037025046e-15 36.877904598104337 13.978023183880657 1 -3.3306690738754696e-16 3.8857805861880479e-16 
1 37.441720170575891 14.183235269876077 4.6150483229362912e-31 -0.93969262078590821 -0.34202014332566927 -1.15826058041043e-32 
1 -3.1999999999999966 37.441720170575898 14.183235269876063 1 -3.3306690738754696e-16 3.8857805861880479e-16 
1 -3.1999999999999971 34.622642308218175 13.157174839899062 1 -3.3306690738754696e-16 3.8857805861880479e-16 
1 -3.2000000000000028 -5.2650286421654213 4.5826863990611901 1 -3.3306690738754696e-16 3.8857805861880479e-16 
1 -3.2000000000000033 -4.987191557898333 6.1583788038807157 1 -3.3306690738754696e-16 3.8857805861880479e-16 
1 -3.200000000000002 -2.3106053831287978 4.0617418660603857 1 -3.3306690738754696e-16 3.8857805861880479e-16 
1 -2.3106053831288 4.0617418660603963 -2.8480410220992576e-32 -0.98480775301221002 0.1736481776669197 -1.2138692742341894e-32 
1 -2.0317938873419757e-15 -2.9014900349361459 4.1659307726605528 1 -3.3306690738754696e-16 3.8857805861880479e-16 
1 -2.6236529506690585 5.7416231774800774 -3.2339019400790134e-32 -0.17364817766693125 -0.98480775301220791 -2.1403790410049098e-33 
1 -3.2000000000000024 -2.0327682988617086 5.6374342708799183 1 -3.3306690738754696e-16 3.8857805861880479e-16 
1 -2.6236529506690585 5.7416231774800774 -3.2339019400790134e-32 0.98480775301221002 -0.1736481776669197 1.2138692742341894e-32 
1 -2.4949126579996535e-15 -2.6236529506690567 5.7416231774800783 1 -3.3306690738754696e-16 3.8857805861880479e-16 
1 -3.2000000000000073 -18.380576998864363 8.5199940201509659 1 -3.3306690738754696e-16 3.8857805861880479e-16 
1 -3.2000000000000068 -18.658414083131454 6.944301615331443 1 -3.3306690738754696e-16 3.8857805861880479e-16 
1 -3.2000000000000077 -21.335000257900987 9.0409385531517561 1 -3.3306690738754696e-16 3.8857805861880479e-16 
1 -21.33500025790099 9.0409385531517561 -2.6297418150528539e-31 0.98480775301220902 -0.17364817766692492 1.2138692742341882e-32 
1 -7.5826545211479372e-15 -20.744115606093658 8.9367496465516076 1 -3.3306690738754696e-16 3.8857805861880479e-16 
1 -20.744115606093661 8.9367496465516005 -2.5569096585988024e-31 -0.17364817766693039 -0.98480775301220813 -2.1403790410048992e-33 
1 -3.2000000000000073 -21.612837342168078 7.4652461483322243 1 -3.3306690738754696e-16 3.8857805861880479e-16 
1 -21.612837342168081 7.4652461483322297 -2.6639878797089326e-31 0.98480775301220924 -0.17364817766692389 1.2138692742341884e-32 
1 -7.1195357504902602e-15 -21.021952690360745 7.3610572417320812 1 -3.3306690738754696e-16 3.8857805861880479e-16 
1 -23.294203878824838 8.0774952894836307 -2.8712323059769582e-31 0.42261826174070277 0.90630778703664849 5.2091722581203231e-33 
1 -8.1955323157141491e-15 -22.618014660039716 9.5275877487422633 1 -3.3306690738754696e-16 3.8857805861880479e-16 
1 -22.618014660039719 9.5275877487422562 -2.787885549847034e-31 0.90630778703665138 -0.42261826174069639 1.1171105957665367e-32 
1 -3.2000000000000082 -22.074229987817727 9.2740167916978411 1 -3.3306690738754696e-16 3.8857805861880479e-16 
1 -3.2000000000000091 -24.793153348927675 10.541871576919952 1 -3.3306690738754696e-16 3.8857805861880479e-16 
1 -3.2000000000000091 -25.469342567712793 9.0917791176613107 1 -3.3306690738754696e-16 3.8857805861880479e-16 
1 -7.8626986728225845e-15 -23.294203878824835 8.0774952894836378 1 -3.3306690738754696e-16 3.8857805861880479e-16 
1 -22.750419206602849 7.8239243324392067 -2.8042056702309666e-31 -0.90630778703664683 0.42261826174070616 -1.1171105957665311e-32 
1 -3.2000000000000077 -22.750419206602846 7.8239243324392032 1 -3.3306690738754696e-16 3.8857805861880479e-16 
1 -3.2000000000000139 -37.118939252626113 16.289479936593448 1 -3.3306690738754696e-16 3.8857805861880479e-16 
1 -3.2000000000000148 -39.837862613736064 17.557334721815554 1 -3.3306690738754696e-16 3.8857805861880479e-16 
1 -39.837862613736071 17.557334721815547 -4.9103956818034507e-31 0.90630778703665138 -0.42261826174069639 1.1171105957665367e-32 
1 -1.4488349095713898e-14 -39.294077941514075 17.303763764771144 1 -3.3306690738754696e-16 3.8857805861880479e-16 
1 -39.970267160299194 15.853671305512462 -4.9267158021873824e-31 0.42261826174068889 0.90630778703665482 5.209172258120152e-33 
1 -3.2000000000000135 -37.795128471411232 14.839387477334819 1 -3.3306690738754696e-16 3.8857805861880479e-16 
1 -3.2000000000000144 -40.514051832521183 16.107242262556916 1 -3.3306690738754696e-16 3.8857805861880479e-16 
1 -40.51405183252119 16.107242262556905 -4.9937424379333753e-31 0.9063077870366365 -0.42261826174072836 1.1171105957665184e-32 
1 -1.4155515452822316e-14 -39.970267160299187 15.853671305512474 1 -3.3306690738754696e-16 3.8857805861880479e-16 
1 7.5 4.0121168692665874 9.2444637330587157e-32 0 -1 0 
1 1.6653345369377348e-15 7.5 -2.4980018054066026e-15 1 -3.3306690738754701e-16 3.8857805861880479e-16 
1 7.5 4.0121168692665874 9.2444637330587157e-32 0 -1 0 
1 3.2903117921370578e-16 7.5000000000000018 4.0121168692665847 1 -3.3306690738754701e-16 3.8857805861880479e-16 
1 -1.6000000000000014 -1.1191632297540708 4.0121168692665874 1 -3.3306690738754701e-16 3.8857805861880479e-16 
1 1.4999999999999976 -4.5045705772115259 4.0121168692665901 2.2204460492503146e-16 1 -3.3306690738754701e-16 
1 -7.5 4.0121168692665874 -9.2444637330587157e-32 1 0 1.2325951644078288e-32 
1 -3.001637894661764e-15 -7.4999999999999982 4.0121168692665901 1 -3.3306690738754701e-16 3.8857805861880479e-16 
1 -1.1189529356435148 4.0097131965839479 -1.3792159776741408e-32 -0.087155742747658194 0.99619469809174555 -1.0742774706113618e-33 
1 19.023744803172089 7.479640460692969 2.3448575853318477e-31 0.3420201433256701 -0.93969262078590787 4.2157237479329349e-33 
1 18.406463146954696 5.7179657544380484 2.2687717468787265e-31 -0.087155742747657777 0.99619469809174555 -1.0742774706113567e-33 
1 37.988952399896959 12.679727076618622 4.6824999029032178e-31 -0.34202014332566749 0.93969262078590887 -4.2157237479329027e-33 
1 -2.0327682988617113 5.6374342708799219 -2.5055803755384735e-32 -0.17364817766693125 -0.98480775301220791 -2.1403790410049098e-33 
1 -21.33500025790099 9.0409385531517561 -2.6297418150528539e-31 -0.1736481776669325 -0.98480775301220769 -2.1403790410049252e-33 
1 -22.074229987817731 9.2740167916978393 -2.720858914101042e-31 -0.42261826174070105 -0.90630778703664927 -5.2091722581203019e-33 
1 -40.51405183252119 16.107242262556905 -4.9937424379333753e-31 0.42261826174069889 0.90630778703665016 5.2091722581202752e-33 
1 -1.6653345369377348e-15 -7.5 2.4980018054066026e-15 1 -3.3306690738754701e-16 3.8857805861880479e-16 
1 -7.5 0 -9.2444637330587157e-32 0 1 0 
1 -7.5 0 -9.2444637330587157e-32 0 1 0 
1 7.5 0 9.2444637330587157e-32 -1 0 -1.2325951644078288e-32 
1 -0.66068530518469193 5.6559181591793379 -8.1435751236596181e-33 0.087155742747658138 -0.99619469809174555 1.0742774706113611e-33 
1 20.134792604964712 6.1813443534309158 2.4818048001234014e-31 -0.34202014332566816 0.93969262078590865 -4.2157237479329109e-33 
1 17.669297139703374 7.2595838257362439 2.1779090212883459e-31 0.087155742747659845 -0.99619469809174543 1.0742774706113822e-33 
1 36.87790459810433 13.978023183880669 4.5455526881116632e-31 0.34202014332567138 -0.93969262078590743 4.2157237479329506e-33 
1 -2.6236529506690585 5.7416231774800774 -3.2339019400790134e-32 -0.17364817766693125 -0.98480775301220791 -2.1403790410049098e-33 
1 -20.744115606093661 8.9367496465516005 -2.5569096585988024e-31 -0.17364817766693039 -0.98480775301220813 -2.1403790410048992e-33 
1 -23.294203878824838 8.0774952894836307 -2.8712323059769582e-31 0.42261826174070277 0.90630778703664849 5.2091722581203231e-33 
1 -39.970267160299194 15.853671305512462 -4.9267158021873824e-31 0.42261826174068889 0.90630778703665482 5.209172258120152e-33 
1 7.5 0 9.2444637330587157e-32 -1 0 -1.2325951644078288e-32 
Polygon3D 0
PolygonOnTriangulations 0
Surfaces 76
1 -1.5559481636486525e-14 -40.720473982822526 19.568801144890848 4.6608131545360324e-16 0.90630778703665038 -0.42261826174069866 2.0802102680723188e-16 -0.42261826174069866 -0.90630778703665038 -1 3.3449964083309848e-16 -3.8550555182957407e-16 
1 -1.5559481636486525e-14 -40.720473982822526 19.568801144890848 -2.1141116295433123e-16 0.422618261740699 0.90630778703665016 3.4200091195650784e-16 0.90630778703665016 -0.422618261740699 -1 2.2061187147947974e-16 -3.3613941417677778e-16 
1 -7.2113768708455388e-15 -22.493374262864052 6.6558532836694244 2.1141116295433123e-16 -0.422618261740699 -0.90630778703665016 -3.4200091195650784e-16 -0.90630778703665016 0.422618261740699 -1 2.2061187147947974e-16 -3.3613941417677778e-16 
1 -3.4753285260143326e-15 -1.4784438400385611 9.4486962764730915 1 0 3.3306690738754706e-16 -3.3306690738754706e-16 0 1 0 -1 0 
1 -3.4753285260143326e-15 -1.4784438400385611 9.4486962764730915 1 0 3.3306690738754706e-16 -3.3306690738754706e-16 0 1 0 -1 0 
1 -8.2235620750194299e-15 -21.28017195088638 10.503639430552854 -3.2483822326922334e-16 0.1736481776669305 0.98480775301220802 2.7650770995371127e-16 0.98480775301220802 -0.1736481776669305 -1 2.1589937102280158e-16 -3.6791826069455992e-16 
1 -7.2113768708455388e-15 -22.493374262864052 6.6558532836694244 -3.2483822326922324e-16 0.17364817766693086 0.98480775301220802 2.7650770995371142e-16 0.98480775301220802 -0.17364817766693086 -1 2.1589937102280163e-16 -3.6791826069455997e-16 
1 -2.693407875945205e-15 -1.584016890642219 7.0306758772142439 -4.1612809548886392e-16 -0.087155742747657985 0.99619469809174555 1.9217096446816531e-16 0.99619469809174555 0.087155742747657985 -1 2.2770764917086379e-16 -3.9779579931026508e-16 
1 3.1821433437819501e-15 38.49628378705043 16.110122806503007 4.7905952568513114e-16 0.3420201433256691 -0.93969262078590821 -9.4738085331647934e-17 -0.93969262078590821 -0.3420201433256691 -1 2.5287268732989089e-16 -4.1776636767998532e-16 
1 3.1821433437819501e-15 38.49628378705043 16.110122806503007 1.8007899179804797e-16 0.93969262078590865 0.34202014332566827 3.8892424270121198e-16 0.34202014332566827 -0.93969262078590865 -1 3.0223882498268728e-16 -3.0387859832636643e-16 
1 4.7378403145867943e-15 39.8643643603531 12.351352323359386 4.7905952568513124e-16 0.34202014332566932 -0.93969262078590821 -9.473808533164786e-17 -0.93969262078590821 -0.34202014332566932 -1 2.5287268732989094e-16 -4.1776636767998542e-16 
1 2.6558183620207052e-15 19.213106122531681 4.8349090246476694 4.1612809548886397e-16 0.087155742747658083 -0.99619469809174555 -1.9217096446816533e-16 -0.99619469809174555 -0.087155742747658083 -1 2.2770764917086384e-16 -3.9779579931026513e-16 
1 -3.4753285260143326e-15 -1.4784438400385611 9.4486962764730915 1 0 3.3306690738754706e-16 -3.3306690738754706e-16 0 1 0 -1 0 
1 -3.200000000000002 -1.1189529356435124 4.009713196583947 -4.1612809548886392e-16 -0.087155742747657805 0.99619469809174566 1.9217096446816529e-16 0.99619469809174566 0.087155742747657805 -1 2.2770764917086364e-16 -3.9779579931026508e-16 
1 -3.2479706550266155e-15 -1.5091411544230509 8.745612184843413 1 -2.2204460492503136e-16 3.3306690738754746e-16 -3.3306690738754746e-16 0 1 -2.2204460492503136e-16 -1 -7.3955709864469988e-32 
1 -3.200000000000002 1.7301819702354722 5.865091941773712 2.9793267793492387e-16 0.99619469809174555 0.087155742747657861 3.5115194971464011e-16 0.087155742747657861 -0.99619469809174555 -1 3.2740386314171443e-16 -3.2384916669608672e-16 
1 -3.2000000000000024 -1.2584021240397649 5.6036247135307384 -4.1612809548886392e-16 -0.087155742747657805 0.99619469809174566 1.9217096446816529e-16 0.99619469809174566 0.087155742747657805 -1 2.2770764917086364e-16 -3.9779579931026508e-16 
1 -3.199999999999998 19.570977032493165 5.9761322674355108 -4.7905952568513095e-16 -0.34202014332566838 0.93969262078590854 9.4738085331648304e-17 0.93969262078590854 0.34202014332566838 -1 2.5287268732989084e-16 -4.1776636767998527e-16 
1 -3.2479706550266155e-15 -1.5091411544230509 8.745612184843413 1 -2.2204460492503136e-16 3.3306690738754746e-16 -3.3306690738754746e-16 0 1 -2.2204460492503136e-16 -1 -7.3955709864469988e-32 
1 -3.1999999999999975 22.390054894850888 7.0021926974125153 -1.8007899179804772e-16 -0.93969262078590843 -0.34202014332566877 -3.8892424270121228e-16 -0.34202014332566877 0.93969262078590843 -1 3.0223882498268733e-16 -3.0387859832636668e-16 
1 -3.199999999999998 21.842822665529816 8.5057008906699707 4.7905952568513124e-16 0.34202014332566993 -0.93969262078590798 -9.4738085331647638e-17 -0.93969262078590798 -0.34202014332566993 -1 2.5287268732989099e-16 -4.1776636767998532e-16 
1 -3.1999999999999984 15.417879052679462 5.4564985261950678 -2.9793267793492407e-16 -0.99619469809174566 -0.087155742747657403 -3.5115194971463996e-16 -0.087155742747657403 0.99619469809174566 -1 3.2740386314171438e-16 -3.2384916669608667e-16 
1 -3.1999999999999984 18.267013958558447 7.3118772713848328 4.1612809548886383e-16 0.087155742747657486 -0.99619469809174566 -1.9217096446816541e-16 -0.99619469809174566 -0.087155742747657486 -1 2.2770764917086364e-16 -3.9779579931026503e-16 
1 -3.2479706550266155e-15 -1.5091411544230509 8.745612184843413 1 -2.2204460492503136e-16 3.3306690738754746e-16 -3.3306690738754746e-16 0 1 -2.2204460492503136e-16 -1 -7.3955709864469988e-32 
1 -3.1999999999999984 15.417879052679462 5.4564985261950678 -4.1612809548886387e-16 -0.087155742747657777 0.99619469809174566 1.9217096446816531e-16 0.99619469809174566 0.087155742747657777 -1 2.2770764917086364e-16 -3.9779579931026503e-16 
1 -3.2479706550266155e-15 -1.5091411544230509 8.745612184843413 1 -2.2204460492503136e-16 3.3306690738754746e-16 -3.3306690738754746e-16 0 1 -2.2204460492503136e-16 -1 -7.3955709864469988e-32 
1 -3.1999999999999962 37.988952399896966 12.679727076618608 4.7905952568513105e-16 0.34202014332566866 -0.93969262078590854 -9.473808533164818e-17 -0.93969262078590854 -0.34202014332566866 -1 2.5287268732989084e-16 -4.1776636767998527e-16 
1 -3.1999999999999971 34.622642308218175 13.157174839899062 -4.7905952568513085e-16 -0.3420201433256676 0.93969262078590887 9.4738085331648599e-17 0.93969262078590887 0.3420201433256676 -1 2.5287268732989069e-16 -4.1776636767998512e-16 
1 -3.1999999999999962 35.169874537539243 11.653666646641602 -1.8007899179804893e-16 -0.93969262078590932 -0.34202014332566644 -3.8892424270121183e-16 -0.34202014332566644 0.93969262078590932 -1 3.0223882498268758e-16 -3.0387859832636653e-16 
1 -3.2000000000000033 -4.987191557898333 6.1583788038807157 3.9548274442756473e-16 0.98480775301220791 -0.17364817766693133 2.8944923166105002e-16 -0.17364817766693133 -0.98480775301220791 -1 3.3921214128977654e-16 -3.5372670531179208e-16 
1 -3.200000000000002 -2.3106053831287978 4.0617418660603857 3.2483822326922171e-16 -0.17364817766693474 -0.98480775301220735 -2.7650770995371255e-16 -0.98480775301220735 0.17364817766693474 -1 2.1589937102280158e-16 -3.6791826069455948e-16 
1 -3.2479706550266155e-15 -1.5091411544230509 8.745612184843413 1 -2.2204460492503136e-16 3.3306690738754746e-16 -3.3306690738754746e-16 0 1 -2.2204460492503136e-16 -1 -7.3955709864469988e-32 
1 -3.2000000000000024 -2.0327682988617086 5.6374342708799183 3.248382232692226e-16 -0.17364817766693244 -0.98480775301220769 -2.7650770995371186e-16 -0.98480775301220769 0.17364817766693244 -1 2.1589937102280158e-16 -3.6791826069455972e-16 
1 -3.2000000000000068 -18.658414083131454 6.944301615331443 -3.9548274442756527e-16 -0.98480775301220758 0.17364817766693302 -2.8944923166104947e-16 0.17364817766693302 0.98480775301220758 -1 3.3921214128977654e-16 -3.5372670531179218e-16 
1 -3.2000000000000077 -21.335000257900987 9.0409385531517561 -3.2483822326922359e-16 0.17364817766692991 0.98480775301220813 2.7650770995371112e-16 0.98480775301220813 -0.17364817766692991 -1 2.1589937102280163e-16 -3.6791826069456002e-16 
1 -3.2479706550266155e-15 -1.5091411544230509 8.745612184843413 1 -2.2204460492503136e-16 3.3306690738754746e-16 -3.3306690738754746e-16 0 1 -2.2204460492503136e-16 -1 -7.3955709864469988e-32 
