<?xml version='1.0' encoding='utf-8'?>
<!-- FreeCAD DocumentObject -->
<Document SchemaVersion="4" FileVersion="2">
<Object name="Pad">
  <Properties Count="47" TransientCount="2">
    <_Property name="_Body" type="App::PropertyLinkHidden" status="251658240"/>
    <_Property name="_ElementMapVersion" type="App::PropertyString" status="234881024"/>
    <Property name="AddSubShape" type="Part::PropertyPartShape">
      <Part HasherIndex="0" ElementMap="1.15.70200.4" brep="1">
<![CDATA[

CASCADE Topology V1, (c) Matra-Datavision
Locations 5
1
              1               0               0               0 
              0               1               0               0 
              0               0               1               0 
1
2.22044604925031e-16 -2.22044604925031e-16               1               0 
              1 2.22044604925031e-16 -2.22044604925031e-16               0 
-2.22044604925031e-16               1 2.22044604925031e-16               0 
2  1 1 2 1 0
1
              1               0               0             2.5 
              0               1               0 -5.55111512312578e-16 
              0               0               1 6.93889390390723e-16 
2  1 1 2 1 4 1 0
Curve2ds 0
Curves 20
1 -1.4028421424599687e-14 -43.471790580112987 19.706602920310448 1 -2.2204460492503131e-16 2.7755575615628914e-16 
1 -1.3362287609824596e-14 -43.471790580112987 16.706602920310463 1 -2.2204460492503131e-16 2.7755575615628914e-16 
1 -43.471790580112994 19.706602920310438 0 0 -1 0 
1 -7.2452857273589306e-15 -22.638149544005287 9.9917165579211655 1 -2.2204460492503131e-16 2.7755575615628914e-16 
1 -43.471790580112994 19.706602920310438 0 0.90630778703664971 -0.42261826174070005 0 
1 -1.3322676295501928e-15 -2.0876197966840577e-14 6 1 -2.2204460492503131e-16 2.7755575615628914e-16 
1 -2.2208465596390765e-14 6 0 -0.98480775301220802 0.17364817766693025 0 
1 3.3076704571852996e-15 22.899905571789869 8.0034821333457469 1 -2.2204460492503131e-16 2.7755575615628914e-16 
1 -2.2208465596390765e-14 6 0 0.99619469809174555 0.08715574274765793 0 
1 6.358324420096747e-15 44.500976450530132 15.865628961481686 1 -2.2204460492503131e-16 2.7755575615628914e-16 
1 44.500976450530132 15.865628961481697 0 -0.93969262078590821 -0.34202014332566905 0 
1 7.0244582348718409e-15 44.500976450530132 12.865628961481686 1 -2.2204460492503131e-16 2.7755575615628914e-16 
1 44.500976450530132 15.865628961481697 0 0 -1 0 
1 3.9738042719603943e-15 22.899905571789873 5.0034821333457522 1 -2.2204460492503131e-16 2.7755575615628914e-16 
1 44.500976450530132 12.865628961481697 0 -0.93969262078590832 -0.34202014332566893 0 
1 -6.6613381477509392e-16 6.6613381477509412e-16 3 1 -2.2204460492503131e-16 2.7755575615628914e-16 
1 0 3 0 0.99619469809174555 0.087155742747658221 0 
1 -6.5791519125838375e-15 -22.638149544005284 6.991716557921178 1 -2.2204460492503131e-16 2.7755575615628914e-16 
1 -22.638149544005284 6.9917165579211717 0 0.98480775301220791 -0.17364817766693064 0 
1 -43.471790580112994 16.706602920310452 0 0.90630778703664983 -0.4226182617407 0 
Polygon3D 0
PolygonOnTriangulations 0
Surfaces 11
1 -1.4028421424599687e-14 -43.471790580112987 19.706602920310448 2.2204460492503136e-16 1 -2.2204460492503131e-16 2.2204460492503131e-16 -2.2204460492503136e-16 -1 -1 2.2204460492503131e-16 -2.2204460492503136e-16 
1 -1.4028421424599687e-14 -43.471790580112987 19.706602920310448 -1.5771083817897305e-16 0.42261826174070027 0.9063077870366496 2.9508085947534956e-16 0.9063077870366496 -0.42261826174070027 -1 2.007826004591102e-16 -2.6764112064610434e-16 
1 -1.3322676295501928e-15 -2.0876197966840577e-14 6 2.3478141954987417e-16 -0.17364817766693047 -0.98480775301220802 -2.572288894507087e-16 -0.98480775301220802 0.17364817766693047 -1 2.1255163897488743e-16 -2.7588189013233192e-16 
1 -1.3322676295501928e-15 -2.0876197966840577e-14 6 -2.958520351730919e-16 -0.087155742747657708 0.99619469809174555 2.0184719570084107e-16 0.99619469809174555 0.087155742747657708 -1 2.268643100507818e-16 -2.7713408659624814e-16 
1 6.358324420096747e-15 44.500976450530132 15.865628961481686 3.3676082351786863e-16 0.34202014332566888 -0.93969262078590843 -1.327099491322235e-16 -0.93969262078590843 -0.34202014332566888 -1 2.3988554503047538e-16 -2.7106218500658143e-16 
1 6.358324420096747e-15 44.500976450530132 15.865628961481686 2.2204460492503136e-16 1 -2.2204460492503131e-16 2.2204460492503131e-16 -2.2204460492503136e-16 -1 -1 2.2204460492503131e-16 -2.2204460492503136e-16 
1 7.0244582348718409e-15 44.500976450530132 12.865628961481686 3.3676082351786858e-16 0.34202014332566871 -0.93969262078590843 -1.3270994913222347e-16 -0.93969262078590843 -0.34202014332566871 -1 2.3988554503047533e-16 -2.7106218500658143e-16 
1 -6.6613381477509392e-16 6.6613381477509412e-16 3 -2.9585203517309195e-16 -0.087155742747657999 0.99619469809174555 2.0184719570084104e-16 0.99619469809174555 0.087155742747657999 -1 2.268643100507819e-16 -2.7713408659624814e-16 
1 -6.5791519125838375e-15 -22.638149544005284 6.9917165579211771 -2.3478141954987408e-16 0.17364817766693089 0.98480775301220802 2.5722888945070885e-16 0.98480775301220802 -0.17364817766693089 -1 2.1255163897488745e-16 -2.7588189013233197e-16 
1 -1.3362287609824596e-14 -43.471790580112987 16.706602920310463 -1.5771083817897312e-16 0.42261826174070022 0.90630778703664971 2.9508085947534951e-16 0.90630778703664971 -0.42261826174070022 -1 2.0078260045911008e-16 -2.6764112064610429e-16 
1 -1.9924178725060538e-15 0.20421385438473555 9.1772662425693152 1 0 2.2204460492503155e-16 -2.2204460492503155e-16 0 1 0 -1 0 
Triangulations 0

TShapes 54
Ve
1e-07
-43.471790580113 19.7066029203104 0
0 0

0101101
*
Ed
 1e-07 1 1 0
1  1 0 0 2.5
0

0101000
+54 3 -54 5 *
Ve
1e-07
-43.471790580113 16.7066029203105 0
0 0

0101101
*
Ed
 1e-07 1 1 0
1  2 0 0 2.5
0

0101000
+52 3 -52 5 *
Ed
 1e-07 1 1 0
1  3 0 0 2.99999999999999
0

0101000
+54 0 -52 0 *
Wi

0101100
+53 0 -51 0 -50 3 +50 5 *
Fa
0  1e-07 1 0

0111000
+49 0 *
Ve
1e-07
-22.6381495440053 9.99171655792116 0
0 0

0101101
*
Ed
 1e-07 1 1 0
1  4 0 0 2.5
0

0101000
+47 3 -47 5 *
Ed
 1e-07 1 1 0
1  5 0 0 22.9873794908321
0

0101000
+54 0 -47 0 *
Wi

0101100
+53 0 -46 0 -45 3 +45 5 *
Fa
0  1e-07 2 0

0111000
+44 0 *
Ve
1e-07
-2.22084655963908e-14 6 0
0 0

0101101
*
Ed
 1e-07 1 1 0
1  6 0 0 2.5
0

0101000
+42 3 -42 5 *
Ed
 1e-07 1 1 0
1  7 0 0 22.9873794908321
0

0101000
+42 0 -47 0 *
Wi

0101100
+41 0 -46 0 -40 3 +40 5 *
Fa
0  1e-07 3 0

0111000
+39 0 *
Ve
1e-07
22.8999055717899 8.00348213334575 0
0 0

0101101
*
Ed
 1e-07 1 1 0
1  8 0 0 2.5
0

0101000
+37 3 -37 5 *
Ed
 1e-07 1 1 0
1  9 0 0 22.9873794908321
0

0101000
+42 0 -37 0 *
Wi

0101100
+41 0 -36 0 -35 3 +35 5 *
Fa
0  1e-07 4 0

0111000
+34 0 *
Ve
1e-07
44.5009764505301 15.8656289614817 0
0 0

0101101
*
Ed
 1e-07 1 1 0
1  10 0 0 2.5
0

0101000
+32 3 -32 5 *
Ed
 1e-07 1 1 0
1  11 0 0 22.9873794908321
0

0101000
+32 0 -37 0 *
Wi

0101100
+31 0 -36 0 -30 3 +30 5 *
Fa
0  1e-07 5 0

0111000
+29 0 *
Ve
1e-07
44.5009764505301 12.8656289614817 0
0 0

0101101
*
Ed
 1e-07 1 1 0
1  12 0 0 2.5
0

0101000
+27 3 -27 5 *
Ed
 1e-07 1 1 0
1  13 0 0 3
0

0101000
+32 0 -27 0 *
Wi

0101100
+31 0 -26 0 -25 3 +25 5 *
Fa
0  1e-07 6 0

0111000
+24 0 *
Ve
1.00000000444089e-07
22.8999055717899 5.00348213334576 0
0 0

0101101
*
Ed
 1.00000000444089e-07 1 1 0
1  14 0 0 2.5
0

0101000
+22 3 -22 5 *
Ed
 1e-07 1 1 0
1  15 0 0 22.9873794908321
0

0101000
+27 0 -22 0 *
Wi

0101100
+26 0 -21 0 -20 3 +20 5 *
Fa
0  1e-07 7 0

0111000
+19 0 *
Ve
1.00000000222045e-07
0 3 0
0 0

0101101
*
Ed
 1.00000000222045e-07 1 1 0
1  16 0 0 2.5
0

0101000
+17 3 -17 5 *
Ed
 1e-07 1 1 0
1  17 0 0 22.9873794908321
0

0101000
+17 0 -22 0 *
Wi

0101100
+16 0 -21 0 -15 3 +15 5 *
Fa
0  1e-07 8 0

0111000
+14 0 *
Ve
1.00000000444089e-07
-22.6381495440053 6.99171655792117 0
0 0

0101101
*
Ed
 1.00000000444089e-07 1 1 0
1  18 0 0 2.5
0

0101000
+12 3 -12 5 *
Ed
 1e-07 1 1 0
1  19 0 0 22.9873794908321
0

0101000
+12 0 -17 0 *
Wi

0101100
+11 0 -16 0 -10 3 +10 5 *
Fa
0  1e-07 9 0

0111000
+9 0 *
Ed
 1e-07 1 1 0
1  20 0 0 22.9873794908321
0

0101000
+52 0 -12 0 *
Wi

0101100
+51 0 -11 0 -7 3 +7 5 *
Fa
0  1e-07 10 0

0111000
+6 0 *
Wi

0101100
-50 0 +45 0 -40 0 +35 0 -30 0 +25 0 +20 0 -15 0 -10 0 -7 0 
*
Fa
0  1e-07 11 0

0111000
-4 3 *
Sh

0101100
+48 0 -43 0 +38 0 -33 0 +28 0 -23 0 -18 0 +13 0 +8 0 +5 0 
+3 0 -3 4 *
So

1100000
-2 0 *

+1 0 ]]>
      </Part>
      <ElementMap new="1" count="1"><Element key="Dummy" value="Dummy"/></ElementMap>
      <ElementMap2 count="72">
<![CDATA[
7 PostfixCount 11
Edge
Face
Vertex
;:G;XTR;:Heda:7,F
;:G0;XTR;:Heda:8,F
;:U;XTR;:Heda:7,E
;:U;XTR;:Heda:7,V
;FAC;:Heda:4,F
;:G;XTR;:Heda:7,E
;SKT;:Heda,E
;SKT;:Heda,V

MapCount 1

ElementMap 1 7 3

Edge

ChildCount 0

NameCount 31
0
$#5.9 0
$#6.9 0
;g42.a 0
$#1b.6 0
$#7.9 0
;g35.a 0
$#1c.6 0
$#8.9 0
;g36.a 0
$#1d.6 0
$#9.9 0
;g37.a 0
$#1e.6 0
$#a.9 0
;g38.a 0
$#1f.6 0
$#b.9 0
;g44.a 0
$#20.6 0
$#c.9 0
;g39.a 0
$#21.6 0
$#d.9 0
;g40.a 0
$#22.6 0
$#e.9 0
;g41.a 0
$#23.6 0
;g43.a 0
$#24.6 0

Face

ChildCount 0

NameCount 13
0
$#f.4 0
$#3.4 0
$#10.4 0
$#11.4 0
$#12.4 0
$#13.4 0
$#14.4 0
$#15.4 0
$#16.4 0
$#17.4 0
$#3.8 0
$#19.5 0

Vertex

ChildCount 0

NameCount 21
0
;g35v1.b ;g42v1.b 0
$#26.7 0
;g42v2.b ;g43v1.b 0
$#27.7 0
;g35v2.b ;g36v2.b 0
$#28.7 0
;g36v1.b ;g37v1.b 0
$#29.7 0
;g37v2.b ;g38v2.b 0
$#2a.7 0
;g38v1.b ;g44v1.b 0
$#2b.7 0
;g39v1.b ;g44v2.b 0
$#2c.7 0
;g40v2.b ;g39v2.b 0
$#2d.7 0
;g41v2.b ;g40v1.b 0
$#2e.7 0
;g43v2.b ;g41v1.b 0
$#2f.7 0

EndMap
]]>
      </ElementMap2>
    </Property>
    <Property name="AddSubType" type="App::PropertyEnumeration">
      <Integer value="0"/>
    </Property>
    <Property name="AllowMultiFace" type="App::PropertyBool">
      <Bool value="true"/>
    </Property>
    <Property name="AlongSketchNormal" type="App::PropertyBool">
      <Bool value="false"/>
    </Property>
    <Property name="AutoTaperInnerAngle" type="App::PropertyBool">
      <Bool value="true"/>
    </Property>
    <Property name="BaseFeature" type="App::PropertyLink" status="8">
      <Link value=""/>
    </Property>
    <Property name="CheckUpToFaceLimits" type="App::PropertyBool">
      <Bool value="true"/>
    </Property>
    <Property name="ClaimChildren" type="App::PropertyBool" status="134217728">
      <Bool value="false"/>
    </Property>
    <Property name="ColoredElements" type="App::PropertyLinkSubHidden" status="218103808">
      <LinkSub value="" count="0">
      </LinkSub>
    </Property>
    <Property name="Direction" type="App::PropertyVector" status="4">
      <PropertyVector valueX="1" valueY="-2.220446049250313e-16" valueZ="2.775557561562891e-16"/>
    </Property>
    <Property name="ExpressionEngine" type="App::PropertyExpressionEngine" status="67108864">
      <ExpressionEngine count="0"></ExpressionEngine>
    </Property>
    <Property name="Fit" type="App::PropertyDistance">
      <Float value="0"/>
    </Property>
    <Property name="FitJoin" type="App::PropertyEnumeration">
      <Integer value="0"/>
    </Property>
    <Property name="FixShape" type="App::PropertyEnumeration">
      <Integer value="0"/>
    </Property>
    <Property name="InnerFit" type="App::PropertyDistance">
      <Float value="0"/>
    </Property>
    <Property name="InnerFitJoin" type="App::PropertyEnumeration">
      <Integer value="0"/>
    </Property>
    <Property name="InvalidShape" type="App::PropertyBool" status="67108864">
      <Bool value="false"/>
    </Property>
    <Property name="Label" type="App::PropertyString" status="134217728">
      <String value="Pad"/>
    </Property>
    <Property name="Label2" type="App::PropertyString" status="128">
      <String value=""/>
    </Property>
    <Property name="Length" type="App::PropertyLength">
      <Float value="2.5"/>
    </Property>
    <Property name="Length2" type="App::PropertyLength" status="4">
      <Float value="10"/>
    </Property>
    <Property name="Linearize" type="App::PropertyBool">
      <Bool value="true"/>
    </Property>
    <Property name="Midplane" type="App::PropertyBool">
      <Bool value="false"/>
    </Property>
    <Property name="NewSolid" type="App::PropertyBool">
      <Bool value="false"/>
    </Property>
    <Property name="Offset" type="App::PropertyLength" status="4">
      <Float value="0"/>
    </Property>
    <Property name="Placement" type="App::PropertyPlacement" status="8388620">
      <PropertyPlacement Px="0" Py="0" Pz="0" Q0="0" Q1="0" Q2="0" Q3="1" A="0" Ox="0" Oy="0" Oz="1"/>
    </Property>
    <Property name="Profile" type="App::PropertyLinkSub">
      <LinkSub value="Sketch001" count="1">
        <Sub value=""/>
      </LinkSub>
    </Property>
    <Property name="ReferenceAxis" type="App::PropertyLinkSub">
      <LinkSub value="Sketch001" count="1">
        <Sub value="N_Axis"/>
      </LinkSub>
    </Property>
    <Property name="Refine" type="App::PropertyBool">
      <Bool value="false"/>
    </Property>
    <Property name="Reversed" type="App::PropertyBool">
      <Bool value="false"/>
    </Property>
    <Property name="Shape" type="Part::PropertyPartShape">
      <Part HasherIndex="0" ElementMap="1.15.70200.4" brep="1">
<![CDATA[

CASCADE Topology V1, (c) Matra-Datavision
Locations 5
1
              1               0               0               0 
              0               1               0               0 
              0               0               1               0 
1
2.22044604925031e-16 -2.22044604925031e-16               1               0 
              1 2.22044604925031e-16 -2.22044604925031e-16               0 
-2.22044604925031e-16               1 2.22044604925031e-16               0 
2  1 1 2 1 0
1
              1               0               0             2.5 
              0               1               0 -5.55111512312578e-16 
              0               0               1 6.93889390390723e-16 
2  1 1 2 1 4 1 0
Curve2ds 0
Curves 20
1 -1.4028421424599687e-14 -43.471790580112987 19.706602920310448 1 -2.2204460492503131e-16 2.7755575615628914e-16 
1 -1.3362287609824596e-14 -43.471790580112987 16.706602920310463 1 -2.2204460492503131e-16 2.7755575615628914e-16 
1 -43.471790580112994 19.706602920310438 0 0 -1 0 
1 -7.2452857273589306e-15 -22.638149544005287 9.9917165579211655 1 -2.2204460492503131e-16 2.7755575615628914e-16 
1 -43.471790580112994 19.706602920310438 0 0.90630778703664971 -0.42261826174070005 0 
1 -1.3322676295501928e-15 -2.0876197966840577e-14 6 1 -2.2204460492503131e-16 2.7755575615628914e-16 
1 -2.2208465596390765e-14 6 0 -0.98480775301220802 0.17364817766693025 0 
1 3.3076704571852996e-15 22.899905571789869 8.0034821333457469 1 -2.2204460492503131e-16 2.7755575615628914e-16 
1 -2.2208465596390765e-14 6 0 0.99619469809174555 0.08715574274765793 0 
1 6.358324420096747e-15 44.500976450530132 15.865628961481686 1 -2.2204460492503131e-16 2.7755575615628914e-16 
1 44.500976450530132 15.865628961481697 0 -0.93969262078590821 -0.34202014332566905 0 
1 7.0244582348718409e-15 44.500976450530132 12.865628961481686 1 -2.2204460492503131e-16 2.7755575615628914e-16 
1 44.500976450530132 15.865628961481697 0 0 -1 0 
1 3.9738042719603943e-15 22.899905571789873 5.0034821333457522 1 -2.2204460492503131e-16 2.7755575615628914e-16 
1 44.500976450530132 12.865628961481697 0 -0.93969262078590832 -0.34202014332566893 0 
1 -6.6613381477509392e-16 6.6613381477509412e-16 3 1 -2.2204460492503131e-16 2.7755575615628914e-16 
1 0 3 0 0.99619469809174555 0.087155742747658221 0 
1 -6.5791519125838375e-15 -22.638149544005284 6.991716557921178 1 -2.2204460492503131e-16 2.7755575615628914e-16 
1 -22.638149544005284 6.9917165579211717 0 0.98480775301220791 -0.17364817766693064 0 
1 -43.471790580112994 16.706602920310452 0 0.90630778703664983 -0.4226182617407 0 
Polygon3D 0
PolygonOnTriangulations 0
Surfaces 11
1 -1.4028421424599687e-14 -43.471790580112987 19.706602920310448 2.2204460492503136e-16 1 -2.2204460492503131e-16 2.2204460492503131e-16 -2.2204460492503136e-16 -1 -1 2.2204460492503131e-16 -2.2204460492503136e-16 
1 -1.4028421424599687e-14 -43.471790580112987 19.706602920310448 -1.5771083817897305e-16 0.42261826174070027 0.9063077870366496 2.9508085947534956e-16 0.9063077870366496 -0.42261826174070027 -1 2.007826004591102e-16 -2.6764112064610434e-16 
1 -1.3322676295501928e-15 -2.0876197966840577e-14 6 2.3478141954987417e-16 -0.17364817766693047 -0.98480775301220802 -2.572288894507087e-16 -0.98480775301220802 0.17364817766693047 -1 2.1255163897488743e-16 -2.7588189013233192e-16 
1 -1.3322676295501928e-15 -2.0876197966840577e-14 6 -2.958520351730919e-16 -0.087155742747657708 0.99619469809174555 2.0184719570084107e-16 0.99619469809174555 0.087155742747657708 -1 2.268643100507818e-16 -2.7713408659624814e-16 
1 6.358324420096747e-15 44.500976450530132 15.865628961481686 3.3676082351786863e-16 0.34202014332566888 -0.93969262078590843 -1.327099491322235e-16 -0.93969262078590843 -0.34202014332566888 -1 2.3988554503047538e-16 -2.7106218500658143e-16 
1 6.358324420096747e-15 44.500976450530132 15.865628961481686 2.2204460492503136e-16 1 -2.2204460492503131e-16 2.2204460492503131e-16 -2.2204460492503136e-16 -1 -1 2.2204460492503131e-16 -2.2204460492503136e-16 
1 7.0244582348718409e-15 44.500976450530132 12.865628961481686 3.3676082351786858e-16 0.34202014332566871 -0.93969262078590843 -1.3270994913222347e-16 -0.93969262078590843 -0.34202014332566871 -1 2.3988554503047533e-16 -2.7106218500658143e-16 
1 -6.6613381477509392e-16 6.6613381477509412e-16 3 -2.9585203517309195e-16 -0.087155742747657999 0.99619469809174555 2.0184719570084104e-16 0.99619469809174555 0.087155742747657999 -1 2.268643100507819e-16 -2.7713408659624814e-16 
1 -6.5791519125838375e-15 -22.638149544005284 6.9917165579211771 -2.3478141954987408e-16 0.17364817766693089 0.98480775301220802 2.5722888945070885e-16 0.98480775301220802 -0.17364817766693089 -1 2.1255163897488745e-16 -2.7588189013233197e-16 
1 -1.3362287609824596e-14 -43.471790580112987 16.706602920310463 -1.5771083817897312e-16 0.42261826174070022 0.90630778703664971 2.9508085947534951e-16 0.90630778703664971 -0.42261826174070022 -1 2.0078260045911008e-16 -2.6764112064610429e-16 
1 -1.9924178725060538e-15 0.20421385438473555 9.1772662425693152 1 0 2.2204460492503155e-16 -2.2204460492503155e-16 0 1 0 -1 0 
Triangulations 0

TShapes 54
Ve
1e-07
-43.471790580113 19.7066029203104 0
0 0

0101101
*
Ed
 1e-07 1 1 0
1  1 0 0 2.5
0

0101000
+54 3 -54 5 *
Ve
1e-07
-43.471790580113 16.7066029203105 0
0 0

0101101
*
Ed
 1e-07 1 1 0
1  2 0 0 2.5
0

0101000
+52 3 -52 5 *
Ed
 1e-07 1 1 0
1  3 0 0 2.99999999999999
0

0101000
+54 0 -52 0 *
Wi

0101100
+53 0 -51 0 -50 3 +50 5 *
Fa
0  1e-07 1 0

0111000
+49 0 *
Ve
1e-07
-22.6381495440053 9.99171655792116 0
0 0

0101101
*
Ed
 1e-07 1 1 0
1  4 0 0 2.5
0

0101000
+47 3 -47 5 *
Ed
 1e-07 1 1 0
1  5 0 0 22.9873794908321
0

0101000
+54 0 -47 0 *
Wi

0101100
+53 0 -46 0 -45 3 +45 5 *
Fa
0  1e-07 2 0

0111000
+44 0 *
Ve
1e-07
-2.22084655963908e-14 6 0
0 0

0101101
*
Ed
 1e-07 1 1 0
1  6 0 0 2.5
0

0101000
+42 3 -42 5 *
Ed
 1e-07 1 1 0
1  7 0 0 22.9873794908321
0

0101000
+42 0 -47 0 *
Wi

0101100
+41 0 -46 0 -40 3 +40 5 *
Fa
0  1e-07 3 0

0111000
+39 0 *
Ve
1e-07
22.8999055717899 8.00348213334575 0
0 0

0101101
*
Ed
 1e-07 1 1 0
1  8 0 0 2.5
0

0101000
+37 3 -37 5 *
Ed
 1e-07 1 1 0
1  9 0 0 22.9873794908321
0

0101000
+42 0 -37 0 *
Wi

0101100
+41 0 -36 0 -35 3 +35 5 *
Fa
0  1e-07 4 0

0111000
+34 0 *
Ve
1e-07
44.5009764505301 15.8656289614817 0
0 0

0101101
*
Ed
 1e-07 1 1 0
1  10 0 0 2.5
0

0101000
+32 3 -32 5 *
Ed
 1e-07 1 1 0
1  11 0 0 22.9873794908321
0

0101000
+32 0 -37 0 *
Wi

0101100
+31 0 -36 0 -30 3 +30 5 *
Fa
0  1e-07 5 0

0111000
+29 0 *
Ve
1e-07
44.5009764505301 12.8656289614817 0
0 0

0101101
*
Ed
 1e-07 1 1 0
1  12 0 0 2.5
0

0101000
+27 3 -27 5 *
Ed
 1e-07 1 1 0
1  13 0 0 3
0

0101000
+32 0 -27 0 *
Wi

0101100
+31 0 -26 0 -25 3 +25 5 *
Fa
0  1e-07 6 0

0111000
+24 0 *
Ve
1.00000000444089e-07
22.8999055717899 5.00348213334576 0
0 0

0101101
*
Ed
 1.00000000444089e-07 1 1 0
1  14 0 0 2.5
0

0101000
+22 3 -22 5 *
Ed
 1e-07 1 1 0
1  15 0 0 22.9873794908321
0

0101000
+27 0 -22 0 *
Wi

0101100
+26 0 -21 0 -20 3 +20 5 *
Fa
0  1e-07 7 0

0111000
+19 0 *
Ve
1.00000000222045e-07
0 3 0
0 0

0101101
*
Ed
 1.00000000222045e-07 1 1 0
1  16 0 0 2.5
0

0101000
+17 3 -17 5 *
Ed
 1e-07 1 1 0
1  17 0 0 22.9873794908321
0

0101000
+17 0 -22 0 *
Wi

0101100
+16 0 -21 0 -15 3 +15 5 *
Fa
0  1e-07 8 0

0111000
+14 0 *
Ve
1.00000000444089e-07
-22.6381495440053 6.99171655792117 0
0 0

0101101
*
Ed
 1.00000000444089e-07 1 1 0
1  18 0 0 2.5
0

0101000
+12 3 -12 5 *
Ed
 1e-07 1 1 0
1  19 0 0 22.9873794908321
0

0101000
+12 0 -17 0 *
Wi

0101100
+11 0 -16 0 -10 3 +10 5 *
Fa
0  1e-07 9 0

0111000
+9 0 *
Ed
 1e-07 1 1 0
1  20 0 0 22.9873794908321
0

0101000
+52 0 -12 0 *
Wi

0101100
+51 0 -11 0 -7 3 +7 5 *
Fa
0  1e-07 10 0

0111000
+6 0 *
Wi

0101100
-50 0 +45 0 -40 0 +35 0 -30 0 +25 0 +20 0 -15 0 -10 0 -7 0 
*
Fa
0  1e-07 11 0

0111000
-4 3 *
Sh

0101100
+48 0 -43 0 +38 0 -33 0 +28 0 -23 0 -18 0 +13 0 +8 0 +5 0 
+3 0 -3 4 *
So

1100000
-2 0 *

+1 0 ]]>
      </Part>
      <ElementMap new="1" count="1"><Element key="Dummy" value="Dummy"/></ElementMap>
      <ElementMap2 count="72">
<![CDATA[
7 PostfixCount 11
Edge
Face
Vertex
;:G;XTR;:Heda:7,F
;:G0;XTR;:Heda:8,F
;:U;XTR;:Heda:7,E
;:U;XTR;:Heda:7,V
;FAC;:Heda:4,F
;:G;XTR;:Heda:7,E
;SKT;:Heda,E
;SKT;:Heda,V

MapCount 1

ElementMap 1 7 3

Edge

ChildCount 0

NameCount 31
0
$#5.9 0
$#6.9 0
;g42.a 0
$#1b.6 0
$#7.9 0
;g35.a 0
$#1c.6 0
$#8.9 0
;g36.a 0
$#1d.6 0
$#9.9 0
;g37.a 0
$#1e.6 0
$#a.9 0
;g38.a 0
$#1f.6 0
$#b.9 0
;g44.a 0
$#20.6 0
$#c.9 0
;g39.a 0
$#21.6 0
$#d.9 0
;g40.a 0
$#22.6 0
$#e.9 0
;g41.a 0
$#23.6 0
;g43.a 0
$#24.6 0

Face

ChildCount 0

NameCount 13
0
$#f.4 0
$#3.4 0
$#10.4 0
$#11.4 0
$#12.4 0
$#13.4 0
$#14.4 0
$#15.4 0
$#16.4 0
$#17.4 0
$#3.8 0
$#19.5 0

Vertex

ChildCount 0

NameCount 21
0
;g35v1.b ;g42v1.b 0
$#26.7 0
;g42v2.b ;g43v1.b 0
$#27.7 0
;g35v2.b ;g36v2.b 0
$#28.7 0
;g36v1.b ;g37v1.b 0
$#29.7 0
;g37v2.b ;g38v2.b 0
$#2a.7 0
;g38v1.b ;g44v1.b 0
$#2b.7 0
;g39v1.b ;g44v2.b 0
$#2c.7 0
;g40v2.b ;g39v2.b 0
$#2d.7 0
;g41v2.b ;g40v1.b 0
$#2e.7 0
;g43v2.b ;g41v1.b 0
$#2f.7 0

EndMap
]]>
      </ElementMap2>
    </Property>
    <Property name="Suppress" type="App::PropertyBool">
      <Bool value="false"/>
    </Property>
    <Property name="SuppressedShape" type="Part::PropertyPartShape">
      <Part ElementMap="0.15.70200.4" brep="1">
<![CDATA[

CASCADE Topology V1, (c) Matra-Datavision
Locations 0
Curve2ds 0
Curves 0
Polygon3D 0
PolygonOnTriangulations 0
Surfaces 0
Triangulations 0

TShapes 0

*]]>
      </Part>
      <ElementMap/>
    </Property>
    <Property name="TaperAngle" type="App::PropertyAngle">
      <Float value="0"/>
    </Property>
    <Property name="TaperAngle2" type="App::PropertyAngle" status="4">
      <Float value="0"/>
    </Property>
    <Property name="TaperAngleRev" type="App::PropertyAngle" status="4">
      <Float value="0"/>
    </Property>
    <Property name="TaperInnerAngle" type="App::PropertyAngle">
      <Float value="0"/>
    </Property>
    <Property name="TaperInnerAngleRev" type="App::PropertyAngle">
      <Float value="0"/>
    </Property>
    <Property name="TreeRank" type="App::PropertyInteger" status="2184">
      <Integer value="15"/>
    </Property>
    <Property name="Type" type="App::PropertyEnumeration">
      <Integer value="0"/>
    </Property>
    <Property name="UpToFace" type="App::PropertyLinkSub" status="4">
      <LinkSub value="" count="0">
      </LinkSub>
    </Property>
    <Property name="UseCustomVector" type="App::PropertyBool">
      <Bool value="false"/>
    </Property>
    <Property name="UsePipeForDraft" type="App::PropertyBool">
      <Bool value="false"/>
    </Property>
    <Property name="ValidateShape" type="App::PropertyBool">
      <Bool value="true"/>
    </Property>
    <Property name="Visibility" type="App::PropertyBool" status="648">
      <Bool value="false"/>
    </Property>
    <Property name="_ProfileBasedVersion" type="App::PropertyInteger" status="67108864">
      <Integer value="1"/>
    </Property>
    <Property name="_Siblings" type="App::PropertyLinkList" status="218103808">
      <LinkList count="0">
      </LinkList>
    </Property>
  </Properties>
</Object>
</Document>
