<?xml version='1.0' encoding='utf-8'?>
<!-- FreeCAD DocumentObject -->
<Document SchemaVersion="4" FileVersion="2">
<Object name="Pad001">
  <Properties Count="47" TransientCount="2">
    <_Property name="_Body" type="App::PropertyLinkHidden" status="251658241"/>
    <_Property name="_ElementMapVersion" type="App::PropertyString" status="234881024"/>
    <Property name="AddSubShape" type="Part::PropertyPartShape">
      <Part HasherIndex="0" ElementMap="1.15.70200.4" brep="1">
<![CDATA[

CASCADE Topology V1, (c) Matra-Datavision
Locations 8
1
              1               0               0               0 
              0               1               0               0 
              0               0               1               0 
1
2.22044604925031e-16 -3.33066907387547e-16               1               0 
              1 3.33066907387547e-16 -2.22044604925031e-16               0 
-3.33066907387547e-16               1 3.33066907387547e-16               0 
1
              1               0               0            -3.2 
              0               1               0 1.06581410364015e-15 
              0               0               1 -1.24344978758018e-15 
2  1 1 2 1 3 1 0
1
              1               0               0             7.8 
              0               1               0 -2.59792187762287e-15 
              0               0               1 3.03090885722668e-15 
2  1 1 2 1 3 1 5 1 0
2  1 1 2 1 0
2  3 1 5 1 0
Curve2ds 0
Curves 64
1 -3.2000000000000148 -39.837862613736064 17.557334721815554 1 -3.3306690738754696e-16 3.8857805861880479e-16 
1 -3.2000000000000139 -37.118939252626113 16.289479936593448 1 -3.3306690738754696e-16 3.8857805861880479e-16 
1 -39.837862613736071 17.55733472181554 0 0.90630778703664949 -0.42261826174070038 0 
1 -3.2000000000000135 -37.795128471411232 14.839387477334819 1 -3.3306690738754696e-16 3.8857805861880479e-16 
1 -37.795128471411239 14.839387477334808 0 0.42261826174070188 0.90630778703664883 0 
1 -3.2000000000000144 -40.514051832521183 16.107242262556916 1 -3.3306690738754696e-16 3.8857805861880479e-16 
1 -40.51405183252119 16.107242262556902 0 0.90630778703665071 -0.422618261740698 0 
1 -39.837862613736071 17.55733472181554 0 -0.42261826174069977 -0.90630778703664983 0 
1 -3.2000000000000091 -24.793153348927675 10.541871576919952 1 -3.3306690738754696e-16 3.8857805861880479e-16 
1 -3.2000000000000082 -22.074229987817727 9.2740167916978411 1 -3.3306690738754696e-16 3.8857805861880479e-16 
1 -24.793153348927678 10.541871576919945 0 0.90630778703664849 -0.42261826174070283 0 
1 -3.2000000000000077 -22.750419206602846 7.8239243324392032 1 -3.3306690738754696e-16 3.8857805861880479e-16 
1 -22.074229987817731 9.2740167916978358 0 -0.42261826174069939 -0.90630778703665005 0 
1 -3.2000000000000091 -25.469342567712793 9.0917791176613107 1 -3.3306690738754696e-16 3.8857805861880479e-16 
1 -25.469342567712797 9.0917791176613036 0 0.90630778703664872 -0.42261826174070233 0 
1 -24.793153348927678 10.541871576919945 0 -0.42261826174069889 -0.90630778703665016 0 
1 -3.1999999999999984 19.023744803172093 7.4796404606929618 1 -3.3306690738754696e-16 3.8857805861880479e-16 
1 -3.199999999999998 19.570977032493165 5.9761322674355108 1 -3.3306690738754696e-16 3.8857805861880479e-16 
1 19.023744803172089 7.479640460692969 0 0.3420201433256701 -0.93969262078590787 0 
1 -3.1999999999999975 22.390054894850888 7.0021926974125153 1 -3.3306690738754696e-16 3.8857805861880479e-16 
1 19.570977032493161 5.976132267435518 0 0.93969262078590843 0.34202014332566871 0 
1 -3.199999999999998 21.842822665529816 8.5057008906699707 1 -3.3306690738754696e-16 3.8857805861880479e-16 
1 22.390054894850884 7.0021926974125233 0 -0.3420201433256691 0.93969262078590832 0 
1 21.842822665529813 8.5057008906699796 0 -0.93969262078590787 -0.34202014332567027 0 
1 -3.1999999999999966 37.441720170575898 14.183235269876063 1 -3.3306690738754696e-16 3.8857805861880479e-16 
1 -3.1999999999999962 37.988952399896966 12.679727076618608 1 -3.3306690738754696e-16 3.8857805861880479e-16 
1 37.441720170575891 14.183235269876077 0 0.34202014332566749 -0.93969262078590887 0 
1 -3.1999999999999962 35.169874537539243 11.653666646641602 1 -3.3306690738754696e-16 3.8857805861880479e-16 
1 37.988952399896959 12.679727076618622 0 -0.93969262078590843 -0.34202014332566899 0 
1 -3.1999999999999971 34.622642308218175 13.157174839899062 1 -3.3306690738754696e-16 3.8857805861880479e-16 
1 35.169874537539236 11.653666646641616 0 -0.34202014332566671 0.93969262078590909 0 
1 34.622642308218168 13.157174839899074 0 0.93969262078590876 0.34202014332566794 0 
1 -3.2000000000000073 -21.612837342168078 7.4652461483322243 1 -3.3306690738754696e-16 3.8857805861880479e-16 
1 -3.2000000000000068 -18.658414083131454 6.944301615331443 1 -3.3306690738754696e-16 3.8857805861880479e-16 
1 -21.612837342168081 7.4652461483322181 0 0.98480775301220869 -0.17364817766692697 0 
1 -3.2000000000000073 -18.380576998864363 8.5199940201509659 1 -3.3306690738754696e-16 3.8857805861880479e-16 
1 -18.658414083131458 6.9443016153314376 0 0.17364817766693269 0.98480775301220769 0 
1 -3.2000000000000077 -21.335000257900987 9.0409385531517561 1 -3.3306690738754696e-16 3.8857805861880479e-16 
1 -21.33500025790099 9.0409385531517508 0 0.98480775301220824 -0.17364817766692958 0 
1 -21.612837342168081 7.4652461483322181 0 0.17364817766693186 0.98480775301220791 0 
1 -3.2000000000000024 -2.0327682988617086 5.6374342708799183 1 -3.3306690738754696e-16 3.8857805861880479e-16 
1 -3.2000000000000033 -4.987191557898333 6.1583788038807157 1 -3.3306690738754696e-16 3.8857805861880479e-16 
1 -2.0327682988617113 5.6374342708799183 0 -0.9848077530122078 0.17364817766693211 0 
1 -3.2000000000000028 -5.2650286421654213 4.5826863990611901 1 -3.3306690738754696e-16 3.8857805861880479e-16 
1 -4.9871915578983357 6.1583788038807148 0 -0.173648177666931 -0.98480775301220802 0 
1 -3.200000000000002 -2.3106053831287978 4.0617418660603857 1 -3.3306690738754696e-16 3.8857805861880479e-16 
1 -2.3106053831288 4.0617418660603857 0 -0.98480775301220735 0.17364817766693441 0 
1 -2.0327682988617113 5.6374342708799183 0 -0.1736481776669305 -0.98480775301220802 0 
1 -3.2000000000000024 -1.2584021240397649 5.6036247135307384 1 -3.3306690738754696e-16 3.8857805861880479e-16 
1 -3.200000000000002 1.7301819702354722 5.865091941773712 1 -3.3306690738754696e-16 3.8857805861880479e-16 
1 -1.2584021240397678 5.6036247135307393 0 0.99619469809174566 0.087155742747658138 0 
1 -3.2000000000000011 1.8696311586317245 4.2711804248269205 1 -3.3306690738754696e-16 3.8857805861880479e-16 
1 1.730181970235469 5.8650919417737137 0 0.087155742747658194 -0.99619469809174555 0 
1 -3.200000000000002 -1.1189529356435124 4.009713196583947 1 -3.3306690738754696e-16 3.8857805861880479e-16 
1 -1.1189529356435148 4.0097131965839479 0 0.99619469809174566 0.087155742747658138 0 
1 -1.2584021240397678 5.6036247135307393 0 0.087155742747658194 -0.99619469809174555 0 
1 -3.1999999999999984 18.267013958558447 7.3118772713848328 1 -3.3306690738754696e-16 3.8857805861880479e-16 
1 -3.1999999999999993 15.278429864283209 7.0504100431418602 1 -3.3306690738754696e-16 3.8857805861880479e-16 
1 18.267013958558444 7.3118772713848399 0 -0.99619469809174566 -0.087155742747657819 0 
1 -3.1999999999999984 15.417879052679462 5.4564985261950678 1 -3.3306690738754696e-16 3.8857805861880479e-16 
1 15.417879052679458 5.456498526195074 0 -0.087155742747657722 0.99619469809174555 0 
1 -3.199999999999998 18.4064631469547 5.7179657544380413 1 -3.3306690738754696e-16 3.8857805861880479e-16 
1 15.417879052679458 5.456498526195074 0 0.99619469809174566 0.08715574274765811 0 
1 18.406463146954696 5.7179657544380484 0 -0.087155742747657777 0.99619469809174555 0 
Polygon3D 0
PolygonOnTriangulations 0
Surfaces 40
1 -3.2000000000000148 -39.837862613736064 17.557334721815554 -2.1141116295433037e-16 0.42261826174070066 0.90630778703664938 3.4200091195650814e-16 0.90630778703664938 -0.42261826174070066 -1 2.2061187147947974e-16 -3.3613941417677748e-16 
1 -3.2000000000000135 -37.795128471411232 14.839387477334819 -4.6608131545360412e-16 -0.90630778703664872 0.42261826174070216 -2.0802102680723048e-16 0.42261826174070216 0.90630778703664872 -1 3.3449964083309838e-16 -3.8550555182957447e-16 
1 -3.2000000000000144 -40.514051832521183 16.107242262556916 -2.1141116295433162e-16 0.42261826174069828 0.9063077870366506 3.4200091195650764e-16 0.9063077870366506 -0.42261826174069828 -1 2.2061187147947964e-16 -3.3613941417677778e-16 
1 -3.2000000000000148 -39.837862613736064 17.557334721815554 4.6608131545360353e-16 0.90630778703664971 -0.42261826174070005 2.0802102680723129e-16 -0.42261826174070005 -0.90630778703664971 -1 3.3449964083309843e-16 -3.8550555182957417e-16 
1 -3.2479706550266237e-15 -1.5091411544230759 8.7456121848434076 1 0 3.3306690738754741e-16 -3.3306690738754741e-16 0 1 0 -1 0 
1 -3.2000000000000091 -24.793153348927675 10.541871576919952 -2.1141116295432916e-16 0.42261826174070311 0.90630778703664838 3.4200091195650873e-16 0.90630778703664838 -0.42261826174070311 -1 2.2061187147947989e-16 -3.3613941417677718e-16 
1 -3.2000000000000082 -22.074229987817727 9.2740167916978411 4.6608131545360353e-16 0.90630778703664994 -0.42261826174069966 2.0802102680723136e-16 -0.42261826174069966 -0.90630778703664994 -1 3.3449964083309848e-16 -3.8550555182957403e-16 
1 -3.2000000000000091 -25.469342567712793 9.0917791176613107 -2.1141116295432943e-16 0.42261826174070261 0.9063077870366486 3.4200091195650863e-16 0.9063077870366486 -0.42261826174070261 -1 2.2061187147947984e-16 -3.3613941417677728e-16 
1 -3.2000000000000091 -24.793153348927675 10.541871576919952 4.6608131545360334e-16 0.90630778703665005 -0.42261826174069916 2.0802102680723166e-16 -0.42261826174069916 -0.90630778703665005 -1 3.3449964083309843e-16 -3.8550555182957407e-16 
1 -3.2479706550266237e-15 -1.5091411544230759 8.7456121848434076 1 0 3.3306690738754741e-16 -3.3306690738754741e-16 0 1 0 -1 0 
1 -3.1999999999999984 19.023744803172093 7.4796404606929618 1.8007899179804718e-16 0.93969262078590798 0.34202014332566977 3.8892424270121213e-16 0.34202014332566977 -0.93969262078590798 -1 3.0223882498268714e-16 -3.0387859832636634e-16 
1 -3.199999999999998 19.570977032493165 5.9761322674355108 -4.7905952568513095e-16 -0.34202014332566838 0.93969262078590854 9.4738085331648304e-17 0.93969262078590854 0.34202014332566838 -1 2.5287268732989084e-16 -4.1776636767998527e-16 
1 -3.1999999999999975 22.390054894850888 7.0021926974125153 -1.8007899179804772e-16 -0.93969262078590843 -0.34202014332566877 -3.8892424270121228e-16 -0.34202014332566877 0.93969262078590843 -1 3.0223882498268733e-16 -3.0387859832636668e-16 
1 -3.199999999999998 21.842822665529816 8.5057008906699707 4.7905952568513124e-16 0.34202014332566993 -0.93969262078590798 -9.4738085331647638e-17 -0.93969262078590798 -0.34202014332566993 -1 2.5287268732989099e-16 -4.1776636767998532e-16 
1 -3.2479706550266237e-15 -1.5091411544230759 8.7456121848434076 1 0 3.3306690738754741e-16 -3.3306690738754741e-16 0 1 0 -1 0 
1 -3.1999999999999966 37.441720170575898 14.183235269876063 1.8007899179804854e-16 0.93969262078590898 0.34202014332566716 3.8892424270121198e-16 0.34202014332566716 -0.93969262078590898 -1 3.0223882498268753e-16 -3.0387859832636658e-16 
1 -3.1999999999999962 37.988952399896966 12.679727076618608 4.7905952568513105e-16 0.34202014332566866 -0.93969262078590854 -9.473808533164818e-17 -0.93969262078590854 -0.34202014332566866 -1 2.5287268732989084e-16 -4.1776636767998527e-16 
1 -3.1999999999999962 35.169874537539243 11.653666646641602 -1.8007899179804893e-16 -0.93969262078590932 -0.34202014332566644 -3.8892424270121183e-16 -0.34202014332566644 0.93969262078590932 -1 3.0223882498268758e-16 -3.0387859832636653e-16 
1 -3.1999999999999971 34.622642308218175 13.157174839899062 -4.7905952568513085e-16 -0.3420201433256676 0.93969262078590887 9.4738085331648599e-17 0.93969262078590887 0.3420201433256676 -1 2.5287268732989069e-16 -4.1776636767998512e-16 
1 -3.2479706550266237e-15 -1.5091411544230759 8.7456121848434076 1 0 3.3306690738754741e-16 -3.3306690738754741e-16 0 1 0 -1 0 
1 -3.2000000000000073 -21.612837342168078 7.4652461483322243 -3.2483822326922462e-16 0.17364817766692731 0.98480775301220858 2.7650770995371038e-16 0.98480775301220858 -0.17364817766692731 -1 2.1589937102280173e-16 -3.6791826069456031e-16 
1 -3.2000000000000068 -18.658414083131454 6.944301615331443 -3.9548274442756527e-16 -0.98480775301220758 0.17364817766693302 -2.8944923166104947e-16 0.17364817766693302 0.98480775301220758 -1 3.3921214128977654e-16 -3.5372670531179218e-16 
1 -3.2000000000000077 -21.335000257900987 9.0409385531517561 -3.2483822326922359e-16 0.17364817766692991 0.98480775301220813 2.7650770995371112e-16 0.98480775301220813 -0.17364817766692991 -1 2.1589937102280163e-16 -3.6791826069456002e-16 
1 -3.2000000000000073 -21.612837342168078 7.4652461483322243 -3.9548274442756502e-16 -0.9848077530122078 0.17364817766693219 -2.8944923166104972e-16 0.17364817766693219 0.9848077530122078 -1 3.3921214128977659e-16 -3.5372670531179213e-16 
1 -3.2479706550266237e-15 -1.5091411544230759 8.7456121848434076 1 0 3.3306690738754741e-16 -3.3306690738754741e-16 0 1 0 -1 0 
1 -3.2000000000000024 -2.0327682988617086 5.6374342708799183 3.248382232692226e-16 -0.17364817766693244 -0.98480775301220769 -2.7650770995371186e-16 -0.98480775301220769 0.17364817766693244 -1 2.1589937102280158e-16 -3.6791826069455972e-16 
1 -3.2000000000000033 -4.987191557898333 6.1583788038807157 3.9548274442756473e-16 0.98480775301220791 -0.17364817766693133 2.8944923166105002e-16 -0.17364817766693133 -0.98480775301220791 -1 3.3921214128977654e-16 -3.5372670531179208e-16 
1 -3.200000000000002 -2.3106053831287978 4.0617418660603857 3.2483822326922171e-16 -0.17364817766693474 -0.98480775301220735 -2.7650770995371255e-16 -0.98480775301220735 0.17364817766693474 -1 2.1589937102280158e-16 -3.6791826069455948e-16 
1 -3.2000000000000024 -2.0327682988617086 5.6374342708799183 3.9548274442756458e-16 0.98480775301220802 -0.17364817766693086 2.8944923166105007e-16 -0.17364817766693086 -0.98480775301220802 -1 3.3921214128977654e-16 -3.5372670531179188e-16 
1 -3.2479706550266237e-15 -1.5091411544230759 8.7456121848434076 1 0 3.3306690738754741e-16 -3.3306690738754741e-16 0 1 0 -1 0 
1 -3.2000000000000024 -1.2584021240397649 5.6036247135307384 -4.1612809548886392e-16 -0.087155742747657805 0.99619469809174566 1.9217096446816529e-16 0.99619469809174566 0.087155742747657805 -1 2.2770764917086364e-16 -3.9779579931026508e-16 
1 -3.200000000000002 1.7301819702354722 5.865091941773712 2.9793267793492387e-16 0.99619469809174555 0.087155742747657861 3.5115194971464011e-16 0.087155742747657861 -0.99619469809174555 -1 3.2740386314171443e-16 -3.2384916669608672e-16 
1 -3.200000000000002 -1.1189529356435124 4.009713196583947 -4.1612809548886392e-16 -0.087155742747657805 0.99619469809174566 1.9217096446816529e-16 0.99619469809174566 0.087155742747657805 -1 2.2770764917086364e-16 -3.9779579931026508e-16 
1 -3.2000000000000024 -1.2584021240397649 5.6036247135307384 2.9793267793492387e-16 0.99619469809174555 0.087155742747657861 3.5115194971464011e-16 0.087155742747657861 -0.99619469809174555 -1 3.2740386314171443e-16 -3.2384916669608672e-16 
1 -3.2479706550266237e-15 -1.5091411544230759 8.7456121848434076 1 0 3.3306690738754741e-16 -3.3306690738754741e-16 0 1 0 -1 0 
1 -3.1999999999999984 18.267013958558447 7.3118772713848328 4.1612809548886383e-16 0.087155742747657486 -0.99619469809174566 -1.9217096446816541e-16 -0.99619469809174566 -0.087155742747657486 -1 2.2770764917086364e-16 -3.9779579931026503e-16 
1 -3.1999999999999984 15.417879052679462 5.4564985261950678 -2.9793267793492407e-16 -0.99619469809174566 -0.087155742747657403 -3.5115194971463996e-16 -0.087155742747657403 0.99619469809174566 -1 3.2740386314171438e-16 -3.2384916669608667e-16 
1 -3.1999999999999984 15.417879052679462 5.4564985261950678 -4.1612809548886387e-16 -0.087155742747657777 0.99619469809174566 1.9217096446816531e-16 0.99619469809174566 0.087155742747657777 -1 2.2770764917086364e-16 -3.9779579931026503e-16 
1 -3.199999999999998 18.4064631469547 5.7179657544380413 -2.9793267793492402e-16 -0.99619469809174566 -0.087155742747657458 -3.5115194971464006e-16 -0.087155742747657458 0.99619469809174566 -1 3.2740386314171438e-16 -3.2384916669608677e-16 
1 -3.2479706550266237e-15 -1.5091411544230759 8.7456121848434076 1 0 3.3306690738754741e-16 -3.3306690738754741e-16 0 1 0 -1 0 
Triangulations 0

TShapes 193
Ve
1e-07
-39.8378626137361 17.5573347218155 0
0 0

0101101
*
Ed
 1e-07 1 1 0
1  1 0 0 7.8
0

0101000
+193 4 -193 6 *
Ve
1e-07
-37.1189392526261 16.2894799365934 0
0 0

0101101
*
Ed
 1e-07 1 1 0
1  2 0 0 7.8
0

0101000
+191 4 -191 6 *
Ed
 1e-07 1 1 0
1  3 0 0 3
0

0101000
+193 0 -191 0 *
Wi

0101100
+192 0 -190 0 -189 4 +189 6 *
Fa
0  1e-07 1 0

0111000
+188 0 *
Ve
1e-07
-37.7951284714112 14.8393874773348 0
0 0

0101101
*
Ed
 1e-07 1 1 0
1  4 0 0 7.8
0

0101000
+186 4 -186 6 *
Ed
 1e-07 1 1 0
1  5 0 0 1.59999999999999
0

0101000
+186 0 -191 0 *
Wi

0101100
+185 0 -190 0 -184 4 +184 6 *
Fa
0  1e-07 2 0

0111000
+183 0 *
Ve
1e-07
-40.5140518325212 16.1072422625569 0
0 0

0101101
*
Ed
 1e-07 1 1 0
1  6 0 0 7.8
0

0101000
+181 4 -181 6 *
Ed
 1e-07 1 1 0
1  7 0 0 3
0

0101000
+181 0 -186 0 *
Wi

0101100
+180 0 -185 0 -179 4 +179 6 *
Fa
0  1e-07 3 0

0111000
+178 0 *
Ed
 1e-07 1 1 0
1  8 0 0 1.6
0

0101000
+193 0 -181 0 *
Wi

0101100
+192 0 -180 0 -176 4 +176 6 *
Fa
0  1e-07 4 0

0111000
+175 0 *
Wi

0101100
+189 0 -184 0 -179 0 -176 0 *
Fa
0  1e-07 5 0

0111000
-173 7 *
Sh

0101100
-187 0 +182 0 +177 0 +174 0 +172 3 -172 8 *
So

0100000
-171 0 *
Ve
1e-07
-24.7931533489277 10.5418715769199 0
0 0

0101101
*
Ed
 1e-07 1 1 0
1  9 0 0 7.8
0

0101000
+169 4 -169 6 *
Ve
1e-07
-22.0742299878177 9.27401679169784 0
0 0

0101101
*
Ed
 1e-07 1 1 0
1  10 0 0 7.8
0

0101000
+167 4 -167 6 *
Ed
 1e-07 1 1 0
1  11 0 0 3
0

0101000
+169 0 -167 0 *
Wi

0101100
+168 0 -166 0 -165 4 +165 6 *
Fa
0  1e-07 6 0

0111000
+164 0 *
Ve
1e-07
-22.7504192066028 7.8239243324392 0
0 0

0101101
*
Ed
 1e-07 1 1 0
1  12 0 0 7.8
0

0101000
+162 4 -162 6 *
Ed
 1e-07 1 1 0
1  13 0 0 1.6
0

0101000
+167 0 -162 0 *
Wi

0101100
+166 0 -161 0 -160 4 +160 6 *
Fa
0  1e-07 7 0

0111000
+159 0 *
Ve
1e-07
-25.4693425677128 9.0917791176613 0
0 0

0101101
*
Ed
 1e-07 1 1 0
1  14 0 0 7.8
0

0101000
+157 4 -157 6 *
Ed
 1e-07 1 1 0
1  15 0 0 3
0

0101000
+157 0 -162 0 *
Wi

0101100
+156 0 -161 0 -155 4 +155 6 *
Fa
0  1e-07 8 0

0111000
+154 0 *
Ed
 1e-07 1 1 0
1  16 0 0 1.6
0

0101000
+169 0 -157 0 *
Wi

0101100
+168 0 -156 0 -152 4 +152 6 *
Fa
0  1e-07 9 0

0111000
+151 0 *
Wi

0101100
+165 0 +160 0 -155 0 -152 0 *
Fa
0  1e-07 10 0

0111000
-149 7 *
Sh

0101100
-163 0 -158 0 +153 0 +150 0 +148 3 -148 8 *
So

0100000
-147 0 *
Ve
1e-07
19.0237448031721 7.47964046069297 0
0 0

0101101
*
Ed
 1e-07 1 1 0
1  17 0 0 7.8
0

0101000
+145 4 -145 6 *
Ve
1e-07
19.5709770324932 5.97613226743552 0
0 0

0101101
*
Ed
 1e-07 1 1 0
1  18 0 0 7.8
0

0101000
+143 4 -143 6 *
Ed
 1e-07 1 1 0
1  19 0 0 1.6
0

0101000
+145 0 -143 0 *
Wi

0101100
+144 0 -142 0 -141 4 +141 6 *
Fa
0  1e-07 11 0

0111000
+140 0 *
Ve
1e-07
22.3900548948509 7.00219269741252 0
0 0

0101101
*
Ed
 1e-07 1 1 0
1  20 0 0 7.8
0

0101000
+138 4 -138 6 *
Ed
 1e-07 1 1 0
1  21 0 0 3
0

0101000
+143 0 -138 0 *
Wi

0101100
+142 0 -137 0 -136 4 +136 6 *
Fa
0  1e-07 12 0

0111000
+135 0 *
Ve
1e-07
21.8428226655298 8.50570089066998 0
0 0

0101101
*
Ed
 1e-07 1 1 0
1  22 0 0 7.8
0

0101000
+133 4 -133 6 *
Ed
 1e-07 1 1 0
1  23 0 0 1.6
0

0101000
+138 0 -133 0 *
Wi

0101100
+137 0 -132 0 -131 4 +131 6 *
Fa
0  1e-07 13 0

0111000
+130 0 *
Ed
 1e-07 1 1 0
1  24 0 0 3
0

0101000
+133 0 -145 0 *
Wi

0101100
+132 0 -144 0 -128 4 +128 6 *
Fa
0  1e-07 14 0

0111000
+127 0 *
Wi

0101100
+141 0 +136 0 +131 0 +128 0 *
Fa
0  1e-07 15 0

0111000
+125 7 *
Sh

0101100
+139 0 +134 0 +129 0 +126 0 +124 3 -124 8 *
So

0100000
-123 0 *
Ve
1e-07
37.4417201705759 14.1832352698761 0
0 0

0101101
*
Ed
 1e-07 1 1 0
1  25 0 0 7.8
0

0101000
+121 4 -121 6 *
Ve
1e-07
37.988952399897 12.6797270766186 0
0 0

0101101
*
Ed
 1e-07 1 1 0
1  26 0 0 7.8
0

0101000
+119 4 -119 6 *
Ed
 1e-07 1 1 0
1  27 0 0 1.6
0

0101000
+121 0 -119 0 *
Wi

0101100
+120 0 -118 0 -117 4 +117 6 *
Fa
0  1e-07 16 0

0111000
+116 0 *
Ve
1e-07
35.1698745375392 11.6536666466416 0
0 0

0101101
*
Ed
 1e-07 1 1 0
1  28 0 0 7.8
0

0101000
+114 4 -114 6 *
Ed
 1e-07 1 1 0
1  29 0 0 3
0

0101000
+119 0 -114 0 *
Wi

0101100
+118 0 -113 0 -112 4 +112 6 *
Fa
0  1e-07 17 0

0111000
+111 0 *
Ve
1e-07
34.6226423082182 13.1571748398991 0
0 0

0101101
*
Ed
 1e-07 1 1 0
1  30 0 0 7.8
0

0101000
+109 4 -109 6 *
Ed
 1e-07 1 1 0
1  31 0 0 1.6
0

0101000
+114 0 -109 0 *
Wi

0101100
+113 0 -108 0 -107 4 +107 6 *
Fa
0  1e-07 18 0

0111000
+106 0 *
Ed
 1e-07 1 1 0
1  32 0 0 3
0

0101000
+109 0 -121 0 *
Wi

0101100
+108 0 -120 0 -104 4 +104 6 *
Fa
0  1e-07 19 0

0111000
+103 0 *
Wi

0101100
+117 0 +112 0 +107 0 +104 0 *
Fa
0  1e-07 20 0

0111000
-101 7 *
Sh

0101100
-115 0 -110 0 -105 0 -102 0 +100 3 -100 8 *
So

0100000
-99 0 *
Ve
1e-07
-21.6128373421681 7.46524614833222 0
0 0

0101101
*
Ed
 1e-07 1 1 0
1  33 0 0 7.8
0

0101000
+97 4 -97 6 *
Ve
1e-07
-18.6584140831315 6.94430161533144 0
0 0

0101101
*
Ed
 1e-07 1 1 0
1  34 0 0 7.8
0

0101000
+95 4 -95 6 *
Ed
 1e-07 1 1 0
1  35 0 0 3
0

0101000
+97 0 -95 0 *
Wi

0101100
+96 0 -94 0 -93 4 +93 6 *
Fa
0  1e-07 21 0

0111000
+92 0 *
Ve
1e-07
-18.3805769988644 8.51999402015096 0
0 0

0101101
*
Ed
 1e-07 1 1 0
1  36 0 0 7.8
0

0101000
+90 4 -90 6 *
Ed
 1e-07 1 1 0
1  37 0 0 1.59999999999999
0

0101000
+95 0 -90 0 *
Wi

0101100
+94 0 -89 0 -88 4 +88 6 *
Fa
0  1e-07 22 0

0111000
+87 0 *
Ve
1e-07
-21.335000257901 9.04093855315175 0
0 0

0101101
*
Ed
 1e-07 1 1 0
1  38 0 0 7.8
0

0101000
+85 4 -85 6 *
Ed
 1e-07 1 1 0
1  39 0 0 3
0

0101000
+85 0 -90 0 *
Wi

0101100
+84 0 -89 0 -83 4 +83 6 *
Fa
0  1e-07 23 0

0111000
+82 0 *
Ed
 1e-07 1 1 0
1  40 0 0 1.6
0

0101000
+97 0 -85 0 *
Wi

0101100
+96 0 -84 0 -80 4 +80 6 *
Fa
0  1e-07 24 0

0111000
+79 0 *
Wi

0101100
+93 0 +88 0 -83 0 -80 0 *
Fa
0  1e-07 25 0

0111000
+77 7 *
Sh

0101100
+91 0 +86 0 -81 0 -78 0 +76 3 -76 8 *
So

0100000
-75 0 *
Ve
1e-07
-2.03276829886171 5.63743427087992 0
0 0

0101101
*
Ed
 1e-07 1 1 0
1  41 0 0 7.8
0

0101000
+73 4 -73 6 *
Ve
1e-07
-4.98719155789834 6.15837880388071 0
0 0

0101101
*
Ed
 1e-07 1 1 0
1  42 0 0 7.8
0

0101000
+71 4 -71 6 *
Ed
 1e-07 1 1 0
1  43 0 0 3
0

0101000
+73 0 -71 0 *
Wi

0101100
+72 0 -70 0 -69 4 +69 6 *
Fa
0  1e-07 26 0

0111000
+68 0 *
Ve
1e-07
-5.26502864216542 4.58268639906119 0
0 0

0101101
*
Ed
 1e-07 1 1 0
1  44 0 0 7.8
0

0101000
+66 4 -66 6 *
Ed
 1e-07 1 1 0
1  45 0 0 1.59999999999999
0

0101000
+71 0 -66 0 *
Wi

0101100
+70 0 -65 0 -64 4 +64 6 *
Fa
0  1e-07 27 0

0111000
+63 0 *
Ve
1e-07
-2.3106053831288 4.06174186606039 0
0 0

0101101
*
Ed
 1e-07 1 1 0
1  46 0 0 7.8
0

0101000
+61 4 -61 6 *
Ed
 1e-07 1 1 0
1  47 0 0 3
0

0101000
+61 0 -66 0 *
Wi

0101100
+60 0 -65 0 -59 4 +59 6 *
Fa
0  1e-07 28 0

0111000
+58 0 *
Ed
 1e-07 1 1 0
1  48 0 0 1.6
0

0101000
+73 0 -61 0 *
Wi

0101100
+72 0 -60 0 -56 4 +56 6 *
Fa
0  1e-07 29 0

0111000
+55 0 *
Wi

0101100
+69 0 +64 0 -59 0 -56 0 *
Fa
0  1e-07 30 0

0111000
+53 7 *
Sh

0101100
+67 0 +62 0 -57 0 -54 0 +52 3 -52 8 *
So

0100000
-51 0 *
Ve
1e-07
-1.25840212403977 5.60362471353074 0
0 0

0101101
*
Ed
 1e-07 1 1 0
1  49 0 0 7.8
0

0101000
+49 4 -49 6 *
Ve
1e-07
1.73018197023547 5.86509194177371 0
0 0

0101101
*
Ed
 1e-07 1 1 0
1  50 0 0 7.8
0

0101000
+47 4 -47 6 *
Ed
 1e-07 1 1 0
1  51 0 0 3
0

0101000
+49 0 -47 0 *
Wi

0101100
+48 0 -46 0 -45 4 +45 6 *
Fa
0  1e-07 31 0

0111000
+44 0 *
Ve
1e-07
1.86963115863172 4.27118042482692 0
0 0

0101101
*
Ed
 1e-07 1 1 0
1  52 0 0 7.8
0

0101000
+42 4 -42 6 *
Ed
 1e-07 1 1 0
1  53 0 0 1.6
0

0101000
+47 0 -42 0 *
Wi

0101100
+46 0 -41 0 -40 4 +40 6 *
Fa
0  1e-07 32 0

0111000
+39 0 *
Ve
1e-07
-1.11895293564351 4.00971319658395 0
0 0

0101101
*
Ed
 1e-07 1 1 0
1  54 0 0 7.8
0

0101000
+37 4 -37 6 *
Ed
 1e-07 1 1 0
1  55 0 0 3
0

0101000
+37 0 -42 0 *
Wi

0101100
+36 0 -41 0 -35 4 +35 6 *
Fa
0  1e-07 33 0

0111000
+34 0 *
Ed
 1e-07 1 1 0
1  56 0 0 1.6
0

0101000
+49 0 -37 0 *
Wi

0101100
+48 0 -36 0 -32 4 +32 6 *
Fa
0  1e-07 34 0

0111000
+31 0 *
Wi

0101100
+45 0 +40 0 -35 0 -32 0 *
Fa
0  1e-07 35 0

0111000
-29 7 *
Sh

0101100
-43 0 -38 0 +33 0 +30 0 +28 3 -28 8 *
So

0100000
-27 0 *
Ve
1e-07
18.2670139585584 7.31187727138484 0
0 0

0101101
*
Ed
 1e-07 1 1 0
1  57 0 0 7.8
0

0101000
+25 4 -25 6 *
Ve
1e-07
15.2784298642832 7.05041004314187 0
0 0

0101101
*
Ed
 1e-07 1 1 0
1  58 0 0 7.8
0

0101000
+23 4 -23 6 *
Ed
 1e-07 1 1 0
1  59 0 0 3
0

0101000
+25 0 -23 0 *
Wi

0101100
+24 0 -22 0 -21 4 +21 6 *
Fa
0  1e-07 36 0

0111000
+20 0 *
Ve
1e-07
15.4178790526795 5.45649852619507 0
0 0

0101101
*
Ed
 1e-07 1 1 0
1  60 0 0 7.8
0

0101000
+18 4 -18 6 *
Ed
 1e-07 1 1 0
1  61 0 0 1.6
0

0101000
+18 0 -23 0 *
Wi

0101100
+17 0 -22 0 -16 4 +16 6 *
Fa
0  1e-07 37 0

0111000
+15 0 *
Ve
1e-07
18.4064631469547 5.71796575443805 0
0 0

0101101
*
Ed
 1e-07 1 1 0
1  62 0 0 7.8
0

0101000
+13 4 -13 6 *
Ed
 1e-07 1 1 0
1  63 0 0 3
0

0101000
+18 0 -13 0 *
Wi

0101100
+17 0 -12 0 -11 4 +11 6 *
Fa
0  1e-07 38 0

0111000
+10 0 *
Ed
 1e-07 1 1 0
1  64 0 0 1.6
0

0101000
+13 0 -25 0 *
Wi

0101100
+12 0 -24 0 -8 4 +8 6 *
Fa
0  1e-07 39 0

0111000
+7 0 *
Wi

0101100
+21 0 -16 0 +11 0 +8 0 *
Fa
0  1e-07 40 0

0111000
+5 7 *
Sh

0101100
+19 0 -14 0 +9 0 +6 0 +4 3 -4 8 *
So

0100000
-3 0 *
Co

1100000
+170 0 +146 0 +122 0 +98 0 +74 0 +50 0 +26 0 +2 0 *

+1 0 ]]>
      </Part>
      <ElementMap new="1" count="1"><Element key="Dummy" value="Dummy"/></ElementMap>
      <ElementMap2 count="208">
<![CDATA[
9 PostfixCount 11
Edge
Face
Vertex
;:G;XTR;:Hedc:7,F
;FAC;:Hedc:4,F
;:G;XTR;:Hedc:7,E
;:G0;XTR;:Hedc:8,F
;:U;XTR;:Hedc:7,E
;:U;XTR;:Hedc:7,V
;SKT;:Hedc,E
;SKT;:Hedc,V

MapCount 1

ElementMap 1 9 3

Edge

ChildCount 0

NameCount 97
0
$#214.6 0
$#215.6 0
;g72.a 0
$#234.8 0
$#216.6 0
;g73.a 0
$#235.8 0
$#217.6 0
;g74.a 0
$#236.8 0
;g75.a 0
$#237.8 0
$#218.6 0
$#219.6 0
;g76.a 0
$#238.8 0
$#21a.6 0
;g77.a 0
$#239.8 0
$#21b.6 0
;g79.a 0
$#23a.8 0
;g78.a 0
$#23b.8 0
$#567.6 0
$#568.6 0
;g109.a 0
$#587.8 0
$#569.6 0
;g110.a 0
$#588.8 0
$#56a.6 0
;g111.a 0
$#589.8 0
;g112.a 0
$#58a.8 0
$#56b.6 0
$#56c.6 0
;g117.a 0
$#58b.8 0
$#56d.6 0
;g118.a 0
$#58c.8 0
$#56e.6 0
;g119.a 0
$#58d.8 0
;g120.a 0
$#58e.8 0
$#21c.6 0
$#21d.6 0
;g80.a 0
$#23c.8 0
$#21e.6 0
;g81.a 0
$#23d.8 0
$#21f.6 0
;g84.a 0
$#23e.8 0
;g83.a 0
$#23f.8 0
$#220.6 0
$#221.6 0
;g85.a 0
$#240.8 0
$#222.6 0
;g86.a 0
$#241.8 0
$#223.6 0
;g87.a 0
$#242.8 0
;g88.a 0
$#243.8 0
$#56f.6 0
$#570.6 0
;g105.a 0
$#58f.8 0
$#571.6 0
;g106.a 0
$#590.8 0
$#572.6 0
;g107.a 0
$#591.8 0
;g108.a 0
$#592.8 0
$#573.6 0
$#574.6 0
;g113.a 0
$#593.8 0
$#575.6 0
;g114.a 0
$#594.8 0
$#576.6 0
;g115.a 0
$#595.8 0
;g116.a 0
$#596.8 0

Face

ChildCount 0

NameCount 49
0
$#210.4 0
$#224.4 0
$#225.4 0
$#226.4 0
$#210.5 0
$#227.7 0
$#211.4 0
$#228.4 0
$#229.4 0
$#22a.4 0
$#211.5 0
$#22b.7 0
$#563.4 0
$#577.4 0
$#578.4 0
$#579.4 0
$#563.5 0
$#57a.7 0
$#564.4 0
$#57b.4 0
$#57c.4 0
$#57d.4 0
$#564.5 0
$#57e.7 0
$#212.4 0
$#22c.4 0
$#22d.4 0
$#22e.4 0
$#212.5 0
$#22f.7 0
$#213.4 0
$#230.4 0
$#231.4 0
$#232.4 0
$#213.5 0
$#233.7 0
$#565.4 0
$#57f.4 0
$#580.4 0
$#581.4 0
$#565.5 0
$#582.7 0
$#566.4 0
$#583.4 0
$#584.4 0
$#585.4 0
$#566.5 0
$#586.7 0

Vertex

ChildCount 0

NameCount 65
0
;g72v1.b 0
$#244.9 0
;g72v2.b 0
$#245.9 0
;g73v1.b 0
$#246.9 0
;g74v1.b 0
$#247.9 0
;g76v1.b 0
$#248.9 0
;g76v2.b 0
$#249.9 0
;g77v2.b 0
$#24a.9 0
;g78v2.b 0
$#24b.9 0
;g109v1.b 0
$#597.9 0
;g109v2.b 0
$#598.9 0
;g110v2.b 0
$#599.9 0
;g111v2.b 0
$#59a.9 0
;g117v1.b 0
$#59b.9 0
;g117v2.b 0
$#59c.9 0
;g118v2.b 0
$#59d.9 0
;g119v2.b 0
$#59e.9 0
;g80v1.b 0
$#24c.9 0
;g80v2.b 0
$#24d.9 0
;g81v2.b 0
$#24e.9 0
;g83v2.b 0
$#24f.9 0
;g85v1.b 0
$#250.9 0
;g85v2.b 0
$#251.9 0
;g86v2.b 0
$#252.9 0
;g87v1.b 0
$#253.9 0
;g105v1.b 0
$#59f.9 0
;g105v2.b 0
$#5a0.9 0
;g106v2.b 0
$#5a1.9 0
;g107v1.b 0
$#5a2.9 0
;g113v1.b 0
$#5a3.9 0
;g113v2.b 0
$#5a4.9 0
;g114v1.b 0
$#5a5.9 0
;g115v2.b 0
$#5a6.9 0

EndMap
]]>
      </ElementMap2>
    </Property>
    <Property name="AddSubType" type="App::PropertyEnumeration">
      <Integer value="1"/>
    </Property>
    <Property name="AllowMultiFace" type="App::PropertyBool">
      <Bool value="true"/>
    </Property>
    <Property name="AlongSketchNormal" type="App::PropertyBool">
      <Bool value="false"/>
    </Property>
    <Property name="AutoTaperInnerAngle" type="App::PropertyBool">
      <Bool value="true"/>
    </Property>
    <Property name="BaseFeature" type="App::PropertyLink" status="8">
      <Link value="Pad"/>
    </Property>
    <Property name="CheckUpToFaceLimits" type="App::PropertyBool">
      <Bool value="true"/>
    </Property>
    <Property name="ClaimChildren" type="App::PropertyBool" status="134217728">
      <Bool value="false"/>
    </Property>
    <Property name="ColoredElements" type="App::PropertyLinkSubHidden" status="218103808">
      <LinkSub value="" count="0">
      </LinkSub>
    </Property>
    <Property name="Direction" type="App::PropertyVector" status="4">
      <PropertyVector valueX="1" valueY="-3e-16" valueZ="4e-16"/>
    </Property>
    <Property name="ExpressionEngine" type="App::PropertyExpressionEngine" status="67108864">
      <ExpressionEngine count="0"></ExpressionEngine>
    </Property>
    <Property name="Fit" type="App::PropertyDistance">
      <Float value="0"/>
    </Property>
    <Property name="FitJoin" type="App::PropertyEnumeration">
      <Integer value="0"/>
    </Property>
    <Property name="FixShape" type="App::PropertyEnumeration">
      <Integer value="0"/>
    </Property>
    <Property name="InnerFit" type="App::PropertyDistance">
      <Float value="0"/>
    </Property>
    <Property name="InnerFitJoin" type="App::PropertyEnumeration">
      <Integer value="0"/>
    </Property>
    <Property name="InvalidShape" type="App::PropertyBool" status="67108864">
      <Bool value="false"/>
    </Property>
    <Property name="Label" type="App::PropertyString" status="134217728">
      <String value="Pad001"/>
    </Property>
    <Property name="Label2" type="App::PropertyString" status="128">
      <String value=""/>
    </Property>
    <Property name="Length" type="App::PropertyLength">
      <Float value="4.6"/>
    </Property>
    <Property name="Length2" type="App::PropertyLength">
      <Float value="3.2"/>
    </Property>
    <Property name="Linearize" type="App::PropertyBool">
      <Bool value="true"/>
    </Property>
    <Property name="Midplane" type="App::PropertyBool" status="4">
      <Bool value="false"/>
    </Property>
    <Property name="NewSolid" type="App::PropertyBool">
      <Bool value="false"/>
    </Property>
    <Property name="Offset" type="App::PropertyLength" status="4">
      <Float value="0"/>
    </Property>
    <Property name="Placement" type="App::PropertyPlacement" status="8388620">
      <PropertyPlacement Px="0" Py="0" Pz="0" Q0="0" Q1="0" Q2="0" Q3="1" A="0" Ox="0" Oy="0" Oz="1"/>
    </Property>
    <Property name="Profile" type="App::PropertyLinkSub">
      <LinkSub value="Sketch002" count="1">
        <Sub value=""/>
      </LinkSub>
    </Property>
    <Property name="ReferenceAxis" type="App::PropertyLinkSub">
      <LinkSub value="Sketch002" count="1">
        <Sub value="N_Axis"/>
      </LinkSub>
    </Property>
    <Property name="Refine" type="App::PropertyBool">
      <Bool value="false"/>
    </Property>
    <Property name="Reversed" type="App::PropertyBool">
      <Bool value="false"/>
    </Property>
    <Property name="Shape" type="Part::PropertyPartShape">
      <Part HasherIndex="0" ElementMap="1.15.70200.4" brep="1">
<![CDATA[

CASCADE Topology V1, (c) Matra-Datavision
Locations 5
1
              1               0               0               0 
              0               1               0               0 
              0               0               1               0 
1
2.22044604925031e-16 -3.33066907387547e-16               1               0 
              1 3.33066907387547e-16 -2.22044604925031e-16               0 
-3.33066907387547e-16               1 3.33066907387547e-16               0 
2  1 1 2 1 0
1
              1               0               0             2.5 
              0               1               0 -8.32667268468867e-16 
              0               0               1 9.71445146547012e-16 
2  1 1 2 1 4 1 0
Curve2ds 128
8 -12.296149312828176 -9.2961493128281756
1 -6.6520343293878863 -12.313897961543095 -0.34202014332566838 0.93969262078590854 
8 -12.296149312828176 -9.2961493128281756
1 -9.2961493128281756 -3.1999999999999975 -1 -2.086536767333743e-16 
8 3.6312343591224803 5.2312343591224835
1 2.4692487458085228 -22.079311209612214 -0.93969262078590843 -0.34202014332566877 
8 3.6312343591224803 5.2312343591224835
1 5.2312343591224835 -3.1999999999999948 -1 7.594372760115073e-17 
8 7.7961493128281667 10.796149312828168
1 -4.635495921141942 -13.176204663400899 0.34202014332566993 -0.93969262078590798 
8 7.7961493128281667 10.796149312828168
1 10.796149312828167 -3.1999999999999975 -1 2.0865367673337413e-16 
8 -6.0312343591224931 -4.4312343591224934
1 2.1949424124602519 -18.986617232593947 0.93969262078590798 0.34202014332566977 
8 -6.0312343591224931 -4.4312343591224934
1 -4.4312343591224943 -3.1999999999999957 -1 -7.594372760115073e-17 
8 1.1248089019899246 2.7248089019899244
1 -1.2777575688024694 -16.65884014901966 -0.99619469809174566 -0.087155742747657403 
8 1.1248089019899246 2.7248089019899244
1 2.7248089019899244 -3.1999999999999966 -1 1.9352462465351164e-17 
8 -11.242042161425438 -8.2420421614254344
1 -4.710539056614568 -8.6856441900573742 -0.087155742747657777 0.99619469809174566 
8 -11.242042161425438 -8.2420421614254344
1 -8.2420421614254362 -3.1999999999999984 -1 -2.2119965816619228e-16 
8 1.1248089019899257 2.7248089019899249
1 -1.016290340559495 -19.647424243294903 -0.99619469809174566 -0.087155742747657458 
8 1.1248089019899257 2.7248089019899249
1 2.7248089019899249 -3.1999999999999962 -1 1.9352462465351263e-17 
8 6.7420421614254344 9.742042161425438
1 -2.9858939255462857 -10.04048704879874 0.087155742747657486 -0.99619469809174566 
8 6.7420421614254344 9.742042161425438
1 9.7420421614254362 -3.1999999999999984 -1 2.2119965816619231e-16 
8 -2.942042161425436 0.05795783857456558
1 -3.8400202044733369 -0.27777900749963402 -0.087155742747657805 0.99619469809174566 
8 -2.942042161425436 0.05795783857456558
1 0.057957838574564657 -3.2000000000000006 -1 -2.2119965816619228e-16 
8 -3.5248089019899265 -1.9248089019899273
1 -1.9275871399401918 -0.052283566498559253 0.99619469809174555 0.087155742747657861 
8 -3.5248089019899265 -1.9248089019899273
1 -1.9248089019899277 -3.2000000000000002 -1 -1.9352462465351315e-17 
8 -2.942042161425436 0.05795783857456558
1 -5.4339317214201284 -0.41722819589588656 -0.087155742747657805 0.99619469809174566 
8 -2.942042161425436 0.05795783857456558
1 0.057957838574564657 -3.2000000000000006 -1 -2.2119965816619228e-16 
8 -3.5248089019899274 -1.9248089019899282
1 -1.6661199116972174 -3.0408676607737961 0.99619469809174555 0.087155742747657861 
8 -3.5248089019899274 -1.9248089019899282
1 -1.9248089019899286 -3.1999999999999993 -1 -1.9352462465351315e-17 
8 -6.0312343591224575 -4.4312343591224552
1 8.8985372216433216 -37.404592599997777 0.93969262078590898 0.34202014332566716 
8 -6.0312343591224575 -4.4312343591224552
1 -4.4312343591224561 -3.1999999999999917 -1 -7.5943727601150237e-17 
8 -20.596149312828182 -17.596149312828182
1 -2.3097589465273698 -19.566114484745057 -0.3420201433256676 0.93969262078590887 
8 -20.596149312828182 -17.596149312828182
1 -17.596149312828182 -3.1999999999999962 -1 -2.0865367673337428e-16 
8 3.6312343591224403 5.2312343591224479
1 7.1207226950375802 -34.859130852300595 -0.93969262078590932 -0.34202014332566644 
8 3.6312343591224403 5.2312343591224479
1 5.2312343591224462 -3.1999999999999926 -1 7.5943727601150027e-17 
8 16.096149312828175 19.096149312828175
1 -3.3002369247963426 -21.522885645245001 0.34202014332566866 -0.93969262078590854 
8 16.096149312828175 19.096149312828175
1 19.096149312828171 -3.1999999999999957 -1 2.0865367673337418e-16 
8 -3.524808901989922 -1.9248089019899286
1 -1.3947507428457779 3.1745081596721354 0.98480775301220791 -0.17364817766693133 
8 -3.524808901989922 -1.9248089019899286
1 -1.9248089019899288 -3.2000000000000011 -1 3.8557641006005332e-17 
8 -2.9420421614254253 0.057957838574577397
1 -5.3768901373627145 0.88923887186631112 -0.17364817766693474 -0.98480775301220735 
8 -2.9420421614254253 0.057957838574577397
1 0.057957838574577397 -3.2000000000000002 -1 2.1867124844470332e-16 
8 -3.5248089019899309 -1.9248089019899304
1 -1.9156952758465735 0.22008490063551078 0.98480775301220802 -0.17364817766693086 
8 -3.5248089019899309 -1.9248089019899304
1 -1.9248089019899306 -3.2000000000000006 -1 3.8557641006005332e-17 
8 -2.9420421614254328 0.057957838574569209
1 -3.8011977325431836 0.61140178759921393 -0.17364817766693244 -0.98480775301220769 
8 -2.9420421614254328 0.057957838574569209
1 0.057957838574569209 -3.2000000000000002 -1 2.1867124844470337e-16 
8 1.1248089019899532 2.7248089019899462
1 0.17901827101473167 16.7068121427717 -0.98480775301220758 0.17364817766693302 
8 1.1248089019899532 2.7248089019899462
1 2.7248089019899462 -3.2000000000000042 -1 -3.8557641006005776e-17 
8 6.7420421614254336 9.7420421614254362
1 -2.0994455914072594 10.262517767118847 0.17364817766692991 0.98480775301220813 
8 6.7420421614254336 9.7420421614254362
1 9.7420421614254344 -3.2000000000000024 -1 -2.1867124844470347e-16 
8 1.1248089019899463 2.7248089019899471
1 0.69996280401551481 19.66123540180833 -0.9848077530122078 0.17364817766693219 
8 1.1248089019899463 2.7248089019899471
1 2.7248089019899471 -3.2000000000000042 -1 -3.8557641006005628e-17 
8 6.7420421614254433 9.7420421614254451
1 -3.6751379962267681 10.540354851385924 0.17364817766692731 0.98480775301220858 
8 6.7420421614254433 9.7420421614254451
1 9.7420421614254433 -3.2000000000000024 -1 -2.1867124844470361e-16 
8 7.7961493128281578 10.796149312828163
1 -3.4694745556336626 13.530075316662595 0.42261826174070311 0.90630778703664838 
8 7.7961493128281578 10.796149312828163
1 10.796149312828161 -3.2000000000000037 -1 -2.012407545130318e-16 
8 -6.0312343591224735 -4.4312343591224703
1 5.1092375063039182 21.441988946671113 0.90630778703665005 -0.42261826174069916 
8 -6.0312343591224735 -4.4312343591224703
1 -4.4312343591224721 -3.2000000000000046 -1 9.3840104962316995e-17 
8 7.796149312828156 10.796149312828161
1 -4.9195670148922979 14.206264535447712 0.42261826174070261 0.9063077870366486 
8 7.796149312828156 10.796149312828161
1 10.79614931282816 -3.2000000000000042 -1 -2.0124075451303183e-16 
8 -6.0312343591224851 -4.4312343591224836
1 3.8413827210818177 18.723065585561159 0.90630778703664994 -0.42261826174069966 
8 -6.0312343591224851 -4.4312343591224836
1 -4.4312343591224854 -3.2000000000000046 -1 9.3840104962317168e-17 
8 16.096149312828164 19.096149312828167
1 0.038257016814148059 21.052429949066774 0.42261826174070066 0.90630778703664938 
8 16.096149312828164 19.096149312828167
1 19.096149312828167 -3.2000000000000046 -1 -2.0124075451303205e-16 
8 -6.0312343591224895 -4.4312343591224899
1 12.124700651199534 36.486698211479492 0.90630778703664971 -0.42261826174070005 
8 -6.0312343591224895 -4.4312343591224899
1 -4.4312343591224916 -3.2000000000000082 -1 9.3840104962317291e-17 
8 16.096149312828185 19.096149312828185
1 -1.4118354424444508 21.728619167851857 0.42261826174069828 0.9063077870366506 
8 16.096149312828185 19.096149312828185
1 19.096149312828185 -3.2000000000000051 -1 -2.0124075451303232e-16 
8 3.6312343591225362 5.2312343591225297
