<?xml version='1.0' encoding='utf-8'?>
<!-- FreeCAD DocumentObject -->
<Document SchemaVersion="4" FileVersion="2">
<Object name="Pad003">
  <Properties Count="47" TransientCount="2">
    <_Property name="_Body" type="App::PropertyLinkHidden" status="251658240"/>
    <_Property name="_ElementMapVersion" type="App::PropertyString" status="234881024"/>
    <Property name="AddSubShape" type="Part::PropertyPartShape">
      <Part HasherIndex="0" ElementMap="1.15.70200.4" brep="1">
<![CDATA[

CASCADE Topology V1, (c) Matra-Datavision
Locations 5
1
              1               0               0               0 
              0               1               0               0 
              0               0               1               0 
1
2.22044604925031e-16 -3.33066907387547e-16               1               0 
              1 3.33066907387547e-16 -2.22044604925031e-16               0 
-3.33066907387547e-16               1 3.33066907387547e-16               0 
2  1 1 2 1 0
1
              1               0               0             1.5 
              0               1               0 -4.9960036108132e-16 
              0               0               1 5.82867087928207e-16 
2  1 1 2 1 4 1 0
Curve2ds 0
Curves 64
1 -1.4693549642887802e-14 -39.837862613736064 17.557334721815561 1 -3.3306690738754696e-16 3.8857805861880479e-16 
1 -1.4488349095713898e-14 -39.294077941514075 17.303763764771144 1 -3.3306690738754696e-16 3.8857805861880479e-16 
1 -39.837862613736071 17.557334721815547 0 0.90630778703665138 -0.42261826174069639 0 
1 -1.4155515452822316e-14 -39.970267160299187 15.853671305512474 1 -3.3306690738754696e-16 3.8857805861880479e-16 
1 -39.970267160299194 15.853671305512462 0 0.42261826174068889 0.90630778703665482 0 
1 -1.4360715999996231e-14 -40.514051832521183 16.10724226255692 1 -3.3306690738754696e-16 3.8857805861880479e-16 
1 -40.51405183252119 16.107242262556905 0 0.90630778703663639 -0.42261826174072831 0 
1 -40.51405183252119 16.107242262556905 0 0.42261826174069889 0.90630778703665016 0 
1 -8.1955323157141491e-15 -22.618014660039716 9.5275877487422633 1 -3.3306690738754696e-16 3.8857805861880479e-16 
1 -7.9903317685402455e-15 -22.074229987817727 9.2740167916978464 1 -3.3306690738754696e-16 3.8857805861880479e-16 
1 -22.618014660039719 9.5275877487422562 0 0.90630778703665138 -0.42261826174069639 0 
1 -7.6574981256486778e-15 -22.750419206602846 7.8239243324392147 1 -3.3306690738754696e-16 3.8857805861880479e-16 
1 -22.074229987817731 9.2740167916978393 0 -0.422618261740701 -0.90630778703664916 0 
1 -7.8626986728225845e-15 -23.294203878824835 8.0774952894836378 1 -3.3306690738754696e-16 3.8857805861880479e-16 
1 -22.750419206602849 7.8239243324392067 0 -0.90630778703664683 0.42261826174070616 0 
1 -23.294203878824838 8.0774952894836307 0 0.42261826174070277 0.90630778703664849 0 
1 3.5897656549014957e-15 37.441720170575898 14.183235269876064 1 -3.3306690738754696e-16 3.8857805861880479e-16 
1 3.5329228037025046e-15 36.877904598104337 13.978023183880657 1 -3.3306690738754696e-16 3.8857805861880479e-16 
1 37.441720170575891 14.183235269876077 0 -0.93969262078590809 -0.34202014332566921 0 
1 4.1552015920244457e-15 37.425136827425412 12.474514990623202 1 -3.3306690738754696e-16 3.8857805861880479e-16 
1 36.87790459810433 13.978023183880669 0 0.34202014332567138 -0.93969262078590743 0 
1 4.2120444432234345e-15 37.988952399896966 12.67972707661861 1 -3.3306690738754696e-16 3.8857805861880479e-16 
1 37.425136827425405 12.474514990623215 0 0.93969262078590676 0.34202014332567299 0 
1 37.988952399896959 12.679727076618622 0 -0.34202014332566744 0.93969262078590876 0 
1 1.7328991824011904e-15 19.023744803172093 7.4796404606929627 1 -3.3306690738754696e-16 3.8857805861880479e-16 
1 2.3551779707231292e-15 19.570977032493165 5.9761322674355117 1 -3.3306690738754696e-16 3.8857805861880479e-16 
1 19.023744803172089 7.479640460692969 0 0.3420201433256701 -0.93969262078590787 0 
1 2.4120208219221207e-15 20.134792604964716 6.1813443534309087 1 -3.3306690738754696e-16 3.8857805861880479e-16 
1 19.570977032493161 5.976132267435518 0 0.9396926207859112 0.3420201433256605 0 
1 1.7897420336001784e-15 19.587560375643644 7.6848525466883704 1 -3.3306690738754696e-16 3.8857805861880479e-16 
1 20.134792604964712 6.1813443534309158 0 -0.34202014332566816 0.93969262078590865 0 
1 19.58756037564364 7.6848525466883766 0 -0.93969262078590599 -0.34202014332567493 0 
1 -7.7485591471201646e-15 -21.335000257900987 9.0409385531517632 1 -3.3306690738754696e-16 3.8857805861880479e-16 
1 -7.5826545211479372e-15 -20.744115606093658 8.9367496465516076 1 -3.3306690738754696e-16 3.8857805861880479e-16 
1 -21.33500025790099 9.0409385531517561 0 0.98480775301220891 -0.17364817766692489 0 
1 -7.1195357504902602e-15 -21.021952690360745 7.3610572417320812 1 -3.3306690738754696e-16 3.8857805861880479e-16 
1 -20.744115606093661 8.9367496465516005 0 -0.17364817766693036 -0.98480775301220802 0 
1 -7.2854403764624876e-15 -21.612837342168078 7.4652461483322368 1 -3.3306690738754696e-16 3.8857805861880479e-16 
1 -21.612837342168081 7.4652461483322297 0 0.98480775301220924 -0.17364817766692389 0 
1 -21.33500025790099 9.0409385531517561 0 -0.1736481776669325 -0.98480775301220769 0 
1 -2.4949126579996535e-15 -2.6236529506690567 5.7416231774800783 1 -3.3306690738754696e-16 3.8857805861880479e-16 
1 -2.3290080320274225e-15 -2.0327682988617095 5.6374342708799228 1 -3.3306690738754696e-16 3.8857805861880479e-16 
1 -2.6236529506690585 5.7416231774800774 0 0.98480775301221002 -0.1736481776669197 0 
1 -1.8658892613697451e-15 -2.3106053831287987 4.0617418660603972 1 -3.3306690738754696e-16 3.8857805861880479e-16 
1 -2.0327682988617113 5.6374342708799219 0 -0.17364817766693125 -0.98480775301220791 0 
1 -2.0317938873419757e-15 -2.9014900349361459 4.1659307726605528 1 -3.3306690738754696e-16 3.8857805861880479e-16 
1 -2.3106053831288 4.0617418660603963 0 -0.98480775301221002 0.1736481776669197 0 
1 -2.6236529506690585 5.7416231774800774 0 -0.17364817766693125 -0.98480775301220791 0 
1 1.6207475476106983e-15 18.267013958558447 7.3118772713848337 1 -3.3306690738754696e-16 3.8857805861880479e-16 
1 1.5054449689297944e-15 17.669297139703378 7.2595838257362377 1 -3.3306690738754696e-16 3.8857805861880479e-16 
1 18.267013958558444 7.3118772713848399 0 -0.99619469809174555 -0.087155742747656723 0 
1 2.0672880884732197e-15 17.808746328099634 5.6656723087894436 1 -3.3306690738754696e-16 3.8857805861880479e-16 
1 17.669297139703374 7.2595838257362439 0 0.087155742747659831 -0.99619469809174532 0 
1 2.1825906671541217e-15 18.4064631469547 5.7179657544380422 1 -3.3306690738754696e-16 3.8857805861880479e-16 
1 17.80874632809963 5.6656723087894498 0 0.99619469809174521 0.087155742747661649 0 
1 18.406463146954696 5.7179657544380484 0 -0.087155742747657777 0.99619469809174555 0 
1 -2.1458033559653422e-15 -1.258402124039766 5.6036247135307393 1 -3.3306690738754696e-16 3.8857805861880479e-16 
1 -2.0305007772844383e-15 -0.66068530518469004 5.6559181591793379 1 -3.3306690738754696e-16 3.8857805861880479e-16 
1 -1.2584021240397678 5.6036247135307393 0 0.99619469809174543 0.087155742747660178 0 
1 -1.4686576577410141e-15 -0.52123611678843762 4.0620066422325456 1 -3.3306690738754696e-16 3.8857805861880479e-16 
1 -0.66068530518469193 5.6559181591793379 0 0.087155742747658138 -0.99619469809174555 0 
1 -1.5839602364219186e-15 -1.1189529356435135 4.0097131965839479 1 -3.3306690738754696e-16 3.8857805861880479e-16 
1 -0.52123611678843895 4.0620066422325456 0 -0.99619469809174566 -0.087155742747658721 0 
1 -1.1189529356435148 4.0097131965839479 0 -0.087155742747658194 0.99619469809174555 0 
Polygon3D 0
PolygonOnTriangulations 0
Surfaces 40
1 -1.4693549642887802e-14 -39.837862613736064 17.557334721815561 -2.1141116295433244e-16 0.42261826174069667 0.90630778703665127 3.4200091195650725e-16 0.90630778703665127 -0.42261826174069667 -1 2.2061187147947955e-16 -3.3613941417677802e-16 
1 -1.4155515452822316e-14 -39.970267160299187 15.853671305512474 -4.6608131545360107e-16 -0.90630778703665471 0.42261826174068917 -2.0802102680723533e-16 0.42261826174068917 0.90630778703665471 -1 3.3449964083309902e-16 -3.8550555182957279e-16 
1 -1.4360715999996231e-14 -40.514051832521183 16.10724226255692 -2.1141116295431597e-16 0.42261826174072864 0.90630778703663639 3.4200091195651464e-16 0.90630778703663639 -0.42261826174072864 -1 2.2061187147948137e-16 -3.3613941417677403e-16 
1 -1.4360715999996231e-14 -40.514051832521183 16.10724226255692 -4.6608131545360334e-16 -0.90630778703665005 0.42261826174069916 -2.0802102680723166e-16 0.42261826174069916 0.90630778703665005 -1 3.3449964083309843e-16 -3.8550555182957407e-16 
1 -3.2479706550266155e-15 -1.5091411544230509 8.745612184843413 1 -2.2204460492503136e-16 3.3306690738754746e-16 -3.3306690738754746e-16 0 1 -2.2204460492503136e-16 -1 -7.3955709864469988e-32 
1 -8.1955323157141491e-15 -22.618014660039716 9.5275877487422633 -2.1141116295433244e-16 0.42261826174069667 0.90630778703665127 3.4200091195650725e-16 0.90630778703665127 -0.42261826174069667 -1 2.2061187147947955e-16 -3.3613941417677802e-16 
1 -7.9903317685402455e-15 -22.074229987817727 9.2740167916978464 4.6608131545360393e-16 0.90630778703664916 -0.42261826174070133 2.080210268072308e-16 -0.42261826174070133 -0.90630778703664916 -1 3.3449964083309848e-16 -3.8550555182957437e-16 
1 -7.6574981256486778e-15 -22.750419206602846 7.8239243324392147 2.1141116295432741e-16 -0.42261826174070644 -0.90630778703664672 -3.4200091195650952e-16 -0.90630778703664672 0.42261826174070644 -1 2.2061187147948009e-16 -3.3613941417677679e-16 
1 -7.8626986728225845e-15 -23.294203878824835 8.0774952894836378 -4.6608131545360432e-16 -0.90630778703664838 0.42261826174070305 -2.0802102680723018e-16 0.42261826174070305 0.90630778703664838 -1 3.3449964083309823e-16 -3.8550555182957457e-16 
1 -3.2479706550266155e-15 -1.5091411544230509 8.745612184843413 1 -2.2204460492503136e-16 3.3306690738754746e-16 -3.3306690738754746e-16 0 1 -2.2204460492503136e-16 -1 -7.3955709864469988e-32 
1 3.5897656549014957e-15 37.441720170575898 14.183235269876064 4.7905952568513114e-16 0.34202014332566893 -0.93969262078590832 -9.4738085331648057e-17 -0.93969262078590832 -0.34202014332566893 -1 2.5287268732989089e-16 -4.1776636767998527e-16 
1 3.5329228037025046e-15 36.877904598104337 13.978023183880657 1.8007899179804654e-16 0.93969262078590754 0.34202014332567104 3.8892424270121233e-16 0.34202014332567104 -0.93969262078590754 -1 3.0223882498268704e-16 -3.0387859832636639e-16 
1 4.1552015920244457e-15 37.425136827425412 12.474514990623202 -4.7905952568513183e-16 -0.34202014332567271 0.93969262078590698 9.473808533164643e-17 0.93969262078590698 0.34202014332567271 -1 2.5287268732989128e-16 -4.1776636767998556e-16 
1 4.2120444432234345e-15 37.988952399896966 12.67972707661861 -1.8007899179804854e-16 -0.93969262078590898 -0.34202014332566716 -3.8892424270121198e-16 -0.34202014332566716 0.93969262078590898 -1 3.0223882498268753e-16 -3.0387859832636658e-16 
1 -3.2479706550266155e-15 -1.5091411544230509 8.745612184843413 1 -2.2204460492503136e-16 3.3306690738754746e-16 -3.3306690738754746e-16 0 1 -2.2204460492503136e-16 -1 -7.3955709864469988e-32 
1 1.7328991824011904e-15 19.023744803172093 7.4796404606929627 1.8007899179804718e-16 0.93969262078590798 0.34202014332566977 3.8892424270121218e-16 0.34202014332566977 -0.93969262078590798 -1 3.0223882498268714e-16 -3.0387859832636639e-16 
1 2.3551779707231292e-15 19.570977032493165 5.9761322674355117 -4.7905952568512947e-16 -0.34202014332566022 0.93969262078591154 9.4738085331651681e-17 0.93969262078591154 0.34202014332566022 -1 2.5287268732988985e-16 -4.1776636767998487e-16 
1 2.4120208219221207e-15 20.134792604964716 6.1813443534309087 -1.8007899179804819e-16 -0.93969262078590876 -0.34202014332566782 -3.8892424270121213e-16 -0.34202014332566782 0.93969262078590876 -1 3.0223882498268748e-16 -3.0387859832636668e-16 
1 1.7897420336001784e-15 19.587560375643644 7.6848525466883704 4.7905952568513223e-16 0.34202014332567465 -0.93969262078590621 -9.473808533164569e-17 -0.93969262078590621 -0.34202014332567465 -1 2.5287268732989163e-16 -4.1776636767998566e-16 
1 -3.2479706550266155e-15 -1.5091411544230509 8.745612184843413 1 -2.2204460492503136e-16 3.3306690738754746e-16 -3.3306690738754746e-16 0 1 -2.2204460492503136e-16 -1 -7.3955709864469988e-32 
1 -7.7485591471201646e-15 -21.335000257900987 9.0409385531517632 -3.2483822326922546e-16 0.17364817766692525 0.98480775301220902 2.7650770995370969e-16 0.98480775301220902 -0.17364817766692525 -1 2.1589937102280158e-16 -3.6791826069456051e-16 
1 -7.5826545211479372e-15 -20.744115606093658 8.9367496465516076 3.9548274442756453e-16 0.98480775301220802 -0.17364817766693072 2.8944923166105012e-16 -0.17364817766693072 -0.98480775301220802 -1 3.3921214128977654e-16 -3.5372670531179188e-16 
1 -7.2854403764624876e-15 -21.612837342168078 7.4652461483322368 -3.2483822326922586e-16 0.17364817766692422 0.98480775301220913 2.7650770995370944e-16 0.98480775301220913 -0.17364817766692422 -1 2.1589937102280173e-16 -3.6791826069456071e-16 
1 -7.7485591471201646e-15 -21.335000257900987 9.0409385531517632 3.9548274442756527e-16 0.98480775301220769 -0.17364817766693286 2.8944923166104952e-16 -0.17364817766693286 -0.98480775301220769 -1 3.3921214128977649e-16 -3.5372670531179208e-16 
1 -3.2479706550266155e-15 -1.5091411544230509 8.745612184843413 1 -2.2204460492503136e-16 3.3306690738754746e-16 -3.3306690738754746e-16 0 1 -2.2204460492503136e-16 -1 -7.3955709864469988e-32 
1 -2.4949126579996535e-15 -2.6236529506690567 5.7416231774800783 -3.2483822326922758e-16 0.17364817766692003 0.98480775301220991 2.7650770995370821e-16 0.98480775301220991 -0.17364817766692003 -1 2.1589937102280178e-16 -3.6791826069456125e-16 
1 -2.3290080320274225e-15 -2.0327682988617095 5.6374342708799228 3.9548274442756483e-16 0.98480775301220791 -0.17364817766693161 2.8944923166104987e-16 -0.17364817766693161 -0.98480775301220791 -1 3.3921214128977649e-16 -3.5372670531179198e-16 
1 -1.8658892613697451e-15 -2.3106053831287987 4.0617418660603972 3.2483822326922758e-16 -0.17364817766692003 -0.98480775301220991 -2.7650770995370821e-16 -0.98480775301220991 0.17364817766692003 -1 2.1589937102280178e-16 -3.6791826069456125e-16 
1 -2.4949126579996535e-15 -2.6236529506690567 5.7416231774800783 3.9548274442756483e-16 0.98480775301220791 -0.17364817766693161 2.8944923166104987e-16 -0.17364817766693161 -0.98480775301220791 -1 3.3921214128977649e-16 -3.5372670531179198e-16 
1 -3.2479706550266155e-15 -1.5091411544230509 8.745612184843413 1 -2.2204460492503136e-16 3.3306690738754746e-16 -3.3306690738754746e-16 0 1 -2.2204460492503136e-16 -1 -7.3955709864469988e-32 
1 1.6207475476106983e-15 18.267013958558447 7.3118772713848337 4.1612809548886343e-16 0.087155742747656403 -0.99619469809174566 -1.921709644681658e-16 -0.99619469809174566 -0.087155742747656403 -1 2.2770764917086359e-16 -3.9779579931026493e-16 
1 1.5054449689297944e-15 17.669297139703378 7.2595838257362377 2.9793267793492318e-16 0.99619469809174543 0.087155742747659512 3.5115194971464045e-16 0.087155742747659512 -0.99619469809174543 -1 3.2740386314171429e-16 -3.2384916669608657e-16 
1 2.0672880884732197e-15 17.808746328099634 5.6656723087894436 -4.1612809548886496e-16 -0.08715574274766133 0.99619469809174532 1.9217096446816415e-16 0.99619469809174532 0.08715574274766133 -1 2.2770764917086403e-16 -3.9779579931026538e-16 
1 2.1825906671541217e-15 18.4064631469547 5.7179657544380422 -2.9793267793492402e-16 -0.99619469809174566 -0.087155742747657458 -3.5115194971464006e-16 -0.087155742747657458 0.99619469809174566 -1 3.2740386314171438e-16 -3.2384916669608677e-16 
1 -3.2479706550266155e-15 -1.5091411544230509 8.745612184843413 1 -2.2204460492503136e-16 3.3306690738754746e-16 -3.3306690738754746e-16 0 1 -2.2204460492503136e-16 -1 -7.3955709864469988e-32 
1 -2.1458033559653422e-15 -1.258402124039766 5.6036247135307393 -4.1612809548886447e-16 -0.087155742747659845 0.99619469809174543 1.9217096446816467e-16 0.99619469809174543 0.087155742747659845 -1 2.2770764917086393e-16 -3.9779579931026528e-16 
1 -2.0305007772844383e-15 -0.66068530518469004 5.6559181591793379 2.9793267793492392e-16 0.99619469809174555 0.087155742747657805 3.5115194971464011e-16 0.087155742747657805 -0.99619469809174555 -1 3.2740386314171443e-16 -3.2384916669608672e-16 
1 -1.4686576577410141e-15 -0.52123611678843762 4.0620066422325456 4.1612809548886412e-16 0.087155742747658388 -0.99619469809174566 -1.9217096446816514e-16 -0.99619469809174566 -0.087155742747658388 -1 2.2770764917086374e-16 -3.9779579931026518e-16 
1 -1.5839602364219186e-15 -1.1189529356435135 4.0097131965839479 -2.9793267793492387e-16 -0.99619469809174555 -0.087155742747657861 -3.5115194971464011e-16 -0.087155742747657861 0.99619469809174555 -1 3.2740386314171443e-16 -3.2384916669608672e-16 
1 -3.2479706550266155e-15 -1.5091411544230509 8.745612184843413 1 -2.2204460492503136e-16 3.3306690738754746e-16 -3.3306690738754746e-16 0 1 -2.2204460492503136e-16 -1 -7.3955709864469988e-32 
Triangulations 0

TShapes 193
Ve
1e-07
-39.8378626137361 17.5573347218155 0
0 0

0101101
*
Ed
 1e-07 1 1 0
1  1 0 0 1.5
0

0101000
+193 3 -193 5 *
Ve
1e-07
-39.2940779415141 17.3037637647711 0
0 0

0101101
*
Ed
 1e-07 1 1 0
1  2 0 0 1.5
0

0101000
+191 3 -191 5 *
Ed
 1e-07 1 1 0
1  3 0 0 0.599999999999998
0

0101000
+193 0 -191 0 *
Wi

0101100
+192 0 -190 0 -189 3 +189 5 *
Fa
0  1e-07 1 0

0101000
+188 0 *
Ve
1e-07
-39.9702671602992 15.8536713055125 0
0 0

0101101
*
Ed
 1e-07 1 1 0
1  4 0 0 1.5
0

0101000
+186 3 -186 5 *
Ed
 1e-07 1 1 0
1  5 0 0 1.60000000000002
0

0101000
+186 0 -191 0 *
Wi

0101100
+185 0 -190 0 -184 3 +184 5 *
Fa
0  1e-07 2 0

0101000
+183 0 *
Ve
1e-07
-40.5140518325212 16.1072422625569 0
0 0

0101101
*
Ed
 1e-07 1 1 0
1  6 0 0 1.5
0

0101000
+181 3 -181 5 *
Ed
 1e-07 1 1 0
1  7 0 0 0.600000000000016
0

0101000
+181 0 -186 0 *
Wi

0101100
+180 0 -185 0 -179 3 +179 5 *
Fa
0  1e-07 3 0

0101000
+178 0 *
Ed
 1e-07 1 1 0
1  8 0 0 1.6
0

0101000
+181 0 -193 0 *
Wi

0101100
+180 0 -192 0 -176 3 +176 5 *
Fa
0  1e-07 4 0

0101000
+175 0 *
Wi

0101100
+189 0 -184 0 -179 0 +176 0 *
Fa
0  1e-07 5 0

0101000
-173 3 *
Sh

0101100
-187 0 +182 0 +177 0 -174 0 +172 0 -172 4 *
So

0100000
-171 0 *
Ve
1e-07
-22.6180146600397 9.52758774874226 0
0 0

0101101
*
Ed
 1e-07 1 1 0
1  9 0 0 1.5
0

0101000
+169 3 -169 5 *
Ve
1e-07
-22.0742299878177 9.27401679169784 0
0 0

0101101
*
Ed
 1e-07 1 1 0
1  10 0 0 1.5
0

0101000
+167 3 -167 5 *
Ed
 1e-07 1 1 0
1  11 0 0 0.599999999999998
0

0101000
+169 0 -167 0 *
Wi

0101100
+168 0 -166 0 -165 3 +165 5 *
Fa
0  1e-07 6 0

0101000
+164 0 *
Ve
1e-07
-22.7504192066028 7.82392433243921 0
0 0

0101101
*
Ed
 1e-07 1 1 0
1  12 0 0 1.5
0

0101000
+162 3 -162 5 *
Ed
 1e-07 1 1 0
1  13 0 0 1.59999999999999
0

0101000
+167 0 -162 0 *
Wi

0101100
+166 0 -161 0 -160 3 +160 5 *
Fa
0  1e-07 7 0

0101000
+159 0 *
Ve
1e-07
-23.2942038788248 8.07749528948363 0
0 0

0101101
*
Ed
 1e-07 1 1 0
1  14 0 0 1.5
0

0101000
+157 3 -157 5 *
Ed
 1e-07 1 1 0
1  15 0 0 0.600000000000001
0

0101000
+162 0 -157 0 *
Wi

0101100
+161 0 -156 0 -155 3 +155 5 *
Fa
0  1e-07 8 0

0101000
+154 0 *
Ed
 1e-07 1 1 0
1  16 0 0 1.59999999999999
0

0101000
+157 0 -169 0 *
Wi

0101100
+156 0 -168 0 -152 3 +152 5 *
Fa
0  1e-07 9 0

0101000
+151 0 *
Wi

0101100
+165 0 +160 0 +155 0 +152 0 *
Fa
0  1e-07 10 0

0101000
-149 3 *
Sh

0101100
-163 0 -158 0 -153 0 -150 0 +148 0 -148 4 *
So

0100000
-147 0 *
Ve
1e-07
37.4417201705759 14.1832352698761 0
0 0

0101101
*
Ed
 1e-07 1 1 0
1  17 0 0 1.5
0

0101000
+145 3 -145 5 *
Ve
1e-07
36.8779045981043 13.9780231838807 0
0 0

0101101
*
Ed
 1e-07 1 1 0
1  18 0 0 1.5
0

0101000
+143 3 -143 5 *
Ed
 1e-07 1 1 0
1  19 0 0 0.600000000000018
0

0101000
+145 0 -143 0 *
Wi

0101100
+144 0 -142 0 -141 3 +141 5 *
Fa
0  1e-07 11 0

0101000
+140 0 *
Ve
1e-07
37.4251368274254 12.4745149906232 0
0 0

0101101
*
Ed
 1e-07 1 1 0
1  20 0 0 1.5
0

0101000
+138 3 -138 5 *
Ed
 1e-07 1 1 0
1  21 0 0 1.6
0

0101000
+143 0 -138 0 *
Wi

0101100
+142 0 -137 0 -136 3 +136 5 *
Fa
0  1e-07 12 0

0101000
+135 0 *
Ve
1e-07
37.988952399897 12.6797270766186 0
0 0

0101101
*
Ed
 1e-07 1 1 0
1  22 0 0 1.5
0

0101000
+133 3 -133 5 *
Ed
 1e-07 1 1 0
1  23 0 0 0.600000000000011
0

0101000
+138 0 -133 0 *
Wi

0101100
+137 0 -132 0 -131 3 +131 5 *
Fa
0  1e-07 13 0

0101000
+130 0 *
Ed
 1e-07 1 1 0
1  24 0 0 1.6
0

0101000
+133 0 -145 0 *
Wi

0101100
+132 0 -144 0 -128 3 +128 5 *
Fa
0  1e-07 14 0

0101000
+127 0 *
Wi

0101100
+141 0 +136 0 +131 0 +128 0 *
Fa
0  1e-07 15 0

0101000
+125 3 *
Sh

0101100
+139 0 +134 0 +129 0 +126 0 +124 0 -124 4 *
So

0100000
-123 0 *
Ve
1e-07
19.0237448031721 7.47964046069297 0
0 0

0101101
*
Ed
 1e-07 1 1 0
1  25 0 0 1.5
0

0101000
+121 3 -121 5 *
Ve
1e-07
19.5709770324932 5.97613226743552 0
0 0

0101101
*
Ed
 1e-07 1 1 0
1  26 0 0 1.5
0

0101000
+119 3 -119 5 *
Ed
 1e-07 1 1 0
1  27 0 0 1.6
0

0101000
+121 0 -119 0 *
Wi

0101100
+120 0 -118 0 -117 3 +117 5 *
Fa
0  1e-07 16 0

0101000
+116 0 *
Ve
1e-07
20.1347926049647 6.18134435343092 0
0 0

0101101
*
Ed
 1e-07 1 1 0
1  28 0 0 1.5
0

0101000
+114 3 -114 5 *
Ed
 1e-07 1 1 0
1  29 0 0 0.600000000000005
0

0101000
+119 0 -114 0 *
Wi

0101100
+118 0 -113 0 -112 3 +112 5 *
Fa
0  1e-07 17 0

0101000
+111 0 *
Ve
1e-07
19.5875603756436 7.68485254668838 0
0 0

0101101
*
Ed
 1e-07 1 1 0
1  30 0 0 1.5
0

0101000
+109 3 -109 5 *
Ed
 1e-07 1 1 0
1  31 0 0 1.60000000000001
0

0101000
+114 0 -109 0 *
Wi

0101100
+113 0 -108 0 -107 3 +107 5 *
Fa
0  1e-07 18 0

0101000
+106 0 *
Ed
 1e-07 1 1 0
1  32 0 0 0.600000000000008
0

0101000
+109 0 -121 0 *
Wi

0101100
+108 0 -120 0 -104 3 +104 5 *
Fa
0  1e-07 19 0

0101000
+103 0 *
Wi

0101100
+117 0 +112 0 +107 0 +104 0 *
Fa
0  1e-07 20 0

0101000
+101 3 *
Sh

0101100
+115 0 +110 0 +105 0 +102 0 +100 0 -100 4 *
So

0100000
-99 0 *
Ve
1e-07
-21.335000257901 9.04093855315176 0
0 0

0101101
*
Ed
 1e-07 1 1 0
1  33 0 0 1.5
0

0101000
+97 3 -97 5 *
Ve
1e-07
-20.7441156060937 8.9367496465516 0
0 0

0101101
*
Ed
 1e-07 1 1 0
1  34 0 0 1.5
0

0101000
+95 3 -95 5 *
Ed
 1e-07 1 1 0
1  35 0 0 0.600000000000004
0

0101000
+97 0 -95 0 *
Wi

0101100
+96 0 -94 0 -93 3 +93 5 *
Fa
0  1e-07 21 0

0101000
+92 0 *
Ve
1e-07
-21.0219526903607 7.36105724173207 0
0 0

0101101
*
Ed
 1e-07 1 1 0
1  36 0 0 1.5
0

0101000
+90 3 -90 5 *
Ed
 1e-07 1 1 0
1  37 0 0 1.59999999999999
0

0101000
+95 0 -90 0 *
Wi

0101100
+94 0 -89 0 -88 3 +88 5 *
Fa
0  1e-07 22 0

0101000
+87 0 *
Ve
1e-07
-21.6128373421681 7.46524614833223 0
0 0

0101101
*
Ed
 1e-07 1 1 0
1  38 0 0 1.5
0

0101000
+85 3 -85 5 *
Ed
 1e-07 1 1 0
1  39 0 0 0.600000000000007
0

0101000
+85 0 -90 0 *
Wi

0101100
+84 0 -89 0 -83 3 +83 5 *
Fa
0  1e-07 23 0

0101000
+82 0 *
Ed
 1e-07 1 1 0
1  40 0 0 1.59999999999999
0

0101000
+97 0 -85 0 *
Wi

0101100
+96 0 -84 0 -80 3 +80 5 *
Fa
0  1e-07 24 0

0101000
+79 0 *
Wi

0101100
+93 0 +88 0 -83 0 -80 0 *
Fa
0  1e-07 25 0

0101000
-77 3 *
Sh

0101100
-91 0 -86 0 +81 0 +78 0 +76 0 -76 4 *
So

0100000
-75 0 *
Ve
1e-07
-2.62365295066906 5.74162317748008 0
0 0

0101101
*
Ed
 1e-07 1 1 0
1  41 0 0 1.5
0

0101000
+73 3 -73 5 *
Ve
1e-07
-2.03276829886171 5.63743427087992 0
0 0

0101101
*
Ed
 1e-07 1 1 0
1  42 0 0 1.5
0

0101000
+71 3 -71 5 *
Ed
 1e-07 1 1 0
1  43 0 0 0.600000000000022
0

0101000
+73 0 -71 0 *
Wi

0101100
+72 0 -70 0 -69 3 +69 5 *
Fa
0  1e-07 26 0

0101000
+68 0 *
Ve
1e-07
-2.3106053831288 4.0617418660604 0
0 0

0101101
*
Ed
 1e-07 1 1 0
1  44 0 0 1.5
0

0101000
+66 3 -66 5 *
Ed
 1e-07 1 1 0
1  45 0 0 1.59999999999999
0

0101000
+71 0 -66 0 *
Wi

0101100
+70 0 -65 0 -64 3 +64 5 *
Fa
0  1e-07 27 0

0101000
+63 0 *
Ve
1e-07
-2.90149003493615 4.16593077266055 0
0 0

0101101
*
Ed
 1e-07 1 1 0
1  46 0 0 1.5
0

0101000
+61 3 -61 5 *
Ed
 1e-07 1 1 0
1  47 0 0 0.600000000000022
0

0101000
+66 0 -61 0 *
Wi

0101100
+65 0 -60 0 -59 3 +59 5 *
Fa
0  1e-07 28 0

0101000
+58 0 *
Ed
 1e-07 1 1 0
1  48 0 0 1.59999999999999
0

0101000
+73 0 -61 0 *
Wi

0101100
+72 0 -60 0 -56 3 +56 5 *
Fa
0  1e-07 29 0

0101000
+55 0 *
Wi

0101100
+69 0 +64 0 +59 0 -56 0 *
Fa
0  1e-07 30 0

0101000
-53 3 *
Sh

0101100
-67 0 -62 0 -57 0 +54 0 +52 0 -52 4 *
So

0100000
-51 0 *
Ve
1e-07
18.2670139585584 7.31187727138484 0
0 0

0101101
*
Ed
 1e-07 1 1 0
1  49 0 0 1.5
0

0101000
+49 3 -49 5 *
Ve
1e-07
17.6692971397034 7.25958382573624 0
0 0

0101101
*
Ed
 1e-07 1 1 0
1  50 0 0 1.5
0

0101000
+47 3 -47 5 *
Ed
 1e-07 1 1 0
1  51 0 0 0.600000000000022
0

0101000
+49 0 -47 0 *
Wi

0101100
+48 0 -46 0 -45 3 +45 5 *
Fa
0  1e-07 31 0

0101000
+44 0 *
Ve
1e-07
17.8087463280996 5.66567230878945 0
0 0

0101101
*
Ed
 1e-07 1 1 0
1  52 0 0 1.5
0

0101000
+42 3 -42 5 *
Ed
 1e-07 1 1 0
1  53 0 0 1.6
0

0101000
+47 0 -42 0 *
Wi

0101100
+46 0 -41 0 -40 3 +40 5 *
Fa
0  1e-07 32 0

0101000
+39 0 *
Ve
1e-07
18.4064631469547 5.71796575443805 0
0 0

0101101
*
Ed
 1e-07 1 1 0
1  54 0 0 1.5
0

0101000
+37 3 -37 5 *
Ed
 1e-07 1 1 0
1  55 0 0 0.600000000000019
0

0101000
+42 0 -37 0 *
Wi

0101100
+41 0 -36 0 -35 3 +35 5 *
Fa
0  1e-07 33 0

0101000
+34 0 *
Ed
 1e-07 1 1 0
1  56 0 0 1.6
0

0101000
+37 0 -49 0 *
Wi

0101100
+36 0 -48 0 -32 3 +32 5 *
Fa
0  1e-07 34 0

0101000
+31 0 *
Wi

0101100
+45 0 +40 0 +35 0 +32 0 *
Fa
0  1e-07 35 0

0101000
+29 3 *
Sh

0101100
+43 0 +38 0 +33 0 +30 0 +28 0 -28 4 *
So

0100000
-27 0 *
Ve
1e-07
-1.25840212403977 5.60362471353074 0
0 0

0101101
*
Ed
 1e-07 1 1 0
1  57 0 0 1.5
0

0101000
+25 3 -25 5 *
Ve
1e-07
-0.660685305184692 5.65591815917934 0
0 0

0101101
*
Ed
 1e-07 1 1 0
1  58 0 0 1.5
0

0101000
+23 3 -23 5 *
Ed
 1e-07 1 1 0
1  59 0 0 0.600000000000029
0

0101000
+25 0 -23 0 *
Wi

0101100
+24 0 -22 0 -21 3 +21 5 *
Fa
0  1e-07 36 0

0101000
+20 0 *
Ve
1e-07
-0.521236116788439 4.06200664223255 0
0 0

0101101
*
Ed
 1e-07 1 1 0
1  60 0 0 1.5
0

0101000
+18 3 -18 5 *
Ed
 1e-07 1 1 0
1  61 0 0 1.6
0

0101000
+23 0 -18 0 *
Wi

0101100
+22 0 -17 0 -16 3 +16 5 *
Fa
0  1e-07 37 0

0101000
+15 0 *
Ve
1e-07
-1.11895293564351 4.00971319658395 0
0 0

0101101
*
Ed
 1e-07 1 1 0
1  62 0 0 1.5
0

0101000
+13 3 -13 5 *
Ed
 1e-07 1 1 0
1  63 0 0 0.600000000000029
0

0101000
+18 0 -13 0 *
Wi

0101100
+17 0 -12 0 -11 3 +11 5 *
Fa
0  1e-07 38 0

0101000
+10 0 *
Ed
 1e-07 1 1 0
1  64 0 0 1.6
0

0101000
+13 0 -25 0 *
Wi

0101100
+12 0 -24 0 -8 3 +8 5 *
Fa
0  1e-07 39 0

0101000
+7 0 *
Wi

0101100
+21 0 +16 0 +11 0 +8 0 *
Fa
0  1e-07 40 0

0101000
-5 3 *
Sh

0101100
-19 0 -14 0 -9 0 -6 0 +4 0 -4 4 *
So

0100000
-3 0 *
Co

1100000
+170 0 +146 0 +122 0 +98 0 +74 0 +50 0 +26 0 +2 0 *

+1 0 ]]>
      </Part>
      <ElementMap new="1" count="1"><Element key="Dummy" value="Dummy"/></ElementMap>
      <ElementMap2 count="208">
<![CDATA[
15 PostfixCount 11
Edge
Face
Vertex
;:G;XTR;:Hee0:7,F
;FAC;:Hee0:4,F
;:G;XTR;:Hee0:7,E
;:G0;XTR;:Hee0:8,F
;:U;XTR;:Hee0:7,E
;:U;XTR;:Hee0:7,V
;SKT;:Hee0,E
;SKT;:Hee0,V

MapCount 1

ElementMap 1 15 3

Edge

ChildCount 0

NameCount 97
0
$#404.6 0
$#405.6 0
;g82.a 0
$#426.8 0
$#406.6 0
;g83.a 0
$#427.8 0
$#407.6 0
;g84.a 0
$#428.8 0
;g85.a 0
$#429.8 0
$#408.6 0
$#409.6 0
;g86.a 0
$#42a.8 0
$#40a.6 0
;g87.a 0
$#42b.8 0
$#40b.6 0
;g88.a 0
$#42c.8 0
;g89.a 0
$#42d.8 0
$#72b.6 0
$#72c.6 0
;g114.a 0
$#74b.8 0
$#72d.6 0
;g115.a 0
$#74c.8 0
$#72e.6 0
;g116.a 0
$#74d.8 0
;g117.a 0
$#74e.8 0
$#72f.6 0
$#730.6 0
;g118.a 0
$#74f.8 0
$#731.6 0
;g119.a 0
$#750.8 0
$#732.6 0
;g120.a 0
$#751.8 0
;g121.a 0
$#752.8 0
$#40c.6 0
$#40d.6 0
;g90.a 0
$#42e.8 0
$#40e.6 0
;g91.a 0
$#42f.8 0
$#40f.6 0
;g92.a 0
$#430.8 0
;g93.a 0
$#431.8 0
$#410.6 0
$#411.6 0
;g94.a 0
$#432.8 0
$#412.6 0
;g95.a 0
$#433.8 0
$#413.6 0
;g96.a 0
$#434.8 0
;g97.a 0
$#435.8 0
$#733.6 0
$#734.6 0
;g122.a 0
$#753.8 0
$#735.6 0
;g123.a 0
$#754.8 0
$#736.6 0
;g124.a 0
$#755.8 0
;g125.a 0
$#756.8 0
$#737.6 0
$#738.6 0
;g126.a 0
$#757.8 0
$#739.6 0
;g127.a 0
$#758.8 0
$#73a.6 0
;g128.a 0
$#759.8 0
;g129.a 0
$#75a.8 0

Face

ChildCount 0

NameCount 49
0
$#3ff.4 0
$#414.4 0
$#415.4 0
$#416.4 0
$#3ff.5 0
$#418.7 0
$#400.4 0
$#419.4 0
$#41a.4 0
$#41b.4 0
$#400.5 0
$#41c.7 0
$#727.4 0
$#73b.4 0
$#73c.4 0
$#73d.4 0
$#727.5 0
$#73e.7 0
$#728.4 0
$#73f.4 0
$#740.4 0
$#741.4 0
$#728.5 0
$#742.7 0
$#401.4 0
$#41d.4 0
$#41e.4 0
$#41f.4 0
$#401.5 0
$#420.7 0
$#402.4 0
$#421.4 0
$#422.4 0
$#423.4 0
$#402.5 0
$#424.7 0
$#729.4 0
$#743.4 0
$#744.4 0
$#745.4 0
$#729.5 0
$#746.7 0
$#72a.4 0
$#747.4 0
$#748.4 0
$#749.4 0
$#72a.5 0
$#74a.7 0

Vertex

ChildCount 0

NameCount 65
0
;g82v1.b 0
$#437.9 0
;g82v2.b 0
$#438.9 0
;g83v1.b 0
$#439.9 0
;g84v1.b 0
$#43a.9 0
;g86v1.b 0
$#43b.9 0
;g86v2.b 0
$#43c.9 0
;g87v2.b 0
$#43d.9 0
;g88v2.b 0
$#43e.9 0
;g114v1.b 0
$#75b.9 0
;g114v2.b 0
$#75c.9 0
;g115v2.b 0
$#75d.9 0
;g116v2.b 0
$#75e.9 0
;g118v1.b 0
$#75f.9 0
;g118v2.b 0
$#760.9 0
;g119v2.b 0
$#761.9 0
;g120v2.b 0
$#762.9 0
;g90v1.b 0
$#43f.9 0
;g90v2.b 0
$#440.9 0
;g91v2.b 0
$#441.9 0
;g92v1.b 0
$#442.9 0
;g94v1.b 0
$#443.9 0
;g94v2.b 0
$#444.9 0
;g95v2.b 0
$#445.9 0
;g96v2.b 0
$#446.9 0
;g122v1.b 0
$#763.9 0
;g122v2.b 0
$#764.9 0
;g123v2.b 0
$#765.9 0
;g124v2.b 0
$#766.9 0
;g126v1.b 0
$#767.9 0
;g126v2.b 0
$#768.9 0
;g127v2.b 0
$#769.9 0
;g128v2.b 0
$#76a.9 0

EndMap
]]>
      </ElementMap2>
    </Property>
    <Property name="AddSubType" type="App::PropertyEnumeration">
      <Integer value="0"/>
    </Property>
    <Property name="AllowMultiFace" type="App::PropertyBool">
      <Bool value="true"/>
    </Property>
    <Property name="AlongSketchNormal" type="App::PropertyBool">
      <Bool value="false"/>
    </Property>
    <Property name="AutoTaperInnerAngle" type="App::PropertyBool">
      <Bool value="true"/>
    </Property>
    <Property name="BaseFeature" type="App::PropertyLink" status="8">
      <Link value="Pad002"/>
    </Property>
    <Property name="CheckUpToFaceLimits" type="App::PropertyBool">
      <Bool value="true"/>
    </Property>
    <Property name="ClaimChildren" type="App::PropertyBool" status="134217728">
      <Bool value="false"/>
    </Property>
    <Property name="ColoredElements" type="App::PropertyLinkSubHidden" status="218103808">
      <LinkSub value="" count="0">
      </LinkSub>
    </Property>
    <Property name="Direction" type="App::PropertyVector" status="4">
      <PropertyVector valueX="1" valueY="-3.33066907387547e-16" valueZ="3.885780586188048e-16"/>
    </Property>
    <Property name="ExpressionEngine" type="App::PropertyExpressionEngine" status="67108864">
      <ExpressionEngine count="0"></ExpressionEngine>
    </Property>
    <Property name="Fit" type="App::PropertyDistance">
      <Float value="0"/>
    </Property>
    <Property name="FitJoin" type="App::PropertyEnumeration">
      <Integer value="0"/>
    </Property>
    <Property name="FixShape" type="App::PropertyEnumeration">
      <Integer value="0"/>
    </Property>
    <Property name="InnerFit" type="App::PropertyDistance">
      <Float value="0"/>
    </Property>
    <Property name="InnerFitJoin" type="App::PropertyEnumeration">
      <Integer value="0"/>
    </Property>
    <Property name="InvalidShape" type="App::PropertyBool" status="67108864">
      <Bool value="false"/>
    </Property>
    <Property name="Label" type="App::PropertyString" status="134217728">
      <String value="Pad003"/>
    </Property>
    <Property name="Label2" type="App::PropertyString" status="128">
      <String value=""/>
    </Property>
    <Property name="Length" type="App::PropertyLength">
      <Float value="1.5"/>
    </Property>
    <Property name="Length2" type="App::PropertyLength" status="4">
      <Float value="10"/>
    </Property>
    <Property name="Linearize" type="App::PropertyBool">
      <Bool value="true"/>
    </Property>
    <Property name="Midplane" type="App::PropertyBool">
      <Bool value="false"/>
    </Property>
    <Property name="NewSolid" type="App::PropertyBool">
      <Bool value="false"/>
    </Property>
    <Property name="Offset" type="App::PropertyLength" status="4">
      <Float value="0"/>
    </Property>
    <Property name="Placement" type="App::PropertyPlacement" status="8388620">
      <PropertyPlacement Px="0" Py="0" Pz="0" Q0="0" Q1="0" Q2="0" Q3="1" A="0" Ox="0" Oy="0" Oz="1"/>
    </Property>
    <Property name="Profile" type="App::PropertyLinkSub">
      <LinkSub value="Sketch004" count="1">
        <Sub value=""/>
      </LinkSub>
    </Property>
    <Property name="ReferenceAxis" type="App::PropertyLinkSub">
      <LinkSub value="Sketch004" count="1">
        <Sub value="N_Axis"/>
      </LinkSub>
    </Property>
    <Property name="Refine" type="App::PropertyBool">
      <Bool value="false"/>
    </Property>
    <Property name="Reversed" type="App::PropertyBool">
      <Bool value="false"/>
    </Property>
    <Property name="Shape" type="Part::PropertyPartShape">
      <Part HasherIndex="0" ElementMap="1.15.70200.4" brep="1">
<![CDATA[

CASCADE Topology V1, (c) Matra-Datavision
Locations 20
1
              1               0               0               0 
              0               1               0               0 
              0               0               1               0 
1
2.22044604925031e-16 -3.33066907387547e-16               1               0 
              1 3.33066907387547e-16 -2.22044604925031e-16               0 
-3.33066907387547e-16               1 3.33066907387547e-16               0 
2  1 1 2 1 0
1
              1               0               0             2.5 
              0               1               0 -8.32667268468867e-16 
              0               0               1 9.71445146547012e-16 
2  1 1 2 1 4 1 0
2  2 -1 1 -1 0
1
              1               0               0               0 
              0               1               0               0 
              0               0               1               0 
1
2.22044604925031e-16 -3.33066907387547e-16               1               0 
              1 3.33066907387547e-16 -2.22044604925031e-16               0 
-3.33066907387547e-16               1 3.33066907387547e-16               0 
2  7 1 8 1 0
2  8 -1 7 -1 0
2  4 -1 2 -1 1 -1 0
1
              1               0               0               0 
              0               1               0               0 
              0               0               1               0 
1
2.22044604925031e-16 -3.33066907387547e-16               1               0 
              1 3.33066907387547e-16 -2.22044604925031e-16               0 
-3.33066907387547e-16               1 3.33066907387547e-16               0 
1
              1               0               0             1.5 
              0               1               0 -4.9960036108132e-16 
              0               0               1 5.82867087928207e-16 
2  12 1 13 1 14 1 0
2  14 -1 13 -1 12 -1 0
2  12 1 13 1 0
2  13 -1 12 -1 0
1
              1               0               0             3.7 
              0               1               0 -1.23234755733392e-15 
              0               0               1 1.43773881688958e-15 
2  7 1 8 1 19 1 0
Curve2ds 140
8 -2.942042161425436 0.05795783857456558
1 -5.4339317214201284 -0.41722819589588656 -0.087155742747657805 0.99619469809174566 
8 -2.942042161425436 0.05795783857456558
1 0.057957838574564657 -3.2000000000000006 -1 -2.2119965816619228e-16 
8 -3.5248089019899274 -1.9248089019899282
1 -1.6661199116972174 -3.0408676607737961 0.99619469809174555 0.087155742747657861 
8 -3.5248089019899274 -1.9248089019899282
1 -1.9248089019899286 -3.1999999999999993 -1 -1.9352462465351315e-17 
8 -2.942042161425436 0.05795783857456558
1 -3.8400202044733369 -0.27777900749963402 -0.087155742747657805 0.99619469809174566 
8 -2.942042161425436 0.05795783857456558
1 0.057957838574564657 -3.2000000000000006 -1 -2.2119965816619228e-16 
8 -3.5248089019899265 -1.9248089019899273
1 -1.9275871399401918 -0.052283566498559253 0.99619469809174555 0.087155742747657861 
8 -3.5248089019899265 -1.9248089019899273
1 -1.9248089019899277 -3.2000000000000002 -1 -1.9352462465351315e-17 
8 -12.296149312828176 -9.2961493128281756
1 -6.6520343293878863 -12.313897961543095 -0.34202014332566838 0.93969262078590854 
8 -12.296149312828176 -9.2961493128281756
1 -9.2961493128281756 -3.1999999999999975 -1 -2.086536767333743e-16 
8 3.6312343591224803 5.2312343591224835
1 2.4692487458085228 -22.079311209612214 -0.93969262078590843 -0.34202014332566877 
8 3.6312343591224803 5.2312343591224835
1 5.2312343591224835 -3.1999999999999948 -1 7.594372760115073e-17 
8 -6.0312343591224931 -4.4312343591224934
1 2.1949424124602519 -18.986617232593947 0.93969262078590798 0.34202014332566977 
8 -6.0312343591224931 -4.4312343591224934
1 -4.4312343591224943 -3.1999999999999957 -1 -7.594372760115073e-17 
8 7.7961493128281667 10.796149312828168
1 -4.635495921141942 -13.176204663400899 0.34202014332566993 -0.93969262078590798 
8 7.7961493128281667 10.796149312828168
1 10.796149312828167 -3.1999999999999975 -1 2.0865367673337413e-16 
8 1.1248089019899246 2.7248089019899244
1 -1.2777575688024694 -16.65884014901966 -0.99619469809174566 -0.087155742747657403 
8 1.1248089019899246 2.7248089019899244
1 2.7248089019899244 -3.1999999999999966 -1 1.9352462465351164e-17 
8 6.7420421614254344 9.742042161425438
1 -2.9858939255462857 -10.04048704879874 0.087155742747657486 -0.99619469809174566 
8 6.7420421614254344 9.742042161425438
1 9.7420421614254362 -3.1999999999999984 -1 2.2119965816619231e-16 
8 -11.242042161425438 -8.2420421614254344
1 -4.710539056614568 -8.6856441900573742 -0.087155742747657777 0.99619469809174566 
8 -11.242042161425438 -8.2420421614254344
1 -8.2420421614254362 -3.1999999999999984 -1 -2.2119965816619228e-16 
8 1.1248089019899257 2.7248089019899249
1 -1.016290340559495 -19.647424243294903 -0.99619469809174566 -0.087155742747657458 
8 1.1248089019899257 2.7248089019899249
1 2.7248089019899249 -3.1999999999999962 -1 1.9352462465351263e-17 
8 -6.0312343591224575 -4.4312343591224552
1 8.8985372216433216 -37.404592599997777 0.93969262078590898 0.34202014332566716 
8 -6.0312343591224575 -4.4312343591224552
1 -4.4312343591224561 -3.1999999999999917 -1 -7.5943727601150237e-17 
8 16.096149312828175 19.096149312828175
1 -3.3002369247963426 -21.522885645245001 0.34202014332566866 -0.93969262078590854 
8 16.096149312828175 19.096149312828175
1 19.096149312828171 -3.1999999999999957 -1 2.0865367673337418e-16 
8 -20.596149312828182 -17.596149312828182
1 -2.3097589465273698 -19.566114484745057 -0.3420201433256676 0.93969262078590887 
8 -20.596149312828182 -17.596149312828182
1 -17.596149312828182 -3.1999999999999962 -1 -2.0865367673337428e-16 
8 3.6312343591224403 5.2312343591224479
1 7.1207226950375802 -34.859130852300595 -0.93969262078590932 -0.34202014332566644 
8 3.6312343591224403 5.2312343591224479
1 5.2312343591224462 -3.1999999999999926 -1 7.5943727601150027e-17 
8 -3.524808901989922 -1.9248089019899286
1 -1.3947507428457779 3.1745081596721354 0.98480775301220791 -0.17364817766693133 
8 -3.524808901989922 -1.9248089019899286
1 -1.9248089019899288 -3.2000000000000011 -1 3.8557641006005332e-17 
8 -2.9420421614254253 0.057957838574577397
1 -5.3768901373627145 0.88923887186631112 -0.17364817766693474 -0.98480775301220735 
8 -2.9420421614254253 0.057957838574577397
1 0.057957838574577397 -3.2000000000000002 -1 2.1867124844470332e-16 
8 -2.9420421614254328 0.057957838574569209
1 -3.8011977325431836 0.61140178759921393 -0.17364817766693244 -0.98480775301220769 
8 -2.9420421614254328 0.057957838574569209
1 0.057957838574569209 -3.2000000000000002 -1 2.1867124844470337e-16 
8 -3.5248089019899309 -1.9248089019899304
1 -1.9156952758465735 0.22008490063551078 0.98480775301220802 -0.17364817766693086 
8 -3.5248089019899309 -1.9248089019899304
1 -1.9248089019899306 -3.2000000000000006 -1 3.8557641006005332e-17 
8 1.1248089019899532 2.7248089019899462
1 0.17901827101473167 16.7068121427717 -0.98480775301220758 0.17364817766693302 
8 1.1248089019899532 2.7248089019899462
1 2.7248089019899462 -3.2000000000000042 -1 -3.8557641006005776e-17 
8 6.7420421614254336 9.7420421614254362
