<?xml version='1.0' encoding='utf-8'?>
<!-- FreeCAD DocumentObject -->
<Document SchemaVersion="4" FileVersion="2">
<Object name="_Element042" Extensions="True">
  <Extensions Count="1">
    <Extension type="App::LinkBaseExtensionPython" name="LinkBaseExtensionPython">
    </Extension>
  </Extensions>
  <Properties Count="19" TransientCount="1">
    <_Property name="_ElementMapVersion" type="App::PropertyString" status="234881024"/>
    <Property name="ColoredElements" type="App::PropertyLinkSubHidden" status="218103808">
      <LinkSub value="" count="0">
      </LinkSub>
    </Property>
    <Property name="Detach" type="App::PropertyBool" group=" Link" attr="0" ro="0" hide="0" doc="" status="2097152">
      <Bool value="false"/>
    </Property>
    <Property name="ExpressionEngine" type="App::PropertyExpressionEngine" status="67108864">
      <ExpressionEngine count="0"></ExpressionEngine>
    </Property>
    <Property name="FixShape" type="App::PropertyEnumeration">
      <Integer value="1"/>
    </Property>
    <Property name="InvalidShape" type="App::PropertyBool" status="67108864">
      <Bool value="false"/>
    </Property>
    <Property name="Label" type="App::PropertyString" status="134217728">
      <String value="_Element042"/>
    </Property>
    <Property name="Label2" type="App::PropertyString" status="128">
      <String value=""/>
    </Property>
    <Property name="LinkTransform" type="App::PropertyBool" group=" Link" attr="0" ro="0" hide="0" doc="" status="2097418">
      <Bool value="true"/>
    </Property>
    <Property name="LinkedObject" type="App::PropertyXLink" group=" Link" attr="0" ro="0" hide="0" doc="" status="2097412">
      <XLink file="" stamp="" name="Binder005" sub="Edge54" shadow=";#21;:U;XTR;:H3dd:7,E;:H3de,E;:X;:H3d5:b,E;:H560:15,E;:H563:20,E;:H565:2b,E.Edge54"/>
    </Property>
    <Property name="Offset" type="App::PropertyPlacement" group=" Link" attr="0" ro="0" hide="0" doc="" status="2097152">
      <PropertyPlacement Px="0" Py="0" Pz="0" Q0="0" Q1="0" Q2="0" Q3="1" A="0" Ox="0" Oy="0" Oz="1"/>
    </Property>
    <Property name="Placement" type="App::PropertyPlacement" status="8388872">
      <PropertyPlacement Px="0" Py="0" Pz="0" Q0="0" Q1="0" Q2="0" Q3="1" A="0" Ox="0" Oy="0" Oz="1"/>
    </Property>
    <Property name="Proxy" type="App::PropertyPythonObject">
      <Python  module="freecad.asm3.assembly" class="AsmElement" value="null"/>
    </Property>
    <Property name="Shape" type="Part::PropertyPartShape">
      <Part ElementMap="0.15.70200.4" brep="1">
<![CDATA[

CASCADE Topology V1, (c) Matra-Datavision
Locations 13
1
              1               0               0               0 
              0               1               0               0 
              0               0               1               0 
1
0.911742726694818 0.410761731809451 -3.96475877231368e-14 -1.74707543568751 
0.402176797227762 -0.892687271773216 0.203379592353101 1.49797818790917 
0.0835405535696246 -0.185429864086113 -0.979099964975123 28.3975309506231 
1
              1               0               0               0 
              0               1               0               0 
              0               0               1               0 
1
              1               0               0               0 
              0               1               0               0 
              0               0               1               0 
1
              1               0               0               0 
              0               1               0               0 
              0               0               1               3 
1
              1               0               0               0 
              0               1               0               0 
              0               0               1               0 
1
              1               0               0               0 
              0               1               0               0 
              0               0               1               0 
1
              1 9.86076131526265e-32 -4.16333634234439e-17               0 
-9.86076131526265e-32               1 -3.6977854932269e-32               0 
4.16333634234439e-17 3.6977854932269e-32               1 -2.22044604925031e-16 
1
6.66133814775094e-16 -5.21804821573824e-15              -1 4.85000000000007 
             -1 1.22124532708767e-15 -6.661338147751e-16               0 
1.22124532708767e-15               1 -5.21804821573823e-15 1.50000000000002 
1
0.137511885780196 0.911742726694807 -0.387060307430628 -46.9875956174285 
-0.305226733615006 0.410761731809474 0.859134122688417 -21.4196325916954 
0.942298849811401 7.22107639281437e-14 0.334772874713755 10.1312060346027 
1
              1 6.87376158014488e-17 2.83807059015179e-18 -2.22044604925031e-16 
-6.87376158014488e-17               1 2.77555756156289e-17 1.33226762955019e-15 
-2.83807059015179e-18 -2.77555756156289e-17               1 -3.5527136788005e-15 
2  3 1 4 1 5 1 6 1 7 1 8 1 9 1 10 1 11 1 0
2  11 -1 10 -1 9 -1 8 -1 7 -1 6 -1 5 -1 4 -1 3 -1 0
Curve2ds 0
Curves 1
2 1.9400312182540503e-26 15.5 0 0 0 1 1 0 0 0 1 0 1
Polygon3D 0
PolygonOnTriangulations 0
Surfaces 0
Triangulations 0

TShapes 4
Ve
1e-07
-54.2249665817506 -7.7897836949895 17.5655977768875
0 0

0101101
*
Ed
 1e-07 1 1 0
1  1 0 0 6.28318530717959
0

0101100
+4 13 -4 13 *
Co

0100000
+3 12 *
Co

1100000
+2 2 *

+1 1 ]]>
      </Part>
      <ElementMap/>
    </Property>
    <Property name="TreeRank" type="App::PropertyInteger" status="2184">
      <Integer value="177"/>
    </Property>
    <Property name="ValidateShape" type="App::PropertyBool">
      <Bool value="false"/>
    </Property>
    <Property name="Visibility" type="App::PropertyBool" status="648">
      <Bool value="false"/>
    </Property>
    <Property name="_LinkOwner" type="App::PropertyInteger" status="201326592">
      <Integer value="0"/>
    </Property>
    <Property name="_LinkVersion" type="App::PropertyInteger" status="83886080">
      <Integer value="0"/>
    </Property>
    <Property name="_Parent" type="App::PropertyLinkHidden" group=" Link" attr="0" ro="0" hide="0" doc="" status="2097162">
      <Link value="Elements004"/>
    </Property>
  </Properties>
</Object>
</Document>
