<?xml version='1.0' encoding='utf-8'?>
<!-- FreeCAD DocumentObject -->
<Document SchemaVersion="4" FileVersion="2">
<Object name="Binder">
  <Properties Count="36" TransientCount="1">
    <_Property name="_ElementMapVersion" type="App::PropertyString" status="234881024"/>
    <Property name="BindCopyOnChange" type="App::PropertyEnumeration">
      <Integer value="0"/>
    </Property>
    <Property name="BindMode" type="App::PropertyEnumeration">
      <Integer value="0"/>
    </Property>
    <Property name="Cache_Part__assembly_main" type="App::PropertyMatrix" group="Cache" attr="0" ro="0" hide="1" doc="" status="69206016">
      <PropertyMatrix a11="1" a12="0" a13="0" a14="0" a21="0" a22="1" a23="0" a24="0" a31="0" a32="0" a33="1" a34="0" a41="0" a42="0" a43="0" a44="1"/>
    </Property>
    <Property name="ClaimChildren" type="App::PropertyBool" status="134217728">
      <Bool value="false"/>
    </Property>
    <Property name="ColoredElements" type="App::PropertyLinkSubHidden" status="218103808">
      <LinkSub value="" count="0">
      </LinkSub>
    </Property>
    <Property name="Context" type="App::PropertyXLink" status="67108864">
      <XLink file="" stamp="" name="Part" sub="Binder."/>
    </Property>
    <Property name="EdgeTolerance" type="App::PropertyPrecision">
      <Float value="1e-06"/>
    </Property>
    <Property name="ExpressionEngine" type="App::PropertyExpressionEngine" status="67108864">
      <ExpressionEngine count="0"></ExpressionEngine>
    </Property>
    <Property name="FaceMaker" type="App::PropertyString">
      <String value=""/>
    </Property>
    <Property name="FillStyle" type="App::PropertyEnumeration">
      <Integer value="0"/>
    </Property>
    <Property name="FixShape" type="App::PropertyEnumeration">
      <Integer value="0"/>
    </Property>
    <Property name="Fuse" type="App::PropertyBool">
      <Bool value="false"/>
    </Property>
    <Property name="Group_EnableExport" type="App::PropertyBool" group="Group" attr="0" ro="0" hide="0" doc="" status="2097152">
      <Bool value="false"/>
    </Property>
    <Property name="InvalidShape" type="App::PropertyBool" status="67108864">
      <Bool value="false"/>
    </Property>
    <Property name="Label" type="App::PropertyString" status="134217728">
      <String value="Binder(_assembly-arch-pinky)..."/>
    </Property>
    <Property name="Label2" type="App::PropertyString" status="128">
      <String value=""/>
    </Property>
    <Property name="MakeFace" type="App::PropertyBool">
      <Bool value="true"/>
    </Property>
    <Property name="MergeEdges" type="App::PropertyBool">
      <Bool value="true"/>
    </Property>
    <Property name="Offset" type="App::PropertyFloat">
      <Float value="0"/>
    </Property>
    <Property name="OffsetFill" type="App::PropertyBool">
      <Bool value="false"/>
    </Property>
    <Property name="OffsetIntersection" type="App::PropertyBool">
      <Bool value="false"/>
    </Property>
    <Property name="OffsetJoinType" type="App::PropertyEnumeration">
      <Integer value="0"/>
    </Property>
    <Property name="OffsetOpenResult" type="App::PropertyBool">
      <Bool value="false"/>
    </Property>
    <Property name="Outline" type="App::PropertyBool">
      <Bool value="false"/>
    </Property>
    <Property name="PartialLoad" type="App::PropertyBool" status="1024">
      <Bool value="false"/>
    </Property>
    <Property name="Placement" type="App::PropertyPlacement" status="8388608">
      <PropertyPlacement Px="0" Py="0" Pz="0" Q0="0" Q1="0" Q2="0" Q3="1" A="0" Ox="0" Oy="0" Oz="1"/>
    </Property>
    <Property name="Refine" type="App::PropertyBool">
      <Bool value="false"/>
    </Property>
    <Property name="Relative" type="App::PropertyBool">
      <Bool value="true"/>
    </Property>
    <Property name="Shape" type="Part::PropertyPartShape">
      <Part HasherIndex="0" ElementMap="1.15.70200.4" brep="1">
<![CDATA[

CASCADE Topology V1, (c) Matra-Datavision
Locations 460
1
              1               0               0               0 
              0               1               0               0 
              0               0               1               0 
1
              1               0               0               0 
              0               1               0               0 
              0               0               1               0 
1
-0.998134798421867 1.04671569390343e-13 0.0610485395348501 -4.44137980623023 
-1.04595958461709e-13              -1 4.43423343924803e-15          -60.71 
0.0610485395348501 -1.95946780529587e-15 0.998134798421867 8.07029944468401 
1
              1               0               0               0 
              0               1               0               0 
              0               0               1               0 
1
              1               0               0               0 
              0               1               0               0 
              0               0               1               0 
2  2 1 3 1 4 1 5 1 0
1
              1               0               0               0 
              0               1               0               0 
              0               0               1               0 
1
              1               0               0               0 
              0               1               0               0 
              0               0               1               0 
1
              1               0               0               0 
              0               1               0               0 
              0               0               1               0 
2  8 1 9 1 0
1
              1               0               0               0 
              0               1               0               0 
              0               0               1               0 
1
              1               0               0               0 
              0               1               0               0 
              0               0               1               0 
1
              1               0               0               0 
              0               1               0               0 
              0               0               1               0 
1
2.22044604925031e-16 -3.33066907387547e-16               1               0 
              1 3.33066907387547e-16 -2.22044604925031e-16               0 
-3.33066907387547e-16               1 3.33066907387547e-16               0 
1
              1               0               0            -1.2 
              0               1               0 3.99680288865056e-16 
              0               0               1 -4.66293670342566e-16 
2  13 1 14 1 15 1 0
2  12 -1 15 -1 14 -1 13 -1 0
2  12 -1 0
1
              1               0               0               0 
              0               1               0               0 
              0               0               1               0 
1
4.44089209850063e-16 -3.33066907387547e-16               1               0 
              1 3.33066907387547e-16 -4.44089209850063e-16               0 
-3.33066907387547e-16               1 3.33066907387547e-16               0 
1
              1               0               0               0 
              0               1               0               0 
              0               0               1               0 
1
              1               0               0               0 
              0               1               0               0 
              0               0               1               0 
1
              1               0               0               0 
              0               1               0               0 
              0               0               1               0 
1
              1               0               0               0 
              0               1               0               0 
              0               0               1               0 
1
              1               0               0               0 
              0               1               0               0 
              0               0               1               0 
1
              1               0               0               0 
              0               1               0               0 
              0               0               1               0 
1
              1               0               0               0 
              0               1               0               0 
              0               0               1               0 
1
              1               0               0               0 
              0               1               0               0 
              0               0               1               0 
1
              1               0               0               0 
              0 0.996194698091746 -0.0871557427476582               0 
              0 0.0871557427476582 0.996194698091746               0 
2  19 1 20 1 21 1 22 1 23 1 24 1 25 1 26 1 27 1 28 1 29 1 0
2  12 -1 29 -1 28 -1 27 -1 26 -1 25 -1 24 -1 23 -1 22 -1 21 -1 20 -1 19 -1 0
2  15 1 12 1 0
2  13 1 14 1 15 1 12 1 0
1
              1               0               0            3.65 
              0               1               0 -1.21569421196455e-15 
              0               0               1 1.41830991395864e-15 
2  13 1 14 1 15 1 34 1 12 1 0
2  12 -1 34 -1 15 -1 14 -1 13 -1 0
2  21 1 22 1 23 1 24 1 25 1 26 1 27 1 28 1 29 1 0
2  12 -1 29 -1 28 -1 27 -1 26 -1 25 -1 24 -1 23 -1 22 -1 21 -1 0
2  15 1 34 1 12 1 0
1
              1               0               0            2.45 
              0               1               0 -8.1601392309949e-16 
              0               0               1 8.1601392309949e-16 
2  19 1 20 1 40 1 21 1 22 1 23 1 24 1 25 1 26 1 27 1 28 1 29 1 0
2  12 -1 29 -1 28 -1 27 -1 26 -1 25 -1 24 -1 23 -1 22 -1 21 -1 40 -1 20 -1 19 -1 0
2  21 1 22 1 23 1 24 1 25 1 26 1 27 1 28 1 29 1 12 1 0
2  19 1 20 1 0
2  19 1 20 1 40 1 0
2  21 -1 0
1
              1               0               0               0 
              0               1               0               0 
              0               0               1               0 
1
4.44089209850063e-16 -3.33066907387547e-16               1               0 
              1 3.33066907387547e-16 -4.44089209850063e-16               0 
-3.33066907387547e-16               1 3.33066907387547e-16               0 
1
              1               0               0             1.5 
              0               1               0 -4.9960036108132e-16 
              0               0               1 4.9960036108132e-16 
2  47 1 48 1 49 1 21 1 0
2  12 -1 29 -1 28 -1 27 -1 26 -1 25 -1 24 -1 23 -1 22 -1 21 -1 49 -1 48 -1 47 -1 0
2  12 -1 29 -1 28 -1 27 -1 26 -1 25 -1 24 -1 23 -1 22 -1 0
2  47 1 48 1 0
2  12 -1 29 -1 28 -1 27 -1 26 -1 25 -1 24 -1 23 -1 22 -1 21 -1 48 -1 47 -1 0
2  40 1 21 1 22 1 23 1 24 1 25 1 26 1 27 1 28 1 29 1 0
2  13 1 14 1 15 1 34 1 0
2  22 1 23 1 24 1 25 1 26 1 27 1 28 1 29 1 12 1 0
2  47 1 48 1 49 1 0
2  47 1 48 1 21 1 0
1
              1               0               0               0 
              0               1               0               0 
              0               0               1               0 
1
             -1 6.8831095123797e-16 -5.61476381032531e-16 -7.00000000000001 
-8.25293025642442e-16 -0.953716950748227 0.300705799504273 -39.4069346714663 
-3.28510447135934e-16 0.300705799504273 0.953716950748227 10.9056670288791 
2  60 1 61 1 0
1
              1               0               0               0 
              0               1               0               0 
              0               0               1               0 
1
              1               0               0               0 
              0               1               0               0 
              0               0               1               0 
1
              1               0               0              -0 
              0               1               0              -0 
              0               0               1              -3 
1
              1               0               0               0 
              0               1               0               0 
              0               0               1             1.5 
2  65 1 66 1 0
2  64 -1 0
1
              1               0               0               0 
              0               1               0               0 
              0               0               1               0 
1
              1               0               0               0 
              0               1               0               0 
              0               0               1               0 
2  69 1 70 1 65 1 66 1 64 1 0
1
              1               0               0               0 
              0               1               0               0 
              0               0               1               0 
2  72 -1 64 -1 66 -1 65 -1 70 -1 69 -1 0
2  72 -1 0
1
              1               0               0            0.05 
              0               1               0               0 
              0               0               1               0 
2  69 1 70 1 65 1 66 1 75 1 64 1 0
2  72 -1 64 -1 75 -1 66 -1 65 -1 70 -1 69 -1 0
2  72 -1 64 -1 0
2  69 1 70 1 65 1 64 1 0
2  72 -1 64 -1 65 -1 70 -1 69 -1 0
1
              1               0               0               0 
              0               1               0               0 
              0               0               1               0 
2  81 1 75 1 64 1 0
2  72 -1 64 -1 75 -1 81 -1 0
2  69 1 70 1 65 1 66 1 0
2  69 1 70 1 65 1 66 1 75 1 0
2  69 1 70 1 65 1 0
1
              1               0               0              -7 
              0               1               0 2.33146835171283e-15 
              0               0               1 -2.33146835171283e-15 
1
              1               0               0              14 
              0               1               0 -4.66293670342566e-15 
              0               0               1 4.66293670342566e-15 
2  87 1 88 1 0
1
              1               0               0               0 
              0               1               0               0 
              0               0               1               0 
1
4.44089209850063e-16 -3.33066907387547e-16               1               0 
              1 3.33066907387547e-16 -4.44089209850063e-16               0 
-3.33066907387547e-16               1 3.33066907387547e-16               0 
2  90 1 91 1 87 1 88 1 0
2  72 -1 64 -1 88 -1 87 -1 91 -1 90 -1 0
2  72 -1 64 -1 81 -1 0
1
              1               0               0            -0.1 
              0               1               0              -0 
              0               0               1              -0 
2  81 1 75 1 95 1 0
2  72 -1 64 -1 95 -1 75 -1 81 -1 0
1
              1               0               0               0 
              0               1               0               0 
              0               0               1               0 
1
              1               0               0               0 
              0               1               0               0 
              0               0               1               0 
1
              1               0               0              -0 
              0               1               0              -0 
              0               0               1            -3.7 
2  98 1 99 1 100 1 81 1 0
2  72 -1 64 -1 81 -1 100 -1 99 -1 98 -1 0
2  81 1 75 1 0
2  69 1 70 1 65 1 75 1 64 1 0
2  72 -1 64 -1 75 -1 65 -1 70 -1 69 -1 0
2  69 1 70 1 65 1 66 1 75 1 95 1 0
2  72 -1 64 -1 95 -1 75 -1 66 -1 65 -1 70 -1 69 -1 0
2  90 1 91 1 87 1 0
2  72 -1 64 -1 87 -1 91 -1 90 -1 0
2  69 1 70 1 65 1 75 1 0
2  69 1 70 1 65 1 75 1 95 1 0
2  72 -1 64 -1 95 -1 75 -1 65 -1 70 -1 69 -1 0
2  75 1 95 1 0
2  72 -1 64 -1 95 -1 75 -1 0
2  90 1 91 1 87 1 88 1 75 1 95 1 0
2  72 -1 64 -1 95 -1 75 -1 88 -1 87 -1 91 -1 90 -1 0
2  100 1 81 1 0
2  72 -1 64 -1 75 -1 0
2  90 1 91 1 87 1 75 1 0
2  72 -1 64 -1 75 -1 87 -1 91 -1 90 -1 0
2  69 1 70 1 65 1 75 1 95 1 64 1 0
2  69 1 70 1 65 1 66 1 75 1 95 1 64 1 0
2  98 1 99 1 81 1 0
2  72 -1 64 -1 81 -1 99 -1 98 -1 0
2  81 1 75 1 95 1 64 1 0
1
              1               0               0               0 
              0               1               0               0 
              0               0               1               0 
1
              1 -2.27834552755958e-16 9.38862951299729e-17 -6.99999999999997 
2.45443583044889e-16 0.887010833178213 -0.461748613235051 36.9145055810984 
2.19241279148389e-17 0.461748613235051 0.887010833178213 17.5829278349497 
2  126 1 127 1 0
1
              1               0               0               0 
              0               1               0               0 
              0               0               1               0 
1
              1 7.14523855636291e-14 1.02215954308785e-13 -6.99999999999949 
-9.88822815459452e-14 0.953716950748232 0.300705799504257 -20.3325956565017 
-7.59989415337979e-14 -0.300705799504257 0.953716950748232 4.89155103879396 
2  129 1 130 1 0
1
              1               0               0               0 
              0               1               0               0 
              0               0               1               0 
1
             -1 8.02668009722096e-16 -8.29684001405294e-16             -14 
-7.27301890224678e-16 -0.996194698091746 -0.0871557427476577 8.40562589625167e-15 
-8.96483929858612e-16 -0.0871557427476577 0.996194698091746 -7.07012874183184e-15 
2  132 1 133 1 0
1
              1               0               0               0 
              0               1               0               0 
              0               0               1               0 
1
              1               0               0               0 
              0               1               0               0 
              0               0               1               0 
2  136 -1 0
1
              1               0               0               0 
              0               1               0               0 
              0               0               1               0 
1
4.44089209850063e-16 -3.33066907387547e-16               1               0 
              1 3.33066907387547e-16 -4.44089209850063e-16               0 
-3.33066907387547e-16               1 3.33066907387547e-16               0 
1
              1               0               0             1.5 
              0               1               0 -4.9960036108132e-16 
              0               0               1 4.9960036108132e-16 
2  138 1 139 1 140 1 136 1 0
1
              1               0               0               0 
              0               1               0               0 
              0               0               1               0 
2  142 -1 136 -1 140 -1 139 -1 138 -1 0
2  142 -1 0
2  142 -1 136 -1 0
2  138 1 139 1 140 1 0
2  138 1 139 1 136 1 0
2  142 -1 136 -1 139 -1 138 -1 0
1
              1               0               0            2.45 
              0               1               0 -8.1601392309949e-16 
              0               0               1 8.1601392309949e-16 
1
              1               0               0               0 
              0               1               0               0 
              0               0               1               0 
1
4.44089209850063e-16 -3.33066907387547e-16               1               0 
              1 3.33066907387547e-16 -4.44089209850063e-16               0 
-3.33066907387547e-16               1 3.33066907387547e-16               0 
2  150 1 151 1 149 1 0
2  142 -1 136 -1 149 -1 151 -1 150 -1 0
2  150 1 151 1 0
2  142 -1 136 -1 151 -1 150 -1 0
2  138 1 139 1 0
1
              1               0               0               0 
              0 -4.44089209850063e-16              -1               0 
              0               1 -4.44089209850063e-16               0 
1
              1               0               0               0 
              0               1               0               0 
              0               0               1               0 
1
-0.998134798421867 -1.54259966137596e-16 0.0610485395348567 -24.0164263715936 
9.05551563940926e-17              -1 -1.04627750067055e-15          -48.12 
0.0610485395348567 -1.03879772217993e-15 0.998134798421867 -0.751126288371753 
1
              1               0               0               0 
              0               1               0               0 
              0               0               1               0 
1
              1               0               0               0 
              0               1               0               0 
              0               0               1               0 
2  158 1 159 1 160 1 161 1 0
1
              1               0               0               0 
              0               1               0               0 
              0               0               1               0 
1
              1               0               0               0 
              0               1               0               0 
              0               0               1               0 
1
              1               0               0               0 
              0               1               0               0 
              0               0               1               0 
2  164 1 165 1 0
1
              1               0               0               0 
              0               1               0               0 
              0               0               1               0 
1
              1               0               0               0 
              0               1               0               0 
              0               0               1               0 
1
              1               0               0               0 
              0               1               0               0 
              0               0               1               0 
1
2.22044604925031e-16 -3.33066907387547e-16               1               0 
              1 3.33066907387547e-16 -2.22044604925031e-16               0 
-3.33066907387547e-16               1 3.33066907387547e-16               0 
1
              1               0               0            -1.2 
              0               1               0 3.99680288865056e-16 
              0               0               1 -4.66293670342566e-16 
2  169 1 170 1 171 1 0
2  168 -1 171 -1 170 -1 169 -1 0
2  168 -1 0
2  171 1 168 1 0
2  169 1 170 1 171 1 168 1 0
1
              1               0               0            3.65 
              0               1               0 -1.21569421196455e-15 
              0               0               1 1.41830991395864e-15 
2  169 1 170 1 171 1 177 1 168 1 0
2  168 -1 177 -1 171 -1 170 -1 169 -1 0
1
              1               0               0               0 
              0               1               0               0 
              0               0               1               0 
1
              1               0               0               0 
              0               1               0               0 
              0               0               1               0 
1
              1               0               0               0 
              0               1               0               0 
              0               0               1               0 
1
              1               0               0               0 
              0               1               0               0 
              0               0               1               0 
1
              1               0               0               0 
              0               1               0               0 
              0               0               1               0 
1
              1               0               0               0 
              0               1               0               0 
              0               0               1               0 
1
              1               0               0               0 
              0               1               0               0 
              0               0               1               0 
1
              1               0               0               0 
              0               1               0               0 
              0               0               1               0 
1
              1               0               0               0 
              0 0.996194698091746 -0.0871557427476582               0 
              0 0.0871557427476582 0.996194698091746               0 
2  180 1 181 1 182 1 183 1 184 1 185 1 186 1 187 1 188 1 0
1
              1               0               0               0 
              0               1               0               0 
              0               0               1               0 
1
4.44089209850063e-16 -3.33066907387547e-16               1               0 
              1 3.33066907387547e-16 -4.44089209850063e-16               0 
-3.33066907387547e-16               1 3.33066907387547e-16               0 
2  190 1 191 1 180 1 181 1 182 1 183 1 184 1 185 1 186 1 187 1 188 1 0
2  168 -1 188 -1 187 -1 186 -1 185 -1 184 -1 183 -1 182 -1 181 -1 180 -1 191 -1 190 -1 0
2  168 -1 188 -1 187 -1 186 -1 185 -1 184 -1 183 -1 182 -1 181 -1 180 -1 0
2  171 1 177 1 168 1 0
1
              1               0               0            2.45 
              0               1               0 -8.1601392309949e-16 
              0               0               1 8.1601392309949e-16 
2  190 1 191 1 196 1 180 1 181 1 182 1 183 1 184 1 185 1 186 1 187 1 188 1 168 1 0
2  168 -1 188 -1 187 -1 186 -1 185 -1 184 -1 183 -1 182 -1 181 -1 180 -1 196 -1 191 -1 190 -1 0
2  190 1 191 1 196 1 180 1 181 1 182 1 183 1 184 1 185 1 186 1 187 1 188 1 0
2  180 1 181 1 182 1 183 1 184 1 185 1 186 1 187 1 188 1 168 1 0
2  190 1 191 1 0
2  190 1 191 1 196 1 0
2  180 -1 0
1
              1               0               0               0 
              0               1               0               0 
              0               0               1               0 
1
4.44089209850063e-16 -3.33066907387547e-16               1               0 
              1 3.33066907387547e-16 -4.44089209850063e-16               0 
-3.33066907387547e-16               1 3.33066907387547e-16               0 
1
              1               0               0             1.5 
              0               1               0 -4.9960036108132e-16 
              0               0               1 4.9960036108132e-16 
2  204 1 205 1 206 1 180 1 0
2  168 -1 188 -1 187 -1 186 -1 185 -1 184 -1 183 -1 182 -1 181 -1 180 -1 206 -1 205 -1 204 -1 0
2  168 -1 188 -1 187 -1 186 -1 185 -1 184 -1 183 -1 182 -1 181 -1 0
2  204 1 205 1 0
2  168 -1 188 -1 187 -1 186 -1 185 -1 184 -1 183 -1 182 -1 181 -1 180 -1 205 -1 204 -1 0
2  171 1 177 1 0
2  169 1 170 1 171 1 177 1 0
2  196 1 180 1 181 1 182 1 183 1 184 1 185 1 186 1 187 1 188 1 0
2  181 1 182 1 183 1 184 1 185 1 186 1 187 1 188 1 168 1 0
2  204 1 205 1 206 1 0
2  204 1 205 1 180 1 0
1
              1               0               0               0 
              0               1               0               0 
              0               0               1               0 
1
             -1 6.8831095123797e-16 -5.61476381032531e-16 -7.00000000000001 
-8.25293025642442e-16 -0.953716950748227 0.300705799504273 -39.4069346714663 
-3.28510447135934e-16 0.300705799504273 0.953716950748227 10.9056670288791 
2  218 1 219 1 0
1
              1               0               0               0 
              0               1               0               0 
              0               0               1               0 
1
              1 -2.27834552755958e-16 9.38862951299729e-17 -6.99999999999997 
2.45443583044889e-16 0.887010833178213 -0.461748613235051 36.9145055810984 
2.19241279148389e-17 0.461748613235051 0.887010833178213 17.5829278349497 
2  221 1 222 1 0
1
              1               0               0               0 
              0               1               0               0 
              0               0               1               0 
1
              1 7.14523855636291e-14 1.02215954308785e-13 -6.99999999999949 
-9.88822815459452e-14 0.953716950748232 0.300705799504257 -20.3325956565017 
-7.59989415337979e-14 -0.300705799504257 0.953716950748232 4.89155103879396 
2  224 1 225 1 0
1
              1               0               0               0 
              0               1               0               0 
              0               0               1               0 
1
             -1 8.02668009722096e-16 -8.29684001405294e-16             -14 
-7.27301890224678e-16 -0.996194698091746 -0.0871557427476577 8.40562589625167e-15 
-8.96483929858612e-16 -0.0871557427476577 0.996194698091746 -7.07012874183184e-15 
2  227 1 228 1 0
1
              1               0               0               0 
              0 -4.44089209850063e-16              -1               0 
              0               1 -4.44089209850063e-16               0 
1
              1               0               0               0 
              0               1               0               0 
              0               0               1               0 
1
-0.998134798421867 9.56199806635868e-17 0.0610485395348569 -43.2862302392834 
-1.49195141868101e-16              -1 -8.73024688166725e-16             -42 
0.0610485395348569 -8.80504466657351e-16 0.998134798421867 -4.58187802931823 
1
              1               0               0               0 
              0               1               0               0 
              0               0               1               0 
1
              1               0               0               0 
              0               1               0               0 
              0               0               1               0 
2  231 1 232 1 233 1 234 1 0
1
              1               0               0               0 
              0               1               0               0 
              0               0               1               0 
1
              1               0               0               0 
              0               1               0               0 
              0               0               1               0 
1
              1               0               0               0 
              0               1               0               0 
              0               0               1               0 
2  237 1 238 1 0
1
              1               0               0               0 
              0               1               0               0 
              0               0               1               0 
1
              1               0               0               0 
              0               1               0               0 
              0               0               1               0 
2  241 -1 0
1
              1               0               0               0 
              0               1               0               0 
              0               0               1               0 
1
2.22044604925031e-16 -3.33066907387547e-16               1               0 
              1 3.33066907387547e-16 -2.22044604925031e-16               0 
-3.33066907387547e-16               1 3.33066907387547e-16               0 
1
              1               0               0            -1.2 
              0               1               0 3.99680288865056e-16 
              0               0               1 -4.66293670342566e-16 
2  243 1 244 1 245 1 0
2  241 -1 245 -1 244 -1 243 -1 0
1
              1               0               0            3.65 
              0               1               0 -1.21569421196455e-15 
              0               0               1 1.41830991395864e-15 
2  243 1 244 1 245 1 248 1 0
2  241 -1 248 -1 245 -1 244 -1 243 -1 0
2  243 1 244 1 245 1 241 1 0
2  243 1 244 1 245 1 248 1 241 1 0
2  245 1 241 1 0
2  245 1 248 1 241 1 0
1
              1               0               0               0 
              0               1               0               0 
              0               0               1               0 
1
              1               0               0               0 
              0               1               0               0 
              0               0               1               0 
1
              1               0               0               0 
              0               1               0               0 
              0               0               1               0 
1
              1               0               0               0 
              0               1               0               0 
              0               0               1               0 
1
              1               0               0               0 
              0               1               0               0 
              0               0               1               0 
1
              1               0               0               0 
              0               1               0               0 
              0               0               1               0 
1
              1               0               0               0 
              0               1               0               0 
              0               0               1               0 
1
              1               0               0               0 
              0 0.996194698091746 -0.0871557427476582               0 
              0 0.0871557427476582 0.996194698091746               0 
2  255 1 256 1 257 1 258 1 259 1 260 1 261 1 262 1 241 1 0
1
              1               0               0               0 
              0               1               0               0 
              0               0               1               0 
2  264 -1 0
1
              1               0               0               0 
              0               1               0               0 
              0               0               1               0 
1
4.44089209850063e-16 -3.33066907387547e-16               1               0 
              1 3.33066907387547e-16 -4.44089209850063e-16               0 
-3.33066907387547e-16               1 3.33066907387547e-16               0 
1
              1               0               0             1.5 
              0               1               0 -4.9960036108132e-16 
              0               0               1 4.9960036108132e-16 
2  266 1 267 1 268 1 264 1 0
2  241 -1 262 -1 261 -1 260 -1 259 -1 258 -1 257 -1 256 -1 255 -1 264 -1 268 -1 267 -1 266 -1 0
2  241 -1 262 -1 261 -1 260 -1 259 -1 258 -1 257 -1 256 -1 255 -1 0
2  241 -1 262 -1 261 -1 260 -1 259 -1 258 -1 257 -1 256 -1 255 -1 264 -1 0
2  266 1 267 1 268 1 0
2  266 1 267 1 264 1 0
2  241 -1 262 -1 261 -1 260 -1 259 -1 258 -1 257 -1 256 -1 255 -1 264 -1 267 -1 266 -1 0
1
              1               0               0            2.45 
              0               1               0 -8.1601392309949e-16 
              0               0               1 8.1601392309949e-16 
1
              1               0               0               0 
              0               1               0               0 
              0               0               1               0 
1
4.44089209850063e-16 -3.33066907387547e-16               1               0 
              1 3.33066907387547e-16 -4.44089209850063e-16               0 
-3.33066907387547e-16               1 3.33066907387547e-16               0 
2  277 1 278 1 276 1 0
2  241 -1 262 -1 261 -1 260 -1 259 -1 258 -1 257 -1 256 -1 255 -1 264 -1 276 -1 278 -1 277 -1 0
2  277 1 278 1 0
2  241 -1 262 -1 261 -1 260 -1 259 -1 258 -1 257 -1 256 -1 255 -1 264 -1 278 -1 277 -1 0
2  266 1 267 1 0
1
              1               0               0               0 
              0               1               0               0 
              0               0               1               0 
1
             -1 6.8831095123797e-16 -5.61476381032531e-16 -7.00000000000001 
-8.25293025642442e-16 -0.953716950748227 0.300705799504273 -39.4069346714663 
-3.28510447135934e-16 0.300705799504273 0.953716950748227 10.9056670288791 
2  284 1 285 1 0
1
              1               0               0               0 
              0               1               0               0 
              0               0               1               0 
1
              1 -2.27834552755958e-16 9.38862951299729e-17 -6.99999999999997 
2.45443583044889e-16 0.887010833178213 -0.461748613235051 36.9145055810984 
2.19241279148389e-17 0.461748613235051 0.887010833178213 17.5829278349497 
2  287 1 288 1 0
1
              1               0               0               0 
              0               1               0               0 
              0               0               1               0 
1
              1 7.14523855636291e-14 1.02215954308785e-13 -6.99999999999949 
-9.88822815459452e-14 0.953716950748232 0.300705799504257 -20.3325956565017 
-7.59989415337979e-14 -0.300705799504257 0.953716950748232 4.89155103879396 
2  290 1 291 1 0
1
              1               0               0               0 
              0               1               0               0 
              0               0               1               0 
1
             -1 8.02668009722096e-16 -8.29684001405294e-16             -14 
-7.27301890224678e-16 -0.996194698091746 -0.0871557427476577 8.40562589625167e-15 
-8.96483929858612e-16 -0.0871557427476577 0.996194698091746 -7.07012874183184e-15 
2  293 1 294 1 0
1
              1               0               0               0 
              0 -4.44089209850063e-16              -1               0 
              0               1 -4.44089209850063e-16               0 
1
              1               0               0               0 
              0               1               0               0 
              0               0               1               0 
1
-0.998134798421867 7.38829132130014e-16 0.0610485395348568 -61.9455487116245 
-7.91884075631384e-16              -1 -8.44867386947962e-16          -47.99 
0.0610485395348568 -8.91634905262719e-16 0.998134798421867 1.56871821395394 
1
              1               0               0               0 
              0               1               0               0 
              0               0               1               0 
1
              1               0               0               0 
              0               1               0               0 
              0               0               1               0 
2  297 1 298 1 299 1 300 1 0
1
              1               0               0               0 
              0               1               0               0 
              0               0               1               0 
1
              1               0               0               0 
              0               1               0               0 
              0               0               1               0 
1
              1               0               0               0 
              0               1               0               0 
              0               0               1               0 
2  303 1 304 1 0
1
              1               0               0               0 
              0               1               0               0 
              0               0               1               0 
1
              1               0               0               0 
              0               1               0               0 
              0               0               1               0 
1
              1               0               0               0 
              0               1               0               0 
              0               0               1               0 
1
2.22044604925031e-16 -3.33066907387547e-16               1               0 
