<?xml version='1.0' encoding='utf-8'?>
<!-- FreeCAD DocumentObject -->
<Document SchemaVersion="4" FileVersion="2">
<Object name="Import">
  <Properties Count="35" TransientCount="1">
    <_Property name="_ElementMapVersion" type="App::PropertyString" status="234881024"/>
    <Property name="BindCopyOnChange" type="App::PropertyEnumeration">
      <Integer value="0"/>
    </Property>
    <Property name="BindMode" type="App::PropertyEnumeration">
      <Integer value="0"/>
    </Property>
    <Property name="Cache_Binder" type="App::PropertyMatrix" group="Cache" attr="0" ro="0" hide="1" doc="" status="69206016">
      <PropertyMatrix a11="1" a12="0" a13="0" a14="0" a21="0" a22="1" a23="0" a24="0" a31="0" a32="0" a33="1" a34="0" a41="0" a42="0" a43="0" a44="1"/>
    </Property>
    <Property name="ClaimChildren" type="App::PropertyBool" status="134217728">
      <Bool value="false"/>
    </Property>
    <Property name="ColoredElements" type="App::PropertyLinkSubHidden" status="218103808">
      <LinkSub value="" count="0">
      </LinkSub>
    </Property>
    <Property name="Context" type="App::PropertyXLink" status="67108864">
      <XLink file="" stamp="" name="Part" sub="Body001.Import."/>
    </Property>
    <Property name="EdgeTolerance" type="App::PropertyPrecision">
      <Float value="1e-06"/>
    </Property>
    <Property name="ExpressionEngine" type="App::PropertyExpressionEngine" status="67108864">
      <ExpressionEngine count="0"></ExpressionEngine>
    </Property>
    <Property name="FaceMaker" type="App::PropertyString">
      <String value=""/>
    </Property>
    <Property name="FillStyle" type="App::PropertyEnumeration">
      <Integer value="0"/>
    </Property>
    <Property name="FixShape" type="App::PropertyEnumeration">
      <Integer value="0"/>
    </Property>
    <Property name="Fuse" type="App::PropertyBool">
      <Bool value="false"/>
    </Property>
    <Property name="InvalidShape" type="App::PropertyBool" status="67108864">
      <Bool value="false"/>
    </Property>
    <Property name="Label" type="App::PropertyString" status="134217728">
      <String value="Import(*_assembly-arch-pinky...)"/>
    </Property>
    <Property name="Label2" type="App::PropertyString" status="128">
      <String value=""/>
    </Property>
    <Property name="MakeFace" type="App::PropertyBool">
      <Bool value="false"/>
    </Property>
    <Property name="MergeEdges" type="App::PropertyBool">
      <Bool value="true"/>
    </Property>
    <Property name="Offset" type="App::PropertyFloat">
      <Float value="0"/>
    </Property>
    <Property name="OffsetFill" type="App::PropertyBool">
      <Bool value="false"/>
    </Property>
    <Property name="OffsetIntersection" type="App::PropertyBool">
      <Bool value="false"/>
    </Property>
    <Property name="OffsetJoinType" type="App::PropertyEnumeration">
      <Integer value="0"/>
    </Property>
    <Property name="OffsetOpenResult" type="App::PropertyBool">
      <Bool value="false"/>
    </Property>
    <Property name="Outline" type="App::PropertyBool">
      <Bool value="false"/>
    </Property>
    <Property name="PartialLoad" type="App::PropertyBool" status="1024">
      <Bool value="false"/>
    </Property>
    <Property name="Placement" type="App::PropertyPlacement" status="8388608">
      <PropertyPlacement Px="0" Py="0" Pz="0" Q0="0" Q1="0" Q2="0" Q3="1" A="0" Ox="0" Oy="0" Oz="1"/>
    </Property>
    <Property name="Refine" type="App::PropertyBool">
      <Bool value="false"/>
    </Property>
    <Property name="Relative" type="App::PropertyBool">
      <Bool value="true"/>
    </Property>
    <Property name="Shape" type="Part::PropertyPartShape">
      <Part HasherIndex="0" ElementMap="1.15.70200.4" brep="1">
<![CDATA[

CASCADE Topology V1, (c) Matra-Datavision
Locations 369
1
              1               0               0               0 
              0               1               0               0 
              0               0               1               0 
1
              1               0               0               0 
              0               1               0               0 
              0               0               1               0 
1
              1               0               0               0 
              0               1               0               0 
              0               0               1               0 
1
              1               0               0               0 
              0               1               0               0 
              0               0               1               0 
2  2 1 3 1 4 1 0
1
              1               0               0               0 
              0               1               0               0 
              0               0               1               0 
1
             -1 -4.23109396156707e-14       -4.02e-14 -0.0500000000014515 
4.23109396156707e-14              -1 -1.19999999999915e-15 -60.7100000000003 
      -4.02e-14 -1.20000000000085e-15               1              10 
1
              1               0               0               0 
              0               1               0               0 
              0               0               1               0 
1
              1               0               0               0 
              0               1               0               0 
              0               0               1               0 
2  6 1 7 1 8 1 9 1 0
1
              1               0               0               0 
              0               1               0               0 
              0               0               1               0 
1
              1               0               0               0 
              0               1               0               0 
              0               0               1               0 
1
              1               0               0               0 
              0               1               0               0 
              0               0               1               0 
2  12 1 13 1 0
1
              1               0               0               0 
              0               1               0               0 
              0               0               1               0 
1
              1               0               0               0 
              0               1               0               0 
              0               0               1               0 
1
              1               0               0               0 
              0               1               0               0 
              0               0               1               0 
1
              1               0               0               0 
              0               1               0               0 
              0               0               1               0 
1
2.22044604925031e-16 -3.33066907387547e-16               1               0 
              1 3.33066907387547e-16 -2.22044604925031e-16               0 
-3.33066907387547e-16               1 3.33066907387547e-16               0 
1
              1               0               0            -1.2 
              0               1               0 3.99680288865056e-16 
              0               0               1 -4.66293670342566e-16 
2  18 1 19 1 20 1 17 1 0
2  16 -1 17 -1 20 -1 19 -1 18 -1 0
2  16 -1 17 -1 0
2  16 -1 0
2  20 1 17 1 16 1 0
2  18 1 19 1 20 1 17 1 16 1 0
2  17 1 16 1 0
1
              1               0               0            3.65 
              0               1               0 -1.21569421196455e-15 
              0               0               1 1.41830991395864e-15 
2  18 1 19 1 20 1 28 1 17 1 16 1 0
2  16 -1 17 -1 28 -1 20 -1 19 -1 18 -1 0
1
              1               0               0               0 
              0               1               0               0 
              0               0               1               0 
1
              1               0               0               0 
              0               1               0               0 
              0               0               1               0 
1
              1               0               0               0 
              0               1               0               0 
              0               0               1               0 
1
              1               0               0               0 
              0               1               0               0 
              0               0               1               0 
1
              1               0               0               0 
              0               1               0               0 
              0               0               1               0 
1
              1               0               0               0 
              0               1               0               0 
              0               0               1               0 
1
              1               0               0               0 
              0               1               0               0 
              0               0               1               0 
1
              1               0               0               0 
              0               1               0               0 
              0               0               1               0 
1
              1               0               0               0 
              0               1               0               0 
              0               0               1               0 
2  31 1 32 1 33 1 34 1 35 1 36 1 37 1 38 1 39 1 0
1
              1               0               0               0 
              0               1               0               0 
              0               0               1               0 
1
2.22044604925031e-16 -3.33066907387547e-16               1               0 
              1 3.33066907387547e-16 -2.22044604925031e-16               0 
-3.33066907387547e-16               1 3.33066907387547e-16               0 
2  41 1 42 1 31 1 32 1 33 1 34 1 35 1 36 1 37 1 38 1 39 1 0
2  16 -1 39 -1 38 -1 37 -1 36 -1 35 -1 34 -1 33 -1 32 -1 31 -1 42 -1 41 -1 0
2  16 -1 39 -1 38 -1 37 -1 36 -1 35 -1 34 -1 33 -1 32 -1 31 -1 0
2  18 1 19 1 20 1 28 1 17 1 0
2  20 1 28 1 17 1 16 1 0
1
              1               0               0            2.45 
              0               1               0 -8.1601392309949e-16 
              0               0               1 9.52016243616072e-16 
2  41 1 42 1 48 1 31 1 32 1 33 1 34 1 35 1 36 1 37 1 38 1 39 1 16 1 0
2  16 -1 39 -1 38 -1 37 -1 36 -1 35 -1 34 -1 33 -1 32 -1 31 -1 48 -1 42 -1 41 -1 0
2  41 1 42 1 48 1 31 1 32 1 33 1 34 1 35 1 36 1 37 1 38 1 39 1 0
2  31 1 32 1 33 1 34 1 35 1 36 1 37 1 38 1 39 1 16 1 0
2  41 1 42 1 0
2  41 1 42 1 48 1 0
2  31 -1 0
1
              1               0               0               0 
              0               1               0               0 
              0               0               1               0 
1
2.22044604925031e-16 -3.33066907387547e-16               1               0 
              1 3.33066907387547e-16 -2.22044604925031e-16               0 
-3.33066907387547e-16               1 3.33066907387547e-16               0 
1
              1               0               0             1.5 
              0               1               0 -4.9960036108132e-16 
              0               0               1 5.82867087928207e-16 
2  56 1 57 1 58 1 31 1 0
2  16 -1 39 -1 38 -1 37 -1 36 -1 35 -1 34 -1 33 -1 32 -1 31 -1 58 -1 57 -1 56 -1 0
2  16 -1 39 -1 38 -1 37 -1 36 -1 35 -1 34 -1 33 -1 32 -1 0
2  56 1 57 1 0
2  16 -1 39 -1 38 -1 37 -1 36 -1 35 -1 34 -1 33 -1 32 -1 31 -1 57 -1 56 -1 0
2  20 1 28 1 17 1 0
2  48 1 31 1 32 1 33 1 34 1 35 1 36 1 37 1 38 1 39 1 0
2  32 1 33 1 34 1 35 1 36 1 37 1 38 1 39 1 16 1 0
2  56 1 57 1 58 1 0
2  56 1 57 1 31 1 0
1
              1               0               0               0 
              0               1               0               0 
              0               0               1               0 
1
             -1 6.63223999848794e-16 -4.01274868923392e-16 -7.00000000000001 
-7.60470786768194e-16 -0.939692620785909 0.342020143325669 -38.8937294869108 
-1.50239065748836e-16 0.342020143325669 0.939692620785908 12.6141935986808 
2  69 1 70 1 0
1
              1               0               0               0 
              0               1               0               0 
              0               0               1               0 
1
              1               0               0               0 
              0               1               0               0 
              0               0               1               0 
1
              1               0               0              -0 
              0               1               0              -0 
              0               0               1              -3 
1
              1               0               0               0 
              0               1               0               0 
              0               0               1             1.5 
2  74 1 75 1 0
2  73 -1 0
1
              1               0               0               0 
              0               1               0               0 
              0               0               1               0 
1
              1               0               0               0 
              0               1               0               0 
              0               0               1               0 
2  78 1 79 1 74 1 75 1 73 1 0
1
              1               0               0               0 
              0               1               0               0 
              0               0               1               0 
2  81 -1 73 -1 75 -1 74 -1 79 -1 78 -1 0
2  81 -1 0
1
              1               0               0            0.05 
              0               1               0               0 
              0               0               1               0 
2  78 1 79 1 74 1 75 1 84 1 73 1 0
2  81 -1 73 -1 84 -1 75 -1 74 -1 79 -1 78 -1 0
2  81 -1 73 -1 0
2  78 1 79 1 74 1 73 1 0
2  81 -1 73 -1 74 -1 79 -1 78 -1 0
1
              1               0               0               0 
              0               1               0               0 
              0               0               1               0 
2  90 1 84 1 73 1 0
2  81 -1 73 -1 84 -1 90 -1 0
2  78 1 79 1 74 1 75 1 0
2  78 1 79 1 74 1 75 1 84 1 0
2  78 1 79 1 74 1 0
1
              1               0               0              -7 
              0               1               0 2.33146835171283e-15 
              0               0               1 -2.33146835171283e-15 
1
              1               0               0              14 
              0               1               0 -4.66293670342566e-15 
              0               0               1 4.66293670342566e-15 
2  96 1 97 1 0
1
              1               0               0               0 
              0               1               0               0 
              0               0               1               0 
1
4.44089209850063e-16 -3.33066907387547e-16               1               0 
              1 3.33066907387547e-16 -4.44089209850063e-16               0 
-3.33066907387547e-16               1 3.33066907387547e-16               0 
2  99 1 100 1 96 1 97 1 0
2  81 -1 73 -1 97 -1 96 -1 100 -1 99 -1 0
2  81 -1 73 -1 90 -1 0
1
              1               0               0            -0.1 
              0               1               0              -0 
              0               0               1              -0 
2  90 1 84 1 104 1 0
2  81 -1 73 -1 104 -1 84 -1 90 -1 0
1
              1               0               0               0 
              0               1               0               0 
              0               0               1               0 
1
              1               0               0               0 
              0               1               0               0 
              0               0               1               0 
1
              1               0               0              -0 
              0               1               0              -0 
              0               0               1            -3.7 
2  107 1 108 1 109 1 90 1 0
2  81 -1 73 -1 90 -1 109 -1 108 -1 107 -1 0
2  90 1 84 1 0
2  78 1 79 1 74 1 84 1 73 1 0
2  81 -1 73 -1 84 -1 74 -1 79 -1 78 -1 0
2  78 1 79 1 74 1 75 1 84 1 104 1 0
2  81 -1 73 -1 104 -1 84 -1 75 -1 74 -1 79 -1 78 -1 0
2  99 1 100 1 96 1 0
2  81 -1 73 -1 96 -1 100 -1 99 -1 0
2  78 1 79 1 74 1 84 1 0
2  78 1 79 1 74 1 84 1 104 1 0
2  81 -1 73 -1 104 -1 84 -1 74 -1 79 -1 78 -1 0
2  84 1 104 1 0
2  81 -1 73 -1 104 -1 84 -1 0
2  99 1 100 1 96 1 97 1 84 1 104 1 0
2  81 -1 73 -1 104 -1 84 -1 97 -1 96 -1 100 -1 99 -1 0
2  109 1 90 1 0
2  81 -1 73 -1 84 -1 0
2  99 1 100 1 96 1 84 1 0
2  81 -1 73 -1 84 -1 96 -1 100 -1 99 -1 0
2  78 1 79 1 74 1 84 1 104 1 73 1 0
2  78 1 79 1 74 1 75 1 84 1 104 1 73 1 0
2  107 1 108 1 90 1 0
2  81 -1 73 -1 90 -1 108 -1 107 -1 0
2  90 1 84 1 104 1 73 1 0
1
              1               0               0               0 
              0               1               0               0 
              0               0               1               0 
1
              1 -2.7536277935882e-16 1.16394038253459e-16 -6.99999999999999 
2.98753677316611e-16 0.90630778703665 -0.422618261740699 37.6463276916194 
1.088451592696e-17 0.422618261740699 0.90630778703665 15.9560046653668 
2  135 1 136 1 0
1
              1               0               0               0 
              0               1               0               0 
              0               0               1               0 
1
              1 -1.05728033645879e-16 -4.44915549843142e-17 -7.00000000000002 
1.14568861039754e-16 0.939692620785909 0.342020143325667 -20.0998770711926 
5.64726868494601e-18 -0.342020143325667 0.939692620785909 5.77379073216742 
2  138 1 139 1 0
1
              1               0               0               0 
              0               1               0               0 
              0               0               1               0 
1
             -1 7.99880459865656e-16 -7.65838613038827e-16             -14 
-7.30089440081119e-16 -0.996194698091746 -0.0871557427476578         8.4e-15 
-8.32638541492145e-16 -0.0871557427476578 0.996194698091746        -7.1e-15 
2  141 1 142 1 0
1
              1               0               0               0 
              0               1               0               0 
              0               0               1               0 
2  144 -1 31 -1 58 -1 57 -1 56 -1 0
2  144 -1 0
2  144 -1 31 -1 0
2  144 -1 31 -1 57 -1 56 -1 0
2  144 -1 31 -1 48 -1 42 -1 41 -1 0
2  144 -1 31 -1 42 -1 41 -1 0
1
              1               0               0               0 
              0 -4.44089209850063e-16              -1               0 
              0               1 -4.44089209850063e-16               0 
1
              1               0               0               0 
              0               1               0               0 
              0               0               1               0 
1
             -1 -1.22464679914735e-16 -6.12323399573677e-32          -19.05 
1.22464679914735e-16              -1          -1e-15 1.4210854715202e-14 
6.12323399573677e-32          -1e-15               1               0 
1
              1               0               0               0 
              0               1               0               0 
              0               0               1               0 
1
              1               0               0               0 
              0               1               0               0 
              0               0               1               0 
2  152 1 153 1 154 1 155 1 0
1
              1               0               0               0 
              0               1               0               0 
              0               0               1               0 
1
              1               0               0               0 
              0               1               0               0 
              0               0               1               0 
1
              1               0               0               0 
              0               1               0               0 
              0               0               1               0 
2  158 1 159 1 0
1
              1               0               0               0 
              0               1               0               0 
              0               0               1               0 
1
              1               0               0               0 
              0               1               0               0 
              0               0               1               0 
1
2.22044604925031e-16 -3.33066907387547e-16               1               0 
              1 3.33066907387547e-16 -2.22044604925031e-16               0 
-3.33066907387547e-16               1 3.33066907387547e-16               0 
2  162 1 163 1 0
2  163 -1 162 -1 0
1
              1               0               0            2.45 
              0               1               0 -8.1601392309949e-16 
              0               0               1 9.52016243616072e-16 
2  162 1 163 1 166 1 0
2  166 -1 163 -1 162 -1 0
1
              1               0               0               0 
              0               1               0               0 
              0               0               1               0 
1
              1               0               0               0 
              0               1               0               0 
              0               0               1               0 
1
              1               0               0               0 
              0               1               0               0 
              0               0               1               0 
1
              1               0               0               0 
              0               1               0               0 
              0               0               1               0 
1
              1               0               0               0 
              0               1               0               0 
              0               0               1               0 
1
              1               0               0               0 
              0               1               0               0 
              0               0               1               0 
1
              1               0               0               0 
              0               1               0           48.12 
              0               0               1               0 
1
              1               0               0               0 
              0               1               0               0 
              0               0               1               0 
2  31 1 32 1 169 1 170 1 171 1 172 1 173 1 174 1 175 1 176 1 0
2  176 -1 175 -1 174 -1 173 -1 172 -1 171 -1 170 -1 169 -1 32 -1 31 -1 0
2  176 -1 175 -1 174 -1 173 -1 172 -1 171 -1 170 -1 169 -1 32 -1 31 -1 42 -1 41 -1 0
2  176 -1 175 -1 174 -1 173 -1 172 -1 171 -1 170 -1 169 -1 32 -1 31 -1 48 -1 42 -1 41 -1 0
2  41 1 42 1 31 1 32 1 169 1 170 1 171 1 172 1 173 1 174 1 175 1 176 1 0
2  41 1 42 1 48 1 31 1 32 1 169 1 170 1 171 1 172 1 173 1 174 1 175 1 176 1 0
2  176 -1 175 -1 174 -1 173 -1 172 -1 171 -1 170 -1 169 -1 32 -1 31 -1 58 -1 57 -1 56 -1 0
2  176 -1 175 -1 174 -1 173 -1 172 -1 171 -1 170 -1 169 -1 32 -1 0
2  32 1 169 1 170 1 171 1 172 1 173 1 174 1 175 1 176 1 0
2  176 -1 175 -1 174 -1 173 -1 172 -1 171 -1 170 -1 169 -1 32 -1 31 -1 57 -1 56 -1 0
2  56 1 57 1 31 1 32 1 169 1 170 1 171 1 172 1 173 1 174 1 175 1 176 1 0
1
              1               0               0               0 
              0               1               0               0 
              0               0               1               0 
1
             -1 2.82045716401673e-16 -6.70401073514857e-16              -7 
-4.94326949676161e-16 -0.939692620785909 0.342020143325669 9.22627051308916 
-5.33505625400771e-16 0.342020143325669 0.939692620785908 12.6141935986808 
2  188 1 189 1 0
1
              1               0               0               0 
              0               1               0               0 
              0               0               1               0 
1
              1 -2.09172533093e-16 1.99752328385114e-16 -6.99999999999999 
2.73993677377142e-16 0.90630778703665 -0.422618261740699 85.7663276916194 
-9.26369583544679e-17 0.422618261740699 0.90630778703665 15.9560046653668 
2  191 1 192 1 0
1
              1               0               0               0 
              0               1               0               0 
              0               0               1               0 
1
              1 -2.01726782542585e-16 3.96637272658643e-16 -7.00000000000001 
5.39032321271395e-17 0.939692620785909 0.342020143325667 28.0201229288073 
-4.41711741323816e-16 -0.342020143325667 0.939692620785909 5.77379073216744 
2  194 1 195 1 0
1
              1               0               0               0 
              0               1               0               0 
              0               0               1               0 
1
             -1 2.97752163130982e-12 -5.52499688519697e-12 -14.0000000000388 
-2.48465605536294e-12 -0.996194698091843 -0.0871557427465434 48.1200000000464 
-5.76348071332788e-12 -0.0871557427465434 0.996194698091843 -7.92965638834696e-11 
2  197 1 198 1 0
1
              1               0               0               0 
              0 -4.44089209850063e-16              -1               0 
              0               1 -4.44089209850063e-16               0 
1
              1               0               0               0 
              0               1               0               0 
              0               0               1               0 
1
             -1 1.22464679914735e-16 4.89858719658941e-32          -38.05 
-1.22464679914735e-16              -1          -8e-16 -3.15544362088405e-30 
-4.89858719658941e-32          -8e-16               1 8.88178419700125e-16 
1
              1               0               0               0 
              0               1               0               0 
              0               0               1               0 
1
              1               0               0               0 
              0               1               0               0 
              0               0               1               0 
2  201 1 202 1 203 1 204 1 0
1
              1               0               0               0 
              0               1               0               0 
              0               0               1               0 
1
              1               0               0               0 
              0               1               0               0 
              0               0               1               0 
1
              1               0               0               0 
              0               1               0               0 
              0               0               1               0 
2  207 1 208 1 0
1
              1               0               0               0 
              0               1               0               0 
              0               0               1               0 
1
              1               0               0               0 
              0               1               0               0 
              0               0               1               0 
1
              1               0               0               0 
              0               1               0               0 
              0               0               1               0 
1
              1               0               0               0 
              0               1               0               0 
              0               0               1               0 
1
              1               0               0               0 
              0               1               0               0 
              0               0               1               0 
1
              1               0               0               0 
              0               1               0               0 
              0               0               1               0 
1
              1               0               0               0 
              0               1               0               0 
              0               0               1               0 
1
              1               0               0               0 
              0               1               0              42 
              0               0               1              -5 
1
              1               0               0               0 
              0               1               0               0 
              0               0               1               0 
2  31 1 32 1 211 1 212 1 213 1 214 1 215 1 216 1 217 1 218 1 0
2  218 -1 217 -1 216 -1 215 -1 214 -1 213 -1 212 -1 211 -1 32 -1 31 -1 0
2  218 -1 217 -1 216 -1 215 -1 214 -1 213 -1 212 -1 211 -1 32 -1 31 -1 42 -1 41 -1 0
2  218 -1 217 -1 216 -1 215 -1 214 -1 213 -1 212 -1 211 -1 32 -1 31 -1 48 -1 42 -1 41 -1 0
2  41 1 42 1 31 1 32 1 211 1 212 1 213 1 214 1 215 1 216 1 217 1 218 1 0
2  41 1 42 1 48 1 31 1 32 1 211 1 212 1 213 1 214 1 215 1 216 1 217 1 218 1 0
1
              1               0               0               0 
              0               1               0               0 
              0               0               1               0 
1
2.22044604925031e-16 -3.33066907387547e-16               1               0 
              1 3.33066907387547e-16 -2.22044604925031e-16               0 
-3.33066907387547e-16               1 3.33066907387547e-16               0 
2  225 1 226 1 0
2  226 -1 225 -1 0
1
              1               0               0            2.45 
              0               1               0 -8.1601392309949e-16 
              0               0               1 9.52016243616072e-16 
2  225 1 226 1 229 1 0
2  229 -1 226 -1 225 -1 0
2  218 -1 217 -1 216 -1 215 -1 214 -1 213 -1 212 -1 211 -1 32 -1 31 -1 58 -1 57 -1 56 -1 0
2  218 -1 217 -1 216 -1 215 -1 214 -1 213 -1 212 -1 211 -1 32 -1 0
2  218 -1 217 -1 216 -1 215 -1 214 -1 213 -1 212 -1 211 -1 32 -1 31 -1 57 -1 56 -1 0
2  32 1 211 1 212 1 213 1 214 1 215 1 216 1 217 1 218 1 0
2  56 1 57 1 31 1 32 1 211 1 212 1 213 1 214 1 215 1 216 1 217 1 218 1 0
1
              1               0               0               0 
              0               1               0               0 
              0               0               1               0 
1
             -1 1.77462260821841e-16 -5.38605569180887e-16              -7 
-3.50973930929519e-16 -0.939692620785908 0.342020143325669 3.10627051308917 
-4.4542801099229e-16 0.342020143325669 0.939692620785909 7.61419359868077 
2  237 1 238 1 0
1
              1               0               0               0 
              0               1               0               0 
              0               0               1               0 
1
              1 -4.8268248641122e-16 9.93512952708819e-17              -7 
4.79446567809767e-16 0.90630778703665 -0.422618261740699 79.6463276916194 
1.1394758082361e-16 0.422618261740699 0.90630778703665 10.9560046653668 
2  240 1 241 1 0
1
              1               0               0               0 
              0               1               0               0 
              0               0               1               0 
1
              1 -1.90880748158037e-16 2.24972763343076e-16 -7.00000000000001 
1.02424013731231e-16 0.939692620785909 0.342020143325667 21.9001229288074 
-2.76690306434426e-16 -0.342020143325667 0.939692620785909 0.773790732167415 
2  243 1 244 1 0
1
              1               0               0               0 
              0               1               0               0 
              0               0               1               0 
1
             -1 2.46287236256152e-14 -7.50156179899338e-13 -13.9999999999896 
4.08454151386447e-14 -0.996194698091818 -0.0871557427468299 41.9999999999917 
-7.49448143857029e-13 -0.0871557427468299 0.996194698091818 -5.00000000003274 
2  246 1 247 1 0
1
              1               0               0               0 
              0 -4.44089209850063e-16              -1               0 
              0               1 -4.44089209850063e-16               0 
1
              1               0               0               0 
              0               1               0               0 
              0               0               1               0 
1
             -1 -1.22464679914735e-16 -1.11022302462516e-16          -57.05 
1.22464679914735e-16              -1 -8.88977697537483e-16 1.4210854715202e-14 
-1.11022302462516e-16 -8.88977697537483e-16               1 1.11022302462516e-16 
1
              1               0               0               0 
              0               1               0               0 
              0               0               1               0 
1
              1               0               0               0 
              0               1               0               0 
              0               0               1               0 
2  250 1 251 1 252 1 253 1 0
1
              1               0               0               0 
              0               1               0               0 
              0               0               1               0 
1
              1               0               0               0 
              0               1               0               0 
              0               0               1               0 
1
              1               0               0               0 
              0               1               0               0 
              0               0               1               0 
2  256 1 257 1 0
1
              1               0               0               0 
              0               1               0               0 
              0               0               1               0 
1
              1               0               0               0 
              0               1               0               0 
              0               0               1               0 
1
2.22044604925031e-16 -3.33066907387547e-16               1               0 
              1 3.33066907387547e-16 -2.22044604925031e-16               0 
-3.33066907387547e-16               1 3.33066907387547e-16               0 
2  260 1 261 1 0
2  261 -1 260 -1 0
1
              1               0               0            2.45 
              0               1               0 -8.1601392309949e-16 
              0               0               1 9.52016243616072e-16 
2  260 1 261 1 264 1 0
2  264 -1 261 -1 260 -1 0
1
              1               0               0               0 
              0               1               0               0 
              0               0               1               0 
1
              1               0               0               0 
              0               1               0               0 
              0               0               1               0 
1
              1               0               0               0 
              0               1               0               0 
              0               0               1               0 
1
              1               0               0               0 
              0               1               0               0 
              0               0               1               0 
1
              1               0               0               0 
              0               1               0               0 
              0               0               1               0 
1
              1               0               0               0 
              0               1               0               0 
              0               0               1               0 
1
              1               0               0               0 
              0               1               0           47.99 
              0               0               1               0 
1
              1               0               0               0 
              0               1               0               0 
              0               0               1               0 
2  31 1 32 1 267 1 268 1 269 1 270 1 271 1 272 1 273 1 274 1 0
2  274 -1 273 -1 272 -1 271 -1 270 -1 269 -1 268 -1 267 -1 32 -1 31 -1 0
2  274 -1 273 -1 272 -1 271 -1 270 -1 269 -1 268 -1 267 -1 32 -1 31 -1 42 -1 41 -1 0
2  274 -1 273 -1 272 -1 271 -1 270 -1 269 -1 268 -1 267 -1 32 -1 31 -1 48 -1 42 -1 41 -1 0
2  41 1 42 1 31 1 32 1 267 1 268 1 269 1 270 1 271 1 272 1 273 1 274 1 0
2  41 1 42 1 48 1 31 1 32 1 267 1 268 1 269 1 270 1 271 1 272 1 273 1 274 1 0
2  274 -1 273 -1 272 -1 271 -1 270 -1 269 -1 268 -1 267 -1 32 -1 31 -1 58 -1 57 -1 56 -1 0
2  274 -1 273 -1 272 -1 271 -1 270 -1 269 -1 268 -1 267 -1 32 -1 0
2  32 1 267 1 268 1 269 1 270 1 271 1 272 1 273 1 274 1 0
2  274 -1 273 -1 272 -1 271 -1 270 -1 269 -1 268 -1 267 -1 32 -1 31 -1 57 -1 56 -1 0
2  56 1 57 1 31 1 32 1 267 1 268 1 269 1 270 1 271 1 272 1 273 1 274 1 0
1
              1               0               0               0 
              0               1               0               0 
              0               0               1               0 
1
             -1 -1.91612495941579e-16 -5.95730323894677e-16              -7 
-2.36949222752329e-17 -0.939692620785908 0.342020143325669 7.73371621294959 
-6.25338722667155e-16 0.342020143325669 0.939692620785908 13.110122806503 
2  286 1 287 1 0
1
              1               0               0               0 
              0               1               0               0 
              0               0               1               0 
1
              1 -4.36351264006077e-16 -1.47613279237544e-16              -7 
3.33084480970777e-16 0.90630778703665 -0.422618261740699 86.9504739828225 
3.18193077145607e-16 0.422618261740699 0.90630778703665 16.5688011448908 
2  289 1 290 1 0
1
              1               0               0               0 
              0               1               0               0 
              0               0               1               0 
1
              1 -2.95630254595523e-16 2.5392786240862e-16 -7.00000000000001 
1.90953124829096e-16 0.939692620785909 0.342020143325668 26.5275686286677 
-3.39725640565484e-16 -0.342020143325668 0.939692620785909 6.26971993998966 
2  292 1 293 1 0
1
              1               0               0               0 
              0               1               0               0 
              0               0               1               0 
1
             -1 -1.43056405571431e-16 -4.05352846429985e-16             -14 
1.77840861163805e-16 -0.996194698091746 -0.0871557427476578 46.6274456998605 
-3.9134216918756e-16 -0.0871557427476578 0.996194698091746 0.495929207822209 
2  295 1 296 1 0
1
              1               0               0               0 
              0 -4.44089209850063e-16              -1               0 
              0               1 -4.44089209850063e-16               0 
1
              1               0               0               0 
              0               1               0               0 
              0               0               1               0 
1
             -1 -1.22464679914735e-16 -4.76482321443185e-23          -76.05 
1.22464679914735e-16              -1 -9.99200722162643e-16 -1.2705493451508e-22 
-4.76482320219517e-23 -9.99200722162643e-16               1 8.64717438545487e-23 
1
              1               0               0               0 
              0               1               0               0 
              0               0               1               0 
1
              1               0               0               0 
