<?xml version='1.0' encoding='utf-8'?>
<!-- FreeCAD DocumentObject -->
<Document SchemaVersion="4" FileVersion="2">
<Object name="Pad">
  <Properties Count="47" TransientCount="2">
    <_Property name="_Body" type="App::PropertyLinkHidden" status="251658240"/>
    <_Property name="_ElementMapVersion" type="App::PropertyString" status="234881024"/>
    <Property name="AddSubShape" type="Part::PropertyPartShape">
      <Part HasherIndex="0" ElementMap="1.15.70200.4" brep="1">
<![CDATA[

CASCADE Topology V1, (c) Matra-Datavision
Locations 5
1
              1               0               0               0 
              0               1               0               0 
              0               0               1               0 
1
-8.88178419700125e-16 0.0610485395348569 -0.998134798421867 -26.4618566277271 
             -1 -1.10696661851224e-15 8.22133168409266e-16          -48.12 
-1.0547118733939e-15 0.998134798421867 0.0610485395348569 -0.601557366511353 
2  1 1 2 1 0
1
              1               0               0 18.9645611700155 
              0               1               0 -1.16018306073329e-14 
              0               0               1 -1.15992225116228 
2  1 1 2 1 4 1 0
Curve2ds 0
Curves 10
1 -26.002355098512236 -6.127352551931601 6.9112262271986875 0.99813479842186692 -6.10622663543836e-16 -0.061048539534856956 
1 -26.405794010470924 -27.086818019710886 0.3150583232394879 0.99813479842186692 -6.10622663543836e-16 -0.061048539534856956 
1 -41.992647448068404 7.5268226351674379 0 0.95371695074822693 -0.30070579950427323 0 
1 -26.461856627727148 -48.119999999999997 -0.60155736651135294 0.99813479842186692 -6.10622663543836e-16 -0.061048539534856956 
1 -21.033181980289111 0.91832855762574717 0 0.9990482215818578 -0.043619387365335986 0 
1 -26.185169658170263 -68.563638389091381 3.9222345978639521 0.99813479842186692 -6.10622663543836e-16 -0.061048539534856956 
1 0 0 0 0.97629600711993192 0.21643961393810893 0 
1 -25.564173262543374 -88.167665742147051 14.075435917542693 0.99813479842186692 -6.10622663543836e-16 -0.061048539534856956 
1 20.44363838909138 4.5322455158640018 0 0.88762269619018241 0.46057132912076831 0 
1 40.047665742147039 14.704419991427629 0 -0.99619469809174543 -0.087155742747658263 0 
Polygon3D 0
PolygonOnTriangulations 0
Surfaces 6
1 -26.002355098512236 -6.127352551931601 6.9112262271986875 -0.058223026972816158 0.30070579950427423 -0.95193807638659877 -0.018357649889398236 -0.9537169507482266 -0.30014492257248504 -0.99813479842186703 8.0144224590128488e-16 0.061048539534857026 
1 -26.405794010470924 -27.086818019710886 0.31505832323948835 -0.06099043485246855 0.043619387365337096 -0.99718479526233228 -0.0026628998940598412 -0.99904822158185769 -0.043538028415186024 -0.99813479842186703 8.2139156587501816e-16 0.06104853953485697 
1 -26.461856627727148 -48.119999999999997 -0.60155736651135294 -0.059601445388384314 -0.21643961393810793 -0.97447501826672722 0.013213322328408952 -0.97629600711993236 0.21603591042862014 -0.99813479842186692 8.2052420413702956e-16 0.061048539534856915 
1 -26.185169658170263 -68.563638389091381 3.9222345978639521 -0.054188069260402996 -0.46057132912076743 -0.88596710093646236 0.028117206994450049 -0.88762269619018297 0.45971227075084858 -0.99813479842186692 7.8409501114151661e-16 0.061048539534856866 
1 -25.564173262543374 -88.167665742147051 14.075435917542693 0.060816231410868886 0.087155742747657181 0.99433659416873721 -0.0053207308068193527 0.99619469809174577 -0.086993179718740959 -0.99813479842186692 8.2399365108898317e-16 0.061048539534856942 
1 -25.998667840071583 -47.454994556236862 6.971512369806848 0.99813479842186703 -8.048187449871153e-16 -0.061048539534856727 0.061048539534856727 0 0.99813479842186703 -8.0331759579385414e-16 -1 4.913300897173967e-17 
Triangulations 0

TShapes 29
Ve
1e-07
-41.9926474480684 7.52682263516744 0
0 0

0101101
*
Ed
 1e-07 1 1 0
1  1 0 0 19
0

0101000
+29 3 -29 5 *
Ve
1.00000000444089e-07
-21.0331819802891 0.918328557625747 0
0 0

0101101
*
Ed
 1.00000000444089e-07 1 1 0
1  2 0 0 19
0

0101000
+27 3 -27 5 *
Ed
 1e-07 1 1 0
1  3 0 0 21.9766099903497
0

0101000
+29 0 -27 0 *
Wi

0101100
+28 0 -26 0 -25 3 +25 5 *
Fa
0  1e-07 1 0

0111000
+24 0 *
Ve
1e-07
0 0 0
0 0

0101101
*
Ed
 1e-07 1 1 0
1  4 0 0 19
0

0101000
+22 3 -22 5 *
Ed
 1e-07 1 1 0
1  5 0 0 21.0532199806991
0

0101000
+27 0 -22 0 *
Wi

0101100
+26 0 -21 0 -20 3 +20 5 *
Fa
0  1e-07 2 0

0111000
+19 0 *
Ve
1e-07
20.4436383890914 4.532245515864 0
0 0

0101101
*
Ed
 1e-07 1 1 0
1  6 0 0 19
0

0101000
+17 3 -17 5 *
Ed
 1e-07 1 1 0
1  7 0 0 20.94
0

0101000
+22 0 -17 0 *
Wi

0101100
+21 0 -16 0 -15 3 +15 5 *
Fa
0  1e-07 3 0

0111000
+14 0 *
Ve
1e-07
40.047665742147 14.7044199914276 0
0 0

0101101
*
Ed
 1e-07 1 1 0
1  8 0 0 19
0

0101000
+12 3 -12 5 *
Ed
 1e-07 1 1 0
1  9 0 0 22.085991533564
0

0101000
+17 0 -12 0 *
Wi

0101100
+16 0 -11 0 -10 3 +10 5 *
Fa
0  1e-07 4 0

0111000
+9 0 *
Ed
 1e-07 1 1 0
1  10 0 0 82.3536938586074
0

0101000
+12 0 -29 0 *
Wi

0101100
+11 0 -28 0 -7 3 +7 5 *
Fa
0  1e-07 5 0

0111000
+6 0 *
Wi

0101100
+25 0 +20 0 +15 0 +10 0 +7 0 *
Fa
0  1e-07 6 0

0111000
-4 3 *
Sh

0101100
-23 0 -18 0 -13 0 -8 0 -5 0 +3 0 -3 4 *
So

1100000
-2 0 *

+1 0 ]]>
      </Part>
      <ElementMap new="1" count="1"><Element key="Dummy" value="Dummy"/></ElementMap>
      <ElementMap2 count="37">
<![CDATA[
26 PostfixCount 11
Edge
Face
Vertex
;:G;XTR;:H11c4:7,F
;FAC;:H11c4:4,F
;:G;XTR;:H11c4:7,E
;:G0;XTR;:H11c4:8,F
;:U;XTR;:H11c4:7,E
;:U;XTR;:H11c4:7,V
;SKT;:H,E;:H11c4:5,E
;SKT;:H,V;:H11c4:5,V

MapCount 1

ElementMap 1 26 3

Edge

ChildCount 0

NameCount 16
0
$#cc9f.6 0
$#cca0.6 0
;g5.a 0
$#ccab.8 0
$#cca1.6 0
;g6.a 0
$#ccac.8 0
$#cca2.6 0
;g7.a 0
$#ccad.8 0
$#cca3.6 0
;g8.a 0
$#ccae.8 0
;g9.a 0
$#ccaf.8 0

Face

ChildCount 0

NameCount 8
0
$#cc9d.4 0
$#cca4.4 0
$#cca5.4 0
$#cca6.4 0
$#cca7.4 0
$#cc9d.5 0
$#cca9.7 0

Vertex

ChildCount 0

NameCount 11
0
;g5v1.b ;g9v2.b 0
$#ccb1.9 0
;g5v2.b ;g6v1.b 0
$#ccb2.9 0
;g6v2.b ;g7v1.b 0
$#ccb3.9 0
;g7v2.b ;g8v1.b 0
$#ccb4.9 0
;g8v2.b ;g9v1.b 0
$#ccb5.9 0

EndMap
]]>
      </ElementMap2>
    </Property>
    <Property name="AddSubType" type="App::PropertyEnumeration">
      <Integer value="0"/>
    </Property>
    <Property name="AllowMultiFace" type="App::PropertyBool">
      <Bool value="true"/>
    </Property>
    <Property name="AlongSketchNormal" type="App::PropertyBool">
      <Bool value="false"/>
    </Property>
    <Property name="AutoTaperInnerAngle" type="App::PropertyBool">
      <Bool value="true"/>
    </Property>
    <Property name="BaseFeature" type="App::PropertyLink" status="8">
      <Link value=""/>
    </Property>
    <Property name="CheckUpToFaceLimits" type="App::PropertyBool">
      <Bool value="true"/>
    </Property>
    <Property name="ClaimChildren" type="App::PropertyBool" status="134217728">
      <Bool value="false"/>
    </Property>
    <Property name="ColoredElements" type="App::PropertyLinkSubHidden" status="218103808">
      <LinkSub value="" count="0">
      </LinkSub>
    </Property>
    <Property name="Direction" type="App::PropertyVector" status="4">
      <PropertyVector valueX="-0.9981347984218671" valueY="6.106226635438361e-16" valueZ="0.06104853953485698"/>
    </Property>
    <Property name="ExpressionEngine" type="App::PropertyExpressionEngine" status="67108864">
      <ExpressionEngine count="0"></ExpressionEngine>
    </Property>
    <Property name="Fit" type="App::PropertyDistance">
      <Float value="0"/>
    </Property>
    <Property name="FitJoin" type="App::PropertyEnumeration">
      <Integer value="0"/>
    </Property>
    <Property name="FixShape" type="App::PropertyEnumeration">
      <Integer value="0"/>
    </Property>
    <Property name="InnerFit" type="App::PropertyDistance">
      <Float value="0"/>
    </Property>
    <Property name="InnerFitJoin" type="App::PropertyEnumeration">
      <Integer value="0"/>
    </Property>
    <Property name="InvalidShape" type="App::PropertyBool" status="67108864">
      <Bool value="false"/>
    </Property>
    <Property name="Label" type="App::PropertyString" status="134217728">
      <String value="Pad"/>
    </Property>
    <Property name="Label2" type="App::PropertyString" status="128">
      <String value=""/>
    </Property>
    <Property name="Length" type="App::PropertyLength">
      <Float value="19"/>
    </Property>
    <Property name="Length2" type="App::PropertyLength" status="4">
      <Float value="10"/>
    </Property>
    <Property name="Linearize" type="App::PropertyBool">
      <Bool value="true"/>
    </Property>
    <Property name="Midplane" type="App::PropertyBool">
      <Bool value="false"/>
    </Property>
    <Property name="NewSolid" type="App::PropertyBool">
      <Bool value="false"/>
    </Property>
    <Property name="Offset" type="App::PropertyLength" status="4">
      <Float value="0"/>
    </Property>
    <Property name="Placement" type="App::PropertyPlacement" status="8388620">
      <PropertyPlacement Px="0" Py="0" Pz="0" Q0="0" Q1="0" Q2="0" Q3="1" A="0" Ox="0" Oy="0" Oz="1"/>
    </Property>
    <Property name="Profile" type="App::PropertyLinkSub">
      <LinkSub value="Sketch003" count="1">
        <Sub value=""/>
      </LinkSub>
    </Property>
    <Property name="ReferenceAxis" type="App::PropertyLinkSub">
      <LinkSub value="Sketch003" count="1">
        <Sub value="N_Axis"/>
      </LinkSub>
    </Property>
    <Property name="Refine" type="App::PropertyBool">
      <Bool value="false"/>
    </Property>
    <Property name="Reversed" type="App::PropertyBool">
      <Bool value="true"/>
    </Property>
    <Property name="Shape" type="Part::PropertyPartShape">
      <Part HasherIndex="0" ElementMap="1.15.70200.4" brep="1">
<![CDATA[

CASCADE Topology V1, (c) Matra-Datavision
Locations 5
1
              1               0               0               0 
              0               1               0               0 
              0               0               1               0 
1
-8.88178419700125e-16 0.0610485395348569 -0.998134798421867 -26.4618566277271 
             -1 -1.10696661851224e-15 8.22133168409266e-16          -48.12 
-1.0547118733939e-15 0.998134798421867 0.0610485395348569 -0.601557366511353 
2  1 1 2 1 0
1
              1               0               0 18.9645611700155 
              0               1               0 -1.16018306073329e-14 
              0               0               1 -1.15992225116228 
2  1 1 2 1 4 1 0
Curve2ds 0
Curves 10
1 -26.002355098512236 -6.127352551931601 6.9112262271986875 0.99813479842186692 -6.10622663543836e-16 -0.061048539534856956 
1 -26.405794010470924 -27.086818019710886 0.3150583232394879 0.99813479842186692 -6.10622663543836e-16 -0.061048539534856956 
1 -41.992647448068404 7.5268226351674379 0 0.95371695074822693 -0.30070579950427323 0 
1 -26.461856627727148 -48.119999999999997 -0.60155736651135294 0.99813479842186692 -6.10622663543836e-16 -0.061048539534856956 
1 -21.033181980289111 0.91832855762574717 0 0.9990482215818578 -0.043619387365335986 0 
1 -26.185169658170263 -68.563638389091381 3.9222345978639521 0.99813479842186692 -6.10622663543836e-16 -0.061048539534856956 
1 0 0 0 0.97629600711993192 0.21643961393810893 0 
1 -25.564173262543374 -88.167665742147051 14.075435917542693 0.99813479842186692 -6.10622663543836e-16 -0.061048539534856956 
1 20.44363838909138 4.5322455158640018 0 0.88762269619018241 0.46057132912076831 0 
1 40.047665742147039 14.704419991427629 0 -0.99619469809174543 -0.087155742747658263 0 
Polygon3D 0
PolygonOnTriangulations 0
Surfaces 6
1 -26.002355098512236 -6.127352551931601 6.9112262271986875 -0.058223026972816158 0.30070579950427423 -0.95193807638659877 -0.018357649889398236 -0.9537169507482266 -0.30014492257248504 -0.99813479842186703 8.0144224590128488e-16 0.061048539534857026 
1 -26.405794010470924 -27.086818019710886 0.31505832323948835 -0.06099043485246855 0.043619387365337096 -0.99718479526233228 -0.0026628998940598412 -0.99904822158185769 -0.043538028415186024 -0.99813479842186703 8.2139156587501816e-16 0.06104853953485697 
1 -26.461856627727148 -48.119999999999997 -0.60155736651135294 -0.059601445388384314 -0.21643961393810793 -0.97447501826672722 0.013213322328408952 -0.97629600711993236 0.21603591042862014 -0.99813479842186692 8.2052420413702956e-16 0.061048539534856915 
1 -26.185169658170263 -68.563638389091381 3.9222345978639521 -0.054188069260402996 -0.46057132912076743 -0.88596710093646236 0.028117206994450049 -0.88762269619018297 0.45971227075084858 -0.99813479842186692 7.8409501114151661e-16 0.061048539534856866 
1 -25.564173262543374 -88.167665742147051 14.075435917542693 0.060816231410868886 0.087155742747657181 0.99433659416873721 -0.0053207308068193527 0.99619469809174577 -0.086993179718740959 -0.99813479842186692 8.2399365108898317e-16 0.061048539534856942 
1 -25.998667840071583 -47.454994556236862 6.971512369806848 0.99813479842186703 -8.048187449871153e-16 -0.061048539534856727 0.061048539534856727 0 0.99813479842186703 -8.0331759579385414e-16 -1 4.913300897173967e-17 
Triangulations 0

TShapes 29
Ve
1e-07
-41.9926474480684 7.52682263516744 0
0 0

0101101
*
Ed
 1e-07 1 1 0
1  1 0 0 19
0

0101000
+29 3 -29 5 *
Ve
1.00000000444089e-07
-21.0331819802891 0.918328557625747 0
0 0

0101101
*
Ed
 1.00000000444089e-07 1 1 0
1  2 0 0 19
0

0101000
+27 3 -27 5 *
Ed
 1e-07 1 1 0
1  3 0 0 21.9766099903497
0

0101000
+29 0 -27 0 *
Wi

0101100
+28 0 -26 0 -25 3 +25 5 *
Fa
0  1e-07 1 0

0111000
+24 0 *
Ve
1e-07
0 0 0
0 0

0101101
*
Ed
 1e-07 1 1 0
1  4 0 0 19
0

0101000
+22 3 -22 5 *
Ed
 1e-07 1 1 0
1  5 0 0 21.0532199806991
0

0101000
+27 0 -22 0 *
Wi

0101100
+26 0 -21 0 -20 3 +20 5 *
Fa
0  1e-07 2 0

0111000
+19 0 *
Ve
1e-07
20.4436383890914 4.532245515864 0
0 0

0101101
*
Ed
 1e-07 1 1 0
1  6 0 0 19
0

0101000
+17 3 -17 5 *
Ed
 1e-07 1 1 0
1  7 0 0 20.94
0

0101000
+22 0 -17 0 *
Wi

0101100
+21 0 -16 0 -15 3 +15 5 *
Fa
0  1e-07 3 0

0111000
+14 0 *
Ve
1e-07
40.047665742147 14.7044199914276 0
0 0

0101101
*
Ed
 1e-07 1 1 0
1  8 0 0 19
0

0101000
+12 3 -12 5 *
Ed
 1e-07 1 1 0
1  9 0 0 22.085991533564
0

0101000
+17 0 -12 0 *
Wi

0101100
+16 0 -11 0 -10 3 +10 5 *
Fa
0  1e-07 4 0

0111000
+9 0 *
Ed
 1e-07 1 1 0
1  10 0 0 82.3536938586074
0

0101000
+12 0 -29 0 *
Wi

0101100
+11 0 -28 0 -7 3 +7 5 *
Fa
0  1e-07 5 0

0111000
+6 0 *
Wi

0101100
+25 0 +20 0 +15 0 +10 0 +7 0 *
Fa
0  1e-07 6 0

0111000
-4 3 *
Sh

0101100
-23 0 -18 0 -13 0 -8 0 -5 0 +3 0 -3 4 *
So

1100000
-2 0 *

+1 0 ]]>
      </Part>
      <ElementMap new="1" count="1"><Element key="Dummy" value="Dummy"/></ElementMap>
      <ElementMap2 count="37">
<![CDATA[
26 PostfixCount 11
Edge
Face
Vertex
;:G;XTR;:H11c4:7,F
;FAC;:H11c4:4,F
;:G;XTR;:H11c4:7,E
;:G0;XTR;:H11c4:8,F
;:U;XTR;:H11c4:7,E
;:U;XTR;:H11c4:7,V
;SKT;:H,E;:H11c4:5,E
;SKT;:H,V;:H11c4:5,V

MapCount 1

ElementMap 1 26 3

Edge

ChildCount 0

NameCount 16
0
$#cc9f.6 0
$#cca0.6 0
;g5.a 0
$#ccab.8 0
$#cca1.6 0
;g6.a 0
$#ccac.8 0
$#cca2.6 0
;g7.a 0
$#ccad.8 0
$#cca3.6 0
;g8.a 0
$#ccae.8 0
;g9.a 0
$#ccaf.8 0

Face

ChildCount 0

NameCount 8
0
$#cc9d.4 0
$#cca4.4 0
$#cca5.4 0
$#cca6.4 0
$#cca7.4 0
$#cc9d.5 0
$#cca9.7 0

Vertex

ChildCount 0

NameCount 11
0
;g5v1.b ;g9v2.b 0
$#ccb1.9 0
;g5v2.b ;g6v1.b 0
$#ccb2.9 0
;g6v2.b ;g7v1.b 0
$#ccb3.9 0
;g7v2.b ;g8v1.b 0
$#ccb4.9 0
;g8v2.b ;g9v1.b 0
$#ccb5.9 0

EndMap
]]>
      </ElementMap2>
    </Property>
    <Property name="Suppress" type="App::PropertyBool">
      <Bool value="false"/>
    </Property>
    <Property name="SuppressedShape" type="Part::PropertyPartShape">
      <Part ElementMap="0.15.70200.4" brep="1">
<![CDATA[

CASCADE Topology V1, (c) Matra-Datavision
Locations 0
Curve2ds 0
Curves 0
Polygon3D 0
PolygonOnTriangulations 0
Surfaces 0
Triangulations 0

TShapes 0

*]]>
      </Part>
      <ElementMap/>
    </Property>
    <Property name="TaperAngle" type="App::PropertyAngle">
      <Float value="0"/>
    </Property>
    <Property name="TaperAngle2" type="App::PropertyAngle" status="4">
      <Float value="0"/>
    </Property>
    <Property name="TaperAngleRev" type="App::PropertyAngle" status="4">
      <Float value="0"/>
    </Property>
    <Property name="TaperInnerAngle" type="App::PropertyAngle">
      <Float value="0"/>
    </Property>
    <Property name="TaperInnerAngleRev" type="App::PropertyAngle">
      <Float value="0"/>
    </Property>
    <Property name="TreeRank" type="App::PropertyInteger" status="2184">
      <Integer value="40"/>
    </Property>
    <Property name="Type" type="App::PropertyEnumeration">
      <Integer value="0"/>
    </Property>
    <Property name="UpToFace" type="App::PropertyLinkSub" status="4">
      <LinkSub value="" count="0">
      </LinkSub>
    </Property>
    <Property name="UseCustomVector" type="App::PropertyBool">
      <Bool value="false"/>
    </Property>
    <Property name="UsePipeForDraft" type="App::PropertyBool">
      <Bool value="false"/>
    </Property>
    <Property name="ValidateShape" type="App::PropertyBool">
      <Bool value="true"/>
    </Property>
    <Property name="Visibility" type="App::PropertyBool" status="648">
      <Bool value="false"/>
    </Property>
    <Property name="_ProfileBasedVersion" type="App::PropertyInteger" status="67108864">
      <Integer value="1"/>
    </Property>
    <Property name="_Siblings" type="App::PropertyLinkList" status="218103808">
      <LinkList count="0">
      </LinkList>
    </Property>
  </Properties>
</Object>
</Document>
