<?xml version='1.0' encoding='utf-8'?>
<!-- FreeCAD DocumentObject -->
<Document SchemaVersion="4" FileVersion="2">
<Object name="Pad">
  <Properties Count="47" TransientCount="2">
    <_Property name="_Body" type="App::PropertyLinkHidden" status="251658240"/>
    <_Property name="_ElementMapVersion" type="App::PropertyString" status="234881024"/>
    <Property name="AddSubShape" type="Part::PropertyPartShape">
      <Part HasherIndex="0" ElementMap="1.15.70200.4" brep="1">
<![CDATA[

CASCADE Topology V1, (c) Matra-Datavision
Locations 5
1
              1               0               0               0 
              0               1               0               0 
              0               0               1               0 
1
-2.22044604925031e-16 6.66133814775094e-16              -1           -78.5 
             -1 -8.88178419700125e-16 2.22044604925031e-16 3.00038338736165e-16 
-8.88178419700125e-16               1 6.66133814775094e-16 2.16951669252607e-15 
2  1 1 2 1 0
1
              1               0               0              19 
              0               1               0              -0 
              0               0               1 -1.26565424807268e-14 
2  1 1 2 1 4 1 0
Curve2ds 0
Curves 8
1 -78.499999999999986 -8.4356356396469199 9.3513523233593911 1 -0 -6.6613381477509383e-16 
1 -78.499999999999986 -29.086893877468309 1.8349090246476607 1 -0 -6.6613381477509383e-16 
1 8.435635639646911 9.3513523233593965 0 0.93969262078590821 -0.34202014332566938 0 
1 -78.5 -50.060000000000002 -4.2292694997662191e-14 1 -0 -6.6613381477509383e-16 
1 29.086893877468309 1.834909024647684 0 0.99619469809174543 -0.087155742747658735 0 
1 -78.5 -71.702735903421853 3.8161982761209745 1 -0 -6.6613381477509383e-16 
1 50.060000000000002 0 0 0.98480775301220835 0.17364817766692897 0 
1 71.702735903421853 3.8161982761210358 0 -0.99619469809174543 0.087155742747659068 0 
Polygon3D 0
PolygonOnTriangulations 0
Surfaces 5
1 -78.499999999999986 -8.4356356396469199 9.3513523233593911 -6.2596103020012241e-16 0.34202014332567021 -0.93969262078590787 -4.3648485953682669e-16 -0.93969262078590787 -0.34202014332567021 -1 1.960703203261995e-16 7.3749757519687039e-16 
1 -78.499999999999986 -29.086893877468309 1.8349090246476605 -6.6359897449857729e-16 0.087155742747659637 -0.99619469809174543 -2.7925704556224712e-16 -0.99619469809174543 -0.087155742747659637 -1 2.2035792668486685e-16 6.8541263527809679e-16 
1 -78.5 -50.060000000000002 -4.2292694997662191e-14 -6.560137453341108e-16 -0.17364817766692808 -0.98480775301220846 -1.0299832542668893e-16 -0.98480775301220846 0.17364817766692808 -1 2.1534914082920234e-16 6.281619509745191e-16 
1 -78.5 -71.702735903421853 3.8161982761209745 6.6359897449857729e-16 -0.08715574274765997 0.99619469809174543 2.7925704556224731e-16 0.99619469809174543 0.08715574274765997 -1 2.2035792668486675e-16 6.8541263527809669e-16 
1 -78.499999999999986 -39.903201078822754 4.6865615805884895 1 -2.4647257872503568e-16 0 2.4647257872503568e-16 1 0 -0 0 1 
Triangulations 0

TShapes 24
Ve
1e-07
8.43563563964691 9.3513523233594 0
0 0

0101101
*
Ed
 1e-07 1 1 0
1  1 0 0 19
0

0101000
+24 3 -24 5 *
Ve
1.00000000222045e-07
29.0868938774683 1.83490902464768 0
0 0

0101101
*
Ed
 1.00000000222045e-07 1 1 0
1  2 0 0 19
0

0101000
+22 3 -22 5 *
Ed
 1e-07 1 1 0
1  3 0 0 21.9766099903496
0

0101000
+24 0 -22 0 *
Wi

0101100
+23 0 -21 0 -20 3 +20 5 *
Fa
0  1e-07 1 0

0111000
+19 0 *
Ve
1e-07
50.06 0 0
0 0

0101101
*
Ed
 1e-07 1 1 0
1  4 0 0 19
0

0101000
+17 3 -17 5 *
Ed
 1e-07 1 1 0
1  5 0 0 21.0532199806992
0

0101000
+22 0 -17 0 *
Wi

0101100
+21 0 -16 0 -15 3 +15 5 *
Fa
0  1e-07 2 0

0111000
+14 0 *
Ve
1e-07
71.7027359034219 3.81619827612104 0
0 0

0101101
*
Ed
 1e-07 1 1 0
1  6 0 0 19
0

0101000
+12 3 -12 5 *
Ed
 1e-07 1 1 0
1  7 0 0 21.9766099903496
0

0101000
+17 0 -12 0 *
Wi

0101100
+16 0 -11 0 -10 3 +10 5 *
Fa
0  1e-07 3 0

0111000
+9 0 *
Ed
 1e-07 1 1 0
1  8 0 0 63.5087703086212
0

0101000
+12 0 -24 0 *
Wi

0101100
+11 0 -23 0 -7 3 +7 5 *
Fa
0  1e-07 4 0

0111000
+6 0 *
Wi

0101100
+20 0 +15 0 +10 0 +7 0 *
Fa
0  1e-07 5 0

0111000
-4 3 *
Sh

0101100
-18 0 -13 0 -8 0 -5 0 +3 0 -3 4 *
So

1100000
-2 0 *

+1 0 ]]>
      </Part>
      <ElementMap new="1" count="1"><Element key="Dummy" value="Dummy"/></ElementMap>
      <ElementMap2 count="26">
<![CDATA[
21 PostfixCount 11
Edge
Face
Vertex
;:G;XTR;:H11e5:7,F
;FAC;:H11e5:4,F
;:G;XTR;:H11e5:7,E
;:G0;XTR;:H11e5:8,F
;:U;XTR;:H11e5:7,E
;:U;XTR;:H11e5:7,V
;SKT;:H11e5,E
;SKT;:H11e5,V

MapCount 1

ElementMap 1 21 3

Edge

ChildCount 0

NameCount 13
0
$#e534.6 0
$#e535.6 0
;g5.a 0
$#e53e.8 0
$#e536.6 0
;g6.a 0
$#e53f.8 0
$#e537.6 0
;g7.a 0
$#e540.8 0
;g8.a 0
$#e541.8 0

Face

ChildCount 0

NameCount 7
0
$#e532.4 0
$#e538.4 0
$#e539.4 0
$#e53a.4 0
$#e532.5 0
$#e53c.7 0

Vertex

ChildCount 0

NameCount 9
0
;g5v1.b 0
$#e543.9 0
;g5v2.b 0
$#e544.9 0
;g6v2.b 0
$#e545.9 0
;g7v2.b 0
$#e546.9 0

EndMap
]]>
      </ElementMap2>
    </Property>
    <Property name="AddSubType" type="App::PropertyEnumeration">
      <Integer value="0"/>
    </Property>
    <Property name="AllowMultiFace" type="App::PropertyBool">
      <Bool value="true"/>
    </Property>
    <Property name="AlongSketchNormal" type="App::PropertyBool">
      <Bool value="false"/>
    </Property>
    <Property name="AutoTaperInnerAngle" type="App::PropertyBool">
      <Bool value="true"/>
    </Property>
    <Property name="BaseFeature" type="App::PropertyLink" status="8">
      <Link value=""/>
    </Property>
    <Property name="CheckUpToFaceLimits" type="App::PropertyBool">
      <Bool value="true"/>
    </Property>
    <Property name="ClaimChildren" type="App::PropertyBool" status="134217728">
      <Bool value="false"/>
    </Property>
    <Property name="ColoredElements" type="App::PropertyLinkSubHidden" status="218103808">
      <LinkSub value="" count="0">
      </LinkSub>
    </Property>
    <Property name="Direction" type="App::PropertyVector" status="4">
      <PropertyVector valueX="-1" valueY="0" valueZ="6.661338147750939e-16"/>
    </Property>
    <Property name="ExpressionEngine" type="App::PropertyExpressionEngine" status="67108864">
      <ExpressionEngine count="0"></ExpressionEngine>
    </Property>
    <Property name="Fit" type="App::PropertyDistance">
      <Float value="0"/>
    </Property>
    <Property name="FitJoin" type="App::PropertyEnumeration">
      <Integer value="0"/>
    </Property>
    <Property name="FixShape" type="App::PropertyEnumeration">
      <Integer value="0"/>
    </Property>
    <Property name="InnerFit" type="App::PropertyDistance">
      <Float value="0"/>
    </Property>
    <Property name="InnerFitJoin" type="App::PropertyEnumeration">
      <Integer value="0"/>
    </Property>
    <Property name="InvalidShape" type="App::PropertyBool" status="67108864">
      <Bool value="false"/>
    </Property>
    <Property name="Label" type="App::PropertyString" status="134217728">
      <String value="three-index"/>
    </Property>
    <Property name="Label2" type="App::PropertyString" status="128">
      <String value=""/>
    </Property>
    <Property name="Length" type="App::PropertyLength">
      <Float value="19"/>
    </Property>
    <Property name="Length2" type="App::PropertyLength" status="4">
      <Float value="10"/>
    </Property>
    <Property name="Linearize" type="App::PropertyBool">
      <Bool value="true"/>
    </Property>
    <Property name="Midplane" type="App::PropertyBool">
      <Bool value="false"/>
    </Property>
    <Property name="NewSolid" type="App::PropertyBool">
      <Bool value="false"/>
    </Property>
    <Property name="Offset" type="App::PropertyLength" status="4">
      <Float value="0"/>
    </Property>
    <Property name="Placement" type="App::PropertyPlacement" status="8388620">
      <PropertyPlacement Px="0" Py="0" Pz="0" Q0="0" Q1="0" Q2="0" Q3="1" A="0" Ox="0" Oy="0" Oz="1"/>
    </Property>
    <Property name="Profile" type="App::PropertyLinkSub">
      <LinkSub value="Sketch" count="1">
        <Sub value=""/>
      </LinkSub>
    </Property>
    <Property name="ReferenceAxis" type="App::PropertyLinkSub">
      <LinkSub value="Sketch" count="1">
        <Sub value="N_Axis"/>
      </LinkSub>
    </Property>
    <Property name="Refine" type="App::PropertyBool">
      <Bool value="false"/>
    </Property>
    <Property name="Reversed" type="App::PropertyBool">
      <Bool value="true"/>
    </Property>
    <Property name="Shape" type="Part::PropertyPartShape">
      <Part HasherIndex="0" ElementMap="1.15.70200.4" brep="1">
<![CDATA[

CASCADE Topology V1, (c) Matra-Datavision
Locations 5
1
              1               0               0               0 
              0               1               0               0 
              0               0               1               0 
1
-2.22044604925031e-16 6.66133814775094e-16              -1           -78.5 
             -1 -8.88178419700125e-16 2.22044604925031e-16 3.00038338736165e-16 
-8.88178419700125e-16               1 6.66133814775094e-16 2.16951669252607e-15 
2  1 1 2 1 0
1
              1               0               0              19 
              0               1               0              -0 
              0               0               1 -1.26565424807268e-14 
2  1 1 2 1 4 1 0
Curve2ds 0
Curves 8
1 -78.499999999999986 -8.4356356396469199 9.3513523233593911 1 -0 -6.6613381477509383e-16 
1 -78.499999999999986 -29.086893877468309 1.8349090246476607 1 -0 -6.6613381477509383e-16 
1 8.435635639646911 9.3513523233593965 0 0.93969262078590821 -0.34202014332566938 0 
1 -78.5 -50.060000000000002 -4.2292694997662191e-14 1 -0 -6.6613381477509383e-16 
1 29.086893877468309 1.834909024647684 0 0.99619469809174543 -0.087155742747658735 0 
1 -78.5 -71.702735903421853 3.8161982761209745 1 -0 -6.6613381477509383e-16 
1 50.060000000000002 0 0 0.98480775301220835 0.17364817766692897 0 
1 71.702735903421853 3.8161982761210358 0 -0.99619469809174543 0.087155742747659068 0 
Polygon3D 0
PolygonOnTriangulations 0
Surfaces 5
1 -78.499999999999986 -8.4356356396469199 9.3513523233593911 -6.2596103020012241e-16 0.34202014332567021 -0.93969262078590787 -4.3648485953682669e-16 -0.93969262078590787 -0.34202014332567021 -1 1.960703203261995e-16 7.3749757519687039e-16 
1 -78.499999999999986 -29.086893877468309 1.8349090246476605 -6.6359897449857729e-16 0.087155742747659637 -0.99619469809174543 -2.7925704556224712e-16 -0.99619469809174543 -0.087155742747659637 -1 2.2035792668486685e-16 6.8541263527809679e-16 
1 -78.5 -50.060000000000002 -4.2292694997662191e-14 -6.560137453341108e-16 -0.17364817766692808 -0.98480775301220846 -1.0299832542668893e-16 -0.98480775301220846 0.17364817766692808 -1 2.1534914082920234e-16 6.281619509745191e-16 
1 -78.5 -71.702735903421853 3.8161982761209745 6.6359897449857729e-16 -0.08715574274765997 0.99619469809174543 2.7925704556224731e-16 0.99619469809174543 0.08715574274765997 -1 2.2035792668486675e-16 6.8541263527809669e-16 
1 -78.499999999999986 -39.903201078822754 4.6865615805884895 1 -2.4647257872503568e-16 0 2.4647257872503568e-16 1 0 -0 0 1 
Triangulations 0

TShapes 24
Ve
1e-07
8.43563563964691 9.3513523233594 0
0 0

0101101
*
Ed
 1e-07 1 1 0
1  1 0 0 19
0

0101000
+24 3 -24 5 *
Ve
1.00000000222045e-07
29.0868938774683 1.83490902464768 0
0 0

0101101
*
Ed
 1.00000000222045e-07 1 1 0
1  2 0 0 19
0

0101000
+22 3 -22 5 *
Ed
 1e-07 1 1 0
1  3 0 0 21.9766099903496
0

0101000
+24 0 -22 0 *
Wi

0101100
+23 0 -21 0 -20 3 +20 5 *
Fa
0  1e-07 1 0

0111000
+19 0 *
Ve
1e-07
50.06 0 0
0 0

0101101
*
Ed
 1e-07 1 1 0
1  4 0 0 19
0

0101000
+17 3 -17 5 *
Ed
 1e-07 1 1 0
1  5 0 0 21.0532199806992
0

0101000
+22 0 -17 0 *
Wi

0101100
+21 0 -16 0 -15 3 +15 5 *
Fa
0  1e-07 2 0

0111000
+14 0 *
Ve
1e-07
71.7027359034219 3.81619827612104 0
0 0

0101101
*
Ed
 1e-07 1 1 0
1  6 0 0 19
0

0101000
+12 3 -12 5 *
Ed
 1e-07 1 1 0
1  7 0 0 21.9766099903496
0

0101000
+17 0 -12 0 *
Wi

0101100
+16 0 -11 0 -10 3 +10 5 *
Fa
0  1e-07 3 0

0111000
+9 0 *
Ed
 1e-07 1 1 0
1  8 0 0 63.5087703086212
0

0101000
+12 0 -24 0 *
Wi

0101100
+11 0 -23 0 -7 3 +7 5 *
Fa
0  1e-07 4 0

0111000
+6 0 *
Wi

0101100
+20 0 +15 0 +10 0 +7 0 *
Fa
0  1e-07 5 0

0111000
-4 3 *
Sh

0101100
-18 0 -13 0 -8 0 -5 0 +3 0 -3 4 *
So

1100000
-2 0 *

+1 0 ]]>
      </Part>
      <ElementMap new="1" count="1"><Element key="Dummy" value="Dummy"/></ElementMap>
      <ElementMap2 count="26">
<![CDATA[
21 PostfixCount 11
Edge
Face
Vertex
;:G;XTR;:H11e5:7,F
;FAC;:H11e5:4,F
;:G;XTR;:H11e5:7,E
;:G0;XTR;:H11e5:8,F
;:U;XTR;:H11e5:7,E
;:U;XTR;:H11e5:7,V
;SKT;:H11e5,E
;SKT;:H11e5,V

MapCount 1

ElementMap 1 21 3

Edge

ChildCount 0

NameCount 13
0
$#e534.6 0
$#e535.6 0
;g5.a 0
$#e53e.8 0
$#e536.6 0
;g6.a 0
$#e53f.8 0
$#e537.6 0
;g7.a 0
$#e540.8 0
;g8.a 0
$#e541.8 0

Face

ChildCount 0

NameCount 7
0
$#e532.4 0
$#e538.4 0
$#e539.4 0
$#e53a.4 0
$#e532.5 0
$#e53c.7 0

Vertex

ChildCount 0

NameCount 9
0
;g5v1.b 0
$#e543.9 0
;g5v2.b 0
$#e544.9 0
;g6v2.b 0
$#e545.9 0
;g7v2.b 0
$#e546.9 0

EndMap
]]>
      </ElementMap2>
    </Property>
    <Property name="Suppress" type="App::PropertyBool">
      <Bool value="false"/>
    </Property>
    <Property name="SuppressedShape" type="Part::PropertyPartShape">
      <Part ElementMap="0.15.70200.4" brep="1">
<![CDATA[

CASCADE Topology V1, (c) Matra-Datavision
Locations 0
Curve2ds 0
Curves 0
Polygon3D 0
PolygonOnTriangulations 0
Surfaces 0
Triangulations 0

TShapes 0

*]]>
      </Part>
      <ElementMap/>
    </Property>
    <Property name="TaperAngle" type="App::PropertyAngle">
      <Float value="0"/>
    </Property>
    <Property name="TaperAngle2" type="App::PropertyAngle" status="4">
      <Float value="0"/>
    </Property>
    <Property name="TaperAngleRev" type="App::PropertyAngle" status="4">
      <Float value="0"/>
    </Property>
    <Property name="TaperInnerAngle" type="App::PropertyAngle">
      <Float value="0"/>
    </Property>
    <Property name="TaperInnerAngleRev" type="App::PropertyAngle">
      <Float value="0"/>
    </Property>
    <Property name="TreeRank" type="App::PropertyInteger" status="2184">
      <Integer value="62"/>
    </Property>
    <Property name="Type" type="App::PropertyEnumeration">
      <Integer value="0"/>
    </Property>
    <Property name="UpToFace" type="App::PropertyLinkSub" status="4">
      <LinkSub value="" count="0">
      </LinkSub>
    </Property>
    <Property name="UseCustomVector" type="App::PropertyBool">
      <Bool value="false"/>
    </Property>
    <Property name="UsePipeForDraft" type="App::PropertyBool">
      <Bool value="false"/>
    </Property>
    <Property name="ValidateShape" type="App::PropertyBool">
      <Bool value="true"/>
    </Property>
    <Property name="Visibility" type="App::PropertyBool" status="648">
      <Bool value="false"/>
    </Property>
    <Property name="_ProfileBasedVersion" type="App::PropertyInteger" status="67108864">
      <Integer value="1"/>
    </Property>
    <Property name="_Siblings" type="App::PropertyLinkList" status="218103808">
      <LinkList count="0">
      </LinkList>
    </Property>
  </Properties>
</Object>
</Document>
