<?xml version='1.0' encoding='utf-8'?>
<!-- FreeCAD DocumentObject -->
<Document SchemaVersion="4" FileVersion="2">
<Object name="Pad001">
  <Properties Count="47" TransientCount="2">
    <_Property name="_Body" type="App::PropertyLinkHidden" status="251658240"/>
    <_Property name="_ElementMapVersion" type="App::PropertyString" status="234881024"/>
    <Property name="AddSubShape" type="Part::PropertyPartShape">
      <Part HasherIndex="0" ElementMap="1.15.70200.4" brep="1">
<![CDATA[

CASCADE Topology V1, (c) Matra-Datavision
Locations 5
1
              1               0               0               0 
              0               1               0               0 
              0               0               1               0 
1
0.00532073080681961 0.0608162314108689 -0.998134798421867 -45.731660495417 
-0.996194698091746 0.0871557427476572 5.75259002756462e-16             -42 
0.086993179718741 0.994336594168737 0.061048539534857 -4.43230910745783 
2  1 1 2 1 0
1
              1               0               0 18.9645611700155 
              0               1               0 -8.43769498715119e-15 
              0               0               1 -1.15992225116228 
2  1 1 2 1 4 1 0
Curve2ds 0
Curves 14
1 -45.039266858310874 -1.2101757499487533 6.8882267917985658 0.99813479842186692 -4.4408920985006252e-16 -0.061048539534857074 
1 -45.272158966202134 -0.0073525519316106625 3.0804744862522124 0.99813479842186692 -4.4408920985006252e-16 -0.061048539534857074 
1 -39.646113199843292 14.8535993109528 0 -0.38268343236510288 -0.9238795325112813 0 
1 -45.675597878160822 -20.966818019710889 -3.5156934177069896 0.99813479842186692 -4.4408920985006252e-16 -0.061048539534857074 
1 -41.176846929303693 11.158081180907701 0 0.92387953251128652 -0.38268343236509011 0 
1 -45.731660495417039 -41.999999999999993 -4.4323091074578294 0.99813479842186692 -4.4408920985006252e-16 -0.061048539534857074 
1 -20.873106765236589 2.7479966380517671 0 0.99144486137381049 -0.13052619222005166 0 
1 -45.453477513761165 -62.554174604174193 0.1159424385263943 0.99813479842186692 -4.4408920985006252e-16 -0.061048539534857074 
1 0 0 0 0.99144486137381049 0.1305261922200511 0 
1 -44.833977130233251 -82.047665742147089 10.244684176596223 0.99813479842186692 -4.4408920985006252e-16 -0.061048539534857074 
1 20.873106765236621 2.74799663805176 0 0.92387953251128652 0.38268343236509011 0 
1 -44.617374266564745 -80.200671289206895 13.786109693285606 0.99813479842186692 -4.4408920985006252e-16 -0.061048539534857074 
1 41.176846929303743 11.158081180907701 0 -0.38268343236510666 0.92387953251127974 0 
1 39.64611319984332 14.853599310952809 0 -1 -1.1201330319861412e-16 0 
Polygon3D 0
PolygonOnTriangulations 0
Surfaces 8
1 -45.039266858310874 -1.2101757499487533 6.8882267917985658 0.018357649889398728 0.95371695074822238 0.30014492257249842 -0.058223026972815964 0.30070579950428761 -0.95193807638659467 -0.99813479842186703 4.7184478546569153e-16 0.061048539534856984 
1 -45.272158966202134 -0.0073525519316106625 3.0804744862522124 -0.058223026972816318 0.30070579950427445 -0.95193807638659877 -0.018357649889398038 -0.9537169507482266 -0.30014492257248526 -0.99813479842186692 5.4817261840867094e-16 0.061048539534857109 
1 -45.675597878160822 -20.966818019710889 -3.5156934177069896 -0.060990434852468675 0.043619387365337048 -0.99718479526233228 -0.0026628998940595944 -0.99904822158185769 -0.043538028415185989 -0.99813479842186703 5.7202506620335214e-16 0.061048539534857081 
1 -45.731660495417039 -41.999999999999993 -4.4323091074578294 -0.059601445388384473 -0.21643961393810146 -0.97447501826672855 0.013213322328408817 -0.9762960071199337 0.21603591042861364 -0.99813479842186703 5.8286708792820728e-16 0.061048539534857053 
1 -45.453477513761165 -62.554174604174193 0.11594243852639519 -0.054150715917127404 -0.46174861323503352 -0.88535637917235688 0.028189078470243836 -0.88701083317822205 0.46088735899292688 -0.99813479842186692 5.7592819402429986e-16 0.061048539534857005 
1 -44.833977130233251 -82.047665742147089 10.244684176596223 0.028189078470244943 -0.88701083317821372 0.46088735899294253 0.054150715917126918 0.46174861323504929 0.88535637917234866 -0.99813479842186703 4.4755865680201623e-16 0.061048539534857095 
1 -44.617374266564745 -80.200671289206895 13.786109693285606 0.060816231410868983 0.087155742747657319 0.9943365941687371 -0.0053207308068196155 0.99619469809174566 -0.086993179718741084 -0.99813479842186703 5.7853027923826526e-16 0.061048539534857081 
1 -45.154453097716868 -41.172804063998456 5.0049484246755487 0.99813479842186703 -5.6848714201562059e-16 -0.061048539534857039 0.061048539534857039 0 0.99813479842186703 -5.6742679890118462e-16 -1 3.4705309764398495e-17 
Triangulations 0

TShapes 39
Ve
1e-07
-39.6461131998433 14.8535993109528 0
0 0

0101101
*
Ed
 1e-07 1 1 0
1  1 0 0 19
0

0101000
+39 3 -39 5 *
Ve
1e-07
-41.1768469293037 11.1580811809077 0
0 0

0101101
*
Ed
 1e-07 1 1 0
1  2 0 0 19
0

0101000
+37 3 -37 5 *
Ed
 1e-07 1 1 0
1  3 0 0 3.99999999999997
0

0101000
+39 0 -37 0 *
Wi

0101100
+38 0 -36 0 -35 3 +35 5 *
Fa
0  1e-07 1 0

0111000
+34 0 *
Ve
1.00000000222045e-07
-20.8731067652366 2.74799663805177 0
0 0

0101101
*
Ed
 1.00000000222045e-07 1 1 0
1  4 0 0 19
0

0101000
+32 3 -32 5 *
Ed
 1e-07 1 1 0
1  5 0 0 21.9766099903497
0

0101000
+37 0 -32 0 *
Wi

0101100
+36 0 -31 0 -30 3 +30 5 *
Fa
0  1e-07 2 0

0111000
+29 0 *
Ve
1e-07
0 0 0
0 0

0101101
*
Ed
 1e-07 1 1 0
1  6 0 0 19
0

0101000
+27 3 -27 5 *
Ed
 1e-07 1 1 0
1  7 0 0 21.0532199806991
0

0101000
+32 0 -27 0 *
Wi

0101100
+31 0 -26 0 -25 3 +25 5 *
Fa
0  1e-07 3 0

0111000
+24 0 *
Ve
1.00000000222045e-07
20.8731067652366 2.74799663805176 0
0 0

0101101
*
Ed
 1.00000000222045e-07 1 1 0
1  8 0 0 19
0

0101000
+22 3 -22 5 *
Ed
 1e-07 1 1 0
1  9 0 0 21.0532199806992
0

0101000
+27 0 -22 0 *
Wi

0101100
+26 0 -21 0 -20 3 +20 5 *
Fa
0  1e-07 4 0

0111000
+19 0 *
Ve
1e-07
41.1768469293037 11.1580811809077 0
0 0

0101101
*
Ed
 1e-07 1 1 0
1  10 0 0 19
0

0101000
+17 3 -17 5 *
Ed
 1e-07 1 1 0
1  11 0 0 21.9766099903497
0

0101000
+22 0 -17 0 *
Wi

0101100
+21 0 -16 0 -15 3 +15 5 *
Fa
0  1e-07 5 0

0111000
+14 0 *
Ve
1e-07
39.6461131998433 14.8535993109528 0
0 0

0101101
*
Ed
 1e-07 1 1 0
1  12 0 0 19
0

0101000
+12 3 -12 5 *
Ed
 1e-07 1 1 0
1  13 0 0 3.99999999999999
0

0101000
+17 0 -12 0 *
Wi

0101100
+16 0 -11 0 -10 3 +10 5 *
Fa
0  1e-07 6 0

0101000
+9 0 *
Ed
 1e-07 1 1 0
1  14 0 0 79.2922263996866
0

0101000
+12 0 -39 0 *
Wi

0101100
+11 0 -38 0 -7 3 +7 5 *
Fa
0  1e-07 7 0

0101000
+6 0 *
Wi

0101100
+35 0 +30 0 +25 0 +20 0 +15 0 +10 0 +7 0 *
Fa
0  1e-07 8 0

0111000
-4 3 *
Sh

0101100
-33 0 -28 0 -23 0 -18 0 -13 0 -8 0 -5 0 +3 0 -3 4 *
So

1100000
-2 0 *

+1 0 ]]>
      </Part>
      <ElementMap new="1" count="1"><Element key="Dummy" value="Dummy"/></ElementMap>
      <ElementMap2 count="51">
<![CDATA[
27 PostfixCount 11
Edge
Face
Vertex
;:G;XTR;:H11c3:7,F
;FAC;:H11c3:4,F
;:G;XTR;:H11c3:7,E
;:G0;XTR;:H11c3:8,F
;:U;XTR;:H11c3:7,E
;:U;XTR;:H11c3:7,V
;SKT;:H,E;:H11c3:5,E
;SKT;:H,V;:H11c3:5,V

MapCount 1

ElementMap 1 27 3

Edge

ChildCount 0

NameCount 22
0
$#ccb9.6 0
$#ccba.6 0
;g7.a 0
$#ccc9.8 0
$#ccbb.6 0
;g8.a 0
$#ccca.8 0
$#ccbc.6 0
;g9.a 0
$#cccb.8 0
$#ccbd.6 0
;g10.a 0
$#cccc.8 0
$#ccbe.6 0
;g11.a 0
$#cccd.8 0
$#ccbf.6 0
;g12.a 0
$#ccce.8 0
;g13.a 0
$#cccf.8 0

Face

ChildCount 0

NameCount 10
0
$#ccb7.4 0
$#ccc0.4 0
$#ccc1.4 0
$#ccc2.4 0
$#ccc3.4 0
$#ccc4.4 0
$#ccc5.4 0
$#ccb7.5 0
$#ccc7.7 0

Vertex

ChildCount 0

NameCount 15
0
;g7v1.b ;g13v2.b 0
$#ccd1.9 0
;g7v2.b ;g8v1.b 0
$#ccd2.9 0
;g8v2.b ;g9v1.b 0
$#ccd3.9 0
;g9v2.b ;g10v1.b 0
$#ccd4.9 0
;g10v2.b ;g11v1.b 0
$#ccd5.9 0
;g11v2.b ;g12v1.b 0
$#ccd6.9 0
;g12v2.b ;g13v1.b 0
$#ccd7.9 0

EndMap
]]>
      </ElementMap2>
    </Property>
    <Property name="AddSubType" type="App::PropertyEnumeration">
      <Integer value="0"/>
    </Property>
    <Property name="AllowMultiFace" type="App::PropertyBool">
      <Bool value="true"/>
    </Property>
    <Property name="AlongSketchNormal" type="App::PropertyBool">
      <Bool value="false"/>
    </Property>
    <Property name="AutoTaperInnerAngle" type="App::PropertyBool">
      <Bool value="true"/>
    </Property>
    <Property name="BaseFeature" type="App::PropertyLink" status="8">
      <Link value="Pad"/>
    </Property>
    <Property name="CheckUpToFaceLimits" type="App::PropertyBool">
      <Bool value="true"/>
    </Property>
    <Property name="ClaimChildren" type="App::PropertyBool" status="134217728">
      <Bool value="false"/>
    </Property>
    <Property name="ColoredElements" type="App::PropertyLinkSubHidden" status="218103808">
      <LinkSub value="" count="0">
      </LinkSub>
    </Property>
    <Property name="Direction" type="App::PropertyVector" status="4">
      <PropertyVector valueX="-0.9981347984218671" valueY="4.440892098500626e-16" valueZ="0.06104853953485709"/>
    </Property>
    <Property name="ExpressionEngine" type="App::PropertyExpressionEngine" status="67108864">
      <ExpressionEngine count="0"></ExpressionEngine>
    </Property>
    <Property name="Fit" type="App::PropertyDistance">
      <Float value="0"/>
    </Property>
    <Property name="FitJoin" type="App::PropertyEnumeration">
      <Integer value="0"/>
    </Property>
    <Property name="FixShape" type="App::PropertyEnumeration">
      <Integer value="0"/>
    </Property>
    <Property name="InnerFit" type="App::PropertyDistance">
      <Float value="0"/>
    </Property>
    <Property name="InnerFitJoin" type="App::PropertyEnumeration">
      <Integer value="0"/>
    </Property>
    <Property name="InvalidShape" type="App::PropertyBool" status="67108864">
      <Bool value="false"/>
    </Property>
    <Property name="Label" type="App::PropertyString" status="134217728">
      <String value="Pad001"/>
    </Property>
    <Property name="Label2" type="App::PropertyString" status="128">
      <String value=""/>
    </Property>
    <Property name="Length" type="App::PropertyLength">
      <Float value="19"/>
    </Property>
    <Property name="Length2" type="App::PropertyLength" status="4">
      <Float value="10"/>
    </Property>
    <Property name="Linearize" type="App::PropertyBool">
      <Bool value="true"/>
    </Property>
    <Property name="Midplane" type="App::PropertyBool">
      <Bool value="false"/>
    </Property>
    <Property name="NewSolid" type="App::PropertyBool">
      <Bool value="false"/>
    </Property>
    <Property name="Offset" type="App::PropertyLength" status="4">
      <Float value="0"/>
    </Property>
    <Property name="Placement" type="App::PropertyPlacement" status="8388620">
      <PropertyPlacement Px="0" Py="0" Pz="0" Q0="0" Q1="0" Q2="0" Q3="1" A="0" Ox="0" Oy="0" Oz="1"/>
    </Property>
    <Property name="Profile" type="App::PropertyLinkSub">
      <LinkSub value="Sketch002" count="1">
        <Sub value=""/>
      </LinkSub>
    </Property>
    <Property name="ReferenceAxis" type="App::PropertyLinkSub">
      <LinkSub value="Sketch002" count="1">
        <Sub value="N_Axis"/>
      </LinkSub>
    </Property>
    <Property name="Refine" type="App::PropertyBool">
      <Bool value="false"/>
    </Property>
    <Property name="Reversed" type="App::PropertyBool">
      <Bool value="true"/>
    </Property>
    <Property name="Shape" type="Part::PropertyPartShape">
      <Part HasherIndex="0" ElementMap="1.15.70200.4" brep="1">
<![CDATA[

CASCADE Topology V1, (c) Matra-Datavision
Locations 12
1
              1               0               0               0 
              0               1               0               0 
              0               0               1               0 
1
-8.88178419700125e-16 0.0610485395348569 -0.998134798421867 -26.4618566277271 
             -1 -1.10696661851224e-15 8.22133168409266e-16          -48.12 
-1.0547118733939e-15 0.998134798421867 0.0610485395348569 -0.601557366511353 
2  1 1 2 1 0
1
              1               0               0 18.9645611700155 
              0               1               0 -1.16018306073329e-14 
              0               0               1 -1.15992225116228 
2  1 1 2 1 4 1 0
2  2 -1 1 -1 0
1
              1               0               0               0 
              0               1               0               0 
              0               0               1               0 
1
0.00532073080681961 0.0608162314108689 -0.998134798421867 -45.731660495417 
-0.996194698091746 0.0871557427476572 5.75259002756462e-16             -42 
0.086993179718741 0.994336594168737 0.061048539534857 -4.43230910745783 
1
              1               0               0 18.9645611700155 
              0               1               0 -8.43769498715119e-15 
              0               0               1 -1.15992225116228 
2  7 1 8 1 9 1 0
2  9 -1 8 -1 7 -1 0
2  7 1 8 1 0
Curve2ds 0
Curves 24
1 -26.002355098512236 -6.127352551931601 6.9112262271986875 0.99813479842186692 -6.10622663543836e-16 -0.061048539534856956 
1 -26.405794010470924 -27.086818019710886 0.3150583232394879 0.99813479842186692 -6.10622663543836e-16 -0.061048539534856956 
1 -41.992647448068404 7.5268226351674379 0 0.95371695074822693 -0.30070579950427323 0 
1 -25.564173262543374 -88.167665742147051 14.075435917542693 0.99813479842186692 -6.10622663543836e-16 -0.061048539534856956 
1 40.047665742147039 14.704419991427629 0 -0.99619469809174543 -0.087155742747658263 0 
1 -26.461856627727148 -48.119999999999997 -0.60155736651135294 0.99813479842186692 -6.10622663543836e-16 -0.061048539534856956 
1 -21.033181980289111 0.91832855762574717 0 0.9990482215818578 -0.043619387365335986 0 
1 39.64611319984332 14.853599310952809 0 -1 -1.1201330319861412e-16 0 
1 41.176846929303743 11.158081180907701 0 -0.38268343236510666 0.92387953251127974 0 
1 20.44363838909138 4.5322455158640018 0 0.88762269619018241 0.46057132912076831 0 
1 -39.646113199843292 14.8535993109528 0 -0.38268343236510288 -0.9238795325112813 0 
1 -41.176846929303693 11.158081180907701 0 0.92387953251128652 -0.38268343236509011 0 
1 -20.873106765236589 2.7479966380517671 0 0.99144486137381049 -0.13052619222005166 0 
1 0 0 0 0.99144486137381049 0.1305261922200511 0 
1 20.873106765236621 2.74799663805176 0 0.92387953251128652 0.38268343236509011 0 
1 0 0 0 0.97629600711993192 0.21643961393810893 0 
1 -26.185169658170263 -68.563638389091381 3.9222345978639521 0.99813479842186692 -6.10622663543836e-16 -0.061048539534856956 
1 -44.617374266564745 -80.200671289206895 13.786109693285606 0.99813479842186692 -4.4408920985006252e-16 -0.061048539534857074 
1 -45.039266858310874 -1.2101757499487533 6.8882267917985658 0.99813479842186692 -4.4408920985006252e-16 -0.061048539534857074 
1 -44.833977130233251 -82.047665742147089 10.244684176596223 0.99813479842186692 -4.4408920985006252e-16 -0.061048539534857074 
1 -45.272158966202134 -0.0073525519316106625 3.0804744862522124 0.99813479842186692 -4.4408920985006252e-16 -0.061048539534857074 
1 -45.675597878160822 -20.966818019710889 -3.5156934177069896 0.99813479842186692 -4.4408920985006252e-16 -0.061048539534857074 
1 -45.731660495417039 -41.999999999999993 -4.4323091074578294 0.99813479842186692 -4.4408920985006252e-16 -0.061048539534857074 
1 -45.453477513761165 -62.554174604174193 0.1159424385263943 0.99813479842186692 -4.4408920985006252e-16 -0.061048539534857074 
Polygon3D 0
PolygonOnTriangulations 0
Surfaces 14
1 -26.002355098512236 -6.127352551931601 6.9112262271986875 -0.058223026972816158 0.30070579950427423 -0.95193807638659877 -0.018357649889398236 -0.9537169507482266 -0.30014492257248504 -0.99813479842186703 8.0144224590128488e-16 0.061048539534857026 
1 -25.564173262543374 -88.167665742147051 14.075435917542693 0.060816231410868886 0.087155742747657181 0.99433659416873721 -0.0053207308068193527 0.99619469809174577 -0.086993179718740959 -0.99813479842186692 8.2399365108898317e-16 0.061048539534856942 
1 -26.405794010470924 -27.086818019710886 0.31505832323948835 -0.06099043485246855 0.043619387365337096 -0.99718479526233228 -0.0026628998940598412 -0.99904822158185769 -0.043538028415186024 -0.99813479842186703 8.2139156587501816e-16 0.06104853953485697 
1 -25.998667840071583 -47.454994556236862 6.971512369806848 0.99813479842186703 -8.048187449871153e-16 -0.061048539534856727 0.061048539534856727 0 0.99813479842186703 -8.0331759579385414e-16 -1 4.913300897173967e-17 
1 -45.154453097716868 -41.172804063998456 5.0049484246755487 0.99813479842186703 -5.6848714201562059e-16 -0.061048539534857039 0.061048539534857039 0 0.99813479842186703 -5.6742679890118462e-16 -1 3.4705309764398495e-17 
1 -26.185169658170263 -68.563638389091381 3.9222345978639521 -0.054188069260402996 -0.46057132912076743 -0.88596710093646236 0.028117206994450049 -0.88762269619018297 0.45971227075084858 -0.99813479842186692 7.8409501114151661e-16 0.061048539534856866 
1 -26.461856627727148 -48.119999999999997 -0.60155736651135294 -0.059601445388384314 -0.21643961393810793 -0.97447501826672722 0.013213322328408952 -0.97629600711993236 0.21603591042862014 -0.99813479842186692 8.2052420413702956e-16 0.061048539534856915 
1 -44.617374266564745 -80.200671289206895 13.786109693285606 0.060816231410868983 0.087155742747657319 0.9943365941687371 -0.0053207308068196155 0.99619469809174566 -0.086993179718741084 -0.99813479842186703 5.7853027923826526e-16 0.061048539534857081 
1 -44.833977130233251 -82.047665742147089 10.244684176596223 0.028189078470244943 -0.88701083317821372 0.46088735899294253 0.054150715917126918 0.46174861323504929 0.88535637917234866 -0.99813479842186703 4.4755865680201623e-16 0.061048539534857095 
1 -45.039266858310874 -1.2101757499487533 6.8882267917985658 0.018357649889398728 0.95371695074822238 0.30014492257249842 -0.058223026972815964 0.30070579950428761 -0.95193807638659467 -0.99813479842186703 4.7184478546569153e-16 0.061048539534856984 
1 -45.272158966202134 -0.0073525519316106625 3.0804744862522124 -0.058223026972816318 0.30070579950427445 -0.95193807638659877 -0.018357649889398038 -0.9537169507482266 -0.30014492257248526 -0.99813479842186692 5.4817261840867094e-16 0.061048539534857109 
1 -45.675597878160822 -20.966818019710889 -3.5156934177069896 -0.060990434852468675 0.043619387365337048 -0.99718479526233228 -0.0026628998940595944 -0.99904822158185769 -0.043538028415185989 -0.99813479842186703 5.7202506620335214e-16 0.061048539534857081 
1 -45.731660495417039 -41.999999999999993 -4.4323091074578294 -0.059601445388384473 -0.21643961393810146 -0.97447501826672855 0.013213322328408817 -0.9762960071199337 0.21603591042861364 -0.99813479842186703 5.8286708792820728e-16 0.061048539534857053 
1 -45.453477513761165 -62.554174604174193 0.11594243852639519 -0.054150715917127404 -0.46174861323503352 -0.88535637917235688 0.028189078470243836 -0.88701083317822205 0.46088735899292688 -0.99813479842186692 5.7592819402429986e-16 0.061048539534857005 
Triangulations 0

TShapes 86
Ve
1e-07
-41.9926474480684 7.52682263516744 0
0 0

0101101
*
Ed
 1e-07 1 1 0
1  1 0 0 19
0

0101000
+86 3 -86 5 *
Ve
1.00000181555922e-07
-26.4057940104709 -27.0868180197109 0.315058323239488
0 0

0101101
*
Ve
1.00000000444089e-07
-21.0331819802891 0.918328557625747 0
0 0

0101101
*
Ed
 1.00000000444089e-07 1 1 0
1  2 0 0 19
0

0101000
+84 0 -83 5 *
Ve
1.00000185101582e-07
-26.0384321629124 -8.00162883778152 6.32137143825474
0 0

0101101
*
Ed
 1e-07 1 1 0
1  3 0 0 1.96523327427439
0

0101000
+86 0 -81 6 *
Ed
 1.00000181555922e-07 1 1 0
1  3 0 1.96523327427439 21.9766099903497
0

0101000
+81 6 -84 6 *
Ed
 1e-07 1 1 0
1  3 0 0 21.9766099903497
0

0101000
+86 0 -83 0 *
Wi

0101100
+85 0 -82 0 -80 3 -79 3 +78 5 *
Fa
0  1e-07 1 0

0111000
+77 0 *
Ve
1e-07
40.047665742147 14.7044199914276 0
0 0

0101101
*
Ed
 1e-07 1 1 0
1  4 0 0 19
0

0101000
+75 3 -75 5 *
Ed
 1e-07 1 1 0
1  5 0 0 82.3536938586074
0

0101000
+75 0 -86 0 *
Wi

0101100
+74 0 -85 0 -73 3 +73 5 *
Fa
0  1e-07 2 0

0111000
+72 0 *
Ve
1.00000181524834e-07
-26.4618566277271 -48.12 -0.601557366511353
0 0

0101101
*
Ve
1e-07
0 0 0
0 0

0101101
*
Ed
 1e-07 1 1 0
1  6 0 0 19
0

0101000
+70 0 -69 5 *
Ed
 1.00000181524834e-07 1 1 0
1  7 0 0 21.0532199806991
0

0101000
+84 6 -70 6 *
Ed
 1e-07 1 1 0
1  7 0 0 21.0532199806991
0

0101000
+83 0 -69 0 *
Wi

0101100
+82 0 -68 0 -67 3 +66 5 *
Fa
0  1e-07 3 0

0111000
+65 0 *
Ve
1.00000185101582e-07
-25.6528130965493 -80.2006712892069 12.6261874421233
0 0

0101101
*
Ed
 1.00000185101582e-07 1 1 0
1  8 0 0 72.4748310643751
0

0101000
+63 11 -81 11 *
Ve
1.00000170862999e-07
-25.7817232959979 -81.2999015545722 10.5185243117415
0 0

0101101
*
Ed
 1.00000167317351e-07 1 1 0
1  9 0 1.61941837212252 3.99999999999999
0

0101000
+61 11 -63 11 *
Ed
 1e-07 1 1 0
1  10 0 14.3487353581053 22.085991533564
0

0101000
+61 6 -75 0 *
Wi

0101100
-80 3 +62 10 +60 10 -59 3 -73 3 *
Fa
0  1e-07 4 0

0111000
+58 0 *
Ve
1e-07
-39.6461131998433 14.8535993109528 0
0 0

0101101
*
Ve
1e-07
-41.1768469293037 11.1580811809077 0
0 0

0101101
*
Ed
 1e-07 1 1 0
1  11 0 0 3.99999999999997
0

0101000
+56 0 -55 0 *
Ve
1.00000000222045e-07
-20.8731067652366 2.74799663805177 0
0 0

0101101
*
Ed
 1e-07 1 1 0
1  12 0 0 21.9766099903497
0

0101000
+55 0 -53 0 *
Ve
1e-07
0 0 0
0 0

0101101
*
Ed
 1e-07 1 1 0
1  13 0 0 21.0532199806991
0

0101000
+53 0 -51 0 *
Ve
1.00000000222045e-07
20.8731067652366 2.74799663805176 0
0 0

0101101
*
Ed
 1e-07 1 1 0
1  14 0 0 21.0532199806992
0

0101000
+51 0 -49 0 *
Ve
1e-07
41.1768469293037 11.1580811809077 0
0 0

0101101
*
Ed
 1e-07 1 1 0
1  15 0 0 21.9766099903497
0

0101000
+49 0 -47 0 *
Ed
 1e-07 1 1 0
1  9 0 0 1.61941837212252
0

0101000
+47 0 -61 11 *
Ve
1.00000174403866e-07
-26.1851696581703 -68.5636383890914 3.92223459786395
0 0

0101101
*
Ed
 1.00000170862999e-07 1 1 0
1  10 0 0 14.3487353581053
0

0101000
+44 6 -61 6 *
Ed
 1.00000174403866e-07 1 1 0
1  16 0 0 20.94
0

0101000
+70 6 -44 6 *
Ed
 1e-07 1 1 0
1  8 0 72.4748310643751 79.2922263996866
0

0101000
+81 11 -56 0 *
Wi

0101100
-54 10 -52 10 -50 10 -48 10 -46 10 -45 10 +43 3 +42 3 +67 3 +79 3 
-41 10 *
Fa
0  1e-07 5 9

0111000
+40 0 *
Ve
1e-07
20.4436383890914 4.532245515864 0
0 0

0101101
*
Ed
 1e-07 1 1 0
1  16 0 0 20.94
0

0101000
+69 0 -38 0 *
Ed
 1e-07 1 1 0
1  10 0 0 22.085991533564
0

0101000
+38 0 -75 0 *
Wi

0101100
+78 0 +66 0 +37 0 +36 0 +73 0 *
Fa
0  1e-07 4 0

0111000
-35 3 *
Ed
 1e-07 1 1 0
1  17 0 0 19
0

0101000
+44 0 -38 5 *
Wi

0101100
+33 0 -74 0 -43 3 -59 3 +36 5 *
Fa
0  1e-07 6 0

0111000
+32 0 *
Wi

0101100
+68 0 -33 0 -42 3 +37 5 *
Fa
0  1e-07 7 0

0111000
+30 0 *
Ve
1e-07
39.6461131998433 14.8535993109528 0
0 0

0101101
*
Ed
 1e-07 1 1 0
1  18 0 0 19
0

0101000
+28 12 -63 0 *
Ed
 1e-07 1 1 0
1  19 0 0 19
0

0101000
+56 12 -56 10 *
Ed
 1e-07 1 1 0
1  8 0 0 79.2922263996866
0

0101000
+28 0 -56 0 *
Wi

0101100
+27 0 -26 0 -25 12 +62 10 +41 10 *
Fa
0  1e-07 8 0

0101000
+24 0 *
Ed
 1e-07 1 1 0
1  20 0 0 19
0

0101000
+47 12 -47 10 *
Ed
 1e-07 1 1 0
1  9 0 0 3.99999999999999
0

0101000
+47 0 -28 0 *
Wi

0101100
+22 0 -27 0 -21 12 +45 10 +60 10 *
Fa
0  1e-07 9 0

0101000
+20 0 *
Ed
 1e-07 1 1 0
1  21 0 0 19
0

0101000
+55 12 -55 10 *
Wi

0101100
+26 0 -18 0 -54 12 +54 10 *
Fa
0  1e-07 10 0

0111000
+17 0 *
Ed
 1.00000000222045e-07 1 1 0
1  22 0 0 19
0

0101000
+53 12 -53 10 *
Wi

0101100
+18 0 -15 0 -52 12 +52 10 *
Fa
0  1e-07 11 0

0111000
+14 0 *
Ed
 1e-07 1 1 0
1  23 0 0 19
0

0101000
+51 12 -51 10 *
Wi

0101100
+15 0 -12 0 -50 12 +50 10 *
Fa
0  1e-07 12 0

0111000
+11 0 *
Ed
 1.00000000222045e-07 1 1 0
1  24 0 0 19
0

0101000
+49 12 -49 10 *
Wi

0101100
+12 0 -9 0 -48 12 +48 10 *
Fa
0  1e-07 13 0

0111000
+8 0 *
Wi

0101100
+9 0 -22 0 -46 12 +46 10 *
Fa
0  1e-07 14 0

0111000
+6 0 *
Wi

0101100
+54 0 +52 0 +50 0 +48 0 +46 0 +21 0 +25 0 *
Fa
0  1e-07 5 0

0111000
-4 12 *
Sh

0101100
+76 0 +71 0 +64 0 -57 0 +39 0 +34 4 +31 0 +29 0 +23 0 +19 0 
+16 0 +13 0 +10 0 +7 0 +5 0 -3 0 *
So

0100000
+2 0 *

+1 0 ]]>
      </Part>
      <ElementMap new="1" count="1"><Element key="Dummy" value="Dummy"/></ElementMap>
      <ElementMap2 count="91">
<![CDATA[
28 PostfixCount 19
Edge
Face
Vertex
;:M2;FUS;:H11c5:8,E
;:M;FUS;:H11c5:7,E
;:H11c5,V
;:M;FUS;:H11c5:7,V
;:H11c5,E
;:M;FUS;:H11c5:7,F
;:H11c5,F
;:H-11c6,E
;:H-11c6,V
;:H-11c6,F
;:M;FUS;:H-11c6:7,F
;:M;FUS;:H-11c6:7,E
;:G#d426;FUS;:H-11c6:c,V
;:M2;FUS;:H-11c6:8,E
;:G#d428;FUS;:H-11c6:c,V
;:M;FUS;:H-11c6:7,V

MapCount 1

ElementMap 1 28 3

Edge

ChildCount 0

NameCount 41
0
$#ccb1.8 0
$#ccb2.5 0
$#cc9d.5 0
$#cc9d.4 0
$#d407.8 0
$#ccb5.8 0
$#cca7.8 0
$#d40b.8 0
$#ccb3.5 0
$#cca4.5 0
$#d408.8 0
$#d422.f 0
$#d423.11 0
$#cca6.4 0
$#d41d.b 0
$#d41e.b 0
$#d41f.b 0
$#d420.b 0
$#d421.b 0
$#d423.f 0
$#cca6.5 0
$#cca5.5 0
$#d422.11 0
$#d409.8 0
$#d40a.8 0
$#ccb4.5 0
$#ccd7.f 0
$#ccd1.b 0
$#ccc5.b 0
$#ccd6.b 0
$#ccc4.b 0
$#ccd2.b 0
$#ccb7.b 0
$#ccd3.b 0
$#ccc0.b 0
$#ccd4.b 0
$#ccc1.b 0
$#ccd5.b 0
$#ccc2.b 0
$#ccc3.b 0

Face

ChildCount 0

NameCount 17
0
$#ccab.9 0
$#ccaf.a 0
$#ccac.9 0
$#cca9.9 0
$#d425.e 0
$#d40d.a 0
$#ccae.9 0
$#ccad.9 0
$#cccf.e 0
$#ccce.e 0
$#ccc9.d 0
$#ccca.d 0
$#cccb.d 0
$#cccc.d 0
$#cccd.d 0
$#ccc7.d 0

Vertex

ChildCount 0

NameCount 27
0
$#cc9f.6 $#d3fe.6 0
$#d400.6 0
$#cca0.7 0
$#d401.6 0
$#d422.10.cc9d.d426 0
$#cca3.6 $#d404.6 0
$#d405.6 0
$#cca1.7 0
$#d402.6 0
$#d427.13 0
$#d423.12.cca6.d428 0
$#d410.c 0
$#d412.c 0
$#d414.c 0
$#d416.c 0
$#d418.c 0
$#d41a.c 0
$#cca2.7 0
$#d403.6 0
$#ccbf.c $#d41b.c 0
$#ccb9.c $#d40e.c 0
$#ccbe.c $#d419.c 0
$#ccba.c $#d411.c 0
$#ccbb.c $#d413.c 0
$#ccbc.c $#d415.c 0
$#ccbd.c $#d417.c 0

EndMap
]]>
      </ElementMap2>
    </Property>
    <Property name="Suppress" type="App::PropertyBool">
      <Bool value="false"/>
    </Property>
    <Property name="SuppressedShape" type="Part::PropertyPartShape">
      <Part ElementMap="0.15.70200.4" brep="1">
<![CDATA[

CASCADE Topology V1, (c) Matra-Datavision
Locations 0
Curve2ds 0
Curves 0
Polygon3D 0
PolygonOnTriangulations 0
Surfaces 0
Triangulations 0

TShapes 0

*]]>
      </Part>
      <ElementMap/>
    </Property>
    <Property name="TaperAngle" type="App::PropertyAngle">
      <Float value="0"/>
    </Property>
    <Property name="TaperAngle2" type="App::PropertyAngle" status="4">
      <Float value="0"/>
    </Property>
    <Property name="TaperAngleRev" type="App::PropertyAngle" status="4">
      <Float value="0"/>
    </Property>
    <Property name="TaperInnerAngle" type="App::PropertyAngle">
      <Float value="0"/>
    </Property>
    <Property name="TaperInnerAngleRev" type="App::PropertyAngle">
      <Float value="0"/>
    </Property>
    <Property name="TreeRank" type="App::PropertyInteger" status="2184">
      <Integer value="41"/>
    </Property>
    <Property name="Type" type="App::PropertyEnumeration">
      <Integer value="0"/>
    </Property>
    <Property name="UpToFace" type="App::PropertyLinkSub" status="4">
      <LinkSub value="" count="0">
      </LinkSub>
    </Property>
    <Property name="UseCustomVector" type="App::PropertyBool">
      <Bool value="false"/>
    </Property>
    <Property name="UsePipeForDraft" type="App::PropertyBool">
      <Bool value="false"/>
    </Property>
    <Property name="ValidateShape" type="App::PropertyBool">
      <Bool value="true"/>
    </Property>
    <Property name="Visibility" type="App::PropertyBool" status="648">
      <Bool value="false"/>
    </Property>
    <Property name="_ProfileBasedVersion" type="App::PropertyInteger" status="67108864">
      <Integer value="1"/>
    </Property>
    <Property name="_Siblings" type="App::PropertyLinkList" status="218103808">
      <LinkList count="0">
      </LinkList>
    </Property>
  </Properties>
</Object>
</Document>
