<?xml version='1.0' encoding='utf-8'?>
<!-- FreeCAD DocumentObject -->
<Document SchemaVersion="4" FileVersion="2">
<Object name="Pad003">
  <Properties Count="47" TransientCount="2">
    <_Property name="_Body" type="App::PropertyLinkHidden" status="251658240"/>
    <_Property name="_ElementMapVersion" type="App::PropertyString" status="234881024"/>
    <Property name="AddSubShape" type="Part::PropertyPartShape">
      <Part HasherIndex="0" ElementMap="1.15.70200.4" brep="1">
<![CDATA[

CASCADE Topology V1, (c) Matra-Datavision
Locations 5
1
              1               0               0               0 
              0               1               0               0 
              0               0               1               0 
1
-0.0106009676394945 0.0601210750439879 -0.998134798421867 -83.243521621639 
-0.984807753012093 -0.173648177667581 9.3856956877888e-17 -29.0868938774684 
-0.173324288812555 0.982970888037018 0.0610485395348524 4.70969593642275 
2  1 1 2 1 0
1
              1               0               0 18.9645611700155 
              0               1               0              -0 
              0               0               1 -1.15992225116219 
2  1 1 2 1 4 1 0
Curve2ds 0
Curves 12
1 -82.55518628731312 -9.8037162129528674 15.963879171744942 0.99813479842186725 -0 -0.061048539534852286 
1 -82.784653735755725 -8.4356356396489574 12.212119553238661 0.99813479842186725 -0 -0.061048539534852286 
1 -20.948143192757222 7.7554292881630964 0 -0.17364817766659327 -0.98480775301226764 0 
1 -83.243521621639033 -29.086893877468373 4.7096959364227455 0.99813479842186725 -0 -0.061048539534852286 
1 -21.64273590342361 3.816198276113941 0 0.98480775301226597 -0.17364817766660218 0 
1 -83.355540137773531 -50.059999999999974 2.8782093869765637 0.99813479842186725 -0 -0.061048539534852286 
1 0 0 0 0.99619469809171701 0.08715574274798471 0 
1 -83.122566806441355 -71.702735903423672 6.6872896840433116 0.99813479842186725 -0 -0.061048539534852286 
1 20.973106122531611 1.834909024654592 0 0.9396926207857984 0.3420201433259708 0 
1 -82.882082506265348 -71.008143192757217 10.619173236192392 0.99813479842186725 -0 -0.061048539534852286 
1 41.624364360351123 9.3513523233731188 0 -0.34202014332597402 0.93969262078579741 0 
1 40.256283787047117 13.11012280651661 0 -0.99619469809171668 -0.087155742747988152 0 
Polygon3D 0
PolygonOnTriangulations 0
Surfaces 7
1 -82.55518628731312 -9.8037162129528603 15.963879171744944 0.020879830241551198 0.93969262078579963 0.34138220681488313 -0.057366862110650882 0.34202014332596797 -0.93793990462655019 -0.99813479842186725 -1.3877787807814454e-17 0.061048539534852321 
1 -82.784653735755725 -8.4356356396489574 12.212119553238661 -0.057366862110650639 0.34202014332597636 -0.93793990462654697 -0.020879830241551829 -0.93969262078579641 -0.34138220681489162 -0.99813479842186725 1.0755285551056205e-16 0.061048539534852321 
1 -83.243521621639033 -29.086893877468373 4.7096959364227455 -0.060816231410862398 0.087155742747989762 -0.99433659416870845 -0.0053207308068401668 -0.99619469809171646 -0.086993179719072875 -0.99813479842186725 9.8011876392689601e-17 0.061048539534852293 
1 -83.355540137773531 -50.059999999999974 2.8782093869765637 -0.060121075043998426 -0.17364817766659638 -0.98297088803719113 0.010600967639434184 -0.98480775301226697 0.17332428881157277 -0.99813479842186736 7.8062556418956319e-17 0.061048539534852279 
1 -83.122566806441355 -71.702735903423672 6.6872896840433116 0.010600967639434463 -0.98480775301226642 0.17332428881157602 0.060121075043998481 0.17364817766659965 0.98297088803719068 -0.99813479842186725 1.3877787807814454e-17 0.06104853953485237 
1 -82.882082506265348 -71.008143192757217 10.619173236192392 0.060816231410862419 -0.087155742747986306 0.99433659416870879 0.005320730806839956 0.9961946980917169 0.086993179719069433 -0.99813479842186725 9.8011876392689576e-17 0.061048539534852293 
1 -82.949954510346885 -40.074424842360514 9.5094757785858839 0.99813479842186725 -1.967616938580956e-16 -0.061048539534852515 0.061048539534852515 1.5407439555097887e-33 0.99813479842186725 -1.9639469363619539e-16 -1 1.2012014046440499e-17 
Triangulations 0

TShapes 34
Ve
1.00000007105427e-07
-20.9481431927572 7.7554292881631 0
0 0

0101101
*
Ed
 1.00000007105427e-07 1 1 0
1  1 0 0 19
0

0101000
+34 3 -34 5 *
Ve
1e-07
-21.6427359034236 3.81619827611394 0
0 0

0101101
*
Ed
 1e-07 1 1 0
1  2 0 0 19
0

0101000
+32 3 -32 5 *
Ed
 1e-07 1 1 0
1  3 0 0 4.00000000000009
0

0101000
+34 0 -32 0 *
Wi

0101100
+33 0 -31 0 -30 3 +30 5 *
Fa
0  1e-07 1 0

0101000
+29 0 *
Ve
1.00000000222045e-07
0 2.22044604925031e-16 0
0 0

0101101
*
Ed
 1.00000000222045e-07 1 1 0
1  4 0 0 19
0

0101000
+27 3 -27 5 *
Ed
 1e-07 1 1 0
1  5 0 0 21.9766099903501
0

0101000
+32 0 -27 0 *
Wi

0101100
+31 0 -26 0 -25 3 +25 5 *
Fa
0  1e-07 2 0

0101000
+24 0 *
Ve
1e-07
20.9731061225316 1.83490902465459 0
0 0

0101101
*
Ed
 1e-07 1 1 0
1  6 0 0 19
0

0101000
+22 3 -22 5 *
Ed
 1e-07 1 1 0
1  7 0 0 21.0532199806997
0

0101000
+27 0 -22 0 *
Wi

0101100
+26 0 -21 0 -20 3 +20 5 *
Fa
0  1e-07 3 0

0101000
+19 0 *
Ve
1e-07
41.6243643603511 9.35135232337312 0
0 0

0101101
*
Ed
 1e-07 1 1 0
1  8 0 0 19
0

0101000
+17 3 -17 5 *
Ed
 1e-07 1 1 0
1  9 0 0 21.9766099903502
0

0101000
+22 0 -17 0 *
Wi

0101100
+21 0 -16 0 -15 3 +15 5 *
Fa
0  1e-07 4 0

0111000
+14 0 *
Ve
1e-07
40.2562837870471 13.1101228065166 0
0 0

0101101
*
Ed
 1e-07 1 1 0
1  10 0 0 19
0

0101000
+12 3 -12 5 *
Ed
 1e-07 1 1 0
1  11 0 0 4.00000000000032
0

0101000
+17 0 -12 0 *
Wi

0101100
+16 0 -11 0 -10 3 +10 5 *
Fa
0  1e-07 5 0

0101000
+9 0 *
Ed
 1e-07 1 1 0
1  12 0 0 61.4382179478026
0

0101000
+12 0 -34 0 *
Wi

0101100
+11 0 -33 0 -7 3 +7 5 *
Fa
0  1e-07 6 0

0101000
+6 0 *
Wi

0101100
+30 0 +25 0 +20 0 +15 0 +10 0 +7 0 *
Fa
0  1e-07 7 0

0111000
-4 3 *
Sh

0101100
-28 0 -23 0 -18 0 -13 0 -8 0 -5 0 +3 0 -3 4 *
So

1100000
-2 0 *

+1 0 ]]>
      </Part>
      <ElementMap new="1" count="1"><Element key="Dummy" value="Dummy"/></ElementMap>
      <ElementMap2 count="44">
<![CDATA[
31 PostfixCount 11
Edge
Face
Vertex
;:G;XTR;:H11bc:7,F
;FAC;:H11bc:4,F
;:G;XTR;:H11bc:7,E
;:G0;XTR;:H11bc:8,F
;:U;XTR;:H11bc:7,E
;:U;XTR;:H11bc:7,V
;SKT;:H,E;:H11bc:5,E
;SKT;:H,V;:H11bc:5,V

MapCount 1

ElementMap 1 31 3

Edge

ChildCount 0

NameCount 19
0
$#cc81.6 0
$#cc82.6 0
;g7.a 0
$#cc8f.8 0
$#cc83.6 0
;g8.a 0
$#cc90.8 0
$#cc84.6 0
;g9.a 0
$#cc91.8 0
$#cc85.6 0
;g10.a 0
$#cc92.8 0
$#cc86.6 0
;g11.a 0
$#cc93.8 0
;g12.a 0
$#cc94.8 0

Face

ChildCount 0

NameCount 9
0
$#cc7f.4 0
$#cc87.4 0
$#cc88.4 0
$#cc89.4 0
$#cc8a.4 0
$#cc8b.4 0
$#cc7f.5 0
$#cc8d.7 0

Vertex

ChildCount 0

NameCount 13
0
;g7v1.b ;g12v2.b 0
$#cc96.9 0
;g7v2.b ;g8v1.b 0
$#cc97.9 0
;g8v2.b ;g9v1.b 0
$#cc98.9 0
;g9v2.b ;g10v1.b 0
$#cc99.9 0
;g10v2.b ;g11v1.b 0
$#cc9a.9 0
;g11v2.b ;g12v1.b 0
$#cc9b.9 0

EndMap
]]>
      </ElementMap2>
    </Property>
    <Property name="AddSubType" type="App::PropertyEnumeration">
      <Integer value="0"/>
    </Property>
    <Property name="AllowMultiFace" type="App::PropertyBool">
      <Bool value="true"/>
    </Property>
    <Property name="AlongSketchNormal" type="App::PropertyBool">
      <Bool value="false"/>
    </Property>
    <Property name="AutoTaperInnerAngle" type="App::PropertyBool">
      <Bool value="true"/>
    </Property>
    <Property name="BaseFeature" type="App::PropertyLink" status="8">
      <Link value="Pad002"/>
    </Property>
    <Property name="CheckUpToFaceLimits" type="App::PropertyBool">
      <Bool value="true"/>
    </Property>
    <Property name="ClaimChildren" type="App::PropertyBool" status="134217728">
      <Bool value="false"/>
    </Property>
    <Property name="ColoredElements" type="App::PropertyLinkSubHidden" status="218103808">
      <LinkSub value="" count="0">
      </LinkSub>
    </Property>
    <Property name="Direction" type="App::PropertyVector" status="4">
      <PropertyVector valueX="-0.9981347984218674" valueY="0" valueZ="0.06104853953485229"/>
    </Property>
    <Property name="ExpressionEngine" type="App::PropertyExpressionEngine" status="67108864">
      <ExpressionEngine count="0"></ExpressionEngine>
    </Property>
    <Property name="Fit" type="App::PropertyDistance">
      <Float value="0"/>
    </Property>
    <Property name="FitJoin" type="App::PropertyEnumeration">
      <Integer value="0"/>
    </Property>
    <Property name="FixShape" type="App::PropertyEnumeration">
      <Integer value="0"/>
    </Property>
    <Property name="InnerFit" type="App::PropertyDistance">
      <Float value="0"/>
    </Property>
    <Property name="InnerFitJoin" type="App::PropertyEnumeration">
      <Integer value="0"/>
    </Property>
    <Property name="InvalidShape" type="App::PropertyBool" status="67108864">
      <Bool value="false"/>
    </Property>
    <Property name="Label" type="App::PropertyString" status="134217728">
      <String value="Pad003"/>
    </Property>
    <Property name="Label2" type="App::PropertyString" status="128">
      <String value=""/>
    </Property>
    <Property name="Length" type="App::PropertyLength">
      <Float value="19"/>
    </Property>
    <Property name="Length2" type="App::PropertyLength" status="4">
      <Float value="10"/>
    </Property>
    <Property name="Linearize" type="App::PropertyBool">
      <Bool value="true"/>
    </Property>
    <Property name="Midplane" type="App::PropertyBool">
      <Bool value="false"/>
    </Property>
    <Property name="NewSolid" type="App::PropertyBool">
      <Bool value="false"/>
    </Property>
    <Property name="Offset" type="App::PropertyLength" status="4">
      <Float value="0"/>
    </Property>
    <Property name="Placement" type="App::PropertyPlacement" status="8388620">
      <PropertyPlacement Px="0" Py="0" Pz="0" Q0="0" Q1="0" Q2="0" Q3="1" A="0" Ox="0" Oy="0" Oz="1"/>
    </Property>
    <Property name="Profile" type="App::PropertyLinkSub">
      <LinkSub value="Sketch" count="1">
        <Sub value=""/>
      </LinkSub>
    </Property>
    <Property name="ReferenceAxis" type="App::PropertyLinkSub">
      <LinkSub value="Sketch" count="1">
        <Sub value="N_Axis"/>
      </LinkSub>
    </Property>
    <Property name="Refine" type="App::PropertyBool">
      <Bool value="false"/>
    </Property>
    <Property name="Reversed" type="App::PropertyBool">
      <Bool value="true"/>
    </Property>
    <Property name="Shape" type="Part::PropertyPartShape">
      <Part HasherIndex="0" ElementMap="1.15.70200.4" brep="1">
<![CDATA[

CASCADE Topology V1, (c) Matra-Datavision
Locations 26
1
              1               0               0               0 
              0               1               0               0 
              0               0               1               0 
1
-8.88178419700125e-16 0.0610485395348569 -0.998134798421867 -26.4618566277271 
             -1 -1.10696661851224e-15 8.22133168409266e-16          -48.12 
-1.0547118733939e-15 0.998134798421867 0.0610485395348569 -0.601557366511353 
2  1 1 2 1 0
1
              1               0               0 18.9645611700155 
              0               1               0 -1.16018306073329e-14 
              0               0               1 -1.15992225116228 
2  1 1 2 1 4 1 0
2  2 -1 1 -1 0
1
              1               0               0               0 
              0               1               0               0 
              0               0               1               0 
1
0.00532073080681961 0.0608162314108689 -0.998134798421867 -45.731660495417 
-0.996194698091746 0.0871557427476572 5.75259002756462e-16             -42 
0.086993179718741 0.994336594168737 0.061048539534857 -4.43230910745783 
1
              1               0               0 18.9645611700155 
              0               1               0 -8.43769498715119e-15 
              0               0               1 -1.15992225116228 
2  7 1 8 1 9 1 0
2  9 -1 8 -1 7 -1 0
2  7 1 8 1 0
2  8 -1 7 -1 0
1
              1               0               0 18.9645611700155 
              0               1               0 8.43769498715119e-15 
              0               0               1 -1.15992225116229 
1
              1               0               0               0 
              0               1               0               0 
              0               0               1               0 
1
1.11022302462516e-16 0.0610485395348572 -0.998134798421867 -64.3909789677581 
             -1 -8.79744038488903e-16 -1.65037218857825e-16          -47.99 
-8.88178419700125e-16 0.998134798421867 0.0610485395348572 1.71828713581434 
2  15 1 16 1 14 1 0
2  14 -1 16 -1 15 -1 0
2  15 1 16 1 0
2  16 -1 15 -1 0
1
              1               0               0               0 
              0               1               0               0 
              0               0               1               0 
1
-0.0106009676394945 0.0601210750439879 -0.998134798421867 -83.243521621639 
-0.984807753012093 -0.173648177667581 9.3856956877888e-17 -29.0868938774684 
-0.173324288812555 0.982970888037018 0.0610485395348524 4.70969593642275 
1
              1               0               0 18.9645611700155 
              0               1               0              -0 
              0               0               1 -1.15992225116219 
2  21 1 22 1 23 1 0
2  23 -1 22 -1 21 -1 0
2  21 1 22 1 0
Curve2ds 0
Curves 50
1 -26.002355098512236 -6.127352551931601 6.9112262271986875 0.99813479842186692 -6.10622663543836e-16 -0.061048539534856956 
1 -26.405794010470924 -27.086818019710886 0.3150583232394879 0.99813479842186692 -6.10622663543836e-16 -0.061048539534856956 
1 -41.992647448068404 7.5268226351674379 0 0.95371695074822693 -0.30070579950427323 0 
1 -25.564173262543374 -88.167665742147051 14.075435917542693 0.99813479842186692 -6.10622663543836e-16 -0.061048539534856956 
1 40.047665742147039 14.704419991427629 0 -0.99619469809174543 -0.087155742747658263 0 
1 -26.461856627727148 -48.119999999999997 -0.60155736651135294 0.99813479842186692 -6.10622663543836e-16 -0.061048539534856956 
1 -21.033181980289111 0.91832855762574717 0 0.9990482215818578 -0.043619387365335986 0 
1 39.64611319984332 14.853599310952809 0 -1 -1.1201330319861412e-16 0 
1 41.176846929303743 11.158081180907701 0 -0.38268343236510666 0.92387953251127974 0 
1 20.44363838909138 4.5322455158640018 0 0.88762269619018241 0.46057132912076831 0 
1 -39.646113199843292 14.8535993109528 0 -0.38268343236510288 -0.9238795325112813 0 
1 -41.176846929303693 11.158081180907701 0 0.92387953251128652 -0.38268343236509011 0 
1 -20.873106765236589 2.7479966380517671 0 0.99144486137381049 -0.13052619222005166 0 
1 0 0 0 0.99144486137381049 0.1305261922200511 0 
1 20.873106765236621 2.74799663805176 0 0.92387953251128652 0.38268343236509011 0 
1 0 0 0 0.97629600711993192 0.21643961393810893 0 
1 -26.185169658170263 -68.563638389091381 3.9222345978639521 0.99813479842186692 -6.10622663543836e-16 -0.061048539534856956 
1 -44.617374266564745 -80.200671289206895 13.786109693285606 0.99813479842186692 -4.4408920985006252e-16 -0.061048539534857074 
1 -45.039266858310874 -1.2101757499487533 6.8882267917985658 0.99813479842186692 -4.4408920985006252e-16 -0.061048539534857074 
1 -44.833977130233251 -82.047665742147089 10.244684176596223 0.99813479842186692 -4.4408920985006252e-16 -0.061048539534857074 
1 -45.272158966202134 -0.0073525519316106625 3.0804744862522124 0.99813479842186692 -4.4408920985006252e-16 -0.061048539534857074 
1 -45.675597878160822 -20.966818019710889 -3.5156934177069896 0.99813479842186692 -4.4408920985006252e-16 -0.061048539534857074 
1 -45.731660495417039 -41.999999999999993 -4.4323091074578294 0.99813479842186692 -4.4408920985006252e-16 -0.061048539534857074 
1 -45.453477513761165 -62.554174604174193 0.1159424385263943 0.99813479842186692 -4.4408920985006252e-16 -0.061048539534857074 
1 -40.789824250051261 11.34169043816031 0 -0.30070579950428744 -0.95371695074822249 0 
1 -41.992647448068404 7.5268226351674423 0 0.95371695074822682 -0.30070579950427345 0 
1 40.047665742147032 14.704419991427629 0 -0.88701083317822105 -0.46174861323503508 0 
1 38.200671289206838 18.252463324140461 0 0.46174861323505112 -0.88701083317821272 0 
1 38.200671289206838 18.252463324140461 0 -0.99619469809174566 -0.087155742747658166 0 
1 20.55417460417419 4.5567508047764704 0 -0.97629600711993347 -0.21643961393810246 0 
1 -21.033181980289129 0.91832855762575161 0 0.99904822158185769 -0.043619387365336153 0 
1 -63.698585330651923 -7.2001757499487624 13.038823035070731 0.99813479842186692 4.4408920985006247e-16 -0.061048539534857171 
1 -63.931477438543183 -5.9973525519316127 9.2310707295243759 0.99813479842186692 4.4408920985006247e-16 -0.061048539534857171 
1 -64.334916350501857 -26.95681801971088 2.634902825565181 0.99813479842186692 4.4408920985006247e-16 -0.061048539534857171 
1 -63.493295602574243 -88.037665742147055 16.395280419868392 0.99813479842186692 4.4408920985006247e-16 -0.061048539534857171 
1 -64.112795986102171 -68.544174604174202 6.2665386817985622 0.99813479842186692 4.4408920985006247e-16 -0.061048539534857171 
1 -63.276692738905737 -86.190671289206861 19.936705936557765 0.99813479842186692 4.4408920985006247e-16 -0.061048539534857171 
1 -64.390978967758059 -47.990000000000009 1.7182871358143386 0.99813479842186692 4.4408920985006247e-16 -0.061048539534857171 
1 0 0 0 0.99619469809171701 0.08715574274798471 0 
1 -21.64273590342361 3.816198276113941 0 0.98480775301226597 -0.17364817766660218 0 
1 -20.948143192757222 7.7554292881630964 0 -0.17364817766659327 -0.98480775301226764 0 
1 40.256283787047117 13.11012280651661 0 -0.99619469809171668 -0.087155742747988152 0 
1 41.624364360351123 9.3513523233731188 0 -0.34202014332597402 0.93969262078579741 0 
1 20.973106122531611 1.834909024654592 0 0.9396926207857984 0.3420201433259708 0 
1 -83.243521621639033 -29.086893877468373 4.7096959364227455 0.99813479842186725 -0 -0.061048539534852286 
1 -83.355540137773531 -50.059999999999974 2.8782093869765637 0.99813479842186725 -0 -0.061048539534852286 
1 -82.784653735755725 -8.4356356396489574 12.212119553238661 0.99813479842186725 -0 -0.061048539534852286 
1 -82.55518628731312 -9.8037162129528674 15.963879171744942 0.99813479842186725 -0 -0.061048539534852286 
1 -82.882082506265348 -71.008143192757217 10.619173236192392 0.99813479842186725 -0 -0.061048539534852286 
1 -83.122566806441355 -71.702735903423672 6.6872896840433116 0.99813479842186725 -0 -0.061048539534852286 
Polygon3D 0
PolygonOnTriangulations 0
Surfaces 29
1 -26.002355098512236 -6.127352551931601 6.9112262271986875 -0.058223026972816158 0.30070579950427423 -0.95193807638659877 -0.018357649889398236 -0.9537169507482266 -0.30014492257248504 -0.99813479842186703 8.0144224590128488e-16 0.061048539534857026 
1 -25.564173262543374 -88.167665742147051 14.075435917542693 0.060816231410868886 0.087155742747657181 0.99433659416873721 -0.0053207308068193527 0.99619469809174577 -0.086993179718740959 -0.99813479842186692 8.2399365108898317e-16 0.061048539534856942 
1 -26.405794010470924 -27.086818019710886 0.31505832323948835 -0.06099043485246855 0.043619387365337096 -0.99718479526233228 -0.0026628998940598412 -0.99904822158185769 -0.043538028415186024 -0.99813479842186703 8.2139156587501816e-16 0.06104853953485697 
1 -25.998667840071583 -47.454994556236862 6.971512369806848 0.99813479842186703 -8.048187449871153e-16 -0.061048539534856727 0.061048539534856727 0 0.99813479842186703 -8.0331759579385414e-16 -1 4.913300897173967e-17 
1 -45.154453097716868 -41.172804063998456 5.0049484246755487 0.99813479842186703 -5.6848714201562059e-16 -0.061048539534857039 0.061048539534857039 0 0.99813479842186703 -5.6742679890118462e-16 -1 3.4705309764398495e-17 
1 -26.185169658170263 -68.563638389091381 3.9222345978639521 -0.054188069260402996 -0.46057132912076743 -0.88596710093646236 0.028117206994450049 -0.88762269619018297 0.45971227075084858 -0.99813479842186692 7.8409501114151661e-16 0.061048539534856866 
1 -26.461856627727148 -48.119999999999997 -0.60155736651135294 -0.059601445388384314 -0.21643961393810793 -0.97447501826672722 0.013213322328408952 -0.97629600711993236 0.21603591042862014 -0.99813479842186692 8.2052420413702956e-16 0.061048539534856915 
1 -44.617374266564745 -80.200671289206895 13.786109693285606 0.060816231410868983 0.087155742747657319 0.9943365941687371 -0.0053207308068196155 0.99619469809174566 -0.086993179718741084 -0.99813479842186703 5.7853027923826526e-16 0.061048539534857081 
1 -44.833977130233251 -82.047665742147089 10.244684176596223 0.028189078470244943 -0.88701083317821372 0.46088735899294253 0.054150715917126918 0.46174861323504929 0.88535637917234866 -0.99813479842186703 4.4755865680201623e-16 0.061048539534857095 
1 -45.039266858310874 -1.2101757499487533 6.8882267917985658 0.018357649889398728 0.95371695074822238 0.30014492257249842 -0.058223026972815964 0.30070579950428761 -0.95193807638659467 -0.99813479842186703 4.7184478546569153e-16 0.061048539534856984 
1 -45.272158966202134 -0.0073525519316106625 3.0804744862522124 -0.058223026972816318 0.30070579950427445 -0.95193807638659877 -0.018357649889398038 -0.9537169507482266 -0.30014492257248526 -0.99813479842186692 5.4817261840867094e-16 0.061048539534857109 
1 -45.675597878160822 -20.966818019710889 -3.5156934177069896 -0.060990434852468675 0.043619387365337048 -0.99718479526233228 -0.0026628998940595944 -0.99904822158185769 -0.043538028415185989 -0.99813479842186703 5.7202506620335214e-16 0.061048539534857081 
1 -45.731660495417039 -41.999999999999993 -4.4323091074578294 -0.059601445388384473 -0.21643961393810146 -0.97447501826672855 0.013213322328408817 -0.9762960071199337 0.21603591042861364 -0.99813479842186703 5.8286708792820728e-16 0.061048539534857053 
1 -45.453477513761165 -62.554174604174193 0.11594243852639519 -0.054150715917127404 -0.46174861323503352 -0.88535637917235688 0.028189078470243836 -0.88701083317822205 0.46088735899292688 -0.99813479842186692 5.7592819402429986e-16 0.061048539534857005 
1 -63.813771570057902 -47.16280406399845 11.15554466794771 0.99813479842186692 1.3754521344513081e-16 -0.061048539534857116 0.061048539534857116 0 0.99813479842186692 1.3728866389594829e-16 -1 -8.3969344008354292e-18 
1 -63.698585330651923 -7.2001757499487553 13.038823035070731 0.018357649889397955 0.95371695074822216 0.30014492257249908 -0.058223026972816352 0.30070579950428822 -0.95193807638659433 -0.99813479842186692 -4.2327252813834093e-16 0.06104853953485713 
1 -63.931477438543183 -5.9973525519316127 9.2310707295243759 -0.058223026972816672 0.30070579950427423 -0.95193807638659877 -0.018357649889397375 -0.95371695074822671 -0.3001449225724851 -0.99813479842186692 -1.7347234759768066e-16 0.061048539534857248 
1 -63.493295602574243 -88.037665742147055 16.395280419868392 0.054150715917127057 0.46174861323503441 0.88535637917235643 -0.028189078470244624 0.88701083317822138 -0.4608873589929276 -0.99813479842186703 -2.324529457808922e-16 0.061048539534857074 
1 -63.276692738905737 -86.190671289206861 19.936705936557765 -0.028189078470245835 0.88701083317821316 -0.46088735899294359 -0.05415071591712671 -0.4617486132350504 -0.88535637917234811 -0.99813479842186703 -3.6429192995512949e-16 0.061048539534857324 
1 -63.276692738905737 -86.190671289206861 19.936705936557765 0.060816231410868997 0.087155742747657292 0.9943365941687371 -0.0053207308068203667 0.99619469809174566 -0.086993179718741001 -0.99813479842186692 -1.717376241217039e-16 0.061048539534857151 
1 -64.112795986102171 -68.544174604174202 6.2665386817985622 0.059601445388384376 0.2164396139381016 0.97447501826672855 -0.013213322328409587 0.9762960071199337 -0.21603591042861375 -0.99813479842186703 -1.8388068845354155e-16 0.061048539534857123 
1 -64.334916350501857 -26.95681801971088 2.634902825565181 -0.060990434852468814 0.043619387365337048 -0.99718479526233228 -0.0026628998940588645 -0.99904822158185769 -0.043538028415186031 -0.99813479842186703 -1.6479873021779667e-16 0.061048539534857192 
1 -82.949954510346885 -40.074424842360514 9.5094757785858839 0.99813479842186725 -1.967616938580956e-16 -0.061048539534852515 0.061048539534852515 1.5407439555097887e-33 0.99813479842186725 -1.9639469363619539e-16 -1 1.2012014046440499e-17 
1 -83.243521621639033 -29.086893877468373 4.7096959364227455 -0.060816231410862398 0.087155742747989762 -0.99433659416870845 -0.0053207308068401668 -0.99619469809171646 -0.086993179719072875 -0.99813479842186725 9.8011876392689601e-17 0.061048539534852293 
1 -82.784653735755725 -8.4356356396489574 12.212119553238661 -0.057366862110650639 0.34202014332597636 -0.93793990462654697 -0.020879830241551829 -0.93969262078579641 -0.34138220681489162 -0.99813479842186725 1.0755285551056205e-16 0.061048539534852321 
1 -82.55518628731312 -9.8037162129528603 15.963879171744944 0.020879830241551198 0.93969262078579963 0.34138220681488313 -0.057366862110650882 0.34202014332596797 -0.93793990462655019 -0.99813479842186725 -1.3877787807814454e-17 0.061048539534852321 
1 -82.882082506265348 -71.008143192757217 10.619173236192392 0.060816231410862419 -0.087155742747986306 0.99433659416870879 0.005320730806839956 0.9961946980917169 0.086993179719069433 -0.99813479842186725 9.8011876392689576e-17 0.061048539534852293 
1 -83.122566806441355 -71.702735903423672 6.6872896840433116 0.010600967639434463 -0.98480775301226642 0.17332428881157602 0.060121075043998481 0.17364817766659965 0.98297088803719068 -0.99813479842186725 1.3877787807814454e-17 0.06104853953485237 
1 -83.355540137773531 -50.059999999999974 2.8782093869765637 -0.060121075043998426 -0.17364817766659638 -0.98297088803719113 0.010600967639434184 -0.98480775301226697 0.17332428881157277 -0.99813479842186736 7.8062556418956319e-17 0.061048539534852279 
Triangulations 0

TShapes 197
Ve
1e-07
-41.9926474480684 7.52682263516744 0
0 0

0101101
*
Ed
 1e-07 1 1 0
1  1 0 0 19
0

0101000
+197 3 -197 5 *
Ve
1.00000181555922e-07
-26.4057940104709 -27.0868180197109 0.315058323239488
0 0

0101101
*
Ve
1.00000000444089e-07
-21.0331819802891 0.918328557625747 0
0 0

0101101
*
Ed
 1.00000000444089e-07 1 1 0
1  2 0 0 19
0

0101000
+195 0 -194 5 *
Ve
1.00000185101582e-07
-26.0384321629124 -8.00162883778152 6.32137143825474
0 0

0101101
*
Ed
 1e-07 1 1 0
1  3 0 0 1.96523327427439
0

0101000
+197 0 -192 6 *
Ed
 1.00000181555922e-07 1 1 0
1  3 0 1.96523327427439 21.9766099903497
0

0101000
+192 6 -195 6 *
Ed
 1e-07 1 1 0
1  3 0 0 21.9766099903497
0

0101000
+197 0 -194 0 *
Wi

0101100
+196 0 -193 0 -191 3 -190 3 +189 5 *
Fa
0  1e-07 1 0

0111000
+188 0 *
Ve
1e-07
40.047665742147 14.7044199914276 0
0 0

0101101
*
Ed
 1e-07 1 1 0
1  4 0 0 19
0

0101000
+186 3 -186 5 *
Ed
 1e-07 1 1 0
1  5 0 0 82.3536938586074
0

0101000
+186 0 -197 0 *
Wi

0101100
+185 0 -196 0 -184 3 +184 5 *
Fa
0  1e-07 2 0

0111000
+183 0 *
Ve
1.00000181524834e-07
-26.4618566277271 -48.12 -0.601557366511353
0 0

0101101
*
Ve
1e-07
0 0 0
0 0

0101101
*
Ed
 1e-07 1 1 0
1  6 0 0 19
0

0101000
+181 0 -180 5 *
Ed
 1.00000181524834e-07 1 1 0
1  7 0 0 21.0532199806991
0

0101000
+195 6 -181 6 *
Ed
 1e-07 1 1 0
1  7 0 0 21.0532199806991
0

0101000
+194 0 -180 0 *
Wi

0101100
+193 0 -179 0 -178 3 +177 5 *
Fa
0  1e-07 3 0

0111000
+176 0 *
Ve
1.00000185101582e-07
-25.6528130965493 -80.2006712892069 12.6261874421233
0 0

0101101
*
Ed
 1.00000185101582e-07 1 1 0
1  8 0 0 72.4748310643751
0

0101000
+174 11 -192 11 *
Ve
1.00000170862999e-07
-25.7817232959979 -81.2999015545722 10.5185243117415
0 0

0101101
*
Ed
 1.00000167317351e-07 1 1 0
1  9 0 1.61941837212252 3.99999999999999
0

0101000
+172 11 -174 11 *
Ed
 1e-07 1 1 0
1  10 0 14.3487353581053 22.085991533564
0

0101000
+172 6 -186 0 *
Wi

0101100
-191 3 +173 10 +171 10 -170 3 -184 3 *
Fa
0  1e-07 4 0

0111000
+169 0 *
Ve
1e-07
-39.6461131998433 14.8535993109528 0
0 0

0101101
*
Ve
1e-07
-41.1768469293037 11.1580811809077 0
0 0

0101101
*
Ed
 1e-07 1 1 0
1  11 0 0 3.99999999999997
0

0101000
+167 0 -166 0 *
Ve
1.00000000222045e-07
-20.8731067652366 2.74799663805177 0
0 0

0101101
*
Ed
 1e-07 1 1 0
1  12 0 0 21.9766099903497
0

0101000
+166 0 -164 0 *
Ve
1e-07
0 0 0
0 0

0101101
*
Ed
 1e-07 1 1 0
1  13 0 0 21.0532199806991
0

0101000
+164 0 -162 0 *
Ve
1.00000000222045e-07
20.8731067652366 2.74799663805176 0
0 0

0101101
*
Ed
 1e-07 1 1 0
1  14 0 0 21.0532199806992
0

0101000
+162 0 -160 0 *
Ve
1e-07
41.1768469293037 11.1580811809077 0
0 0

0101101
*
Ed
 1e-07 1 1 0
1  15 0 0 21.9766099903497
0

0101000
+160 0 -158 0 *
Ed
 1e-07 1 1 0
1  9 0 0 1.61941837212252
0

0101000
+158 0 -172 11 *
Ve
1.00000174403866e-07
-26.1851696581703 -68.5636383890914 3.92223459786395
0 0

0101101
*
Ed
 1.00000170862999e-07 1 1 0
1  10 0 0 14.3487353581053
0

0101000
+155 6 -172 6 *
Ed
 1.00000174403866e-07 1 1 0
1  16 0 0 20.94
0

0101000
+181 6 -155 6 *
Ed
 1e-07 1 1 0
1  8 0 72.4748310643751 79.2922263996866
0

0101000
+192 11 -167 0 *
Wi

0101100
-165 10 -163 10 -161 10 -159 10 -157 10 -156 10 +154 3 +153 3 +178 3 +190 3 
-152 10 *
Fa
0  1e-07 5 9

0111000
+151 0 *
Ve
1e-07
20.4436383890914 4.532245515864 0
0 0

0101101
*
Ed
 1e-07 1 1 0
1  16 0 0 20.94
0

0101000
+180 0 -149 0 *
Ed
 1e-07 1 1 0
1  10 0 0 22.085991533564
0

0101000
+149 0 -186 0 *
Wi

0101100
+189 0 +177 0 +148 0 +147 0 +184 0 *
Fa
0  1e-07 4 0

0111000
-146 3 *
Ed
 1e-07 1 1 0
1  17 0 0 19
0

0101000
+155 0 -149 5 *
Wi

0101100
+144 0 -185 0 -154 3 -170 3 +147 5 *
Fa
0  1e-07 6 0

0111000
+143 0 *
Wi

0101100
+179 0 -144 0 -153 3 +148 5 *
Fa
0  1e-07 7 0

0111000
+141 0 *
Ve
1.0000014947808e-07
-44.6173742665647 -80.2006712892069 13.7861096932856
0 0

0101101
*
Ed
 1e-07 1 1 0
1  18 0 0 19
0

0101000
+139 0 -174 0 *
Ed
 1e-07 1 1 0
1  19 0 0 19
0

0101000
+167 12 -167 10 *
Ve
1.0000014947808e-07
-45.0035368544966 -7.8998658799027 7.47240719032162
0 0

0101101
*
Ed
 1.0000014947808e-07 1 1 0
1  8 0 0 72.5769827402209
0

0101000
+139 13 -136 13 *
Ed
 1e-07 1 1 0
1  8 0 72.5769827402209 79.2922263996866
0

0101000
+136 13 -167 0 *
Wi

0101100
+138 0 -137 0 -135 12 -134 12 +173 10 +152 10 *
Fa
0  1e-07 8 0

0111000
+133 0 *
Ed
 1e-07 1 1 0
1  20 0 0 19
0

0101000
+158 12 -158 10 *
Ve
1.00000163772009e-07
-44.7435898397216 -81.276924204553 11.7225033133365
0 0

0101101
*
Ed
 1e-07 1 1 0
1  9 0 0 1.66917997261376
0

0101000
+158 0 -130 13 *
Ed
 1.0000014947808e-07 1 1 0
1  9 0 1.66917997261376 3.99999999999999
0

0101000
+130 13 -139 13 *
Wi

0101100
+131 0 -138 0 -129 12 -128 12 +156 10 +171 10 *
Fa
0  1e-07 9 0

0111000
+127 0 *
Ed
 1e-07 1 1 0
1  21 0 0 19
0

0101000
+166 12 -166 10 *
Wi

0101100
+137 0 -125 0 -165 12 +165 10 *
Fa
0  1e-07 10 0

0111000
+124 0 *
Ed
 1.00000000222045e-07 1 1 0
1  22 0 0 19
0

0101000
+164 12 -164 10 *
Wi

0101100
+125 0 -122 0 -163 12 +163 10 *
Fa
0  1e-07 11 0

0111000
+121 0 *
Ed
 1e-07 1 1 0
1  23 0 0 19
0

0101000
+162 12 -162 10 *
Wi

0101100
+122 0 -119 0 -161 12 +161 10 *
Fa
0  1e-07 12 0

0111000
+118 0 *
Ed
 1.00000000222045e-07 1 1 0
1  24 0 0 19
0

0101000
+160 12 -160 10 *
Wi

0101100
+119 0 -116 0 -159 12 +159 10 *
Fa
0  1e-07 13 0

0111000
+115 0 *
Wi

0101100
+116 0 -131 0 -157 12 +157 10 *
Fa
0  1e-07 14 0

0111000
+113 0 *
Ve
1.00000003552714e-07
-40.7898242500513 11.3416904381603 0
0 0

0101101
*
Ve
1e-07
-41.9926474480684 7.52682263516744 0
0 0

0101101
*
Ed
 1e-07 1 1 0
1  25 0 0 3.99999999999998
0

0101000
+111 0 -110 0 *
Ed
 1e-07 1 1 0
1  26 0 0 1.99484063534628
0

0101000
+110 0 -136 18 *
Ve
1e-07
40.047665742147 14.7044199914276 0
0 0

0101101
*
Ed
 1e-07 1 1 0
1  27 0 0 7.62193795691297
0

0101000
+107 0 -130 18 *
Ve
1e-07
38.2006712892068 18.2524633241405 0
0 0

0101101
*
Ed
 1e-07 1 1 0
1  28 0 0 3.99999999999998
0

0101000
+105 0 -107 0 *
Ed
 1e-07 1 1 0
1  29 0 0 79.2922263996866
0

0101000
+105 0 -111 0 *
Wi

0101100
-109 17 -108 17 +135 12 +128 12 +106 17 +104 17 -103 17 *
Fa
0  1e-07 15 14

0111000
+102 0 *
Ve
1.00000163772009e-07
-45.1482348160867 -68.5441746041742 5.10661643063628
0 0

0101101
*
Ed
 1.00000163772009e-07 1 1 0
1  27 0 7.62193795691297 21.9766099903496
0

0101000
+130 18 -100 18 *
Ve
1.0000014947808e-07
-45.4264177977426 -47.99 0.558364884652052
0 0

0101101
*
Ed
 1.0000014947808e-07 1 1 0
1  30 0 0 21.0532199806992
0

0101000
+100 18 -98 18 *
Ve
1.00000135266541e-07
-45.3703551804864 -26.9568180197109 1.47498057440289
0 0

0101101
*
Ed
 1.00000135266541e-07 1 1 0
1  31 0 0 21.0532199806992
0

0101000
+96 18 -98 18 *
Ed
 1.00000121027958e-07 1 1 0
1  26 0 1.99484063534628 21.9766099903496
0

0101000
+136 18 -96 18 *
Wi

0101100
-165 12 -163 12 -161 12 -159 12 -157 12 -129 12 -99 17 -97 17 +95 17 +94 17 
-134 12 *
Fa
0  1e-07 5 0

0111000
+93 0 *
Ed
 1.00000003552714e-07 1 1 0
1  32 0 0 19
0

0101000
+111 19 -111 17 *
Ed
 1e-07 1 1 0
1  33 0 0 19
0

0101000
+110 19 -110 17 *
Wi

0101100
+91 0 -90 0 -109 19 +109 17 *
Fa
0  1e-07 16 0

0111000
+89 0 *
Ve
1e-07
-21.0331819802891 0.918328557625752 0
0 0

0101101
*
Ed
 1e-07 1 1 0
1  34 0 0 19
0

0101000
+87 19 -96 0 *
Ed
 1e-07 1 1 0
1  26 0 0 21.9766099903496
0

0101000
+110 0 -87 0 *
Wi

0101100
+90 0 -86 0 -85 19 +108 17 +94 17 *
Fa
0  1e-07 17 0

0111000
+84 0 *
Ed
 1e-07 1 1 0
1  35 0 0 19
0

0101000
+107 19 -107 17 *
Ve
1.00000028477166e-07
-64.1127959861022 -68.5441746041742 6.26653868179856
0 0

0101101
*
Ed
 1e-07 1 1 0
1  36 0 0 19
0

0101000
+81 0 -100 0 *
Ve
1.00000028477166e-07
-64.0246573934011 -71.317585115961 7.70759193432837
0 0

0101101
*
Ed
 1e-07 1 1 0
1  27 0 0 18.8499170481118
0

0101000
+107 0 -79 20 *
Ed
 1.00000028477166e-07 1 1 0
1  27 0 18.8499170481118 21.9766099903496
0

0101000
+79 20 -81 20 *
Wi

0101100
+82 0 -80 0 -78 19 -77 19 +106 17 +99 17 *
Fa
0  1e-07 18 0

0111000
+76 0 *
Ed
 1e-07 1 1 0
1  37 0 0 19
0

0101000
+105 19 -105 17 *
Wi

0101100
+74 0 -82 0 -104 19 +104 17 *
Fa
0  1e-07 19 0

0111000
+73 0 *
Ve
1.00000042669556e-07
-63.6376523973965 -18.6085832135386 14.0350676875325
0 0

0101101
*
Ed
 1e-07 1 1 0
1  29 0 0 67.8402406729575
0

0101000
+105 0 -71 20 *
Ve
1.00000042669556e-07
-63.6877731897334 -9.22452124854554 13.2155999764755
0 0

0101101
*
Ed
 1.00000042669556e-07 1 1 0
1  29 0 67.8402406729575 77.2601482301535
0

0101000
+71 20 -69 20 *
Ed
 1e-07 1 1 0
1  29 0 77.2601482301535 79.2922263996866
0

0101000
+69 20 -111 0 *
Wi

0101100
+74 0 -91 0 -70 19 -68 19 -67 19 +103 17 *
Fa
0  1e-07 20 0

0111000
+66 0 *
Ve
1e-07
0 0 0
0 0

0101101
*
Ed
 1e-07 1 1 0
1  38 0 0 19
0

0101000
+64 19 -98 0 *
Ve
1.00000028452917e-07
-64.3830514617643 -48.5757415913828 1.84790071309771
0 0

0101101
*
Ed
 1.00000014238583e-07 1 1 0
1  30 0 0 20.4532568679638
0

0101000
+81 20 -62 20 *
Ed
 1e-07 1 1 0
1  30 0 20.4532568679638 21.0532199806992
0

0101000
+62 20 -64 0 *
Wi

0101100
+80 0 -63 0 -61 19 -60 19 +97 17 *
Fa
0  1e-07 21 0

0111000
+59 0 *
Ed
 1e-07 1 1 0
1  31 0 0 21.0532199806992
0

0101000
+87 0 -64 0 *
Wi

0101100
+86 0 -63 0 -57 19 +95 17 *
Fa
0  1e-07 22 0

0111000
+56 0 *
Ve
1.00000028452917e-07
-64.2789604516236 -29.0868938774684 3.54977368526055
0 0

0101101
*
Ed
 1.00000028452917e-07 1 1 0
1  39 0 0 19.5632919460891
0

0101000
+54 25 -62 25 *
Ve
1.00000021390169e-07
-63.8200925657403 -8.43563563964896 11.0521973020765
0 0

0101101
*
Ed
 1.00000014321447e-07 1 1 0
1  40 0 0 21.9766099903501
0

0101000
+52 25 -54 25 *
Ed
 1.00000021390169e-07 1 1 0
1  41 0 1.69345278548493 4.00000000000009
0

0101000
+69 25 -52 25 *
Wi

0101100
-109 19 -85 19 -57 19 +60 19 +53 24 +51 24 +50 24 -67 19 *
Fa
0  1e-07 15 0

0111000
+49 0 *
Ve
1.00000028477166e-07
-63.9175213362499 -71.0081431927572 9.4592509850302
0 0

0101101
*
Ed
 1.00000028477166e-07 1 1 0
1  42 0 0 52.5997177856837
0

0101000
+47 25 -71 25 *
Ed
 1.00000021390169e-07 1 1 0
1  43 0 2.21799498640367 4.00000000000032
0

0101000
+79 25 -47 25 *
Wi

0101100
+46 24 +45 24 +78 19 +104 19 -70 19 *
Fa
0  1e-07 15 0

0111000
+44 0 *
Ve
1e-07
20.9731061225316 1.83490902465459 0
0 0

0101101
*
Ed
 1e-07 1 1 0
1  39 0 19.5632919460891 21.0532199806997
0

0101000
+62 25 -42 0 *
Ve
1e-07
41.6243643603511 9.35135232337312 0
0 0

0101101
*
Ed
 1e-07 1 1 0
1  44 0 0 21.9766099903502
0

0101000
+42 0 -40 0 *
Ed
 1e-07 1 1 0
1  43 0 0 2.21799498640367
0

0101000
+40 0 -79 25 *
Wi

0101100
-77 19 -61 19 -41 24 -39 24 -38 24 *
Fa
0  1e-07 23 23

0111000
+37 0 *
Ve
1.00000007105427e-07
-20.9481431927572 7.7554292881631 0
0 0

0101101
*
Ed
 1e-07 1 1 0
1  41 0 0 1.69345278548493
0

0101000
+35 0 -69 25 *
Ed
 1e-07 1 1 0
1  42 0 52.5997177856837 61.4382179478026
0

0101000
+71 25 -35 0 *
Wi

0101100
-34 24 +68 19 -33 24 *
Fa
0  1e-07 23 23

0111000
+32 0 *
Ve
1.00000000222045e-07
0 2.22044604925031e-16 0
0 0

0101101
*
Ed
 1.00000000222045e-07 1 1 0
1  45 0 0 19
0

0101000
+30 26 -54 0 *
Ed
 1e-07 1 1 0
1  46 0 0 19
0

0101000
+42 26 -42 24 *
Ed
 1e-07 1 1 0
1  39 0 0 21.0532199806997
0

0101000
+30 0 -42 0 *
Wi

0101100
+29 0 -28 0 -27 26 +53 24 +41 24 *
Fa
0  1e-07 24 0

0101000
+26 0 *
Ve
1e-07
-21.6427359034236 3.81619827611394 0
0 0

0101101
*
Ed
 1e-07 1 1 0
1  47 0 0 19
0

0101000
+24 26 -52 0 *
Ed
 1e-07 1 1 0
1  40 0 0 21.9766099903501
0

0101000
+24 0 -30 0 *
Wi

0101100
+23 0 -29 0 -22 26 +51 24 *
Fa
0  1e-07 25 0

0111000
+21 0 *
Ed
 1.00000007105427e-07 1 1 0
1  48 0 0 19
0

0101000
+35 26 -35 24 *
Ed
 1e-07 1 1 0
1  41 0 0 4.00000000000009
0

0101000
+35 0 -24 0 *
Wi

0101100
+19 0 -23 0 -18 26 +34 24 +50 24 *
Fa
0  1e-07 26 0

0111000
+17 0 *
Ve
1e-07
40.2562837870471 13.1101228065166 0
0 0

0101101
*
Ed
 1e-07 1 1 0
1  49 0 0 19
0

0101000
+15 26 -47 0 *
Ed
 1e-07 1 1 0
1  42 0 0 61.4382179478026
0

0101000
+15 0 -35 0 *
Wi

0101100
+14 0 -19 0 -13 26 +46 24 +33 24 *
Fa
0  1e-07 27 0

0111000
+12 0 *
Ed
 1e-07 1 1 0
1  50 0 0 19
0

0101000
+40 26 -40 24 *
Ed
 1e-07 1 1 0
1  43 0 0 4.00000000000032
0

0101000
+40 0 -15 0 *
Wi

0101100
+10 0 -14 0 -9 26 +38 24 +45 24 *
Fa
0  1e-07 28 0

0111000
+8 0 *
Wi

0101100
+28 0 -10 0 -39 26 +39 24 *
Fa
0  1e-07 29 0

0111000
+6 0 *
Wi

0101100
+18 0 +22 0 +27 0 +39 0 +9 0 +13 0 *
Fa
0  1e-07 23 0

0111000
-4 26 *
Sh

0101100
+187 0 +182 0 +175 0 -168 0 +150 0 +145 4 +142 0 +140 0 +132 0 +126 0 
+123 0 +120 0 +117 0 +114 0 +112 0 +101 0 -92 0 +88 0 +83 0 -75 0 
-72 0 +65 0 -58 0 +55 0 -48 0 -43 0 +36 0 +31 0 +25 0 +20 0 
+16 0 +11 0 +7 0 +5 0 -3 0 *
So

0100000
+2 0 *

+1 0 ]]>
      </Part>
      <ElementMap new="1" count="1"><Element key="Dummy" value="Dummy"/></ElementMap>
      <ElementMap2 count="204">
<![CDATA[
32 PostfixCount 24
Edge
Face
Vertex
;:H-11c8,E
;:H-11c8,V
;:H-11c8,F
;:M;FUS;:H-11c8:7,F
;:M;FUS;:H-11c8:7,E
;:H11c7,V
;:H11c7,E
;:H11c7,F
;:M;FUS;:H11c7:7,E
;:M2;FUS;:H11c7:8,E
;:M3;FUS;:H11c7:8,E
;:G#db33;FUS;:H-11c8:c,V
;:M2;FUS;:H-11c8:8,E
;:G#db32;FUS;:H-11c8:c,V
;:G#db31;FUS;:H-11c8:c,V
;:G#db30;FUS;:H-11c8:c,V
;:M;FUS;:H11c7:7,F
;:M2;FUS;:H11c7:8,F
;:M2;FUS;:H-11c8:8,F
;:M;FUS;:H11c7:7,V
;:M;FUS;:H-11c8:7,V

MapCount 1

ElementMap 1 32 3

Edge

ChildCount 0

NameCount 92
0
$#daba.a 0
$#dabb.a 0
$#dabc.a 0
$#dabd.a 0
$#dabe.a 0
$#dabf.a 0
$#dac0.a 0
$#dac1.a 0
$#dac2.a 0
$#dac3.a 0
$#dac4.a 0
$#dac5.a 0
$#dac6.a 0
$#dac7.a 0
$#dac8.a 0
$#dac9.a 0
$#daca.a 0
$#dacb.a 0
$#dacc.a 0
$#dacd.a 0
$#dace.a 0
$#dacf.a 0
$#dad0.a 0
$#dad1.a 0
$#dad2.a 0
$#dad3.a 0
$#dad5.a 0
$#dad6.a 0
$#dad7.a 0
$#dad9.a 0
$#dada.a 0
$#dadb.a 0
$#dadc.a 0
$#dadd.a 0
$#dade.a 0
$#dadf.a 0
$#dae0.a 0
$#dae1.a 0
$#dae2.a 0
$#dae3.a 0
$#dae4.a 0
$#dae5.a 0
$#dae7.a 0
$#dae9.a 0
$#daea.a 0
$#daeb.a 0
$#daec.a 0
$#daee.a 0
$#daef.a 0
$#daf0.a 0
$#daf1.a 0
$#daf2.a 0
$#daf3.a 0
$#daf4.a 0
$#daf5.a 0
$#daf6.a 0
$#daf7.a 0
$#db20.c 0
$#db21.c 0
$#db21.d 0
$#daf8.a 0
$#daf9.a 0
$#db22.c 0
$#db22.d 0
$#db22.e 0
$#dafa.a 0
$#db23.c 0
$#db23.d 0
$#dafb.a 0
$#db24.8 0
$#db25.8 0
$#db26.10 0
$#db27.8 0
$#db28.10 0
$#db24.10 0
$#db1f.4 0
$#db28.8 0
$#db26.8 0
$#db27.10 0
$#cc98.8 0
$#cc99.4 0
$#cc88.4 0
$#cc97.8 0
$#cc87.4 0
$#cc96.4 0
$#cc7f.4 0
$#cc9b.8 0
$#cc8b.4 0
$#cc9a.4 0
$#cc8a.4 0
$#cc89.4 0

Face

ChildCount 0

NameCount 36
0
$#dafc.b 0
$#dafd.b 0
$#dafe.b 0
$#daff.b 0
$#db00.b 0
$#db01.b 0
$#db02.b 0
$#db03.b 0
$#db05.b 0
$#db06.b 0
$#db07.b 0
$#db08.b 0
$#db09.b 0
$#db0a.b 0
