<?xml version='1.0' encoding='utf-8'?>
<!-- FreeCAD DocumentObject -->
<Document SchemaVersion="4" FileVersion="2">
<Object name="Pad003">
  <Properties Count="47" TransientCount="2">
    <_Property name="_Body" type="App::PropertyLinkHidden" status="251658240"/>
    <_Property name="_ElementMapVersion" type="App::PropertyString" status="234881024"/>
    <Property name="AddSubShape" type="Part::PropertyPartShape">
      <Part HasherIndex="0" ElementMap="1.15.70200.4" brep="1">
<![CDATA[

CASCADE Topology V1, (c) Matra-Datavision
Locations 5
1
              1               0               0               0 
              0               1               0               0 
              0               0               1               0 
1
-4.44089209850063e-16 4.44089209850063e-16              -1           -21.5 
             -1 -8.88178419700125e-16 4.44089209850062e-16 1.50939410567603e-14 
-8.88178419700125e-16               1 4.44089209850063e-16 1.64603081779003e-15 
2  1 1 2 1 0
1
              1               0               0              19 
              0               1               0 -4.21884749357559e-15 
              0               0               1 -8.43769498715119e-15 
2  1 1 2 1 4 1 0
Curve2ds 0
Curves 6
1 -21.500000000000004 -27.146893877468301 1.8349090246476443 1 -2.2204460492503126e-16 -4.4408920985006252e-16 
1 -21.500000000000014 -48.119999999999983 -4.109311473817998e-14 1 -2.2204460492503126e-16 -4.4408920985006252e-16 
1 27.146893877468315 1.8349090246476669 0 0.99619469809174555 -0.087155742747657985 0 
1 -21.500000000000021 -68.853374262864065 3.6558532836693431 1 -2.2204460492503126e-16 -4.4408920985006252e-16 
1 48.119999999999997 0 0 0.98480775301220813 0.17364817766692958 0 
1 68.853374262864079 3.6558532836694027 0 -0.99904822158185769 -0.043619387365335834 0 
Polygon3D 0
PolygonOnTriangulations 0
Surfaces 4
1 -21.500000000000004 -27.146893877468301 1.8349090246476443 -4.230468538670333e-16 0.087155742747658888 -0.99619469809174555 -4.8110424126308759e-16 -0.99619469809174555 -0.087155742747658888 -1 4.424025316098981e-16 4.6336803035306518e-16 
1 -21.500000000000014 -48.119999999999983 -4.109311473817998e-14 -4.7590013789541197e-16 -0.17364817766692872 -0.98480775301220835 -3.6022721487739706e-16 -0.98480775301220835 0.17364817766692872 -1 4.3739374575423377e-16 4.061173460494876e-16 
1 -21.500000000000021 -68.853374262864065 3.6558532836693431 4.5335198495900507e-16 0.043619387365334952 0.9990482215818578 4.2429563605518154e-16 0.9990482215818578 -0.043619387365334952 -1 4.4366673647064264e-16 4.3441297861738701e-16 
1 -21.500000000000014 -48.030229287000637 2.0560873636528871 1 -4.5330468358508422e-16 -6.2724297840971703e-16 6.2724297840971703e-16 0 1 -4.5330468358508422e-16 -1 2.8433217985898257e-31 
Triangulations 0

TShapes 19
Ve
1e-07
27.1468938774683 1.83490902464767 0
0 0

0101101
*
Ed
 1e-07 1 1 0
1  1 0 0 19
0

0101000
+19 3 -19 5 *
Ve
1e-07
48.12 0 0
0 0

0101101
*
Ed
 1e-07 1 1 0
1  2 0 0 19
0

0101000
+17 3 -17 5 *
Ed
 1e-07 1 1 0
1  3 0 0 21.0532199806991
0

0101000
+19 0 -17 0 *
Wi

0101100
+18 0 -16 0 -15 3 +15 5 *
Fa
0  1e-07 1 0

0101000
+14 0 *
Ve
1e-07
68.8533742628641 3.6558532836694 0
0 0

0101101
*
Ed
 1e-07 1 1 0
1  4 0 0 19
0

0101000
+12 3 -12 5 *
Ed
 1e-07 1 1 0
1  5 0 0 21.0532199806992
0

0101000
+17 0 -12 0 *
Wi

0101100
+16 0 -11 0 -10 3 +10 5 *
Fa
0  1e-07 2 0

0101000
+9 0 *
Ed
 1e-07 1 1 0
1  6 0 0 41.7462135304732
0

0101000
+12 0 -19 0 *
Wi

0101100
+11 0 -18 0 -7 3 +7 5 *
Fa
0  1e-07 3 0

0101000
+6 0 *
Wi

0101100
+15 0 +10 0 +7 0 *
Fa
0  1e-07 4 0

0111000
-4 3 *
Sh

0101100
-13 0 -8 0 -5 0 +3 0 -3 4 *
So

1100000
-2 0 *

+1 0 ]]>
      </Part>
      <ElementMap new="1" count="1"><Element key="Dummy" value="Dummy"/></ElementMap>
      <ElementMap2 count="20">
<![CDATA[
31 PostfixCount 11
Edge
Face
Vertex
;:G;XTR;:H11eb:7,F
;FAC;:H11eb:4,F
;:G;XTR;:H11eb:7,E
;:G0;XTR;:H11eb:8,F
;:U;XTR;:H11eb:7,E
;:U;XTR;:H11eb:7,V
;SKT;:H11eb,E
;SKT;:H11eb,V

MapCount 1

ElementMap 1 31 3

Edge

ChildCount 0

NameCount 10
0
$#e9ae.6 0
$#e9af.6 0
;g4.a 0
$#e9b6.8 0
$#e9b0.6 0
;g5.a 0
$#e9b7.8 0
;g6.a 0
$#e9b8.8 0

Face

ChildCount 0

NameCount 6
0
$#e9ac.4 0
$#e9b1.4 0
$#e9b2.4 0
$#e9ac.5 0
$#e9b4.7 0

Vertex

ChildCount 0

NameCount 7
0
;g4v1.b 0
$#e9ba.9 0
;g4v2.b 0
$#e9bb.9 0
;g5v2.b 0
$#e9bc.9 0

EndMap
]]>
      </ElementMap2>
    </Property>
    <Property name="AddSubType" type="App::PropertyEnumeration">
      <Integer value="0"/>
    </Property>
    <Property name="AllowMultiFace" type="App::PropertyBool">
      <Bool value="true"/>
    </Property>
    <Property name="AlongSketchNormal" type="App::PropertyBool">
      <Bool value="false"/>
    </Property>
    <Property name="AutoTaperInnerAngle" type="App::PropertyBool">
      <Bool value="true"/>
    </Property>
    <Property name="BaseFeature" type="App::PropertyLink" status="8">
      <Link value="Pad002"/>
    </Property>
    <Property name="CheckUpToFaceLimits" type="App::PropertyBool">
      <Bool value="true"/>
    </Property>
    <Property name="ClaimChildren" type="App::PropertyBool" status="134217728">
      <Bool value="false"/>
    </Property>
    <Property name="ColoredElements" type="App::PropertyLinkSubHidden" status="218103808">
      <LinkSub value="" count="0">
      </LinkSub>
    </Property>
    <Property name="Direction" type="App::PropertyVector" status="4">
      <PropertyVector valueX="-1" valueY="2.220446049250313e-16" valueZ="4.440892098500626e-16"/>
    </Property>
    <Property name="ExpressionEngine" type="App::PropertyExpressionEngine" status="67108864">
      <ExpressionEngine count="0"></ExpressionEngine>
    </Property>
    <Property name="Fit" type="App::PropertyDistance">
      <Float value="0"/>
    </Property>
    <Property name="FitJoin" type="App::PropertyEnumeration">
      <Integer value="0"/>
    </Property>
    <Property name="FixShape" type="App::PropertyEnumeration">
      <Integer value="0"/>
    </Property>
    <Property name="InnerFit" type="App::PropertyDistance">
      <Float value="0"/>
    </Property>
    <Property name="InnerFitJoin" type="App::PropertyEnumeration">
      <Integer value="0"/>
    </Property>
    <Property name="InvalidShape" type="App::PropertyBool" status="67108864">
      <Bool value="false"/>
    </Property>
    <Property name="Label" type="App::PropertyString" status="134217728">
      <String value="Pad003"/>
    </Property>
    <Property name="Label2" type="App::PropertyString" status="128">
      <String value=""/>
    </Property>
    <Property name="Length" type="App::PropertyLength">
      <Float value="19"/>
    </Property>
    <Property name="Length2" type="App::PropertyLength" status="4">
      <Float value="10"/>
    </Property>
    <Property name="Linearize" type="App::PropertyBool">
      <Bool value="true"/>
    </Property>
    <Property name="Midplane" type="App::PropertyBool">
      <Bool value="false"/>
    </Property>
    <Property name="NewSolid" type="App::PropertyBool">
      <Bool value="false"/>
    </Property>
    <Property name="Offset" type="App::PropertyLength" status="4">
      <Float value="0"/>
    </Property>
    <Property name="Placement" type="App::PropertyPlacement" status="8388620">
      <PropertyPlacement Px="0" Py="0" Pz="0" Q0="0" Q1="0" Q2="0" Q3="1" A="0" Ox="0" Oy="0" Oz="1"/>
    </Property>
    <Property name="Profile" type="App::PropertyLinkSub">
      <LinkSub value="Sketch003" count="1">
        <Sub value=""/>
      </LinkSub>
    </Property>
    <Property name="ReferenceAxis" type="App::PropertyLinkSub">
      <LinkSub value="Sketch003" count="1">
        <Sub value="N_Axis"/>
      </LinkSub>
    </Property>
    <Property name="Refine" type="App::PropertyBool">
      <Bool value="false"/>
    </Property>
    <Property name="Reversed" type="App::PropertyBool">
      <Bool value="true"/>
    </Property>
    <Property name="Shape" type="Part::PropertyPartShape">
      <Part HasherIndex="0" ElementMap="1.15.70200.4" brep="1">
<![CDATA[

CASCADE Topology V1, (c) Matra-Datavision
Locations 25
1
              1               0               0               0 
              0               1               0               0 
              0               0               1               0 
1
-2.22044604925031e-16 6.66133814775094e-16              -1           -78.5 
             -1 -8.88178419700125e-16 2.22044604925031e-16 3.00038338736165e-16 
-8.88178419700125e-16               1 6.66133814775094e-16 2.16951669252607e-15 
2  1 1 2 1 0
1
              1               0               0              19 
              0               1               0              -0 
              0               0               1 -1.26565424807268e-14 
2  1 1 2 1 4 1 0
2  4 -1 2 -1 1 -1 0
1
              1               0               0               0 
              0               1               0               0 
              0               0               1               0 
1
-4.44089209850063e-16 5.55111512312578e-16              -1           -59.5 
             -1 -7.7715611723761e-16 4.44089209850062e-16 1.51012594597561e-14 
-7.7715611723761e-16               1 5.55111512312579e-16 1.47853184359096e-15 
2  7 1 8 1 0
2  8 -1 7 -1 0
1
              1               0               0              19 
              0               1               0 -6.32827124036339e-15 
              0               0               1 -1.0547118733939e-14 
2  7 1 8 1 11 1 0
2  11 -1 8 -1 7 -1 0
1
              1               0               0               0 
              0               1               0               0 
              0               0               1               0 
1
1.11022302462516e-16 2.77555756156289e-16              -1           -40.5 
             -1 -7.21644966006352e-16 -1.11022302462516e-16 -3.00038465791105e-16 
-7.21644966006352e-16               1 2.77555756156289e-16 1.86612556480952e-15 
2  14 1 15 1 0
2  15 -1 14 -1 0
1
              1               0               0              19 
              0               1               0 5.27355936696949e-15 
              0               0               1 -5.27355936696949e-15 
2  14 1 15 1 18 1 0
1
              1               0               0               0 
              0               1               0               0 
              0               0               1               0 
1
-4.44089209850063e-16 4.44089209850063e-16              -1           -21.5 
             -1 -8.88178419700125e-16 4.44089209850062e-16 1.50939410567603e-14 
-8.88178419700125e-16               1 4.44089209850063e-16 1.64603081779003e-15 
2  20 1 21 1 0
2  21 -1 20 -1 0
1
              1               0               0              19 
              0               1               0 -4.21884749357559e-15 
              0               0               1 -8.43769498715119e-15 
2  20 1 21 1 24 1 0
Curve2ds 0
Curves 32
1 -78.499999999999986 -8.4356356396469199 9.3513523233593911 1 -0 -6.6613381477509383e-16 
1 -78.499999999999986 -29.086893877468309 1.8349090246476609 1 -0 -6.6613381477509383e-16 
1 8.435635639646911 9.3513523233593965 0 0.93969262078590821 -0.34202014332566938 0 
1 -78.5 -71.702735903421853 3.816198276120975 1 -0 -6.6613381477509383e-16 
1 71.702735903421853 3.8161982761210362 0 -0.99619469809174543 0.087155742747659054 0 
1 -78.5 -50.060000000000002 -4.2292694997662191e-14 1 -0 -6.6613381477509383e-16 
1 29.086893877468309 1.8349090246476845 0 0.99619469809174543 -0.087155742747658763 0 
1 50.060000000000002 0 0 0.98480775301220835 0.173648177666929 0 
1 68.723374262864084 3.6558532836694031 0 -0.99585479562703305 0.090957275831241233 0 
1 47.990000000000002 0 0 0.98480775301220813 0.17364817766692958 0 
1 6.3656356396469107 9.3513523233593645 0 0.93969262078590843 -0.34202014332566877 0 
1 27.016893877468316 1.8349090246476663 0 0.99619469809174555 -0.087155742747657944 0 
1 -59.500000000000014 -68.72337426286407 3.6558532836693511 1 -3.3306690738754696e-16 -5.5511151231257827e-16 
1 -59.499999999999986 -6.3656356396469027 9.351352323359361 1 -3.3306690738754696e-16 -5.5511151231257827e-16 
1 -59.500000000000007 -47.989999999999988 -3.5928212525104439e-14 1 -3.3306690738754696e-16 -5.5511151231257827e-16 
1 -59.5 -27.016893877468302 1.8349090246476465 1 -3.3306690738754696e-16 -5.5511151231257827e-16 
1 0.37563563964690916 4.3513523233593672 0 0.93969262078590832 -0.34202014332566882 0 
1 21.026893877468311 -3.1650909753523324 0 0.99619469809174555 -0.087155742747658166 0 
1 42.000000000000007 -5.0000000000000044 0 0.98480775301220813 0.17364817766693019 0 
1 62.733374262864089 -1.3441467163305889 0 0.90630778703665016 0.42261826174069889 0 
1 0.37563563964690916 4.3513523233593672 0 0.9990482215818578 0.043619387365335612 0 
1 -40.5 -0.3756356396469126 4.3513523233593689 1 2.7755575615628909e-16 -2.7755575615628909e-16 
1 -40.5 -21.026893877468307 -3.1650909753523457 1 2.7755575615628909e-16 -2.7755575615628909e-16 
1 -40.5 -42 -5.0000000000000329 1 2.7755575615628909e-16 -2.7755575615628909e-16 
1 -40.499999999999993 -62.733374262864089 -1.3441467163306324 1 2.7755575615628909e-16 -2.7755575615628909e-16 
1 -40.499999999999986 -82.650947029785343 7.9435699967441638 1 2.7755575615628909e-16 -2.7755575615628909e-16 
1 68.853374262864079 3.6558532836694027 0 -0.99904822158185769 -0.043619387365335834 0 
1 48.119999999999997 0 0 0.98480775301220813 0.17364817766692958 0 
1 27.146893877468315 1.8349090246476669 0 0.99619469809174555 -0.087155742747657985 0 
1 -21.500000000000021 -68.853374262864065 3.6558532836693431 1 -2.2204460492503126e-16 -4.4408920985006252e-16 
1 -21.500000000000004 -27.146893877468301 1.8349090246476443 1 -2.2204460492503126e-16 -4.4408920985006252e-16 
1 -21.500000000000014 -48.119999999999983 -4.109311473817998e-14 1 -2.2204460492503126e-16 -4.4408920985006252e-16 
Polygon3D 0
PolygonOnTriangulations 0
Surfaces 20
1 -78.499999999999986 -8.4356356396469199 9.3513523233593911 -6.2596103020012241e-16 0.34202014332567021 -0.93969262078590787 -4.3648485953682669e-16 -0.93969262078590787 -0.34202014332567021 -1 1.960703203261995e-16 7.3749757519687039e-16 
1 -78.5 -71.702735903421853 3.816198276120975 6.6359897449857729e-16 -0.087155742747659956 0.99619469809174543 2.7925704556224731e-16 0.99619469809174543 0.087155742747659956 -1 2.2035792668486677e-16 6.8541263527809669e-16 
1 -78.499999999999986 -29.086893877468309 1.8349090246476609 -6.6359897449857729e-16 0.087155742747659665 -0.99619469809174543 -2.7925704556224712e-16 -0.99619469809174543 -0.087155742747659665 -1 2.203579266848668e-16 6.8541263527809679e-16 
1 -78.499999999999986 -39.903201078822754 4.6865615805884904 1 -2.4647257872503563e-16 0 2.4647257872503563e-16 1 0 -0 0 1 
1 -59.5 -37.378882043438118 4.6405176711094613 1 -3.9081402815143197e-16 -6.4346390061088836e-16 6.4346390061088836e-16 0 1 -3.9081402815143197e-16 -1 2.5147471896777396e-31 
1 -78.5 -50.060000000000002 -4.2292694997662191e-14 -6.560137453341108e-16 -0.17364817766692811 -0.98480775301220846 -1.0299832542668891e-16 -0.98480775301220846 0.17364817766692811 -1 2.1534914082920231e-16 6.281619509745191e-16 
1 -59.500000000000014 -68.72337426286407 3.6558532836693511 5.2251560307874796e-16 -0.09095727583124201 0.99585479562703294 4.9273980025791732e-16 0.99585479562703294 0.09095727583124201 -1 4.4317069724779174e-16 5.6516793904101281e-16 
1 -59.500000000000007 -47.989999999999988 -3.5817190222641924e-14 -6.0451458262076632e-16 -0.17364817766692883 -0.98480775301220835 -3.4094839437439464e-16 -0.98480775301220835 0.17364817766692883 -1 4.4074147780214799e-16 5.3612558041229086e-16 
1 -59.499999999999986 -6.3656356396469027 9.351352323359361 -4.0771860043170931e-16 0.34202014332566949 -0.93969262078590821 -6.0716667246962538e-16 -0.93969262078590821 -0.34202014332566949 -1 4.3110206755064676e-16 5.9079339252346641e-16 
1 -59.5 -27.016893877468302 1.8349090246476467 -5.2397045171745386e-16 0.087155742747658735 -0.99619469809174555 -4.9078047249576349e-16 -0.99619469809174555 -0.087155742747658735 -1 4.4324587072998034e-16 5.6475092256407955e-16 
1 -40.499999999999986 -41.667863193430293 2.6071835476768843 1 0 -5.3746265824956072e-16 5.3746265824956072e-16 0 1 0 -1 0 
1 -40.5 -0.3756356396469126 4.3513523233593689 -3.5574675541815634e-16 0.34202014332566949 -0.93969262078590809 9.3971788652487375e-18 -0.93969262078590809 -0.34202014332566949 -1 -1.3050301591163927e-16 3.3107857647262149e-16 
1 -40.5 -21.026893877468307 -3.1650909753523457 -3.0069015078943e-16 0.087155742747658901 -0.99619469809174555 8.6409251001406948e-17 -0.99619469809174555 -0.087155742747658901 -1 -1.1228731114263875e-16 2.9201487153354111e-16 
1 -40.5 -42 -5.0000000000000329 -2.2514200929837324e-16 -0.17364817766692947 -0.98480775301220824 1.575326754798582e-16 -0.98480775301220824 0.17364817766692947 -1 -1.1604390053438714e-16 2.4907685830585782e-16 
1 -40.499999999999993 -62.733374262864089 -1.3441467163306324 -1.3425081193839458e-16 -0.42261826174069822 -0.90630778703665049 2.1792050845941234e-16 -0.90630778703665049 0.42261826174069822 -1 -1.4076620899306999e-16 2.1376974275852591e-16 
1 -40.5 -0.3756356396469126 4.3513523233593689 -2.6518477253448878e-16 -0.04361938736533489 -0.9990482215818578 1.2302344587435913e-16 -0.9990482215818578 0.04361938736533489 -1 -1.1133915749708033e-16 2.702985827317825e-16 
1 -21.500000000000021 -68.853374262864065 3.6558532836693431 4.5335198495900507e-16 0.043619387365334952 0.9990482215818578 4.2429563605518154e-16 0.9990482215818578 -0.043619387365334952 -1 4.4366673647064264e-16 4.3441297861738701e-16 
1 -21.500000000000014 -48.119999999999983 -4.109311473817998e-14 -4.7590013789541197e-16 -0.17364817766692872 -0.98480775301220835 -3.6022721487739706e-16 -0.98480775301220835 0.17364817766692872 -1 4.3739374575423377e-16 4.061173460494876e-16 
1 -21.500000000000004 -27.146893877468301 1.8349090246476443 -4.230468538670333e-16 0.087155742747658888 -0.99619469809174555 -4.8110424126308759e-16 -0.99619469809174555 -0.087155742747658888 -1 4.424025316098981e-16 4.6336803035306518e-16 
1 -21.500000000000014 -48.030229287000637 2.0560873636528871 1 -4.5330468358508422e-16 -6.2724297840971703e-16 6.2724297840971703e-16 0 1 -4.5330468358508422e-16 -1 2.8433217985898257e-31 
Triangulations 0

TShapes 126
Ve
1e-07
8.43563563964691 9.3513523233594 0
0 0

0101101
*
Ed
 1e-07 1 1 0
1  1 0 0 19
0

0101000
+126 3 -126 5 *
Ve
1e-07
29.0868938774683 1.83490902464768 0
0 0

0101101
*
Ve
1.00000014210855e-07
-59.5 -29.0868938774683 1.83490902464765
0 0

0101101
*
Ed
 1e-07 1 1 0
1  2 0 0 19
0

0101000
+124 3 -123 0 *
Ed
 1e-07 1 1 0
1  3 0 0 21.9766099903496
0

0101000
+126 0 -124 0 *
Ve
1.00000021316282e-07
-59.5 -9.12911125420424 9.09894784147107
0 0

0101101
*
Ed
 1e-07 1 1 0
1  3 0 0 0.737981334765965
0

0101000
+126 0 -120 6 *
Ed
 1.00000014210855e-07 1 1 0
1  3 0 0.737981334765965 21.9766099903496
0

0101000
+120 6 -123 6 *
Wi

0101100
+125 0 -122 0 -121 3 +119 5 +118 5 *
Fa
0  1e-07 1 0

0111000
+117 0 *
Ve
1e-07
71.7027359034219 3.81619827612104 0
0 0

0101101
*
Ed
 1e-07 1 1 0
1  4 0 0 19
0

0101000
+115 3 -115 5 *
Ed
 1e-07 1 1 0
1  5 0 0 63.5087703086212
0

0101000
+115 0 -126 0 *
Wi

0101100
+114 0 -125 0 -113 3 +113 5 *
Fa
0  1e-07 2 0

0111000
+112 0 *
Ve
1e-07
50.06 0 0
0 0

0101101
*
Ed
 1e-07 1 1 0
1  6 0 0 19
0

0101000
+110 3 -110 5 *
Ed
 1e-07 1 1 0
1  7 0 0 21.0532199806992
0

0101000
+124 0 -110 0 *
Ve
1.00000021316282e-07
-59.5 -48.6764700310864 0.121043187928267
0 0

0101101
*
Ed
 1.00000014210855e-07 1 1 0
1  7 0 0 19.6644051520679
0

0101000
+123 6 -107 6 *
Ed
 1e-07 1 1 0
1  7 0 19.6644051520679 21.0532199806992
0

0101000
+107 6 -110 0 *
Wi

0101100
+122 0 -109 0 -108 3 +106 5 +105 5 *
Fa
0  1e-07 3 0

0111000
+104 0 *
Ed
 1e-07 1 1 0
1  8 0 0 21.9766099903496
0

0101000
+110 0 -115 0 *
Wi

0101100
+121 0 +108 0 +102 0 +113 0 *
Fa
0  1e-07 4 0

0111000
-101 3 *
Ve
1.00000021316282e-07
-59.5 -68.7233742628641 3.65585328366935
0 0

0101101
*
Ed
 1.00000021316282e-07 1 1 0
1  9 0 0 59.8423216621021
0

0101000
+99 10 -120 10 *
Ed
 1.00000021316282e-07 1 1 0
1  10 0 0.697059937827144 21.0532199806992
0

0101000
+107 10 -99 10 *
Wi

0101100
-119 5 +98 9 +97 9 -105 5 -102 5 -113 5 *
Fa
0  1e-07 4 4

0111000
+96 0 *
Ve
1e-07
6.36563563964691 9.35135232335936 0
0 0

0101101
*
Ve
1.00000000222045e-07
27.0168938774683 1.83490902464767 0
0 0

0101101
*
Ed
 1e-07 1 1 0
1  11 0 0 21.9766099903496
0

0101000
+94 0 -93 0 *
Ve
1.00000000111022e-07
47.99 -1.11022302462516e-16 0
0 0

0101101
*
Ed
 1e-07 1 1 0
1  12 0 0 21.0532199806991
0

0101000
+93 0 -91 0 *
Ed
 1e-07 1 1 0
1  10 0 0 0.697059937827144
0

0101000
+91 0 -107 10 *
Ed
 1e-07 1 1 0
1  9 0 59.8423216621021 62.6173001295375
0

0101000
+120 10 -94 0 *
Wi

0101100
-92 9 -90 9 -89 9 +106 5 +118 5 -88 9 *
Fa
0  1e-07 5 0

0111000
+87 0 *
Wi

0101100
+109 0 -114 0 -102 3 +102 5 *
Fa
0  1e-07 6 0

0111000
+85 0 *
Ve
1.00000028421709e-07
-40.5 -68.7233742628641 3.65585328366934
0 0

0101101
*
Ed
 1.00000000222045e-07 1 1 0
1  13 0 0 19
0

0101000
+99 0 -83 0 *
Ed
 1e-07 1 1 0
1  14 0 0 19
0

0101000
+94 9 -94 12 *
Ve
1.00000060396133e-07
-40.5 -41.4662460780852 6.14540711978795
0 0

0101101
*
Ed
 1.00000028421709e-07 1 1 0
1  9 0 0 27.3705848528014
0

0101000
+83 13 -80 13 *
Ed
 1e-07 1 1 0
1  9 0 27.3705848528014 62.6173001295375
0

0101000
+80 13 -94 0 *
Wi

0101100
+82 0 -81 0 -98 9 -88 9 +79 12 +78 12 *
Fa
0  1e-07 7 0

0111000
+77 0 *
Ve
1.00000028421709e-07
-40.5 -47.99 -4.64753312590434e-14
0 0

0101101
*
Ed
 1.00000000111022e-07 1 1 0
1  15 0 0 19
0

0101000
+91 9 -75 0 *
Ed
 1.00000028421709e-07 1 1 0
1  10 0 0 21.0532199806992
0

0101000
+75 13 -83 13 *
Wi

0101100
+74 0 -82 0 -89 9 -97 9 +73 12 *
Fa
0  1e-07 8 0

0111000
+72 0 *
Ve
1.00000021316282e-07
-40.5 -27.0168938774683 1.83490902464764
0 0

0101101
*
Ed
 1.00000000222045e-07 1 1 0
1  16 0 0 19
0

0101000
+93 9 -70 0 *
Ve
1.00000014210855e-07
-40.5 -17.9900432348173 5.12041396773935
0 0

0101101
*
Ed
 1e-07 1 1 0
1  11 0 0 12.3704361809805
0

0101000
+94 0 -68 13 *
Ed
 1.00000014210855e-07 1 1 0
1  11 0 12.3704361809805 21.9766099903496
0

0101000
+68 13 -70 13 *
Wi

0101100
+81 0 -69 0 -92 9 +67 12 +66 12 *
Fa
0  1e-07 9 0

0111000
+65 0 *
Ed
 1.00000021316282e-07 1 1 0
1  12 0 0 21.0532199806991
0

0101000
+70 13 -75 13 *
Wi

0101100
+69 0 -74 0 -90 9 +63 12 *
Fa
0  1e-07 10 0

0111000
+62 0 *
Ve
1e-07
0.375635639646909 4.35135232335937 0
0 0

0101101
*
Ve
1e-07
21.0268938774683 -3.16509097535233 0
0 0

0101101
*
Ed
 1e-07 1 1 0
1  17 0 0 21.9766099903496
0

0101000
+60 0 -59 0 *
Ve
1e-07
42 -5 0
0 0

0101101
*
Ed
 1e-07 1 1 0
1  18 0 0 21.0532199806992
0

0101000
+59 0 -57 0 *
Ve
1e-07
62.7333742628641 -1.34414671633059 0
0 0

0101101
*
Ed
 1e-07 1 1 0
1  19 0 0 21.0532199806992
0

0101000
+57 0 -55 0 *
Ve
1.00000000444089e-07
82.6509470297853 7.94356999674422 0
0 0

0101101
*
Ed
 1e-07 1 1 0
1  20 0 0 21.9766099903496
0

0101000
+55 0 -53 0 *
Ed
 1e-07 1 1 0
1  21 0 41.1297568533548 82.3536938586073
0

0101000
+80 17 -53 0 *
Ed
 1e-07 1 1 0
1  21 0 0 17.631188579947
0

0101000
+60 0 -68 17 *
Wi

0101100
-58 16 -56 16 -54 16 -52 16 +51 16 +79 12 +73 12 +63 12 +66 12 +50 16 
*
Fa
0  1e-07 11 0

0111000
+49 0 *
Ed
 1.00000007105427e-07 1 1 0
1  21 0 17.631188579947 41.1297568533548
0

0101000
+68 17 -80 17 *
Wi

0101100
-67 12 -47 16 -78 12 *
Fa
0  1e-07 5 11

0111000
+46 0 *
Ed
 1e-07 1 1 0
1  22 0 0 19
0

0101000
+60 16 -60 19 *
Ed
 1e-07 1 1 0
1  23 0 0 19
0

0101000
+59 16 -59 19 *
Wi

0101100
+44 0 -43 0 -58 16 +58 19 *
Fa
0  1e-07 12 0

0111000
+42 0 *
Ed
 1e-07 1 1 0
1  24 0 0 19
0

0101000
+57 16 -57 19 *
Wi

0101100
+43 0 -40 0 -56 16 +56 19 *
Fa
0  1e-07 13 0

0111000
+39 0 *
Ed
 1e-07 1 1 0
1  25 0 0 19
0

0101000
+55 16 -55 19 *
Wi

0101100
+40 0 -37 0 -54 16 +54 19 *
Fa
0  1e-07 14 0

0111000
+36 0 *
Ed
 1.00000000444089e-07 1 1 0
1  26 0 0 19
0

0101000
+53 16 -53 19 *
Wi

0101100
+37 0 -34 0 -52 16 +52 19 *
Fa
0  1e-07 15 0

0111000
+33 0 *
Ed
 1e-07 1 1 0
1  21 0 0 82.3536938586073
0

0101000
+60 0 -53 0 *
Wi

0101100
+44 0 -34 0 -50 16 -47 16 -51 16 +31 19 *
Fa
0  1e-07 16 0

0111000
+30 0 *
Wi

0101100
-58 19 +31 19 -56 19 -52 19 -54 19 *
Ve
1.00000035527137e-07
-21.5 -68.8533742628641 3.65585328366934
0 0

0101101
*
Ve
1.00000035527137e-07
-21.5 -27.1468938774683 1.83490902464764
0 0

0101101
*
Ed
 1.00000035527137e-07 1 1 0
1  27 0 0 41.7462135304732
0

0101000
+27 23 -26 23 *
Ve
1.00000035527137e-07
-21.5 -48.12 -4.109311473818e-14
0 0

0101101
*
Ed
 1.00000035527137e-07 1 1 0
1  28 0 0 21.0532199806992
0

0101000
+24 23 -27 23 *
Ed
 1.00000028421709e-07 1 1 0
1  29 0 0 21.0532199806991
0

0101000
+26 23 -24 23 *
Wi

0101100
+25 22 +23 22 +22 22 *
Fa
0  1e-07 11 18

0111000
+28 0 +21 0 *
Ve
1e-07
68.8533742628641 3.6558532836694 0
0 0

0101101
*
Ed
 1e-07 1 1 0
1  30 0 0 19
0

0101000
+27 0 -19 25 *
Ve
1e-07
27.1468938774683 1.83490902464767 0
0 0

0101101
*
Ed
 1e-07 1 1 0
1  31 0 0 19
0

0101000
+26 0 -17 25 *
Ed
 1e-07 1 1 0
1  27 0 0 41.7462135304732
0

0101000
+19 0 -17 0 *
Wi

0101100
+18 0 -16 0 -25 22 +15 25 *
Fa
0  1e-07 17 0

0111000
+14 0 *
Ve
1e-07
48.12 0 0
0 0

0101101
*
Ed
 1e-07 1 1 0
1  32 0 0 19
0

0101000
+24 0 -12 25 *
Ed
 1e-07 1 1 0
1  28 0 0 21.0532199806992
0

0101000
+12 0 -19 0 *
Wi

0101100
+11 0 -18 0 -23 22 +10 25 *
Fa
0  1e-07 18 0

0111000
+9 0 *
Ed
 1e-07 1 1 0
1  29 0 0 21.0532199806991
0

0101000
+17 0 -12 0 *
Wi

0101100
+16 0 -11 0 -22 22 +7 25 *
Fa
0  1e-07 19 0

0111000
+6 0 *
Wi

0101100
+7 0 +10 0 +15 0 *
Fa
0  1e-07 20 0

0111000
-4 22 *
Sh

0101100
+116 0 +111 0 +103 0 -100 0 +95 0 -86 0 +84 0 +76 0 +71 0 +64 0 
+61 0 -48 0 +45 0 +41 0 +38 0 +35 0 +32 0 -29 0 +20 0 +13 0 
+8 0 +5 0 +3 24 *
So

0100000
+2 0 *

+1 0 ]]>
      </Part>
      <ElementMap new="1" count="1"><Element key="Dummy" value="Dummy"/></ElementMap>
      <ElementMap2 count="120">
<![CDATA[
32 PostfixCount 13
Edge
Face
Vertex
;:M;FUS;:H-11ec:7,E
;:M;FUS;:H-11ec:7,V
;:M;FUS;:H-11ec:7,F
;:H11ea,V
;:H11ea,E
;:H11ea,F
;:M;FUS;:H11ea:7,F
;:H-11ec,V
;:H-11ec,E
;:H-11ec,F

MapCount 1

ElementMap 1 32 3

Edge

ChildCount 0

NameCount 57
0
$#e9e4.8 0
$#e9e5.8 0
$#e9e6.8 0
$#e9e7.8 0
$#e9e8.8 0
$#e9e9.8 0
$#e9ea.8 0
$#e9eb.8 0
$#e9ec.8 0
$#e9ed.8 0
$#e9ee.8 0
$#e9ef.8 0
$#e9f0.8 0
$#e9f1.8 0
$#e9f2.8 0
$#e9f3.8 0
$#e9f4.8 0
$#e9f5.8 0
$#e9f6.8 0
$#e9f7.8 0
$#e9f9.8 0
$#e9fa.8 0
$#e9fb.8 0
$#e9fd.8 0
$#e9fe.8 0
$#e9ff.8 0
$#ea00.8 0
$#ea01.8 0
$#ea02.8 0
$#ea03.8 0
$#ea05.8 0
$#ea06.8 0
$#ea07.8 0
$#ea08.8 0
$#ea0a.8 0
$#ea0c.8 0
$#ea0e.8 0
$#ea0f.8 0
$#ea10.8 0
$#ea11.8 0
$#ea12.8 0
$#ea13.8 0
$#ea14.8 0
$#ea15.8 0
$#ea16.8 0
$#ea17.8 0
$#ea18.8 0
$#e9b2.4 0
$#e9b1.4 0
$#e9ac.4 0
$#e9bc.4 0
$#e9ba.4 0
$#eab0.c 0
$#e9bb.4 0
$#eaaf.c 0
$#eaae.c 0

Face

ChildCount 0

NameCount 24
0
$#ea1a.9 0
$#ea1b.9 0
$#ea1c.9 0
$#ea1d.9 0
$#ea1e.9 0
$#ea1f.9 0
$#ea20.9 0
$#ea22.9 0
$#ea23.9 0
$#ea24.9 0
$#ea25.9 0
$#ea27.9 0
$#ea28.9 0
$#ea2a.9 0
$#ea2b.9 0
$#ea2c.9 0
$#ea2d.9 0
$#ea2e.9 0
$#ea2f.a 0
$#e9b8.6 0
$#e9b7.6 0
$#e9b6.6 0
$#eab2.d 0

Vertex

ChildCount 0

NameCount 37
0
$#e9be.7 0
$#e9bf.7 0
$#e9c0.7 0
$#e9c1.7 0
$#e9c2.7 0
$#e9c3.7 0
$#e9c4.7 0
$#e9c5.7 0
$#e9c6.7 0
$#e9c7.7 0
$#e9c8.7 0
$#e9c9.7 0
$#e9ca.7 0
$#e9cb.7 0
$#e9cd.7 0
$#e9ce.7 0
$#e9cf.7 0
$#e9d0.7 0
$#e9d1.7 0
$#e9d2.7 0
$#e9d4.7 $#e9d5.7 0
$#e9d6.7 $#e9d7.7 0
$#e9d8.7 $#e9d9.7 0
$#e9da.7 $#e9db.7 0
$#e9dc.7 $#e9dd.7 0
$#e9de.7 0
$#e9df.7 0
$#e9e0.7 0
$#e9e1.7 0
$#e9e2.7 0
$#e9b0.5 0
$#e9ae.5 0
$#e9af.5 0
$#eaac.b 0
$#eaaa.b 0
$#eaab.b 0

EndMap
]]>
      </ElementMap2>
    </Property>
    <Property name="Suppress" type="App::PropertyBool">
      <Bool value="false"/>
    </Property>
    <Property name="SuppressedShape" type="Part::PropertyPartShape">
      <Part ElementMap="0.15.70200.4" brep="1">
<![CDATA[

CASCADE Topology V1, (c) Matra-Datavision
Locations 0
Curve2ds 0
Curves 0
Polygon3D 0
PolygonOnTriangulations 0
Surfaces 0
Triangulations 0

TShapes 0

*]]>
      </Part>
      <ElementMap/>
    </Property>
    <Property name="TaperAngle" type="App::PropertyAngle">
      <Float value="0"/>
    </Property>
    <Property name="TaperAngle2" type="App::PropertyAngle" status="4">
      <Float value="0"/>
    </Property>
    <Property name="TaperAngleRev" type="App::PropertyAngle" status="4">
      <Float value="0"/>
    </Property>
    <Property name="TaperInnerAngle" type="App::PropertyAngle">
      <Float value="0"/>
    </Property>
    <Property name="TaperInnerAngleRev" type="App::PropertyAngle">
      <Float value="0"/>
    </Property>
    <Property name="TreeRank" type="App::PropertyInteger" status="2184">
      <Integer value="68"/>
    </Property>
    <Property name="Type" type="App::PropertyEnumeration">
      <Integer value="0"/>
    </Property>
    <Property name="UpToFace" type="App::PropertyLinkSub" status="4">
      <LinkSub value="" count="0">
      </LinkSub>
    </Property>
    <Property name="UseCustomVector" type="App::PropertyBool">
      <Bool value="false"/>
    </Property>
    <Property name="UsePipeForDraft" type="App::PropertyBool">
      <Bool value="false"/>
    </Property>
    <Property name="ValidateShape" type="App::PropertyBool">
      <Bool value="true"/>
    </Property>
    <Property name="Visibility" type="App::PropertyBool" status="648">
      <Bool value="false"/>
    </Property>
    <Property name="_ProfileBasedVersion" type="App::PropertyInteger" status="67108864">
      <Integer value="1"/>
    </Property>
    <Property name="_Siblings" type="App::PropertyLinkList" status="218103808">
      <LinkList count="0">
      </LinkList>
    </Property>
  </Properties>
</Object>
</Document>
