<?xml version='1.0' encoding='utf-8'?>
<!-- FreeCAD DocumentObject -->
<Document SchemaVersion="4" FileVersion="2">
<Object name="Pad005">
  <Properties Count="47" TransientCount="2">
    <_Property name="_Body" type="App::PropertyLinkHidden" status="251658240"/>
    <_Property name="_ElementMapVersion" type="App::PropertyString" status="234881024"/>
    <Property name="AddSubShape" type="Part::PropertyPartShape">
      <Part HasherIndex="0" ElementMap="1.15.70200.4" brep="1">
<![CDATA[

CASCADE Topology V1, (c) Matra-Datavision
Locations 8
1
              1               0               0               0 
              0               1               0               0 
              0               0               1               0 
1
-2.22044604925031e-16 6.66133814775094e-16              -1           -78.5 
             -1 -8.88178419700125e-16 2.22044604925031e-16 3.00038338736165e-16 
-8.88178419700125e-16               1 6.66133814775094e-16 2.16951669252607e-15 
1
              1               0               0              19 
              0               1               0              -0 
              0               0               1 -1.26565424807268e-14 
2  1 1 2 1 3 1 0
1
              1               0               0            -2.6 
              0               1               0               0 
              0               0               1 1.73194791841524e-15 
2  1 1 2 1 3 1 5 1 0
2  1 1 2 1 0
2  3 1 5 1 0
Curve2ds 0
Curves 24
1 -59.499999999999993 -32 1.5800452632781476 -1 0 6.6613381477509383e-16 
1 -59.499999999999993 -36 1.2300906091744475 -1 0 6.6613381477509383e-16 
1 32 1.5800452632781865 0 0.99619469809174555 -0.087155742747658332 0 
1 -59.499999999999993 -36.000000000000007 -1.85000000000006 -1 0 6.6613381477509383e-16 
1 36 1.2300906091744899 0 2.3068890689242813e-15 -1 0 
1 -59.499999999999993 -31.700000000000006 -1.8500000000000563 -1 0 6.6613381477509383e-16 
1 36.000000000000007 -1.8500000000000176 0 -1 0 0 
1 -59.499999999999993 -31.700000000000006 -1.2500000000000542 -1 0 6.6613381477509383e-16 
1 31.700000000000006 -1.8500000000000176 0 0 1 0 
1 -59.499999999999993 -32.000000000000007 -1.2500000000000544 -1 0 6.6613381477509383e-16 
1 31.700000000000006 -1.2500000000000155 0 1 0 0 
1 32 1.5800452632781865 0 2.5107115599170247e-15 -1 0 
1 -59.5 -52.000000000000014 0.34207434257436081 -1 0 6.6613381477509383e-16 
1 -59.5 -56.000000000000014 1.0473822654082163 -1 0 6.6613381477509383e-16 
1 52.000000000000014 0.34207434257441832 0 0.98480775301220813 0.17364817766692991 0 
1 -59.5 -56.000000000000014 -1.2500000000000602 -1 0 6.6613381477509383e-16 
1 56.000000000000014 1.0473822654082765 0 0 -1 0 
1 -59.5 -56.300000000000011 -1.2500000000000604 -1 0 6.6613381477509383e-16 
1 56.000000000000014 -1.25 0 1 0 0 
1 -59.5 -56.300000000000011 -1.8500000000000605 -1 0 6.6613381477509383e-16 
1 56.300000000000011 -1.25 0 0 -1 0 
1 -59.5 -52.000000000000014 -1.8500000000000567 -1 0 6.6613381477509383e-16 
1 56.300000000000011 -1.8500000000000001 0 -1 0 0 
1 52.000000000000014 -1.8500000000000001 0 0 1 0 
Polygon3D 0
PolygonOnTriangulations 0
Surfaces 14
1 -59.499999999999993 -32 1.5800452632781476 6.6359897449857729e-16 -0.087155742747659221 0.99619469809174543 -2.7925704556224677e-16 -0.99619469809174543 -0.087155742747659221 1 -2.2035792668486675e-16 -6.8541263527809669e-16 
1 -59.499999999999993 -36 1.2300906091744475 9.4505113682973716e-31 -1 1.4187106492241561e-15 -6.6613381477509422e-16 -1.4187106492241561e-15 -1 1 -5.254869241218064e-46 -6.6613381477509422e-16 
1 -59.499999999999993 -36.000000000000007 -1.85000000000006 -6.6613381477509383e-16 8.8817841970012523e-16 -1 2.2204460492503126e-16 1 8.8817841970012513e-16 1 -2.2204460492503067e-16 -6.6613381477509402e-16 
1 -59.499999999999993 -31.700000000000006 -1.8500000000000563 5.9164567891575877e-31 1 8.8817841970012523e-16 6.6613381477509373e-16 -8.8817841970012523e-16 1 1 -8.7581154020301067e-47 -6.6613381477509373e-16 
1 -59.499999999999993 -31.700000000000006 -1.2500000000000542 6.6613381477509383e-16 -8.8817841970012523e-16 1 -2.2204460492503126e-16 -1 -8.8817841970012513e-16 1 -2.2204460492503067e-16 -6.6613381477509402e-16 
1 -59.499999999999993 -32 1.5800452632781476 1.0808241902916955e-30 -1 1.6225331402168995e-15 -6.6613381477509432e-16 -1.6225331402168995e-15 -1 1 -7.0064923216240854e-46 -6.6613381477509432e-16 
1 -78.500000000000028 -43.548706394226656 -0.43043992177596885 1 0 -1.5384673664238498e-15 1.5384673664238498e-15 0 1 0 -1 0 
1 -59.5 -52.000000000000014 0.34207434257436165 6.560137453341108e-16 0.17364817766692905 0.98480775301220835 -1.0299832542668826e-16 -0.98480775301220835 0.17364817766692905 1 -2.1534914082920226e-16 -6.281619509745189e-16 
1 -59.5 -56.000000000000014 1.0473822654082163 -5.9164567891575877e-31 -1 -8.8817841970012523e-16 -6.6613381477509373e-16 8.8817841970012523e-16 -1 1 -8.7581154020301067e-47 -6.6613381477509373e-16 
1 -59.5 -56.000000000000014 -1.2500000000000602 6.6613381477509383e-16 -8.8817841970012523e-16 1 -2.2204460492503126e-16 -1 -8.8817841970012513e-16 1 -2.2204460492503067e-16 -6.6613381477509402e-16 
1 -59.5 -56.300000000000011 -1.2500000000000604 -5.9164567891575877e-31 -1 -8.8817841970012523e-16 -6.6613381477509373e-16 8.8817841970012523e-16 -1 1 -8.7581154020301067e-47 -6.6613381477509373e-16 
1 -59.5 -56.300000000000011 -1.8500000000000605 -6.6613381477509383e-16 8.8817841970012523e-16 -1 2.2204460492503126e-16 1 8.8817841970012513e-16 1 -2.2204460492503067e-16 -6.6613381477509402e-16 
1 -59.5 -52.000000000000014 -1.8500000000000567 5.9164567891575877e-31 1 8.8817841970012523e-16 6.6613381477509373e-16 -8.8817841970012523e-16 1 1 -8.7581154020301067e-47 -6.6613381477509373e-16 
1 -78.500000000000028 -43.548706394226656 -0.43043992177596885 1 0 -1.5384673664238498e-15 1.5384673664238498e-15 0 1 0 -1 0 
Triangulations 0

TShapes 69
Ve
1e-07
32 1.58004526327819 0
0 0

0101101
*
Ed
 1e-07 1 1 0
1  1 0 0 2.6
0

0101000
+69 4 -69 6 *
Ve
1e-07
36 1.23009060917449 0
0 0

0101101
*
Ed
 1e-07 1 1 0
1  2 0 0 2.6
0

0101000
+67 4 -67 6 *
Ed
 1e-07 1 1 0
1  3 0 0 4.01527935017339
0

0101000
+69 0 -67 0 *
Wi

0101100
+68 0 -66 0 -65 4 +65 6 *
Fa
0  1e-07 1 0

0101000
+64 0 *
Ve
1e-07
36 -1.85000000000002 0
0 0

0101101
*
Ed
 1e-07 1 1 0
1  4 0 0 2.6
0

0101000
+62 4 -62 6 *
Ed
 1e-07 1 1 0
1  5 0 0 3.08009060917451
0

0101000
+67 0 -62 0 *
Wi

0101100
+66 0 -61 0 -60 4 +60 6 *
Fa
0  1e-07 2 0

0101000
+59 0 *
Ve
1e-07
31.7 -1.85000000000002 0
0 0

0101101
*
Ed
 1e-07 1 1 0
1  6 0 0 2.6
0

0101000
+57 4 -57 6 *
Ed
 1e-07 1 1 0
1  7 0 0 4.3
0

0101000
+62 0 -57 0 *
Wi

0101100
+61 0 -56 0 -55 4 +55 6 *
Fa
0  1e-07 3 0

0111000
+54 0 *
Ve
1e-07
31.7 -1.25000000000002 0
0 0

0101101
*
Ed
 1e-07 1 1 0
1  8 0 0 2.6
0

0101000
+52 4 -52 6 *
Ed
 1e-07 1 1 0
1  9 0 0 0.600000000000002
0

0101000
+57 0 -52 0 *
Wi

0101100
+56 0 -51 0 -50 4 +50 6 *
Fa
0  1e-07 4 0

0111000
+49 0 *
Ve
1e-07
32 -1.25000000000002 0
0 0

0101101
*
Ed
 1e-07 1 1 0
1  10 0 0 2.6
0

0101000
+47 4 -47 6 *
Ed
 1e-07 1 1 0
1  11 0 0 0.300000000000001
0

0101000
+52 0 -47 0 *
Wi

0101100
+51 0 -46 0 -45 4 +45 6 *
Fa
0  1e-07 5 0

0111000
+44 0 *
Ed
 1e-07 1 1 0
1  12 0 0 2.8300452632782
0

0101000
+69 0 -47 0 *
Wi

0101100
+68 0 -46 0 -42 4 +42 6 *
Fa
0  1e-07 6 0

0101000
+41 0 *
Wi

0101100
+65 0 +60 0 +55 0 +50 0 +45 0 -42 0 *
Fa
0  1e-07 7 0

0101000
+39 7 *
Sh

0101100
+63 0 +58 0 +53 0 +48 0 +43 0 -40 0 +38 3 -38 8 *
So

0100000
+37 0 *
Ve
1.00000000860423e-07
52 0.342074342574417 0
0 0

0101101
*
Ed
 1.00000000860423e-07 1 1 0
1  13 0 0 2.6
0

0101000
+35 4 -35 6 *
Ve
1e-07
56 1.04738226540828 0
0 0

0101101
*
Ed
 1e-07 1 1 0
1  14 0 0 2.6
0

0101000
+33 4 -33 6 *
Ed
 1e-07 1 1 0
1  15 0 0 4.06170644754298
0

0101000
+35 0 -33 0 *
Wi

0101100
+34 0 -32 0 -31 4 +31 6 *
Fa
0  1e-07 8 0

0101000
+30 0 *
Ve
1e-07
56 -1.25 0
0 0

0101101
*
Ed
 1e-07 1 1 0
1  16 0 0 2.6
0

0101000
+28 4 -28 6 *
Ed
 1e-07 1 1 0
1  17 0 0 2.29738226540828
0

0101000
+33 0 -28 0 *
Wi

0101100
+32 0 -27 0 -26 4 +26 6 *
Fa
0  1e-07 9 0

0101000
+25 0 *
Ve
1e-07
56.3 -1.25 0
0 0

0101101
*
Ed
 1e-07 1 1 0
1  18 0 0 2.6
0

0101000
+23 4 -23 6 *
Ed
 1e-07 1 1 0
1  19 0 0 0.299999999999997
0

0101000
+28 0 -23 0 *
Wi

0101100
+27 0 -22 0 -21 4 +21 6 *
Fa
0  1e-07 10 0

0111000
+20 0 *
Ve
1e-07
56.3 -1.85 0
0 0

0101101
*
Ed
 1e-07 1 1 0
1  20 0 0 2.6
0

0101000
+18 4 -18 6 *
Ed
 1e-07 1 1 0
1  21 0 0 0.6
0

0101000
+23 0 -18 0 *
Wi

0101100
+22 0 -17 0 -16 4 +16 6 *
Fa
0  1e-07 11 0

0111000
+15 0 *
Ve
1e-07
52 -1.85 0
0 0

0101101
*
Ed
 1e-07 1 1 0
1  22 0 0 2.6
0

0101000
+13 4 -13 6 *
Ed
 1e-07 1 1 0
1  23 0 0 4.3
0

0101000
+18 0 -13 0 *
Wi

0101100
+17 0 -12 0 -11 4 +11 6 *
Fa
0  1e-07 12 0

0111000
+10 0 *
Ed
 1e-07 1 1 0
1  24 0 0 2.19207434257442
0

0101000
+13 0 -35 0 *
Wi

0101100
+12 0 -34 0 -8 4 +8 6 *
Fa
0  1e-07 13 0

0101000
+7 0 *
Wi

0101100
+31 0 +26 0 +21 0 +16 0 +11 0 +8 0 *
Fa
0  1e-07 14 0

0101000
+5 7 *
Sh

0101100
+29 0 +24 0 +19 0 +14 0 +9 0 +6 0 +4 3 -4 8 *
So

0100000
+3 0 *
Co

1100000
+36 0 +2 0 *

+1 0 ]]>
      </Part>
      <ElementMap new="1" count="1"><Element key="Dummy" value="Dummy"/></ElementMap>
      <ElementMap2 count="82">
<![CDATA[
37 PostfixCount 13
Edge
Face
Vertex
;:H,V;:H:5,V;:H11ed,V
;:H,E;:H:5,E;:H11ed,E
;:G;XTR;:H11ed:7,F
;FAC;:H11ed:4,F
;:G;XTR;:H11ed:7,E
;:G0;XTR;:H11ed:8,F
;:U;XTR;:H11ed:7,E
;:U;XTR;:H11ed:7,V
;SKT;:H,E;:H:5,E;:H11ed:c,E
;SKT;:H,V;:H:5,V;:H11ed:c,V

MapCount 1

ElementMap 1 37 3

Edge

ChildCount 0

NameCount 37
0
$#eae7.8 0
$#eae8.8 0
$#eadc.5 0
$#eb02.a 0
$#eae9.8 0
$#eadd.5 0
$#eb03.a 0
$#eaea.8 0
$#eade.5 0
$#eb04.a 0
$#eaeb.8 0
$#eadf.5 0
$#eb05.a 0
$#eaec.8 0
$#eae0.5 0
$#eb06.a 0
$#eae1.5 0
$#eb07.a 0
$#eaee.8 0
$#eaef.8 0
;g5.c 0
$#eb08.a 0
$#eaf0.8 0
;g6.c 0
$#eb09.a 0
$#eaf1.8 0
;g7.c 0
$#eb0a.a 0
$#eaf2.8 0
;g8.c 0
$#eb0b.a 0
$#eaf3.8 0
;g9.c 0
$#eb0c.a 0
;g10.c 0
$#eb0d.a 0

Face

ChildCount 0

NameCount 17
0
$#eae3.6 0
$#eaf4.6 0
$#eaf5.6 0
$#eaf6.6 0
$#eaf7.6 0
$#eaf8.6 0
$#eae3.7 0
$#eafa.9 0
$#eae5.6 0
$#eafb.6 0
$#eafc.6 0
$#eafd.6 0
$#eafe.6 0
$#eaff.6 0
$#eae5.7 0
$#eb00.9 0

Vertex

ChildCount 0

NameCount 25
0
$#ead6.4 0
$#eb0f.b 0
$#ead7.4 0
$#eb10.b 0
$#ead8.4 0
$#eb11.b 0
$#ead9.4 0
$#eb12.b 0
$#eada.4 0
$#eb13.b 0
$#eadb.4 0
$#eb14.b 0
;g5v1.d ;g10v2.d 0
$#eb15.b 0
;g5v2.d ;g6v1.d 0
$#eb16.b 0
;g6v2.d ;g7v1.d 0
$#eb17.b 0
;g7v2.d ;g8v1.d 0
$#eb18.b 0
;g8v2.d ;g9v1.d 0
$#eb19.b 0
;g9v2.d ;g10v1.d 0
$#eb1a.b 0

EndMap
]]>
      </ElementMap2>
    </Property>
    <Property name="AddSubType" type="App::PropertyEnumeration">
      <Integer value="0"/>
    </Property>
    <Property name="AllowMultiFace" type="App::PropertyBool">
      <Bool value="true"/>
    </Property>
    <Property name="AlongSketchNormal" type="App::PropertyBool">
      <Bool value="false"/>
    </Property>
    <Property name="AutoTaperInnerAngle" type="App::PropertyBool">
      <Bool value="true"/>
    </Property>
    <Property name="BaseFeature" type="App::PropertyLink" status="8">
      <Link value="Pad004"/>
    </Property>
    <Property name="CheckUpToFaceLimits" type="App::PropertyBool">
      <Bool value="true"/>
    </Property>
    <Property name="ClaimChildren" type="App::PropertyBool" status="134217728">
      <Bool value="false"/>
    </Property>
    <Property name="ColoredElements" type="App::PropertyLinkSubHidden" status="218103808">
      <LinkSub value="" count="0">
      </LinkSub>
    </Property>
    <Property name="Direction" type="App::PropertyVector" status="4">
      <PropertyVector valueX="-1" valueY="0" valueZ="6.661338147750939e-16"/>
    </Property>
    <Property name="ExpressionEngine" type="App::PropertyExpressionEngine" status="67108864">
      <ExpressionEngine count="0"></ExpressionEngine>
    </Property>
    <Property name="Fit" type="App::PropertyDistance">
      <Float value="0"/>
    </Property>
    <Property name="FitJoin" type="App::PropertyEnumeration">
      <Integer value="0"/>
    </Property>
    <Property name="FixShape" type="App::PropertyEnumeration">
      <Integer value="0"/>
    </Property>
    <Property name="InnerFit" type="App::PropertyDistance">
      <Float value="0"/>
    </Property>
    <Property name="InnerFitJoin" type="App::PropertyEnumeration">
      <Integer value="0"/>
    </Property>
    <Property name="InvalidShape" type="App::PropertyBool" status="67108864">
      <Bool value="false"/>
    </Property>
    <Property name="Label" type="App::PropertyString" status="134217728">
      <String value="three-index-leg-b"/>
    </Property>
    <Property name="Label2" type="App::PropertyString" status="128">
      <String value=""/>
    </Property>
    <Property name="Length" type="App::PropertyLength">
      <Float value="19"/>
    </Property>
    <Property name="Length2" type="App::PropertyLength">
      <Float value="-16.4"/>
    </Property>
    <Property name="Linearize" type="App::PropertyBool">
      <Bool value="true"/>
    </Property>
    <Property name="Midplane" type="App::PropertyBool" status="4">
      <Bool value="false"/>
    </Property>
    <Property name="NewSolid" type="App::PropertyBool">
      <Bool value="false"/>
    </Property>
    <Property name="Offset" type="App::PropertyLength" status="4">
      <Float value="0"/>
    </Property>
    <Property name="Placement" type="App::PropertyPlacement" status="8388620">
      <PropertyPlacement Px="0" Py="0" Pz="0" Q0="0" Q1="0" Q2="0" Q3="1" A="0" Ox="0" Oy="0" Oz="1"/>
    </Property>
    <Property name="Profile" type="App::PropertyLinkSub">
      <LinkSub value="Sketch004" count="1">
        <Sub value=""/>
      </LinkSub>
    </Property>
    <Property name="ReferenceAxis" type="App::PropertyLinkSub">
      <LinkSub value="Sketch004" count="1">
        <Sub value="N_Axis"/>
      </LinkSub>
    </Property>
    <Property name="Refine" type="App::PropertyBool">
      <Bool value="false"/>
    </Property>
    <Property name="Reversed" type="App::PropertyBool">
      <Bool value="true"/>
    </Property>
    <Property name="Shape" type="Part::PropertyPartShape">
      <Part HasherIndex="0" ElementMap="1.15.70200.4" brep="1">
<![CDATA[

CASCADE Topology V1, (c) Matra-Datavision
Locations 43
1
              1               0               0               0 
              0               1               0               0 
              0               0               1               0 
1
-2.22044604925031e-16 6.66133814775094e-16              -1           -78.5 
             -1 -8.88178419700125e-16 2.22044604925031e-16 3.00038338736165e-16 
-8.88178419700125e-16               1 6.66133814775094e-16 2.16951669252607e-15 
2  1 1 2 1 0
1
              1               0               0              19 
              0               1               0              -0 
              0               0               1 -1.26565424807268e-14 
2  1 1 2 1 4 1 0
2  4 -1 2 -1 1 -1 0
2  2 -1 1 -1 0
1
              1               0               0               0 
              0               1               0               0 
              0               0               1               0 
1
-2.22044604925031e-16 6.66133814775094e-16              -1           -78.5 
             -1 -8.88178419700125e-16 2.22044604925031e-16 3.00038338736165e-16 
-8.88178419700125e-16               1 6.66133814775094e-16 2.16951669252607e-15 
1
              1               0               0             2.5 
              0               1               0              -0 
              0               0               1 -1.66533453693773e-15 
2  8 1 9 1 10 1 0
2  10 -1 9 -1 8 -1 0
1
-2.22044604925031e-16 6.66133814775094e-16              -1           -78.5 
             -1 -8.88178419700125e-16 2.22044604925031e-16 3.00038338736165e-16 
-8.88178419700125e-16               1 6.66133814775094e-16 2.16951669252607e-15 
1
              1               0               0              19 
              0               1               0              -0 
              0               0               1 -1.26565424807268e-14 
1
              1               0               0            -2.6 
              0               1               0               0 
              0               0               1 1.73194791841524e-15 
2  8 1 13 1 14 1 15 1 0
2  15 -1 14 -1 13 -1 8 -1 0
1
              1               0               0               0 
              0               1               0               0 
              0               0               1               0 
1
-4.44089209850063e-16 5.55111512312578e-16              -1           -59.5 
             -1 -7.7715611723761e-16 4.44089209850062e-16 1.51012594597561e-14 
-7.7715611723761e-16               1 5.55111512312579e-16 1.47853184359096e-15 
2  18 1 19 1 0
2  19 -1 18 -1 0
2  8 1 13 1 14 1 0
2  14 -1 13 -1 8 -1 0
1
              1               0               0           -2.55 
              0               1               0               0 
              0               0               1 1.69864122767649e-15 
2  8 1 9 1 10 1 24 1 0
2  14 1 15 1 0
1
              1               0               0              19 
              0               1               0 -6.32827124036339e-15 
              0               0               1 -1.0547118733939e-14 
2  18 1 19 1 27 1 0
2  27 -1 19 -1 18 -1 0
2  10 1 24 1 0
2  8 1 9 1 0
1
              1               0               0               0 
              0               1               0               0 
              0               0               1               0 
1
1.11022302462516e-16 2.77555756156289e-16              -1           -40.5 
             -1 -7.21644966006352e-16 -1.11022302462516e-16 -3.00038465791105e-16 
-7.21644966006352e-16               1 2.77555756156289e-16 1.86612556480952e-15 
2  32 1 33 1 0
2  33 -1 32 -1 0
1
              1               0               0              19 
              0               1               0 5.27355936696949e-15 
              0               0               1 -5.27355936696949e-15 
2  32 1 33 1 36 1 0
1
              1               0               0               0 
              0               1               0               0 
              0               0               1               0 
1
-4.44089209850063e-16 4.44089209850063e-16              -1           -21.5 
             -1 -8.88178419700125e-16 4.44089209850062e-16 1.50939410567603e-14 
-8.88178419700125e-16               1 4.44089209850063e-16 1.64603081779003e-15 
2  38 1 39 1 0
2  39 -1 38 -1 0
1
              1               0               0              19 
              0               1               0 -4.21884749357559e-15 
              0               0               1 -8.43769498715119e-15 
2  38 1 39 1 42 1 0
Curve2ds 0
Curves 68
1 -78.499999999999986 -8.4356356396469199 9.3513523233593911 1 -0 -6.6613381477509383e-16 
1 -78.499999999999986 -29.086893877468309 1.8349090246476609 1 -0 -6.6613381477509383e-16 
1 8.435635639646911 9.3513523233593965 0 0.93969262078590821 -0.34202014332566938 0 
1 -78.5 -71.702735903421853 3.816198276120975 1 -0 -6.6613381477509383e-16 
1 71.702735903421853 3.8161982761210362 0 -0.99619469809174543 0.087155742747659054 0 
1 29.086893877468309 1.8349090246476845 0 0.99619469809174543 -0.087155742747658763 0 
1 -75.999999999999986 -32 1.5800452632781585 -1 0 6.6613381477509383e-16 
1 32 1.5800452632781865 0 0.99619469809174555 -0.087155742747658332 0 
1 -76 -36 1.2300906091744583 -1 0 6.6613381477509383e-16 
1 -78.5 -50.060000000000002 -4.2292694997662191e-14 1 -0 -6.6613381477509383e-16 
1 -59.499999999999993 -36 1.2300906091744475 -1 0 6.6613381477509383e-16 
1 -59.499999999999993 -32 1.5800452632781476 -1 0 6.6613381477509383e-16 
1 50.060000000000002 0 0 0.98480775301220835 0.173648177666929 0 
1 68.723374262864084 3.6558532836694031 0 -0.99585479562703305 0.090957275831241233 0 
1 47.990000000000002 0 0 0.98480775301220813 0.17364817766692958 0 
1 6.3656356396469107 9.3513523233593645 0 0.93969262078590843 -0.34202014332566877 0 
1 27.016893877468316 1.8349090246476663 0 0.99619469809174555 -0.087155742747657944 0 
1 32 1.5800452632781865 0 2.5107115599170247e-15 -1 0 
1 -76 -52.000000000000014 0.3420743425743718 -1 0 6.6613381477509383e-16 
1 52.000000000000014 0.34207434257441832 0 0.98480775301220813 0.17364817766692991 0 
1 -76 -56.000000000000014 1.0473822654082272 -1 0 6.6613381477509383e-16 
1 -59.5 -56.000000000000014 1.0473822654082163 -1 0 6.6613381477509383e-16 
1 -59.5 -52.000000000000014 0.34207434257436081 -1 0 6.6613381477509383e-16 
1 -76 -32.000000000000007 -1.2500000000000435 -1 0 6.6613381477509383e-16 
1 36 1.2300906091744899 0 2.3068890689242813e-15 -1 0 
1 36.000000000000007 -1.8500000000000176 0 -1 0 0 
1 31.700000000000006 -1.8500000000000176 0 0 1 0 
1 31.700000000000006 -1.2500000000000155 0 1 0 0 
1 -76 -36.000000000000007 -1.8500000000000492 -1 0 6.6613381477509383e-16 
1 -59.499999999999993 -36.000000000000007 -1.85000000000006 -1 0 6.6613381477509383e-16 
1 -59.499999999999993 -32.000000000000007 -1.2500000000000544 -1 0 6.6613381477509383e-16 
1 -59.500000000000014 -68.72337426286407 3.6558532836693511 1 -3.3306690738754696e-16 -5.5511151231257827e-16 
1 -59.499999999999986 -6.3656356396469027 9.351352323359361 1 -3.3306690738754696e-16 -5.5511151231257827e-16 
1 -59.500000000000007 -47.989999999999988 -3.5928212525104439e-14 1 -3.3306690738754696e-16 -5.5511151231257827e-16 
1 56.000000000000014 1.0473822654082765 0 0 -1 0 
1 56.000000000000014 -1.25 0 1 0 0 
1 56.300000000000011 -1.25 0 0 -1 0 
1 56.300000000000011 -1.8500000000000001 0 -1 0 0 
1 52.000000000000014 -1.8500000000000001 0 0 1 0 
1 -59.5 -27.016893877468302 1.8349090246476465 1 -3.3306690738754696e-16 -5.5511151231257827e-16 
1 -76 -52.000000000000014 -1.8500000000000458 -1 0 6.6613381477509383e-16 
1 -76 -56.000000000000014 -1.2500000000000493 -1 0 6.6613381477509383e-16 
1 -59.5 -56.000000000000014 -1.2500000000000602 -1 0 6.6613381477509383e-16 
1 -59.5 -52.000000000000014 -1.8500000000000567 -1 0 6.6613381477509383e-16 
1 -76 -31.700000000000006 -1.2500000000000433 -1 0 6.6613381477509383e-16 
1 -76 -31.700000000000006 -1.8500000000000454 -1 0 6.6613381477509383e-16 
1 -59.499999999999993 -31.700000000000006 -1.8500000000000563 -1 0 6.6613381477509383e-16 
1 -59.499999999999993 -31.700000000000006 -1.2500000000000542 -1 0 6.6613381477509383e-16 
1 0.37563563964690916 4.3513523233593672 0 0.93969262078590832 -0.34202014332566882 0 
1 21.026893877468311 -3.1650909753523324 0 0.99619469809174555 -0.087155742747658166 0 
1 42.000000000000007 -5.0000000000000044 0 0.98480775301220813 0.17364817766693019 0 
1 62.733374262864089 -1.3441467163305889 0 0.90630778703665016 0.42261826174069889 0 
1 0.37563563964690916 4.3513523233593672 0 0.9990482215818578 0.043619387365335612 0 
1 -59.5 -56.300000000000011 -1.2500000000000604 -1 0 6.6613381477509383e-16 
1 -59.5 -56.300000000000011 -1.8500000000000605 -1 0 6.6613381477509383e-16 
1 -76 -56.300000000000011 -1.8500000000000496 -1 0 6.6613381477509383e-16 
1 -76 -56.300000000000011 -1.2500000000000495 -1 0 6.6613381477509383e-16 
1 -40.5 -0.3756356396469126 4.3513523233593689 1 2.7755575615628909e-16 -2.7755575615628909e-16 
1 -40.5 -21.026893877468307 -3.1650909753523457 1 2.7755575615628909e-16 -2.7755575615628909e-16 
1 -40.5 -42 -5.0000000000000329 1 2.7755575615628909e-16 -2.7755575615628909e-16 
1 -40.499999999999993 -62.733374262864089 -1.3441467163306324 1 2.7755575615628909e-16 -2.7755575615628909e-16 
1 -40.499999999999986 -82.650947029785343 7.9435699967441638 1 2.7755575615628909e-16 -2.7755575615628909e-16 
1 68.853374262864079 3.6558532836694027 0 -0.99904822158185769 -0.043619387365335834 0 
1 48.119999999999997 0 0 0.98480775301220813 0.17364817766692958 0 
1 27.146893877468315 1.8349090246476669 0 0.99619469809174555 -0.087155742747657985 0 
1 -21.500000000000021 -68.853374262864065 3.6558532836693431 1 -2.2204460492503126e-16 -4.4408920985006252e-16 
1 -21.500000000000004 -27.146893877468301 1.8349090246476443 1 -2.2204460492503126e-16 -4.4408920985006252e-16 
1 -21.500000000000014 -48.119999999999983 -4.109311473817998e-14 1 -2.2204460492503126e-16 -4.4408920985006252e-16 
Polygon3D 0
PolygonOnTriangulations 0
Surfaces 46
1 -78.499999999999986 -8.4356356396469199 9.3513523233593911 -6.2596103020012241e-16 0.34202014332567021 -0.93969262078590787 -4.3648485953682669e-16 -0.93969262078590787 -0.34202014332567021 -1 1.960703203261995e-16 7.3749757519687039e-16 
1 -78.5 -71.702735903421853 3.816198276120975 6.6359897449857729e-16 -0.087155742747659956 0.99619469809174543 2.7925704556224731e-16 0.99619469809174543 0.087155742747659956 -1 2.2035792668486677e-16 6.8541263527809669e-16 
1 -78.499999999999986 -29.086893877468309 1.8349090246476609 -6.6359897449857729e-16 0.087155742747659665 -0.99619469809174543 -2.7925704556224712e-16 -0.99619469809174543 -0.087155742747659665 -1 2.203579266848668e-16 6.8541263527809679e-16 
1 -78.499999999999986 -39.903201078822754 4.6865615805884904 1 -2.4647257872503563e-16 0 2.4647257872503563e-16 1 0 -0 0 1 
1 -59.5 -37.378882043438118 4.6405176711094613 1 -3.9081402815143197e-16 -6.4346390061088836e-16 6.4346390061088836e-16 0 1 -3.9081402815143197e-16 -1 2.5147471896777396e-31 
1 -78.5 -50.060000000000002 -4.2292694997662191e-14 -6.560137453341108e-16 -0.17364817766692811 -0.98480775301220846 -1.0299832542668891e-16 -0.98480775301220846 0.17364817766692811 -1 2.1534914082920231e-16 6.281619509745191e-16 
1 -75.999999999999986 -32 1.5800452632781585 1.0808241902916955e-30 -1 1.6225331402168995e-15 -6.6613381477509432e-16 -1.6225331402168995e-15 -1 1 -7.0064923216240854e-46 -6.6613381477509432e-16 
1 -78.500000000000028 -43.548706394226656 -0.43043992177596885 1 0 -1.5384673664238498e-15 1.5384673664238498e-15 0 1 0 -1 0 
1 -76 -36 1.2300906091744583 9.4505113682973716e-31 -1 1.4187106492241561e-15 -6.6613381477509422e-16 -1.4187106492241561e-15 -1 1 -5.254869241218064e-46 -6.6613381477509422e-16 
1 -59.499999999999993 -36 1.2300906091744475 9.4505113682973716e-31 -1 1.4187106492241561e-15 -6.6613381477509422e-16 -1.4187106492241561e-15 -1 1 -5.254869241218064e-46 -6.6613381477509422e-16 
1 -78.500000000000028 -43.548706394226656 -0.43043992177596885 1 0 -1.5384673664238498e-15 1.5384673664238498e-15 0 1 0 -1 0 
1 -59.499999999999993 -32 1.5800452632781476 1.0808241902916955e-30 -1 1.6225331402168995e-15 -6.6613381477509432e-16 -1.6225331402168995e-15 -1 1 -7.0064923216240854e-46 -6.6613381477509432e-16 
1 -75.999999999999986 -32 1.5800452632781585 6.6359897449857729e-16 -0.087155742747659221 0.99619469809174543 -2.7925704556224677e-16 -0.99619469809174543 -0.087155742747659221 1 -2.2035792668486675e-16 -6.8541263527809669e-16 
1 -76 -52.000000000000014 0.34207434257437264 6.560137453341108e-16 0.17364817766692905 0.98480775301220835 -1.0299832542668826e-16 -0.98480775301220835 0.17364817766692905 1 -2.1534914082920226e-16 -6.281619509745189e-16 
1 -59.500000000000014 -68.72337426286407 3.6558532836693511 5.2251560307874796e-16 -0.09095727583124201 0.99585479562703294 4.9273980025791732e-16 0.99585479562703294 0.09095727583124201 -1 4.4317069724779174e-16 5.6516793904101281e-16 
1 -59.500000000000007 -47.989999999999988 -3.5817190222641924e-14 -6.0451458262076632e-16 -0.17364817766692883 -0.98480775301220835 -3.4094839437439464e-16 -0.98480775301220835 0.17364817766692883 -1 4.4074147780214799e-16 5.3612558041229086e-16 
1 -78.500000000000028 -43.548706394226656 -0.43043992177596885 1 0 -1.5384673664238498e-15 1.5384673664238498e-15 0 1 0 -1 0 
1 -59.499999999999986 -6.3656356396469027 9.351352323359361 -4.0771860043170931e-16 0.34202014332566949 -0.93969262078590821 -6.0716667246962538e-16 -0.93969262078590821 -0.34202014332566949 -1 4.3110206755064676e-16 5.9079339252346641e-16 
1 -59.5 -27.016893877468302 1.8349090246476467 -5.2397045171745386e-16 0.087155742747658735 -0.99619469809174555 -4.9078047249576349e-16 -0.99619469809174555 -0.087155742747658735 -1 4.4324587072998034e-16 5.6475092256407955e-16 
1 -76 -52.000000000000014 -1.8500000000000458 5.9164567891575877e-31 1 8.8817841970012523e-16 6.6613381477509373e-16 -8.8817841970012523e-16 1 1 -8.7581154020301067e-47 -6.6613381477509373e-16 
1 -78.500000000000028 -43.548706394226656 -0.43043992177596885 1 0 -1.5384673664238498e-15 1.5384673664238498e-15 0 1 0 -1 0 
1 -76 -56.000000000000014 1.0473822654082272 -5.9164567891575877e-31 -1 -8.8817841970012523e-16 -6.6613381477509373e-16 8.8817841970012523e-16 -1 1 -8.7581154020301067e-47 -6.6613381477509373e-16 
1 -59.5 -56.000000000000014 1.0473822654082163 -5.9164567891575877e-31 -1 -8.8817841970012523e-16 -6.6613381477509373e-16 8.8817841970012523e-16 -1 1 -8.7581154020301067e-47 -6.6613381477509373e-16 
1 -59.5 -52.000000000000014 -1.8500000000000567 5.9164567891575877e-31 1 8.8817841970012523e-16 6.6613381477509373e-16 -8.8817841970012523e-16 1 1 -8.7581154020301067e-47 -6.6613381477509373e-16 
1 -76 -31.700000000000006 -1.2500000000000433 6.6613381477509383e-16 -8.8817841970012523e-16 1 -2.2204460492503126e-16 -1 -8.8817841970012513e-16 1 -2.2204460492503067e-16 -6.6613381477509402e-16 
1 -76 -36.000000000000007 -1.8500000000000492 -6.6613381477509383e-16 8.8817841970012523e-16 -1 2.2204460492503126e-16 1 8.8817841970012513e-16 1 -2.2204460492503067e-16 -6.6613381477509402e-16 
1 -76 -31.700000000000006 -1.8500000000000454 5.9164567891575877e-31 1 8.8817841970012523e-16 6.6613381477509373e-16 -8.8817841970012523e-16 1 1 -8.7581154020301067e-47 -6.6613381477509373e-16 
1 -59.499999999999993 -36.000000000000007 -1.85000000000006 -6.6613381477509383e-16 8.8817841970012523e-16 -1 2.2204460492503126e-16 1 8.8817841970012513e-16 1 -2.2204460492503067e-16 -6.6613381477509402e-16 
1 -59.499999999999993 -31.700000000000006 -1.8500000000000563 5.9164567891575877e-31 1 8.8817841970012523e-16 6.6613381477509373e-16 -8.8817841970012523e-16 1 1 -8.7581154020301067e-47 -6.6613381477509373e-16 
1 -59.499999999999993 -31.700000000000006 -1.2500000000000542 6.6613381477509383e-16 -8.8817841970012523e-16 1 -2.2204460492503126e-16 -1 -8.8817841970012513e-16 1 -2.2204460492503067e-16 -6.6613381477509402e-16 
1 -40.499999999999986 -41.667863193430293 2.6071835476768843 1 0 -5.3746265824956072e-16 5.3746265824956072e-16 0 1 0 -1 0 
1 -59.5 -56.000000000000014 -1.2500000000000602 6.6613381477509383e-16 -8.8817841970012523e-16 1 -2.2204460492503126e-16 -1 -8.8817841970012513e-16 1 -2.2204460492503067e-16 -6.6613381477509402e-16 
1 -59.5 -56.300000000000011 -1.2500000000000604 -5.9164567891575877e-31 -1 -8.8817841970012523e-16 -6.6613381477509373e-16 8.8817841970012523e-16 -1 1 -8.7581154020301067e-47 -6.6613381477509373e-16 
1 -59.5 -56.300000000000011 -1.8500000000000605 -6.6613381477509383e-16 8.8817841970012523e-16 -1 2.2204460492503126e-16 1 8.8817841970012513e-16 1 -2.2204460492503067e-16 -6.6613381477509402e-16 
1 -76 -56.300000000000011 -1.8500000000000496 -6.6613381477509383e-16 8.8817841970012523e-16 -1 2.2204460492503126e-16 1 8.8817841970012513e-16 1 -2.2204460492503067e-16 -6.6613381477509402e-16 
1 -76 -56.000000000000014 -1.2500000000000493 6.6613381477509383e-16 -8.8817841970012523e-16 1 -2.2204460492503126e-16 -1 -8.8817841970012513e-16 1 -2.2204460492503067e-16 -6.6613381477509402e-16 
1 -76 -56.300000000000011 -1.2500000000000495 -5.9164567891575877e-31 -1 -8.8817841970012523e-16 -6.6613381477509373e-16 8.8817841970012523e-16 -1 1 -8.7581154020301067e-47 -6.6613381477509373e-16 
1 -40.5 -0.3756356396469126 4.3513523233593689 -3.5574675541815634e-16 0.34202014332566949 -0.93969262078590809 9.3971788652487375e-18 -0.93969262078590809 -0.34202014332566949 -1 -1.3050301591163927e-16 3.3107857647262149e-16 
1 -40.5 -21.026893877468307 -3.1650909753523457 -3.0069015078943e-16 0.087155742747658901 -0.99619469809174555 8.6409251001406948e-17 -0.99619469809174555 -0.087155742747658901 -1 -1.1228731114263875e-16 2.9201487153354111e-16 
1 -40.5 -42 -5.0000000000000329 -2.2514200929837324e-16 -0.17364817766692947 -0.98480775301220824 1.575326754798582e-16 -0.98480775301220824 0.17364817766692947 -1 -1.1604390053438714e-16 2.4907685830585782e-16 
1 -40.499999999999993 -62.733374262864089 -1.3441467163306324 -1.3425081193839458e-16 -0.42261826174069822 -0.90630778703665049 2.1792050845941234e-16 -0.90630778703665049 0.42261826174069822 -1 -1.4076620899306999e-16 2.1376974275852591e-16 
1 -40.5 -0.3756356396469126 4.3513523233593689 -2.6518477253448878e-16 -0.04361938736533489 -0.9990482215818578 1.2302344587435913e-16 -0.9990482215818578 0.04361938736533489 -1 -1.1133915749708033e-16 2.702985827317825e-16 
1 -21.500000000000021 -68.853374262864065 3.6558532836693431 4.5335198495900507e-16 0.043619387365334952 0.9990482215818578 4.2429563605518154e-16 0.9990482215818578 -0.043619387365334952 -1 4.4366673647064264e-16 4.3441297861738701e-16 
1 -21.500000000000014 -48.119999999999983 -4.109311473817998e-14 -4.7590013789541197e-16 -0.17364817766692872 -0.98480775301220835 -3.6022721487739706e-16 -0.98480775301220835 0.17364817766692872 -1 4.3739374575423377e-16 4.061173460494876e-16 
1 -21.500000000000004 -27.146893877468301 1.8349090246476443 -4.230468538670333e-16 0.087155742747658888 -0.99619469809174555 -4.8110424126308759e-16 -0.99619469809174555 -0.087155742747658888 -1 4.424025316098981e-16 4.6336803035306518e-16 
1 -21.500000000000014 -48.030229287000637 2.0560873636528871 1 -4.5330468358508422e-16 -6.2724297840971703e-16 6.2724297840971703e-16 0 1 -4.5330468358508422e-16 -1 2.8433217985898257e-31 
Triangulations 0

TShapes 286
Ve
1e-07
8.43563563964691 9.3513523233594 0
0 0

0101101
*
Ed
 1e-07 1 1 0
1  1 0 0 19
0

0101000
+286 3 -286 5 *
Ve
1e-07
29.0868938774683 1.83490902464768 0
0 0

0101101
*
Ve
1.00000014210855e-07
-59.5 -29.0868938774683 1.83490902464765
0 0

0101101
*
Ed
 1e-07 1 1 0
1  2 0 0 19
0

0101000
+284 3 -283 0 *
Ed
 1e-07 1 1 0
1  3 0 0 21.9766099903496
0

0101000
+286 0 -284 0 *
Ve
1.00000021316282e-07
-59.5 -9.12911125420424 9.09894784147107
0 0

0101101
*
Ed
 1e-07 1 1 0
1  3 0 0 0.737981334765965
0

0101000
+286 0 -280 6 *
Ed
 1.00000014210855e-07 1 1 0
1  3 0 0.737981334765965 21.9766099903496
0

0101000
+280 6 -283 6 *
Wi

0101100
+285 0 -282 0 -281 3 +279 5 +278 5 *
Fa
0  1e-07 1 0

0111000
+277 0 *
Ve
1e-07
71.7027359034219 3.81619827612104 0
0 0

0101101
*
Ed
 1e-07 1 1 0
1  4 0 0 19
0

0101000
+275 3 -275 5 *
Ed
 1e-07 1 1 0
1  5 0 0 63.5087703086212
0

0101000
+275 0 -286 0 *
Wi

0101100
+274 0 -285 0 -273 3 +273 5 *
Fa
0  1e-07 2 0

0111000
+272 0 *
Ve
1.00000012212453e-07
-78.5 -32 1.58004526327817
0 0

0101101
*
Ed
 1e-07 1 1 0
1  6 0 0 2.92423371466629
0

0101000
+284 0 -270 7 *
Ve
1.00000012212453e-07
-76 -32 1.58004526327816
0 0

0101101
*
Ed
 1.00000012212453e-07 1 1 0
1  7 0 0 2.5
0

0101000
+268 0 -270 0 *
Ve
1.00000011990409e-07
-76 -36 1.23009060917446
0 0

0101101
*
Ed
 1.00000011990409e-07 1 1 0
1  8 0 0 4.01527935017339
0

0101000
+268 12 -266 12 *
Ve
1.00000011990409e-07
-78.5 -36 1.23009060917446
0 0

0101101
*
Ed
 1.00000010214052e-07 1 1 0
1  9 0 0 2.49999999999999
0

0101000
+266 0 -264 0 *
Ve
1e-07
50.06 0 0
0 0

0101101
*
Ed
 1e-07 1 1 0
1  6 0 6.93951306483968 21.0532199806992
0

0101000
+264 7 -262 0 *
Ed
 1e-07 1 1 0
1  10 0 0 19
0

0101000
+262 3 -262 5 *
Ve
1.00000021316282e-07
-59.5 -48.6764700310864 0.121043187928267
0 0

0101101
*
Ed
 1e-07 1 1 0
1  6 0 19.6644051520679 21.0532199806992
0

0101000
+259 6 -262 0 *
Ve
1.00000024424907e-07
-59.5 -36 1.23009060917445
0 0

0101101
*
Ed
 1.00000014210855e-07 1 1 0
1  6 0 6.93951306483968 19.6644051520679
0

0101000
+257 6 -259 6 *
Ve
1.00000011990409e-07
-62.1 -36 1.23009060917445
0 0

0101101
*
Ed
 1.00000010214052e-07 1 1 0
1  11 0 0 2.6
0

0101000
+257 0 -255 0 *
Ve
1.00000011990409e-07
-62.1 -32 1.58004526327815
0 0

0101101
*
Ed
 1.00000011990409e-07 1 1 0
1  8 0 0 4.01527935017339
0

0101000
+253 17 -255 17 *
Ve
1.00000025979219e-07
-59.5 -32 1.58004526327815
0 0

0101101
*
Ed
 1.00000011990409e-07 1 1 0
1  12 0 0 2.6
0

0101000
+251 0 -253 0 *
Ed
 1.00000014210855e-07 1 1 0
1  6 0 0 2.92423371466629
0

0101000
+283 6 -251 6 *
Wi

0101100
-269 3 +267 0 -265 11 -263 0 -261 3 -260 0 +258 5 +256 5 -254 0 +252 16 
+250 0 +249 5 +282 0 *
Fa
0  1e-07 3 0

0111000
+248 0 *
Ed
 1.00000011990409e-07 1 1 0
1  6 0 2.92423371466629 6.93951306483968
0

0101000
+270 7 -264 7 *
Ve
1.00000003774758e-07
-78.5 -52 0.342074342574375
0 0

0101101
*
Ed
 1e-07 1 1 0
1  13 0 0 1.96992762705836
0

0101000
+262 0 -245 7 *
Ve
1.00000002609024e-07
-78.5 -56 1.04738226540823
0 0

0101101
*
Ed
 1.00000002609024e-07 1 1 0
1  13 0 1.96992762705836 6.03163407460134
0

0101000
+245 7 -243 7 *
Ed
 1e-07 1 1 0
1  13 0 6.03163407460134 21.9766099903496
0

0101000
+243 7 -275 0 *
Wi

0101100
+281 3 +269 3 +246 3 +261 3 +244 3 +242 3 +241 3 +273 3 *
Fa
0  1e-07 4 0

0111000
-240 0 *
Ve
1.00000021316282e-07
-59.5 -68.7233742628641 3.65585328366935
0 0

0101101
*
Ed
 1.00000021316282e-07 1 1 0
1  14 0 0 59.8423216621021
0

0101000
+238 21 -280 21 *
Ed
 1.00000021316282e-07 1 1 0
1  15 0 0.697059937827144 21.0532199806992
0

0101000
+259 21 -238 21 *
Ve
1.00000003774758e-07
-59.5 -52 0.342074342574361
0 0

0101101
*
Ed
 1e-07 1 1 0
1  13 0 0 1.96992762705836
0

0101000
+262 0 -235 6 *
Ve
1.00000002553513e-07
-59.5 -56 1.04738226540822
0 0

0101101
*
Ed
 1.00000002553513e-07 1 1 0
1  13 0 1.96992762705836 6.03163407460134
0

0101000
+235 6 -233 6 *
Ed
 1e-07 1 1 0
1  13 0 6.03163407460134 21.9766099903496
0

0101000
+233 6 -275 0 *
Wi

0101100
-279 5 +237 20 +236 20 -258 5 -234 5 -232 5 -231 5 -273 5 *
Fa
0  1e-07 4 4

0101000
+230 0 *
Ve
1e-07
6.36563563964691 9.35135232335936 0
0 0

0101101
*
Ve
1.00000000222045e-07
27.0168938774683 1.83490902464767 0
0 0

0101101
*
Ed
 1e-07 1 1 0
1  16 0 0 21.9766099903496
0

0101000
+228 0 -227 0 *
Ve
1.00000028421709e-07
-59.5 -32 1.3989437297795
0 0

0101101
*
Ed
 1e-07 1 1 0
1  17 0 0 5.00214077838103
0

0101000
+227 0 -225 21 *
Ed
 1.00000007105427e-07 1 1 0
1  18 0 0 0.181101533498651
0

0101000
+251 23 -225 23 *
Ed
 1e-07 1 1 0
1  14 0 59.8423216621021 62.6173001295375
0

0101000
+280 21 -228 0 *
Wi

0101100
-226 20 -224 20 +223 22 +249 5 +278 5 -222 20 *
Fa
0  1e-07 5 0

0101000
+221 0 *
Ve
1.00000003774758e-07
-76 -52 0.342074342574372
0 0

0101101
*
Ed
 1.00000003774758e-07 1 1 0
1  19 0 0 2.5
0

0101000
+219 0 -245 0 *
Ve
1.00000002997602e-07
-76 -56 1.04738226540823
0 0

0101101
*
Ed
 1.00000002997602e-07 1 1 0
1  20 0 0 4.06170644754298
0

0101000
+219 12 -217 12 *
Ed
 1.00000001110223e-07 1 1 0
1  21 0 0 2.5
0

0101000
+217 0 -243 0 *
Ve
1.00000002997602e-07
-62.1 -56 1.04738226540822
0 0

0101101
*
Ed
 1.00000001332268e-07 1 1 0
1  22 0 0 2.6
0

0101000
+233 0 -214 0 *
Ve
1.00000003774758e-07
-62.1 -52 0.342074342574363
0 0

0101101
*
Ed
 1.00000002997602e-07 1 1 0
1  20 0 0 4.06170644754298
0

0101000
+212 17 -214 17 *
Ed
 1.00000003774758e-07 1 1 0
1  23 0 0 2.6
0

0101000
+235 0 -212 0 *
Wi

0101100
-244 3 +218 0 -216 11 -215 0 -241 3 -274 0 +231 5 -213 0 +211 16 +210 0 
+234 5 +260 0 *
Fa
0  1e-07 6 0

0101000
+209 0 *
Ve
1e-07
32 1.58004526327819 0
0 0

0101101
*
Ed
 1e-07 1 1 0
1  7 0 2.5 2.55
0

0101000
+270 0 -207 25 *
Ve
1e-07
32 -1.25000000000002 0
0 0

0101101
*
Ed
 1e-07 1 1 0
1  24 0 0 2.55
0

0101000
+205 11 -205 25 *
Ed
 1e-07 1 1 0
1  18 0 0 2.8300452632782
0

0101000
+268 12 -205 0 *
Ed
 1e-07 1 1 0
1  18 0 0 2.8300452632782
0

0101000
+207 0 -205 0 *
Wi

0101100
+267 0 +206 0 -204 0 -203 11 +202 25 *
Fa
0  1e-07 7 0

0111000
+201 0 *
Ve
1e-07
36 -1.85000000000002 0
0 0

0101101
*
Ed
 1e-07 1 1 0
1  25 0 0 3.08009060917451
0

0101000
+266 12 -199 0 *
Ve
1e-07
31.7 -1.85000000000002 0
0 0

0101101
*
Ed
 1e-07 1 1 0
1  26 0 0 4.3
0

0101000
+199 0 -197 0 *
Ve
1e-07
31.7 -1.25000000000002 0
0 0

0101101
*
Ed
 1e-07 1 1 0
1  27 0 0 0.600000000000002
0

0101000
+197 0 -195 0 *
Ed
 1e-07 1 1 0
1  28 0 0 0.300000000000001
0

0101000
+195 0 -205 0 *
Wi

0101100
+265 11 +198 11 +196 11 +194 11 +193 11 -203 11 *
Fa
0  1e-07 8 10

0111000
+192 0 *
Ve
