<?xml version='1.0' encoding='utf-8'?>
<!-- FreeCAD DocumentObject -->
<Document SchemaVersion="4" FileVersion="2">
<Object name="Pad005">
  <Properties Count="47" TransientCount="2">
    <_Property name="_Body" type="App::PropertyLinkHidden" status="251658240"/>
    <_Property name="_ElementMapVersion" type="App::PropertyString" status="234881024"/>
    <Property name="AddSubShape" type="Part::PropertyPartShape">
      <Part HasherIndex="0" ElementMap="1.15.70200.4" brep="1">
<![CDATA[

CASCADE Topology V1, (c) Matra-Datavision
Locations 21
1
              1               0               0               0 
              0               1               0               0 
              0               0               1               0 
1
-0.998134798421867 1.04671569390343e-13 0.0610485395348501 -4.44137980623023 
-1.04595958461709e-13              -1 4.43423343924803e-15          -60.71 
0.0610485395348501 -1.95946780529587e-15 0.998134798421867 8.07029944468401 
2  1 1 2 1 0
1
              1               0               0 -2.08637580943227e-12 
              0               1               0              20 
              0               0               1 4.54316045499747e-14 
2  1 1 2 1 4 1 0
1
              1               0               0               0 
              0               1               0               0 
              0               0               1               0 
1
2.22044604925031e-16 -3.33066907387547e-16               1               0 
              1 3.33066907387547e-16 -2.22044604925031e-16               0 
-3.33066907387547e-16               1 3.33066907387547e-16               0 
1
              1               0               0            -1.2 
              0               1               0 3.99680288865056e-16 
              0               0               1 -4.66293670342566e-16 
1
              1               0               0               0 
              0               1               0               0 
              0               0               1               0 
2  6 1 7 1 8 1 9 1 1 1 2 1 0
2  9 -1 8 -1 7 -1 6 -1 0
2  6 1 7 1 8 1 9 1 1 1 2 1 4 1 0
1
              1               0               0            3.65 
              0               1               0 -1.21569421196455e-15 
              0               0               1 1.41830991395864e-15 
2  6 1 7 1 8 1 13 1 9 1 1 1 2 1 0
2  9 -1 13 -1 8 -1 7 -1 6 -1 0
2  6 1 7 1 8 1 13 1 9 1 1 1 2 1 4 1 0
2  9 1 1 1 2 1 0
2  9 -1 0
2  9 1 1 1 2 1 4 1 0
2  6 1 7 1 8 1 9 1 0
2  6 1 7 1 8 1 13 1 9 1 0
Curve2ds 0
Curves 10
1 -3.1098355697288382 -70.594818989337242 10.184365384220701 -1.0431879047161341e-13 1 2.271580227498734e-15 
1 -3.81605533414228 -70.594818989337284 -1.3622256983055205 -1.0431879047161341e-13 1 2.271580227498734e-15 
1 9.884818989337397 2.1914116113743964 1.2183980087303934e-31 0 -1 0 
1 -7.4728760418973339 -70.594818989337654 -1.3622256983055401 -1.0431879047161341e-13 1 2.271580227498734e-15 
1 0.2725487389027863 9.8848189893373934 -9.4668213756213131 -0.99813479842186703 3.5277891872966517e-16 0.061048539534856894 
1 -6.7530275839686542 -70.594818989337625 10.407192553522894 -1.0431879047161341e-13 1 2.271580227498734e-15 
1 9.884818989337397 2.1914116113743964 1.2183980087303934e-31 0 -1 0 
1 -4.3075973278422612 -70.594818989363432 10.257623631545151 -1.0431879047161341e-13 1 2.271580227498734e-15 
1 -1.1999999999999984 9.884818989337397 2.1914116113743929 1 -3.3306690738754696e-16 3.8857805861880484e-16 
1 -1.1999999999999984 9.884818989337397 2.1914116113743929 1 -3.3306690738754696e-16 3.8857805861880484e-16 
Polygon3D 0
PolygonOnTriangulations 0
Surfaces 6
1 -3.10983556972884 -70.594818989337227 10.184365384220694 -0.99813479842186736 -1.0426289155432191e-13 0.061048539534850427 -0.061048539534850427 -4.1011665318605199e-15 -0.99813479842186736 1.0431879047161342e-13 -1 -2.2715802274987347e-15 
1 -7.4728760418973366 -70.594818989337668 -1.3622256983055443 6.8070549197327544e-15 2.2715802274994439e-15 -1 1 1.0431879047161338e-13 6.807054919732991e-15 1.0431879047161339e-13 -1 -2.271580227498734e-15 
1 -6.7530275839686569 -70.594818989337611 10.407192553522899 -0.99813479842186736 -1.0426289155432191e-13 0.061048539534850427 -0.061048539534850427 -4.1011665318605199e-15 -0.99813479842186736 1.0431879047161342e-13 -1 -2.2715802274987347e-15 
1 -4.3075973278350812 -70.594818989337355 10.257623631662515 0.061048539534850482 4.1011665318605262e-15 0.99813479842186736 -0.99813479842186736 -1.042628915543219e-13 0.061048539534850482 1.0431879047161341e-13 -1 -2.271580227498734e-15 
1 -3.10983556972884 -70.594818989337227 10.184365384220694 0.061048539534850482 4.1011665318605262e-15 0.99813479842186736 -0.99813479842186736 -1.042628915543219e-13 0.061048539534850482 1.0431879047161341e-13 -1 -2.271580227498734e-15 
1 -1.1999999999999984 9.884818989337397 2.1914116113743929 3.3306690738754711e-16 1 -3.3306690738754696e-16 3.3306690738754691e-16 -3.3306690738754706e-16 -1 -1 3.3306690738754701e-16 -3.3306690738754701e-16 
Triangulations 0

TShapes 29
Ve
1e-07
-1.2 9.8848189893374 2.1914116113744
0 0

0101101
*
Ed
 1e-07 1 1 0
1  1 0 0 20
0

0101000
+29 3 -29 5 *
Ve
1.50000003020133e-07
-1.2 9.88481898933739 -9.37675643645073
0 0

0101101
*
Ed
 1.50000003020133e-07 1 1 0
1  2 0 0 20
0

0101000
+27 3 -27 5 *
Ed
 1e-07 1 1 0
1  3 0 0 11.5681680478251
0

0101000
+29 11 -27 11 *
Wi

0101100
+28 0 -26 0 -25 10 +25 12 *
Fa
0  1e-07 1 0

0111000
+24 0 *
Ve
1.50000002664535e-07
2.45 9.88481898933739 -9.59999999999999
0 0

0101101
*
Ed
 1.50000002664535e-07 1 1 0
1  4 0 0 20
0

0101000
+22 3 -22 5 *
Ed
 1.5e-07 1 1 0
1  5 0 -2.18152023608429 1.47530047167076
0

0101000
+22 0 -27 0 *
Wi

0101100
+21 0 -26 0 -20 3 +20 5 *
Fa
0  1.5e-07 2 0

0111000
+19 0 *
Ve
1.00240869156692e-07
2.45 9.8848189893374 2.19141161137439
0 0

0101101
*
Ed
 1.00240869156692e-07 1 1 0
1  6 0 0 20
0

0101000
+17 3 -17 5 *
Ed
 1e-07 1 1 0
1  7 0 0 11.7914116113744
0

0101000
+17 15 -22 15 *
Wi

0101100
+16 0 -21 0 -15 14 +15 16 *
Fa
0  1e-07 3 0

0101000
+14 0 *
Ve
1.00240869156692e-07
4.00724630365129e-15 9.88481898936347 2.19141161125681
0 0

0101101
*
Ed
 1.00240869156692e-07 1 1 0
1  8 0 0 20
4 C2 4 0 5 0
0

0101000
+12 3 -12 5 *
Ed
 1.00240869156692e-07 1 1 0
1  9 0 1.2 3.65
0

0101000
+12 18 -17 18 *
Wi

0101100
+11 0 -16 0 -10 17 +10 19 *
Fa
0  1.00240869156692e-07 4 0

0101000
+9 0 *
Ed
 1e-07 1 1 0
1  10 0 0 1.2
0

0101000
+29 18 -12 18 *
Wi

0101100
+28 0 -11 0 -7 17 +7 19 *
Fa
0  1e-07 5 0

0111000
+6 0 *
Wi

0101100
-25 20 +20 0 +15 21 +10 9 +7 9 *
Fa
0  1e-07 6 9

0111000
+4 0 *
Sh

0101100
-23 0 +18 0 +13 0 +8 0 +5 0 +3 3 -3 5 *
So

1100000
+2 0 *

+1 0 ]]>
      </Part>
      <ElementMap new="1" count="1"><Element key="Dummy" value="Dummy"/></ElementMap>
      <ElementMap2 count="32">
<![CDATA[
35 PostfixCount 11
Edge
Face
Vertex
;:G;XTR;:H11cf:7,E
;:G;XTR;:H11cf:7,F
;:G0;XTR;:H11cf:8,F
;:U;XTR;:H11cf:7,E
;:U;XTR;:H11cf:7,V
;:H11cf,E
;:H11cf,F
;:H11cf,V

MapCount 1

ElementMap 1 35 3

Edge

ChildCount 0

NameCount 16
0
$#ce7d.4 0
$#ce7e.4 0
:1.1.9 0
$#ce8b.7 0
$#ce7f.4 0
:1.2.9 0
$#ce8c.7 0
$#ce80.4 0
:1.3.9 0
$#ce8d.7 0
$#ce81.4 0
:1.4.9 0
$#ce8e.7 0
:1.5.9 0
$#ce8f.7 0

Face

ChildCount 0

NameCount 8
0
$#ce83.5 0
$#ce84.5 0
$#ce85.5 0
$#ce86.5 0
$#ce87.5 0
:2.1.a 0
$#ce89.6 0

Vertex

ChildCount 0

NameCount 11
0
:3.1.b 0
$#ce91.8 0
:3.2.b 0
$#ce92.8 0
:3.3.b 0
$#ce93.8 0
:3.4.b 0
$#ce94.8 0
:3.5.b 0
$#ce95.8 0

EndMap
]]>
      </ElementMap2>
    </Property>
    <Property name="AddSubType" type="App::PropertyEnumeration">
      <Integer value="0"/>
    </Property>
    <Property name="AllowMultiFace" type="App::PropertyBool">
      <Bool value="true"/>
    </Property>
    <Property name="AlongSketchNormal" type="App::PropertyBool">
      <Bool value="false"/>
    </Property>
    <Property name="AutoTaperInnerAngle" type="App::PropertyBool">
      <Bool value="true"/>
    </Property>
    <Property name="BaseFeature" type="App::PropertyLink" status="8">
      <Link value="Pad004"/>
    </Property>
    <Property name="CheckUpToFaceLimits" type="App::PropertyBool">
      <Bool value="true"/>
    </Property>
    <Property name="ClaimChildren" type="App::PropertyBool" status="134217728">
      <Bool value="false"/>
    </Property>
    <Property name="ColoredElements" type="App::PropertyLinkSubHidden" status="218103808">
      <LinkSub value="" count="0">
      </LinkSub>
    </Property>
    <Property name="Direction" type="App::PropertyVector" status="4">
      <PropertyVector valueX="1.043187904716134e-13" valueY="-1" valueZ="-2.271580227498734e-15"/>
    </Property>
    <Property name="ExpressionEngine" type="App::PropertyExpressionEngine" status="67108864">
      <ExpressionEngine count="0"></ExpressionEngine>
    </Property>
    <Property name="Fit" type="App::PropertyDistance">
      <Float value="0"/>
    </Property>
    <Property name="FitJoin" type="App::PropertyEnumeration">
      <Integer value="0"/>
    </Property>
    <Property name="FixShape" type="App::PropertyEnumeration">
      <Integer value="0"/>
    </Property>
    <Property name="InnerFit" type="App::PropertyDistance">
      <Float value="0"/>
    </Property>
    <Property name="InnerFitJoin" type="App::PropertyEnumeration">
      <Integer value="0"/>
    </Property>
    <Property name="InvalidShape" type="App::PropertyBool" status="67108864">
      <Bool value="false"/>
    </Property>
    <Property name="Label" type="App::PropertyString" status="134217728">
      <String value="Pad005"/>
    </Property>
    <Property name="Label2" type="App::PropertyString" status="128">
      <String value=""/>
    </Property>
    <Property name="Length" type="App::PropertyLength">
      <Float value="20"/>
    </Property>
    <Property name="Length2" type="App::PropertyLength" status="4">
      <Float value="10"/>
    </Property>
    <Property name="Linearize" type="App::PropertyBool">
      <Bool value="true"/>
    </Property>
    <Property name="Midplane" type="App::PropertyBool">
      <Bool value="false"/>
    </Property>
    <Property name="NewSolid" type="App::PropertyBool">
      <Bool value="false"/>
    </Property>
    <Property name="Offset" type="App::PropertyLength" status="4">
      <Float value="0"/>
    </Property>
    <Property name="Placement" type="App::PropertyPlacement" status="8388620">
      <PropertyPlacement Px="0" Py="0" Pz="0" Q0="0" Q1="0" Q2="0" Q3="1" A="0" Ox="0" Oy="0" Oz="1"/>
    </Property>
    <Property name="Profile" type="App::PropertyLinkSub">
      <LinkSub value="ShapeBinder009" count="1">
        <Sub value=""/>
      </LinkSub>
    </Property>
    <Property name="ReferenceAxis" type="App::PropertyLinkSub">
      <LinkSub value="" count="0">
      </LinkSub>
    </Property>
    <Property name="Refine" type="App::PropertyBool">
      <Bool value="false"/>
    </Property>
    <Property name="Reversed" type="App::PropertyBool">
      <Bool value="true"/>
    </Property>
    <Property name="Shape" type="Part::PropertyPartShape">
      <Part HasherIndex="0" ElementMap="1.15.70200.4" brep="1">
<![CDATA[

CASCADE Topology V1, (c) Matra-Datavision
Locations 72
1
              1               0               0               0 
              0               1               0               0 
              0               0               1               0 
1
-8.88178419700125e-16 0.0610485395348569 -0.998134798421867 -26.4618566277271 
             -1 -1.10696661851224e-15 8.22133168409266e-16          -48.12 
-1.0547118733939e-15 0.998134798421867 0.0610485395348569 -0.601557366511353 
2  1 1 2 1 0
1
              1               0               0 18.9645611700155 
              0               1               0 -1.16018306073329e-14 
              0               0               1 -1.15992225116228 
2  1 1 2 1 4 1 0
2  2 -1 1 -1 0
2  4 -1 2 -1 1 -1 0
1
              1               0               0               0 
              0               1               0               0 
              0               0               1               0 
1
0.00532073080681961 0.0608162314108689 -0.998134798421867 -45.731660495417 
-0.996194698091746 0.0871557427476572 5.75259002756462e-16             -42 
0.086993179718741 0.994336594168737 0.061048539534857 -4.43230910745783 
1
              1               0               0 18.9645611700155 
              0               1               0 -8.43769498715119e-15 
              0               0               1 -1.15992225116228 
2  8 1 9 1 10 1 0
2  10 -1 9 -1 8 -1 0
1
              1               0               0               0 
              0               1               0               0 
              0               0               1               0 
1
2.22044604925031e-16 -3.33066907387547e-16               1               0 
              1 3.33066907387547e-16 -2.22044604925031e-16               0 
-3.33066907387547e-16               1 3.33066907387547e-16               0 
1
              1               0               0            -1.2 
              0               1               0 3.99680288865056e-16 
              0               0               1 -4.66293670342566e-16 
1
              1               0               0            3.65 
              0               1               0 -1.21569421196455e-15 
              0               0               1 1.41830991395864e-15 
1
              1               0               0               0 
              0               1               0               0 
              0               0               1               0 
1
              1               0               0               0 
              0               1               0               0 
              0               0               1               0 
1
-0.998134798421867 1.04671569390343e-13 0.0610485395348501 -4.44137980623023 
-1.04595958461709e-13              -1 4.43423343924803e-15          -60.71 
0.0610485395348501 -1.95946780529587e-15 0.998134798421867 8.07029944468401 
1
              1               0               0 -2.08637580943227e-12 
              0               1               0              20 
              0               0               1 4.54316045499747e-14 
2  13 1 14 1 15 1 16 1 17 1 18 1 19 1 20 1 0
2  20 -1 19 -1 18 -1 17 -1 16 -1 15 -1 14 -1 13 -1 0
2  13 1 14 1 15 1 16 1 17 1 18 1 19 1 0
2  19 -1 18 -1 17 -1 16 -1 15 -1 14 -1 13 -1 0
2  17 -1 16 -1 15 -1 14 -1 13 -1 0
2  18 1 19 1 20 1 0
2  8 1 9 1 0
2  9 -1 8 -1 0
2  17 1 18 1 19 1 20 1 0
2  13 1 14 1 15 1 17 1 18 1 19 1 20 1 0
2  17 -1 15 -1 14 -1 13 -1 0
2  17 -1 0
2  18 1 19 1 0
2  17 1 18 1 19 1 0
2  19 -1 18 -1 17 -1 0
2  13 1 14 1 15 1 17 1 18 1 19 1 0
1
              1               0               0 18.9645611700155 
              0               1               0 8.43769498715119e-15 
              0               0               1 -1.15992225116229 
1
              1               0               0               0 
              0               1               0               0 
              0               0               1               0 
1
1.11022302462516e-16 0.0610485395348572 -0.998134798421867 -64.3909789677581 
             -1 -8.79744038488903e-16 -1.65037218857825e-16          -47.99 
-8.88178419700125e-16 0.998134798421867 0.0610485395348572 1.71828713581434 
2  38 1 39 1 37 1 0
2  37 -1 39 -1 38 -1 0
2  38 1 39 1 0
2  39 -1 38 -1 0
1
              1               0               0               0 
              0               1               0               0 
              0               0               1               0 
1
-0.0106009676394945 0.0601210750439879 -0.998134798421867 -83.243521621639 
-0.984807753012093 -0.173648177667581 9.3856956877888e-17 -29.0868938774684 
-0.173324288812555 0.982970888037018 0.0610485395348524 4.70969593642275 
1
              1               0               0 18.9645611700155 
              0               1               0              -0 
              0               0               1 -1.15992225116219 
2  44 1 45 1 46 1 0
2  46 -1 45 -1 44 -1 0
2  44 1 45 1 0
1
              1               0               0               0 
              0               1               0               0 
              0               0               1               0 
1
              1               0               0               0 
              0               1               0               0 
              0               0               1               0 
1
0.998134798421867 -3.26391068054826e-17 0.061048539534853 -66.9362227037338 
2.35356918951523e-17               1 1.49836733027386e-16          -50.06 
-0.061048539534853 -1.48120437699339e-16 0.998134798421867 1.87396091162831 
1
              1               0               0 5.58946630794763e-15 
              0               1               0              20 
              0               0               1 -1.00179871285801e-14 
2  50 1 51 1 52 1 53 1 0
2  50 1 51 1 52 1 0
2  52 -1 51 -1 50 -1 0
1
              1               0               0               0 
              0               1               0               0 
              0               0               1               0 
1
2.22044604925031e-16 -3.33066907387547e-16               1               0 
              1 3.33066907387547e-16 -2.22044604925031e-16               0 
-3.33066907387547e-16               1 3.33066907387547e-16               0 
1
              1               0               0            -1.2 
              0               1               0 3.99680288865056e-16 
              0               0               1 -4.66293670342566e-16 
2  57 1 58 1 59 1 50 1 51 1 52 1 0
2  52 -1 51 -1 50 -1 59 -1 58 -1 57 -1 0
2  50 -1 59 -1 58 -1 57 -1 0
2  51 1 52 1 0
2  51 1 52 1 53 1 0
2  57 1 58 1 59 1 50 1 51 1 52 1 53 1 0
2  53 -1 52 -1 51 -1 50 -1 59 -1 58 -1 57 -1 0
1
              1               0               0            3.65 
              0               1               0 -1.21569421196455e-15 
              0               0               1 1.41830991395864e-15 
2  57 1 58 1 59 1 67 1 50 1 51 1 52 1 53 1 0
2  53 -1 52 -1 51 -1 50 -1 67 -1 59 -1 58 -1 57 -1 0
2  50 -1 67 -1 59 -1 58 -1 57 -1 0
2  57 1 58 1 59 1 67 1 50 1 51 1 52 1 0
2  52 -1 51 -1 50 -1 67 -1 59 -1 58 -1 57 -1 0
Curve2ds 10
8 -5.6506653606463111 4.4452333036158809
1 15.402554620053358 -15.250000000000007 -1 -2.4025920142278783e-16 
8 -5.6506653606463111 4.4452333036158809
1 1.2606464684316769 -15.571682151157134 -0.087155742747990234 -0.99619469809171646 
8 7.6249999999999982 11.275000000000002
1 10.957321316437472 -7.6249999999999956 2.1337098754514727e-16 -1 
8 7.6249999999999982 11.275000000000002
1 0.8732188581669349 7.6249999999999982 -3.2612801348363973e-16 -1 
8 -5.6506653606463111 4.4452333036158809
1 15.402554620053358 -18.900000000000002 -1 -2.4025920142278783e-16 
8 -5.6506653606463111 4.4452333036158809
1 1.2606464684316765 -15.571682151157134 -0.087155742747990234 -0.99619469809171646 
8 -5.0479493321507674 5.0479493321309876
1 5.0479493321309858 -18.900000000000009 -1 -1.6479873021779667e-16 
8 -5.0479493321507674 5.0479493321309876
1 0.8765672024812905 -4.9712596390950736 0.1736481776665959 -0.98480775301226708 
8 -5.0479493321507674 5.0479493321309885
1 5.0479493321309867 -15.249999999999993 -1 -1.6479873021779667e-16 
8 -5.0479493321507674 5.0479493321309885
1 0.8765672024812905 -4.9712596390950736 0.1736481776665959 -0.98480775301226708 
Curves 72
1 -26.002355098512236 -6.127352551931601 6.9112262271986875 0.99813479842186692 -6.10622663543836e-16 -0.061048539534856956 
1 -26.405794010470924 -27.086818019710886 0.3150583232394879 0.99813479842186692 -6.10622663543836e-16 -0.061048539534856956 
1 -41.992647448068404 7.5268226351674379 0 0.95371695074822693 -0.30070579950427323 0 
1 -25.564173262543374 -88.167665742147051 14.075435917542693 0.99813479842186692 -6.10622663543836e-16 -0.061048539534856956 
1 40.047665742147039 14.704419991427629 0 -0.99619469809174543 -0.087155742747658263 0 
1 -26.461856627727148 -48.119999999999997 -0.60155736651135294 0.99813479842186692 -6.10622663543836e-16 -0.061048539534856956 
1 -21.033181980289111 0.91832855762574717 0 0.9990482215818578 -0.043619387365335986 0 
1 39.64611319984332 14.853599310952809 0 -1 -1.1201330319861412e-16 0 
1 41.176846929303743 11.158081180907701 0 -0.38268343236510666 0.92387953251127974 0 
1 20.44363838909138 4.5322455158640018 0 0.88762269619018241 0.46057132912076831 0 
1 -39.646113199843292 14.8535993109528 0 -0.38268343236510288 -0.9238795325112813 0 
1 -41.176846929303693 11.158081180907701 0 0.92387953251128652 -0.38268343236509011 0 
1 -20.873106765236589 2.7479966380517671 0 0.99144486137381049 -0.13052619222005166 0 
1 0 0 0 0.99144486137381049 0.1305261922200511 0 
1 20.873106765236621 2.74799663805176 0 0.92387953251128652 0.38268343236509011 0 
1 0 0 0 0.97629600711993192 0.21643961393810893 0 
1 9.884818989337397 2.1914116113743964 1.2183980087303934e-31 0 -1 0 
1 -26.185169658170263 -68.563638389091381 3.9222345978639521 0.99813479842186692 -6.10622663543836e-16 -0.061048539534856956 
1 -6.7530275839686542 -70.594818989337625 10.407192553522894 -1.0431879047161341e-13 1 2.271580227498734e-15 
1 -44.617374266564745 -80.200671289206895 13.786109693285606 0.99813479842186692 -4.4408920985006252e-16 -0.061048539534857074 
1 -45.039266858310874 -1.2101757499487533 6.8882267917985658 0.99813479842186692 -4.4408920985006252e-16 -0.061048539534857074 
1 -44.833977130233251 -82.047665742147089 10.244684176596223 0.99813479842186692 -4.4408920985006252e-16 -0.061048539534857074 
1 -45.272158966202134 -0.0073525519316106625 3.0804744862522124 0.99813479842186692 -4.4408920985006252e-16 -0.061048539534857074 
1 -45.675597878160822 -20.966818019710889 -3.5156934177069896 0.99813479842186692 -4.4408920985006252e-16 -0.061048539534857074 
1 -45.731660495417039 -41.999999999999993 -4.4323091074578294 0.99813479842186692 -4.4408920985006252e-16 -0.061048539534857074 
1 -45.453477513761165 -62.554174604174193 0.1159424385263943 0.99813479842186692 -4.4408920985006252e-16 -0.061048539534857074 
1 9.884818989337397 2.1914116113743964 1.2183980087303934e-31 0 -1 0 
1 0.2725487389027863 9.8848189893373934 -9.4668213756213131 -0.99813479842186703 3.5277891872966517e-16 0.061048539534856894 
1 -1.1999999999999984 9.884818989337397 2.1914116113743929 1 -3.3306690738754696e-16 3.8857805861880484e-16 
1 -1.1999999999999984 9.884818989337397 2.1914116113743929 1 -3.3306690738754696e-16 3.8857805861880484e-16 
1 -7.4728760418973339 -70.594818989337654 -1.3622256983055401 -1.0431879047161341e-13 1 2.271580227498734e-15 
1 -4.3075973278422612 -70.594818989363432 10.257623631545151 -1.0431879047161341e-13 1 2.271580227498734e-15 
1 -40.789824250051261 11.34169043816031 0 -0.30070579950428744 -0.95371695074822249 0 
1 -41.992647448068404 7.5268226351674423 0 0.95371695074822682 -0.30070579950427345 0 
1 40.047665742147032 14.704419991427629 0 -0.88701083317822105 -0.46174861323503508 0 
1 38.200671289206838 18.252463324140461 0 0.46174861323505112 -0.88701083317821272 0 
1 38.200671289206838 18.252463324140461 0 -0.99619469809174566 -0.087155742747658166 0 
1 20.55417460417419 4.5567508047764704 0 -0.97629600711993347 -0.21643961393810246 0 
1 -21.033181980289129 0.91832855762575161 0 0.99904822158185769 -0.043619387365336153 0 
1 -3.1098355697288382 -70.594818989337242 10.184365384220701 -1.0431879047161341e-13 1 2.271580227498734e-15 
1 -3.81605533414228 -70.594818989337284 -1.3622256983055205 -1.0431879047161341e-13 1 2.271580227498734e-15 
1 -63.698585330651923 -7.2001757499487624 13.038823035070731 0.99813479842186692 4.4408920985006247e-16 -0.061048539534857171 
1 -63.931477438543183 -5.9973525519316127 9.2310707295243759 0.99813479842186692 4.4408920985006247e-16 -0.061048539534857171 
1 -64.334916350501857 -26.95681801971088 2.634902825565181 0.99813479842186692 4.4408920985006247e-16 -0.061048539534857171 
1 -63.493295602574243 -88.037665742147055 16.395280419868392 0.99813479842186692 4.4408920985006247e-16 -0.061048539534857171 
1 -64.112795986102171 -68.544174604174202 6.2665386817985622 0.99813479842186692 4.4408920985006247e-16 -0.061048539534857171 
1 -63.276692738905737 -86.190671289206861 19.936705936557765 0.99813479842186692 4.4408920985006247e-16 -0.061048539534857171 
1 -64.390978967758059 -47.990000000000009 1.7182871358143386 0.99813479842186692 4.4408920985006247e-16 -0.061048539534857171 
1 0 0 0 0.99619469809171701 0.08715574274798471 0 
1 -21.64273590342361 3.816198276113941 0 0.98480775301226597 -0.17364817766660218 0 
1 -20.948143192757222 7.7554292881630964 0 -0.17364817766659327 -0.98480775301226764 0 
1 40.256283787047117 13.11012280651661 0 -0.99619469809171668 -0.087155742747988152 0 
1 41.624364360351123 9.3513523233731188 0 -0.34202014332597402 0.93969262078579741 0 
1 20.973106122531611 1.834909024654592 0 0.9396926207857984 0.3420201433259708 0 
1 -83.355540137773531 -50.059999999999974 2.8782093869765637 0.99813479842186725 -0 -0.061048539534852286 
1 -68.103918792576508 -44.430837127033605 2.4387885063211097 0.0053207308068404062 0.99619469809171646 0.086993179719072847 
1 -75.691044740761114 -40.002519278190732 3.2909885999490234 0.99813479842186725 -3.0953121549239455e-16 -0.061048539534852314 
1 -64.460726778336692 -44.430837127033605 2.2159613370188982 0.0053207308068404062 0.99619469809171646 0.086993179719072847 
1 -83.243521621639033 -29.086893877468373 4.7096959364227455 0.99813479842186725 -0 -0.061048539534852286 
1 -82.784653735755725 -8.4356356396489574 12.212119553238661 0.99813479842186725 -0 -0.061048539534852286 
1 -82.55518628731312 -9.8037162129528674 15.963879171744942 0.99813479842186725 -0 -0.061048539534852286 
1 -82.882082506265348 -71.008143192757217 10.619173236192392 0.99813479842186725 -0 -0.061048539534852286 
1 -83.122566806441355 -71.702735903423672 6.6872896840433116 0.99813479842186725 -0 -0.061048539534852286 
1 -64.437279300084811 -55.031259639095666 2.5993242177163109 -0.010600967639434021 0.98480775301226697 -0.1733242888115728 
1 -1.2000000000000028 -9.942519278190737 1.7531344049590809 1 -3.3306690738754696e-16 3.8857805861880484e-16 
1 -1.2000000000000028 -9.942519278190737 1.7531344049590809 1 -3.3306690738754696e-16 3.8857805861880484e-16 
1 -68.08047131432464 -55.031259639095666 2.8221513870185237 -0.010600967639434021 0.98480775301226697 -0.1733242888115728 
1 -9.942519278190737 1.753134404959078 -1.2255101184329518e-31 0 -1 0 
1 -68.33361318611901 -60.002519278190746 -1.3166816317693701 2.7947331539738161e-16 1 -5.0089935642900312e-16 
1 -1.0469584770579625 -9.9425192781907423 -3.2606395794650496 0.99813479842186703 -3.1211242220286279e-16 0.061048539534856887 
1 -9.942519278190737 1.753134404959078 -1.2255101184329518e-31 0 -1 0 
1 -64.676792478363964 -60.002519278190746 -1.316681631769363 2.7947331539738161e-16 1 -5.0089935642900312e-16 
Polygon3D 0
PolygonOnTriangulations 0
Surfaces 39
1 -26.002355098512236 -6.127352551931601 6.9112262271986875 -0.058223026972816158 0.30070579950427423 -0.95193807638659877 -0.018357649889398236 -0.9537169507482266 -0.30014492257248504 -0.99813479842186703 8.0144224590128488e-16 0.061048539534857026 
1 -25.564173262543374 -88.167665742147051 14.075435917542693 0.060816231410868886 0.087155742747657181 0.99433659416873721 -0.0053207308068193527 0.99619469809174577 -0.086993179718740959 -0.99813479842186692 8.2399365108898317e-16 0.061048539534856942 
1 -26.405794010470924 -27.086818019710886 0.31505832323948835 -0.06099043485246855 0.043619387365337096 -0.99718479526233228 -0.0026628998940598412 -0.99904822158185769 -0.043538028415186024 -0.99813479842186703 8.2139156587501816e-16 0.06104853953485697 
1 -25.998667840071583 -47.454994556236862 6.971512369806848 0.99813479842186703 -8.048187449871153e-16 -0.061048539534856727 0.061048539534856727 0 0.99813479842186703 -8.0331759579385414e-16 -1 4.913300897173967e-17 
1 -45.154453097716868 -41.172804063998456 5.0049484246755487 0.99813479842186703 -5.6848714201562059e-16 -0.061048539534857039 0.061048539534857039 0 0.99813479842186703 -5.6742679890118462e-16 -1 3.4705309764398495e-17 
1 -26.185169658170263 -68.563638389091381 3.9222345978639521 -0.054188069260402996 -0.46057132912076743 -0.88596710093646236 0.028117206994450049 -0.88762269619018297 0.45971227075084858 -0.99813479842186692 7.8409501114151661e-16 0.061048539534856866 
1 -6.7530275839686569 -70.594818989337611 10.407192553522899 -0.99813479842186736 -1.0426289155432191e-13 0.061048539534850427 -0.061048539534850427 -4.1011665318605199e-15 -0.99813479842186736 1.0431879047161342e-13 -1 -2.2715802274987347e-15 
1 -26.461856627727148 -48.119999999999997 -0.60155736651135294 -0.059601445388384314 -0.21643961393810793 -0.97447501826672722 0.013213322328408952 -0.97629600711993236 0.21603591042862014 -0.99813479842186692 8.2052420413702956e-16 0.061048539534856915 
1 -44.617374266564745 -80.200671289206895 13.786109693285606 0.060816231410868983 0.087155742747657319 0.9943365941687371 -0.0053207308068196155 0.99619469809174566 -0.086993179718741084 -0.99813479842186703 5.7853027923826526e-16 0.061048539534857081 
1 -44.833977130233251 -82.047665742147089 10.244684176596223 0.028189078470244943 -0.88701083317821372 0.46088735899294253 0.054150715917126918 0.46174861323504929 0.88535637917234866 -0.99813479842186703 4.4755865680201623e-16 0.061048539534857095 
1 -45.039266858310874 -1.2101757499487533 6.8882267917985658 0.018357649889398728 0.95371695074822238 0.30014492257249842 -0.058223026972815964 0.30070579950428761 -0.95193807638659467 -0.99813479842186703 4.7184478546569153e-16 0.061048539534856984 
1 -45.272158966202134 -0.0073525519316106625 3.0804744862522124 -0.058223026972816318 0.30070579950427445 -0.95193807638659877 -0.018357649889398038 -0.9537169507482266 -0.30014492257248526 -0.99813479842186692 5.4817261840867094e-16 0.061048539534857109 
1 -45.675597878160822 -20.966818019710889 -3.5156934177069896 -0.060990434852468675 0.043619387365337048 -0.99718479526233228 -0.0026628998940595944 -0.99904822158185769 -0.043538028415185989 -0.99813479842186703 5.7202506620335214e-16 0.061048539534857081 
1 -45.731660495417039 -41.999999999999993 -4.4323091074578294 -0.059601445388384473 -0.21643961393810146 -0.97447501826672855 0.013213322328408817 -0.9762960071199337 0.21603591042861364 -0.99813479842186703 5.8286708792820728e-16 0.061048539534857053 
1 -45.453477513761165 -62.554174604174193 0.11594243852639519 -0.054150715917127404 -0.46174861323503352 -0.88535637917235688 0.028189078470243836 -0.88701083317822205 0.46088735899292688 -0.99813479842186692 5.7592819402429986e-16 0.061048539534857005 
1 -1.1999999999999984 9.884818989337397 2.1914116113743929 3.3306690738754711e-16 1 -3.3306690738754696e-16 3.3306690738754691e-16 -3.3306690738754706e-16 -1 -1 3.3306690738754701e-16 -3.3306690738754701e-16 
1 -4.3075973278350812 -70.594818989337355 10.257623631662515 0.061048539534850482 4.1011665318605262e-15 0.99813479842186736 -0.99813479842186736 -1.042628915543219e-13 0.061048539534850482 1.0431879047161341e-13 -1 -2.271580227498734e-15 
1 -3.10983556972884 -70.594818989337227 10.184365384220694 0.061048539534850482 4.1011665318605262e-15 0.99813479842186736 -0.99813479842186736 -1.042628915543219e-13 0.061048539534850482 1.0431879047161341e-13 -1 -2.271580227498734e-15 
1 -63.813771570057902 -47.16280406399845 11.15554466794771 0.99813479842186692 1.3754521344513081e-16 -0.061048539534857116 0.061048539534857116 0 0.99813479842186692 1.3728866389594829e-16 -1 -8.3969344008354292e-18 
1 -3.10983556972884 -70.594818989337227 10.184365384220694 -0.99813479842186736 -1.0426289155432191e-13 0.061048539534850427 -0.061048539534850427 -4.1011665318605199e-15 -0.99813479842186736 1.0431879047161342e-13 -1 -2.2715802274987347e-15 
1 -7.4728760418973366 -70.594818989337668 -1.3622256983055443 6.8070549197327544e-15 2.2715802274994439e-15 -1 1 1.0431879047161338e-13 6.807054919732991e-15 1.0431879047161339e-13 -1 -2.271580227498734e-15 
1 -63.698585330651923 -7.2001757499487553 13.038823035070731 0.018357649889397955 0.95371695074822216 0.30014492257249908 -0.058223026972816352 0.30070579950428822 -0.95193807638659433 -0.99813479842186692 -4.2327252813834093e-16 0.06104853953485713 
1 -63.931477438543183 -5.9973525519316127 9.2310707295243759 -0.058223026972816672 0.30070579950427423 -0.95193807638659877 -0.018357649889397375 -0.95371695074822671 -0.3001449225724851 -0.99813479842186692 -1.7347234759768066e-16 0.061048539534857248 
1 -63.493295602574243 -88.037665742147055 16.395280419868392 0.054150715917127057 0.46174861323503441 0.88535637917235643 -0.028189078470244624 0.88701083317822138 -0.4608873589929276 -0.99813479842186703 -2.324529457808922e-16 0.061048539534857074 
1 -63.276692738905737 -86.190671289206861 19.936705936557765 -0.028189078470245835 0.88701083317821316 -0.46088735899294359 -0.05415071591712671 -0.4617486132350504 -0.88535637917234811 -0.99813479842186703 -3.6429192995512949e-16 0.061048539534857324 
1 -63.276692738905737 -86.190671289206861 19.936705936557765 0.060816231410868997 0.087155742747657292 0.9943365941687371 -0.0053207308068203667 0.99619469809174566 -0.086993179718741001 -0.99813479842186692 -1.717376241217039e-16 0.061048539534857151 
1 -64.112795986102171 -68.544174604174202 6.2665386817985622 0.059601445388384376 0.2164396139381016 0.97447501826672855 -0.013213322328409587 0.9762960071199337 -0.21603591042861375 -0.99813479842186703 -1.8388068845354155e-16 0.061048539534857123 
1 -64.334916350501857 -26.95681801971088 2.634902825565181 -0.060990434852468814 0.043619387365337048 -0.99718479526233228 -0.0026628998940588645 -0.99904822158185769 -0.043538028415186031 -0.99813479842186703 -1.6479873021779667e-16 0.061048539534857192 
1 -82.949954510346885 -40.074424842360514 9.5094757785858839 0.99813479842186725 -1.967616938580956e-16 -0.061048539534852515 0.061048539534852515 1.5407439555097887e-33 0.99813479842186725 -1.9639469363619539e-16 -1 1.2012014046440499e-17 
1 -83.243521621639033 -29.086893877468373 4.7096959364227455 -0.060816231410862398 0.087155742747989762 -0.99433659416870845 -0.0053207308068401668 -0.99619469809171646 -0.086993179719072875 -0.99813479842186725 9.8011876392689601e-17 0.061048539534852293 
1 -68.026958166808996 -60.002519278190739 3.6970836149704085 -0.99813479842186725 3.0953121549239465e-16 0.06104853953485264 -0.06104853953485264 -4.829036404149327e-16 -0.99813479842186725 -2.7947331539738161e-16 -1 5.0089935642900312e-16 
1 -1.2000000000000028 -9.942519278190737 1.7531344049590809 3.3306690738754711e-16 1 -3.3306690738754696e-16 3.3306690738754691e-16 -3.3306690738754706e-16 -1 -1 3.3306690738754701e-16 -3.3306690738754701e-16 
1 -64.38376615256918 -60.002519278190739 3.4742564456681966 -0.99813479842186725 3.0953121549239465e-16 0.06104853953485264 -0.06104853953485264 -4.829036404149327e-16 -0.99813479842186725 -2.7947331539738161e-16 -1 5.0089935642900312e-16 
1 -82.784653735755725 -8.4356356396489574 12.212119553238661 -0.057366862110650639 0.34202014332597636 -0.93793990462654697 -0.020879830241551829 -0.93969262078579641 -0.34138220681489162 -0.99813479842186725 1.0755285551056205e-16 0.061048539534852321 
1 -82.55518628731312 -9.8037162129528603 15.963879171744944 0.020879830241551198 0.93969262078579963 0.34138220681488313 -0.057366862110650882 0.34202014332596797 -0.93793990462655019 -0.99813479842186725 -1.3877787807814454e-17 0.061048539534852321 
1 -82.882082506265348 -71.008143192757217 10.619173236192392 0.060816231410862419 -0.087155742747986306 0.99433659416870879 0.005320730806839956 0.9961946980917169 0.086993179719069433 -0.99813479842186725 9.8011876392689576e-17 0.061048539534852293 
1 -83.122566806441355 -71.702735903423672 6.6872896840433116 0.010600967639434463 -0.98480775301226642 0.17332428881157602 0.060121075043998481 0.17364817766659965 0.98297088803719068 -0.99813479842186725 1.3877787807814454e-17 0.06104853953485237 
1 -83.355540137773531 -50.059999999999974 2.8782093869765637 -0.060121075043998426 -0.17364817766659638 -0.98297088803719113 0.010600967639434184 -0.98480775301226697 0.17332428881157277 -0.99813479842186736 7.8062556418956319e-17 0.061048539534852279 
1 -68.33361318611901 -60.002519278190746 -1.3166816317693748 3.9204750557075832e-15 -5.0089935642900421e-16 -1 1 -2.7947331539737954e-16 3.9204750557075832e-15 -2.7947331539738151e-16 -1 5.0089935642900312e-16 
Triangulations 0

TShapes 280
Ve
1e-07
-41.9926474480684 7.52682263516744 0
0 0

0101101
*
Ed
 1e-07 1 1 0
1  1 0 0 19
0

0101000
+280 3 -280 5 *
Ve
1.00000181555922e-07
-26.4057940104709 -27.0868180197109 0.315058323239488
0 0

0101101
*
Ve
1.00000000444089e-07
-21.0331819802891 0.918328557625747 0
0 0

0101101
*
Ed
 1.00000000444089e-07 1 1 0
1  2 0 0 19
0

0101000
+278 0 -277 5 *
Ve
1.00000185101582e-07
-26.0384321629124 -8.00162883778152 6.32137143825474
0 0

0101101
*
Ed
 1e-07 1 1 0
1  3 0 0 1.96523327427439
0

0101000
+280 0 -275 6 *
Ed
 1.00000181555922e-07 1 1 0
1  3 0 1.96523327427439 21.9766099903497
0

0101000
+275 6 -278 6 *
Ed
 1e-07 1 1 0
1  3 0 0 21.9766099903497
0

0101000
+280 0 -277 0 *
Wi

0101100
+279 0 -276 0 -274 3 -273 3 +272 5 *
Fa
0  1e-07 1 0

0111000
+271 0 *
Ve
1e-07
40.047665742147 14.7044199914276 0
0 0

0101101
*
Ed
 1e-07 1 1 0
1  4 0 0 19
0

0101000
+269 3 -269 5 *
Ed
 1e-07 1 1 0
1  5 0 0 82.3536938586074
0

0101000
+269 0 -280 0 *
Ve
1.00241266944876e-07
-6.75302758396942 -59.4438485208532 10.4071925535229
0 0

0101101
*
Ed
 1e-07 1 1 0
1  5 0 0 28.833537536704
0

0101000
+269 0 -266 7 *
Ve
1.00001720931352e-07
-6.80029073858111 -50.5948189893376 9.63444680628477
0 0

0101101
*
Ed
 1.00001646246787e-07 1 1 0
1  5 0 28.833537536704 37.7163689234463
0

0101000
+266 7 -264 7 *
Ed
 1e-07 1 1 0
1  5 0 37.7163689234463 82.3536938586074
0

0101000
+264 7 -280 0 *
Wi

0101100
+268 0 -279 0 -267 3 +265 5 +263 5 +262 5 *
Fa
0  1e-07 2 0

0111000
+261 0 *
Ve
1.00000181524834e-07
-26.4618566277271 -48.12 -0.601557366511353
0 0

0101101
*
Ve
1e-07
0 0 0
0 0

0101101
*
Ed
 1e-07 1 1 0
1  6 0 0 19
0

0101000
+259 0 -258 5 *
Ed
 1.00000181524834e-07 1 1 0
1  7 0 0 21.0532199806991
0

0101000
+278 6 -259 6 *
Ed
 1e-07 1 1 0
1  7 0 0 21.0532199806991
0

0101000
+277 0 -258 0 *
Wi

0101100
+276 0 -257 0 -256 3 +255 5 *
Fa
0  1e-07 3 0

0111000
+254 0 *
Ve
1.00000185101582e-07
-25.6528130965493 -80.2006712892069 12.6261874421233
0 0

0101101
*
Ed
 1.00000185101582e-07 1 1 0
1  8 0 0 72.4748310643751
0

0101000
+252 12 -275 12 *
Ve
1.00000170862999e-07
-25.7817232959979 -81.2999015545722 10.5185243117415
0 0

0101101
*
Ed
 1.00000167317351e-07 1 1 0
1  9 0 1.61941837212252 3.99999999999999
0

0101000
+250 12 -252 12 *
Ed
 1e-07 1 1 0
1  10 0 14.3487353581053 22.085991533564
0

0101000
+250 6 -269 0 *
Wi

0101100
-274 3 +251 11 +249 11 -248 3 -267 3 *
Fa
0  1e-07 4 0

0111000
+247 0 *
Ve
1e-07
-39.6461131998433 14.8535993109528 0
0 0

0101101
*
Ve
1e-07
-41.1768469293037 11.1580811809077 0
0 0

0101101
*
Ed
 1e-07 1 1 0
1  11 0 0 3.99999999999997
0

0101000
+245 0 -244 0 *
Ve
1.00000000222045e-07
-20.8731067652366 2.74799663805177 0
0 0

0101101
*
Ed
 1e-07 1 1 0
1  12 0 0 21.9766099903497
0

0101000
+244 0 -242 0 *
Ve
1e-07
0 0 0
0 0

0101101
*
Ed
 1e-07 1 1 0
1  13 0 0 21.0532199806991
0

0101000
+242 0 -240 0 *
Ve
1.00000000222045e-07
20.8731067652366 2.74799663805176 0
0 0

0101101
*
Ed
 1e-07 1 1 0
1  14 0 0 21.0532199806992
0

0101000
+240 0 -238 0 *
Ve
1e-07
41.1768469293037 11.1580811809077 0
0 0

0101101
*
Ed
 1e-07 1 1 0
1  15 0 0 21.9766099903497
0

0101000
+238 0 -236 0 *
Ed
 1e-07 1 1 0
1  9 0 0 1.61941837212252
0

0101000
+236 0 -250 12 *
Ve
1.00000174403866e-07
-26.1851696581703 -68.5636383890914 3.92223459786395
0 0

0101101
*
Ed
 1.00000170862999e-07 1 1 0
1  10 0 0 14.3487353581053
0

0101000
+233 6 -250 6 *
Ed
 1.00000174403866e-07 1 1 0
1  16 0 0 20.94
0

0101000
+259 6 -233 6 *
Ed
 1e-07 1 1 0
1  8 0 72.4748310643751 79.2922263996866
0

0101000
