<?xml version='1.0' encoding='utf-8'?>
<!-- FreeCAD DocumentObject -->
<Document SchemaVersion="4" FileVersion="2">
<Object name="Pad002">
  <Properties Count="47" TransientCount="2">
    <_Property name="_Body" type="App::PropertyLinkHidden" status="251658240"/>
    <_Property name="_ElementMapVersion" type="App::PropertyString" status="234881024"/>
    <Property name="AddSubShape" type="Part::PropertyPartShape">
      <Part HasherIndex="0" ElementMap="1.15.70200.4" brep="1">
<![CDATA[

CASCADE Topology V1, (c) Matra-Datavision
Locations 5
1
              1               0               0               0 
              0               1               0               0 
              0               0               1               0 
1
1.11022302462516e-16 0.0610485395348572 -0.998134798421867 -64.3909789677581 
             -1 -8.79744038488903e-16 -1.65037218857825e-16          -47.99 
-8.88178419700125e-16 0.998134798421867 0.0610485395348572 1.71828713581434 
2  1 1 2 1 0
1
              1               0               0 18.9645611700155 
              0               1               0 8.43769498715119e-15 
              0               0               1 -1.15992225116229 
2  1 1 2 1 4 1 0
Curve2ds 0
Curves 14
1 -63.698585330651923 -7.2001757499487624 13.038823035070731 0.99813479842186692 4.4408920985006247e-16 -0.061048539534857171 
1 -63.931477438543183 -5.9973525519316127 9.2310707295243759 0.99813479842186692 4.4408920985006247e-16 -0.061048539534857171 
1 -40.789824250051261 11.34169043816031 0 -0.30070579950428744 -0.95371695074822249 0 
1 -64.334916350501857 -26.95681801971088 2.634902825565181 0.99813479842186692 4.4408920985006247e-16 -0.061048539534857171 
1 -41.992647448068404 7.5268226351674423 0 0.95371695074822682 -0.30070579950427345 0 
1 -64.390978967758059 -47.990000000000009 1.7182871358143386 0.99813479842186692 4.4408920985006247e-16 -0.061048539534857171 
1 -21.033181980289129 0.91832855762575161 0 0.99904822158185769 -0.043619387365336153 0 
1 -64.112795986102171 -68.544174604174202 6.2665386817985622 0.99813479842186692 4.4408920985006247e-16 -0.061048539534857171 
1 20.55417460417419 4.5567508047764704 0 -0.97629600711993347 -0.21643961393810246 0 
1 -63.493295602574243 -88.037665742147055 16.395280419868392 0.99813479842186692 4.4408920985006247e-16 -0.061048539534857171 
1 40.047665742147032 14.704419991427629 0 -0.88701083317822105 -0.46174861323503508 0 
1 -63.276692738905737 -86.190671289206861 19.936705936557765 0.99813479842186692 4.4408920985006247e-16 -0.061048539534857171 
1 38.200671289206838 18.252463324140461 0 0.46174861323505112 -0.88701083317821272 0 
1 38.200671289206838 18.252463324140461 0 -0.99619469809174566 -0.087155742747658166 0 
Polygon3D 0
PolygonOnTriangulations 0
Surfaces 8
1 -63.698585330651923 -7.2001757499487553 13.038823035070731 0.018357649889397955 0.95371695074822216 0.30014492257249908 -0.058223026972816352 0.30070579950428822 -0.95193807638659433 -0.99813479842186692 -4.2327252813834093e-16 0.06104853953485713 
1 -63.931477438543183 -5.9973525519316127 9.2310707295243759 -0.058223026972816672 0.30070579950427423 -0.95193807638659877 -0.018357649889397375 -0.95371695074822671 -0.3001449225724851 -0.99813479842186692 -1.7347234759768066e-16 0.061048539534857248 
1 -64.334916350501857 -26.95681801971088 2.634902825565181 -0.060990434852468814 0.043619387365337048 -0.99718479526233228 -0.0026628998940588645 -0.99904822158185769 -0.043538028415186031 -0.99813479842186703 -1.6479873021779667e-16 0.061048539534857192 
1 -64.112795986102171 -68.544174604174202 6.2665386817985622 0.059601445388384376 0.2164396139381016 0.97447501826672855 -0.013213322328409587 0.9762960071199337 -0.21603591042861375 -0.99813479842186703 -1.8388068845354155e-16 0.061048539534857123 
1 -63.493295602574243 -88.037665742147055 16.395280419868392 0.054150715917127057 0.46174861323503441 0.88535637917235643 -0.028189078470244624 0.88701083317822138 -0.4608873589929276 -0.99813479842186703 -2.324529457808922e-16 0.061048539534857074 
1 -63.276692738905737 -86.190671289206861 19.936705936557765 -0.028189078470245835 0.88701083317821316 -0.46088735899294359 -0.05415071591712671 -0.4617486132350504 -0.88535637917234811 -0.99813479842186703 -3.6429192995512949e-16 0.061048539534857324 
1 -63.276692738905737 -86.190671289206861 19.936705936557765 0.060816231410868997 0.087155742747657292 0.9943365941687371 -0.0053207308068203667 0.99619469809174566 -0.086993179718741001 -0.99813479842186692 -1.717376241217039e-16 0.061048539534857151 
1 -63.813771570057902 -47.16280406399845 11.15554466794771 0.99813479842186692 1.3754521344513081e-16 -0.061048539534857116 0.061048539534857116 0 0.99813479842186692 1.3728866389594829e-16 -1 -8.3969344008354292e-18 
Triangulations 0

TShapes 39
Ve
1.00000003552714e-07
-40.7898242500513 11.3416904381603 0
0 0

0101101
*
Ed
 1.00000003552714e-07 1 1 0
1  1 0 0 19
0

0101000
+39 3 -39 5 *
Ve
1e-07
-41.9926474480684 7.52682263516744 0
0 0

0101101
*
Ed
 1e-07 1 1 0
1  2 0 0 19
0

0101000
+37 3 -37 5 *
Ed
 1e-07 1 1 0
1  3 0 0 3.99999999999998
0

0101000
+39 0 -37 0 *
Wi

0101100
+38 0 -36 0 -35 3 +35 5 *
Fa
0  1e-07 1 0

0111000
+34 0 *
Ve
1e-07
-21.0331819802891 0.918328557625752 0
0 0

0101101
*
Ed
 1e-07 1 1 0
1  4 0 0 19
0

0101000
+32 3 -32 5 *
Ed
 1e-07 1 1 0
1  5 0 0 21.9766099903496
0

0101000
+37 0 -32 0 *
Wi

0101100
+36 0 -31 0 -30 3 +30 5 *
Fa
0  1e-07 2 0

0101000
+29 0 *
Ve
1e-07
0 0 0
0 0

0101101
*
Ed
 1e-07 1 1 0
1  6 0 0 19
0

0101000
+27 3 -27 5 *
Ed
 1e-07 1 1 0
1  7 0 0 21.0532199806992
0

0101000
+32 0 -27 0 *
Wi

0101100
+31 0 -26 0 -25 3 +25 5 *
Fa
0  1e-07 3 0

0101000
+24 0 *
Ve
1e-07
20.5541746041742 4.55675080477647 0
0 0

0101101
*
Ed
 1e-07 1 1 0
1  8 0 0 19
0

0101000
+22 3 -22 5 *
Ed
 1e-07 1 1 0
1  9 0 0 21.0532199806992
0

0101000
+22 0 -27 0 *
Wi

0101100
+21 0 -26 0 -20 3 +20 5 *
Fa
0  1e-07 4 0

0101000
+19 0 *
Ve
1e-07
40.047665742147 14.7044199914276 0
0 0

0101101
*
Ed
 1e-07 1 1 0
1  10 0 0 19
0

0101000
+17 3 -17 5 *
Ed
 1e-07 1 1 0
1  11 0 0 21.9766099903496
0

0101000
+17 0 -22 0 *
Wi

0101100
+16 0 -21 0 -15 3 +15 5 *
Fa
0  1e-07 5 0

0101000
+14 0 *
Ve
1e-07
38.2006712892068 18.2524633241405 0
0 0

0101101
*
Ed
 1e-07 1 1 0
1  12 0 0 19
0

0101000
+12 3 -12 5 *
Ed
 1e-07 1 1 0
1  13 0 0 3.99999999999998
0

0101000
+12 0 -17 0 *
Wi

0101100
+11 0 -16 0 -10 3 +10 5 *
Fa
0  1e-07 6 0

0111000
+9 0 *
Ed
 1e-07 1 1 0
1  14 0 0 79.2922263996866
0

0101000
+12 0 -39 0 *
Wi

0101100
+11 0 -38 0 -7 3 +7 5 *
Fa
0  1e-07 7 0

0111000
+6 0 *
Wi

0101100
+35 0 +30 0 +25 0 -20 0 -15 0 -10 0 +7 0 *
Fa
0  1e-07 8 0

0111000
-4 3 *
Sh

0101100
-33 0 -28 0 -23 0 +18 0 +13 0 +8 0 -5 0 +3 0 -3 4 *
So

1100000
-2 0 *

+1 0 ]]>
      </Part>
      <ElementMap new="1" count="1"><Element key="Dummy" value="Dummy"/></ElementMap>
      <ElementMap2 count="51">
<![CDATA[
29 PostfixCount 11
Edge
Face
Vertex
;:G;XTR;:H11be:7,F
;FAC;:H11be:4,F
;:G;XTR;:H11be:7,E
;:G0;XTR;:H11be:8,F
;:U;XTR;:H11be:7,E
;:U;XTR;:H11be:7,V
;SKT;:H,E;:H11be:5,E
;SKT;:H,V;:H11be:5,V

MapCount 1

ElementMap 1 29 3

Edge

ChildCount 0

NameCount 22
0
$#ccdb.6 0
$#ccdc.6 0
;g7.a 0
$#cceb.8 0
$#ccdd.6 0
;g8.a 0
$#ccec.8 0
$#ccde.6 0
;g9.a 0
$#cced.8 0
$#ccdf.6 0
;g10.a 0
$#ccee.8 0
$#cce0.6 0
;g11.a 0
$#ccef.8 0
$#cce1.6 0
;g12.a 0
$#ccf0.8 0
;g13.a 0
$#ccf1.8 0

Face

ChildCount 0

NameCount 10
0
$#ccd9.4 0
$#cce2.4 0
$#cce3.4 0
$#cce4.4 0
$#cce5.4 0
$#cce6.4 0
$#cce7.4 0
$#ccd9.5 0
$#cce9.7 0

Vertex

ChildCount 0

NameCount 15
0
;g7v1.b ;g13v2.b 0
$#ccf3.9 0
;g7v2.b ;g8v1.b 0
$#ccf4.9 0
;g8v2.b ;g9v1.b 0
$#ccf5.9 0
;g9v2.b ;g10v2.b 0
$#ccf6.9 0
;g10v1.b ;g11v2.b 0
$#ccf7.9 0
;g11v1.b ;g12v2.b 0
$#ccf8.9 0
;g12v1.b ;g13v1.b 0
$#ccf9.9 0

EndMap
]]>
      </ElementMap2>
    </Property>
    <Property name="AddSubType" type="App::PropertyEnumeration">
      <Integer value="0"/>
    </Property>
    <Property name="AllowMultiFace" type="App::PropertyBool">
      <Bool value="true"/>
    </Property>
    <Property name="AlongSketchNormal" type="App::PropertyBool">
      <Bool value="false"/>
    </Property>
    <Property name="AutoTaperInnerAngle" type="App::PropertyBool">
      <Bool value="true"/>
    </Property>
    <Property name="BaseFeature" type="App::PropertyLink" status="8">
      <Link value="Pad001"/>
    </Property>
    <Property name="CheckUpToFaceLimits" type="App::PropertyBool">
      <Bool value="true"/>
    </Property>
    <Property name="ClaimChildren" type="App::PropertyBool" status="134217728">
      <Bool value="false"/>
    </Property>
    <Property name="ColoredElements" type="App::PropertyLinkSubHidden" status="218103808">
      <LinkSub value="" count="0">
      </LinkSub>
    </Property>
    <Property name="Direction" type="App::PropertyVector" status="4">
      <PropertyVector valueX="-0.9981347984218673" valueY="-4.440892098500626e-16" valueZ="0.0610485395348572"/>
    </Property>
    <Property name="ExpressionEngine" type="App::PropertyExpressionEngine" status="67108864">
      <ExpressionEngine count="0"></ExpressionEngine>
    </Property>
    <Property name="Fit" type="App::PropertyDistance">
      <Float value="0"/>
    </Property>
    <Property name="FitJoin" type="App::PropertyEnumeration">
      <Integer value="0"/>
    </Property>
    <Property name="FixShape" type="App::PropertyEnumeration">
      <Integer value="0"/>
    </Property>
    <Property name="InnerFit" type="App::PropertyDistance">
      <Float value="0"/>
    </Property>
    <Property name="InnerFitJoin" type="App::PropertyEnumeration">
      <Integer value="0"/>
    </Property>
    <Property name="InvalidShape" type="App::PropertyBool" status="67108864">
      <Bool value="false"/>
    </Property>
    <Property name="Label" type="App::PropertyString" status="134217728">
      <String value="Pad002"/>
    </Property>
    <Property name="Label2" type="App::PropertyString" status="128">
      <String value=""/>
    </Property>
    <Property name="Length" type="App::PropertyLength">
      <Float value="19"/>
    </Property>
    <Property name="Length2" type="App::PropertyLength" status="4">
      <Float value="10"/>
    </Property>
    <Property name="Linearize" type="App::PropertyBool">
      <Bool value="true"/>
    </Property>
    <Property name="Midplane" type="App::PropertyBool">
      <Bool value="false"/>
    </Property>
    <Property name="NewSolid" type="App::PropertyBool">
      <Bool value="false"/>
    </Property>
    <Property name="Offset" type="App::PropertyLength" status="4">
      <Float value="0"/>
    </Property>
    <Property name="Placement" type="App::PropertyPlacement" status="8388620">
      <PropertyPlacement Px="0" Py="0" Pz="0" Q0="0" Q1="0" Q2="0" Q3="1" A="0" Ox="0" Oy="0" Oz="1"/>
    </Property>
    <Property name="Profile" type="App::PropertyLinkSub">
      <LinkSub value="Sketch001" count="1">
        <Sub value=""/>
      </LinkSub>
    </Property>
    <Property name="ReferenceAxis" type="App::PropertyLinkSub">
      <LinkSub value="Sketch001" count="1">
        <Sub value="N_Axis"/>
      </LinkSub>
    </Property>
    <Property name="Refine" type="App::PropertyBool">
      <Bool value="false"/>
    </Property>
    <Property name="Reversed" type="App::PropertyBool">
      <Bool value="true"/>
    </Property>
    <Property name="Shape" type="Part::PropertyPartShape">
      <Part HasherIndex="0" ElementMap="1.15.70200.4" brep="1">
<![CDATA[

CASCADE Topology V1, (c) Matra-Datavision
Locations 19
1
              1               0               0               0 
              0               1               0               0 
              0               0               1               0 
1
-8.88178419700125e-16 0.0610485395348569 -0.998134798421867 -26.4618566277271 
             -1 -1.10696661851224e-15 8.22133168409266e-16          -48.12 
-1.0547118733939e-15 0.998134798421867 0.0610485395348569 -0.601557366511353 
2  1 1 2 1 0
1
              1               0               0 18.9645611700155 
              0               1               0 -1.16018306073329e-14 
              0               0               1 -1.15992225116228 
2  1 1 2 1 4 1 0
2  2 -1 1 -1 0
1
              1               0               0               0 
              0               1               0               0 
              0               0               1               0 
1
0.00532073080681961 0.0608162314108689 -0.998134798421867 -45.731660495417 
-0.996194698091746 0.0871557427476572 5.75259002756462e-16             -42 
0.086993179718741 0.994336594168737 0.061048539534857 -4.43230910745783 
1
              1               0               0 18.9645611700155 
              0               1               0 -8.43769498715119e-15 
              0               0               1 -1.15992225116228 
2  7 1 8 1 9 1 0
2  9 -1 8 -1 7 -1 0
2  7 1 8 1 0
2  8 -1 7 -1 0
1
              1               0               0 18.9645611700155 
              0               1               0 8.43769498715119e-15 
              0               0               1 -1.15992225116229 
1
              1               0               0               0 
              0               1               0               0 
              0               0               1               0 
1
1.11022302462516e-16 0.0610485395348572 -0.998134798421867 -64.3909789677581 
             -1 -8.79744038488903e-16 -1.65037218857825e-16          -47.99 
-8.88178419700125e-16 0.998134798421867 0.0610485395348572 1.71828713581434 
2  15 1 16 1 14 1 0
2  14 -1 16 -1 15 -1 0
2  15 1 16 1 0
Curve2ds 0
Curves 38
1 -26.002355098512236 -6.127352551931601 6.9112262271986875 0.99813479842186692 -6.10622663543836e-16 -0.061048539534856956 
1 -26.405794010470924 -27.086818019710886 0.3150583232394879 0.99813479842186692 -6.10622663543836e-16 -0.061048539534856956 
1 -41.992647448068404 7.5268226351674379 0 0.95371695074822693 -0.30070579950427323 0 
1 -25.564173262543374 -88.167665742147051 14.075435917542693 0.99813479842186692 -6.10622663543836e-16 -0.061048539534856956 
1 40.047665742147039 14.704419991427629 0 -0.99619469809174543 -0.087155742747658263 0 
1 -26.461856627727148 -48.119999999999997 -0.60155736651135294 0.99813479842186692 -6.10622663543836e-16 -0.061048539534856956 
1 -21.033181980289111 0.91832855762574717 0 0.9990482215818578 -0.043619387365335986 0 
1 39.64611319984332 14.853599310952809 0 -1 -1.1201330319861412e-16 0 
1 41.176846929303743 11.158081180907701 0 -0.38268343236510666 0.92387953251127974 0 
1 20.44363838909138 4.5322455158640018 0 0.88762269619018241 0.46057132912076831 0 
1 -39.646113199843292 14.8535993109528 0 -0.38268343236510288 -0.9238795325112813 0 
1 -41.176846929303693 11.158081180907701 0 0.92387953251128652 -0.38268343236509011 0 
1 -20.873106765236589 2.7479966380517671 0 0.99144486137381049 -0.13052619222005166 0 
1 0 0 0 0.99144486137381049 0.1305261922200511 0 
1 20.873106765236621 2.74799663805176 0 0.92387953251128652 0.38268343236509011 0 
1 0 0 0 0.97629600711993192 0.21643961393810893 0 
1 -26.185169658170263 -68.563638389091381 3.9222345978639521 0.99813479842186692 -6.10622663543836e-16 -0.061048539534856956 
1 -44.617374266564745 -80.200671289206895 13.786109693285606 0.99813479842186692 -4.4408920985006252e-16 -0.061048539534857074 
1 -45.039266858310874 -1.2101757499487533 6.8882267917985658 0.99813479842186692 -4.4408920985006252e-16 -0.061048539534857074 
1 -44.833977130233251 -82.047665742147089 10.244684176596223 0.99813479842186692 -4.4408920985006252e-16 -0.061048539534857074 
1 -45.272158966202134 -0.0073525519316106625 3.0804744862522124 0.99813479842186692 -4.4408920985006252e-16 -0.061048539534857074 
1 -45.675597878160822 -20.966818019710889 -3.5156934177069896 0.99813479842186692 -4.4408920985006252e-16 -0.061048539534857074 
1 -45.731660495417039 -41.999999999999993 -4.4323091074578294 0.99813479842186692 -4.4408920985006252e-16 -0.061048539534857074 
1 -45.453477513761165 -62.554174604174193 0.1159424385263943 0.99813479842186692 -4.4408920985006252e-16 -0.061048539534857074 
1 -40.789824250051261 11.34169043816031 0 -0.30070579950428744 -0.95371695074822249 0 
1 -41.992647448068404 7.5268226351674423 0 0.95371695074822682 -0.30070579950427345 0 
1 40.047665742147032 14.704419991427629 0 -0.88701083317822105 -0.46174861323503508 0 
1 38.200671289206838 18.252463324140461 0 0.46174861323505112 -0.88701083317821272 0 
1 38.200671289206838 18.252463324140461 0 -0.99619469809174566 -0.087155742747658166 0 
1 20.55417460417419 4.5567508047764704 0 -0.97629600711993347 -0.21643961393810246 0 
1 -21.033181980289129 0.91832855762575161 0 0.99904822158185769 -0.043619387365336153 0 
1 -63.698585330651923 -7.2001757499487624 13.038823035070731 0.99813479842186692 4.4408920985006247e-16 -0.061048539534857171 
1 -63.931477438543183 -5.9973525519316127 9.2310707295243759 0.99813479842186692 4.4408920985006247e-16 -0.061048539534857171 
1 -64.334916350501857 -26.95681801971088 2.634902825565181 0.99813479842186692 4.4408920985006247e-16 -0.061048539534857171 
1 -63.493295602574243 -88.037665742147055 16.395280419868392 0.99813479842186692 4.4408920985006247e-16 -0.061048539534857171 
1 -64.112795986102171 -68.544174604174202 6.2665386817985622 0.99813479842186692 4.4408920985006247e-16 -0.061048539534857171 
1 -63.276692738905737 -86.190671289206861 19.936705936557765 0.99813479842186692 4.4408920985006247e-16 -0.061048539534857171 
1 -64.390978967758059 -47.990000000000009 1.7182871358143386 0.99813479842186692 4.4408920985006247e-16 -0.061048539534857171 
Polygon3D 0
PolygonOnTriangulations 0
Surfaces 22
1 -26.002355098512236 -6.127352551931601 6.9112262271986875 -0.058223026972816158 0.30070579950427423 -0.95193807638659877 -0.018357649889398236 -0.9537169507482266 -0.30014492257248504 -0.99813479842186703 8.0144224590128488e-16 0.061048539534857026 
1 -25.564173262543374 -88.167665742147051 14.075435917542693 0.060816231410868886 0.087155742747657181 0.99433659416873721 -0.0053207308068193527 0.99619469809174577 -0.086993179718740959 -0.99813479842186692 8.2399365108898317e-16 0.061048539534856942 
1 -26.405794010470924 -27.086818019710886 0.31505832323948835 -0.06099043485246855 0.043619387365337096 -0.99718479526233228 -0.0026628998940598412 -0.99904822158185769 -0.043538028415186024 -0.99813479842186703 8.2139156587501816e-16 0.06104853953485697 
1 -25.998667840071583 -47.454994556236862 6.971512369806848 0.99813479842186703 -8.048187449871153e-16 -0.061048539534856727 0.061048539534856727 0 0.99813479842186703 -8.0331759579385414e-16 -1 4.913300897173967e-17 
1 -45.154453097716868 -41.172804063998456 5.0049484246755487 0.99813479842186703 -5.6848714201562059e-16 -0.061048539534857039 0.061048539534857039 0 0.99813479842186703 -5.6742679890118462e-16 -1 3.4705309764398495e-17 
1 -26.185169658170263 -68.563638389091381 3.9222345978639521 -0.054188069260402996 -0.46057132912076743 -0.88596710093646236 0.028117206994450049 -0.88762269619018297 0.45971227075084858 -0.99813479842186692 7.8409501114151661e-16 0.061048539534856866 
1 -26.461856627727148 -48.119999999999997 -0.60155736651135294 -0.059601445388384314 -0.21643961393810793 -0.97447501826672722 0.013213322328408952 -0.97629600711993236 0.21603591042862014 -0.99813479842186692 8.2052420413702956e-16 0.061048539534856915 
1 -44.617374266564745 -80.200671289206895 13.786109693285606 0.060816231410868983 0.087155742747657319 0.9943365941687371 -0.0053207308068196155 0.99619469809174566 -0.086993179718741084 -0.99813479842186703 5.7853027923826526e-16 0.061048539534857081 
1 -44.833977130233251 -82.047665742147089 10.244684176596223 0.028189078470244943 -0.88701083317821372 0.46088735899294253 0.054150715917126918 0.46174861323504929 0.88535637917234866 -0.99813479842186703 4.4755865680201623e-16 0.061048539534857095 
1 -45.039266858310874 -1.2101757499487533 6.8882267917985658 0.018357649889398728 0.95371695074822238 0.30014492257249842 -0.058223026972815964 0.30070579950428761 -0.95193807638659467 -0.99813479842186703 4.7184478546569153e-16 0.061048539534856984 
1 -45.272158966202134 -0.0073525519316106625 3.0804744862522124 -0.058223026972816318 0.30070579950427445 -0.95193807638659877 -0.018357649889398038 -0.9537169507482266 -0.30014492257248526 -0.99813479842186692 5.4817261840867094e-16 0.061048539534857109 
1 -45.675597878160822 -20.966818019710889 -3.5156934177069896 -0.060990434852468675 0.043619387365337048 -0.99718479526233228 -0.0026628998940595944 -0.99904822158185769 -0.043538028415185989 -0.99813479842186703 5.7202506620335214e-16 0.061048539534857081 
1 -45.731660495417039 -41.999999999999993 -4.4323091074578294 -0.059601445388384473 -0.21643961393810146 -0.97447501826672855 0.013213322328408817 -0.9762960071199337 0.21603591042861364 -0.99813479842186703 5.8286708792820728e-16 0.061048539534857053 
1 -45.453477513761165 -62.554174604174193 0.11594243852639519 -0.054150715917127404 -0.46174861323503352 -0.88535637917235688 0.028189078470243836 -0.88701083317822205 0.46088735899292688 -0.99813479842186692 5.7592819402429986e-16 0.061048539534857005 
1 -63.813771570057902 -47.16280406399845 11.15554466794771 0.99813479842186692 1.3754521344513081e-16 -0.061048539534857116 0.061048539534857116 0 0.99813479842186692 1.3728866389594829e-16 -1 -8.3969344008354292e-18 
1 -63.698585330651923 -7.2001757499487553 13.038823035070731 0.018357649889397955 0.95371695074822216 0.30014492257249908 -0.058223026972816352 0.30070579950428822 -0.95193807638659433 -0.99813479842186692 -4.2327252813834093e-16 0.06104853953485713 
1 -63.931477438543183 -5.9973525519316127 9.2310707295243759 -0.058223026972816672 0.30070579950427423 -0.95193807638659877 -0.018357649889397375 -0.95371695074822671 -0.3001449225724851 -0.99813479842186692 -1.7347234759768066e-16 0.061048539534857248 
1 -63.493295602574243 -88.037665742147055 16.395280419868392 0.054150715917127057 0.46174861323503441 0.88535637917235643 -0.028189078470244624 0.88701083317822138 -0.4608873589929276 -0.99813479842186703 -2.324529457808922e-16 0.061048539534857074 
1 -63.276692738905737 -86.190671289206861 19.936705936557765 -0.028189078470245835 0.88701083317821316 -0.46088735899294359 -0.05415071591712671 -0.4617486132350504 -0.88535637917234811 -0.99813479842186703 -3.6429192995512949e-16 0.061048539534857324 
1 -63.276692738905737 -86.190671289206861 19.936705936557765 0.060816231410868997 0.087155742747657292 0.9943365941687371 -0.0053207308068203667 0.99619469809174566 -0.086993179718741001 -0.99813479842186692 -1.717376241217039e-16 0.061048539534857151 
1 -64.112795986102171 -68.544174604174202 6.2665386817985622 0.059601445388384376 0.2164396139381016 0.97447501826672855 -0.013213322328409587 0.9762960071199337 -0.21603591042861375 -0.99813479842186703 -1.8388068845354155e-16 0.061048539534857123 
1 -64.334916350501857 -26.95681801971088 2.634902825565181 -0.060990434852468814 0.043619387365337048 -0.99718479526233228 -0.0026628998940588645 -0.99904822158185769 -0.043538028415186031 -0.99813479842186703 -1.6479873021779667e-16 0.061048539534857192 
Triangulations 0

TShapes 138
Ve
1e-07
-41.9926474480684 7.52682263516744 0
0 0

0101101
*
Ed
 1e-07 1 1 0
1  1 0 0 19
0

0101000
+138 3 -138 5 *
Ve
1.00000181555922e-07
-26.4057940104709 -27.0868180197109 0.315058323239488
0 0

0101101
*
Ve
1.00000000444089e-07
-21.0331819802891 0.918328557625747 0
0 0

0101101
*
Ed
 1.00000000444089e-07 1 1 0
1  2 0 0 19
0

0101000
+136 0 -135 5 *
Ve
1.00000185101582e-07
-26.0384321629124 -8.00162883778152 6.32137143825474
0 0

0101101
*
Ed
 1e-07 1 1 0
1  3 0 0 1.96523327427439
0

0101000
+138 0 -133 6 *
Ed
 1.00000181555922e-07 1 1 0
1  3 0 1.96523327427439 21.9766099903497
0

0101000
+133 6 -136 6 *
Ed
 1e-07 1 1 0
1  3 0 0 21.9766099903497
0

0101000
+138 0 -135 0 *
Wi

0101100
+137 0 -134 0 -132 3 -131 3 +130 5 *
Fa
0  1e-07 1 0

0111000
+129 0 *
Ve
1e-07
40.047665742147 14.7044199914276 0
0 0

0101101
*
Ed
 1e-07 1 1 0
1  4 0 0 19
0

0101000
+127 3 -127 5 *
Ed
 1e-07 1 1 0
1  5 0 0 82.3536938586074
0

0101000
+127 0 -138 0 *
Wi

0101100
+126 0 -137 0 -125 3 +125 5 *
Fa
0  1e-07 2 0

0111000
+124 0 *
Ve
1.00000181524834e-07
-26.4618566277271 -48.12 -0.601557366511353
0 0

0101101
*
Ve
1e-07
0 0 0
0 0

0101101
*
Ed
 1e-07 1 1 0
1  6 0 0 19
0

0101000
+122 0 -121 5 *
Ed
 1.00000181524834e-07 1 1 0
1  7 0 0 21.0532199806991
0

0101000
+136 6 -122 6 *
Ed
 1e-07 1 1 0
1  7 0 0 21.0532199806991
0

0101000
+135 0 -121 0 *
Wi

0101100
+134 0 -120 0 -119 3 +118 5 *
Fa
0  1e-07 3 0

0111000
+117 0 *
Ve
1.00000185101582e-07
-25.6528130965493 -80.2006712892069 12.6261874421233
0 0

0101101
*
Ed
 1.00000185101582e-07 1 1 0
1  8 0 0 72.4748310643751
0

0101000
+115 11 -133 11 *
Ve
1.00000170862999e-07
-25.7817232959979 -81.2999015545722 10.5185243117415
0 0

0101101
*
Ed
 1.00000167317351e-07 1 1 0
1  9 0 1.61941837212252 3.99999999999999
0

0101000
+113 11 -115 11 *
Ed
 1e-07 1 1 0
1  10 0 14.3487353581053 22.085991533564
0

0101000
+113 6 -127 0 *
Wi

0101100
-132 3 +114 10 +112 10 -111 3 -125 3 *
Fa
0  1e-07 4 0

0111000
+110 0 *
Ve
1e-07
-39.6461131998433 14.8535993109528 0
0 0

0101101
*
Ve
1e-07
-41.1768469293037 11.1580811809077 0
0 0

0101101
*
Ed
 1e-07 1 1 0
1  11 0 0 3.99999999999997
0

0101000
+108 0 -107 0 *
Ve
1.00000000222045e-07
-20.8731067652366 2.74799663805177 0
0 0

0101101
*
Ed
 1e-07 1 1 0
1  12 0 0 21.9766099903497
0

0101000
+107 0 -105 0 *
Ve
1e-07
0 0 0
0 0

0101101
*
Ed
 1e-07 1 1 0
1  13 0 0 21.0532199806991
0

0101000
+105 0 -103 0 *
Ve
1.00000000222045e-07
20.8731067652366 2.74799663805176 0
0 0

0101101
*
Ed
 1e-07 1 1 0
1  14 0 0 21.0532199806992
0

0101000
+103 0 -101 0 *
Ve
1e-07
41.1768469293037 11.1580811809077 0
0 0

0101101
*
Ed
 1e-07 1 1 0
1  15 0 0 21.9766099903497
0

0101000
+101 0 -99 0 *
Ed
 1e-07 1 1 0
1  9 0 0 1.61941837212252
0

0101000
+99 0 -113 11 *
Ve
1.00000174403866e-07
-26.1851696581703 -68.5636383890914 3.92223459786395
0 0

0101101
*
Ed
 1.00000170862999e-07 1 1 0
1  10 0 0 14.3487353581053
0

0101000
+96 6 -113 6 *
Ed
 1.00000174403866e-07 1 1 0
1  16 0 0 20.94
0

0101000
+122 6 -96 6 *
Ed
 1e-07 1 1 0
1  8 0 72.4748310643751 79.2922263996866
0

0101000
+133 11 -108 0 *
Wi

0101100
-106 10 -104 10 -102 10 -100 10 -98 10 -97 10 +95 3 +94 3 +119 3 +131 3 
-93 10 *
Fa
0  1e-07 5 9

0111000
+92 0 *
Ve
1e-07
20.4436383890914 4.532245515864 0
0 0

0101101
*
Ed
 1e-07 1 1 0
1  16 0 0 20.94
0

0101000
+121 0 -90 0 *
Ed
 1e-07 1 1 0
1  10 0 0 22.085991533564
0

0101000
+90 0 -127 0 *
Wi

0101100
+130 0 +118 0 +89 0 +88 0 +125 0 *
Fa
0  1e-07 4 0

0111000
-87 3 *
Ed
 1e-07 1 1 0
1  17 0 0 19
0

0101000
+96 0 -90 5 *
Wi

0101100
+85 0 -126 0 -95 3 -111 3 +88 5 *
Fa
0  1e-07 6 0

0111000
+84 0 *
Wi

0101100
+120 0 -85 0 -94 3 +89 5 *
Fa
0  1e-07 7 0

0111000
+82 0 *
Ve
1.0000014947808e-07
-44.6173742665647 -80.2006712892069 13.7861096932856
0 0

0101101
*
Ed
 1e-07 1 1 0
1  18 0 0 19
0

0101000
+80 0 -115 0 *
Ed
 1e-07 1 1 0
1  19 0 0 19
0

0101000
+108 12 -108 10 *
Ve
1.0000014947808e-07
-45.0035368544966 -7.8998658799027 7.47240719032162
0 0

0101101
*
Ed
 1.0000014947808e-07 1 1 0
1  8 0 0 72.5769827402209
0

0101000
+80 13 -77 13 *
Ed
 1e-07 1 1 0
1  8 0 72.5769827402209 79.2922263996866
0

0101000
+77 13 -108 0 *
Wi

0101100
+79 0 -78 0 -76 12 -75 12 +114 10 +93 10 *
Fa
0  1e-07 8 0

0111000
+74 0 *
Ed
 1e-07 1 1 0
1  20 0 0 19
0

0101000
+99 12 -99 10 *
Ve
1.00000163772009e-07
-44.7435898397216 -81.276924204553 11.7225033133365
0 0

0101101
*
Ed
 1e-07 1 1 0
1  9 0 0 1.66917997261376
0

0101000
+99 0 -71 13 *
Ed
 1.0000014947808e-07 1 1 0
1  9 0 1.66917997261376 3.99999999999999
0

0101000
+71 13 -80 13 *
Wi

0101100
+72 0 -79 0 -70 12 -69 12 +97 10 +112 10 *
Fa
0  1e-07 9 0

0111000
+68 0 *
Ed
 1e-07 1 1 0
1  21 0 0 19
0

0101000
+107 12 -107 10 *
Wi

0101100
+78 0 -66 0 -106 12 +106 10 *
Fa
0  1e-07 10 0

0111000
+65 0 *
Ed
 1.00000000222045e-07 1 1 0
1  22 0 0 19
0

0101000
+105 12 -105 10 *
Wi

0101100
+66 0 -63 0 -104 12 +104 10 *
Fa
0  1e-07 11 0

0111000
+62 0 *
Ed
 1e-07 1 1 0
1  23 0 0 19
0

0101000
+103 12 -103 10 *
Wi

0101100
+63 0 -60 0 -102 12 +102 10 *
Fa
0  1e-07 12 0

0111000
+59 0 *
Ed
 1.00000000222045e-07 1 1 0
1  24 0 0 19
0

0101000
+101 12 -101 10 *
Wi

0101100
+60 0 -57 0 -100 12 +100 10 *
Fa
0  1e-07 13 0

0111000
+56 0 *
Wi

0101100
+57 0 -72 0 -98 12 +98 10 *
Fa
0  1e-07 14 0

0111000
+54 0 *
Ve
1.00000003552714e-07
-40.7898242500513 11.3416904381603 0
0 0

0101101
*
Ve
1e-07
-41.9926474480684 7.52682263516744 0
0 0

0101101
*
Ed
 1e-07 1 1 0
1  25 0 0 3.99999999999998
0

0101000
+52 0 -51 0 *
Ed
 1e-07 1 1 0
1  26 0 0 1.99484063534628
0

0101000
+51 0 -77 18 *
Ve
1e-07
40.047665742147 14.7044199914276 0
0 0

0101101
*
Ed
 1e-07 1 1 0
1  27 0 0 7.62193795691297
0

0101000
+48 0 -71 18 *
Ve
1e-07
38.2006712892068 18.2524633241405 0
0 0

0101101
*
Ed
 1e-07 1 1 0
1  28 0 0 3.99999999999998
0

0101000
+46 0 -48 0 *
Ed
 1e-07 1 1 0
1  29 0 0 79.2922263996866
0

0101000
+46 0 -52 0 *
Wi

0101100
-50 17 -49 17 +76 12 +69 12 +47 17 +45 17 -44 17 *
Fa
0  1e-07 15 14

0111000
+43 0 *
Ve
1.00000163772009e-07
-45.1482348160867 -68.5441746041742 5.10661643063628
0 0

0101101
*
Ed
 1.00000163772009e-07 1 1 0
1  27 0 7.62193795691297 21.9766099903496
0

0101000
+71 18 -41 18 *
Ve
1.0000014947808e-07
-45.4264177977426 -47.99 0.558364884652052
0 0

0101101
*
Ed
 1.0000014947808e-07 1 1 0
1  30 0 0 21.0532199806992
0

0101000
+41 18 -39 18 *
Ve
1.00000135266541e-07
-45.3703551804864 -26.9568180197109 1.47498057440289
0 0

0101101
*
Ed
 1.00000135266541e-07 1 1 0
1  31 0 0 21.0532199806992
0

0101000
+37 18 -39 18 *
Ed
 1.00000121027958e-07 1 1 0
1  26 0 1.99484063534628 21.9766099903496
0

0101000
+77 18 -37 18 *
Wi

0101100
-106 12 -104 12 -102 12 -100 12 -98 12 -70 12 -40 17 -38 17 +36 17 +35 17 
-75 12 *
Fa
0  1e-07 5 0

0111000
+34 0 *
Ed
 1.00000003552714e-07 1 1 0
1  32 0 0 19
0

0101000
+52 19 -52 17 *
Ed
 1e-07 1 1 0
1  33 0 0 19
0

0101000
+51 19 -51 17 *
Wi

0101100
+32 0 -31 0 -50 19 +50 17 *
Fa
0  1e-07 16 0

0111000
+30 0 *
Ve
1e-07
-21.0331819802891 0.918328557625752 0
0 0

0101101
*
Ed
 1e-07 1 1 0
1  34 0 0 19
0

0101000
+28 19 -37 0 *
Ed
 1e-07 1 1 0
1  26 0 0 21.9766099903496
0

0101000
+51 0 -28 0 *
Wi

0101100
+31 0 -27 0 -26 19 +49 17 +35 17 *
Fa
0  1e-07 17 0

0111000
+25 0 *
Ed
 1e-07 1 1 0
1  35 0 0 19
0

0101000
+48 19 -48 17 *
Ve
1e-07
20.5541746041742 4.55675080477647 0
0 0

0101101
*
Ed
 1e-07 1 1 0
1  36 0 0 19
0

0101000
+22 19 -41 0 *
Ed
 1e-07 1 1 0
1  27 0 0 21.9766099903496
0

0101000
+48 0 -22 0 *
Wi

0101100
+23 0 -21 0 -20 19 +47 17 +40 17 *
Fa
0  1e-07 18 0

0101000
+19 0 *
Ed
 1e-07 1 1 0
1  37 0 0 19
0

0101000
+46 19 -46 17 *
Wi

0101100
+17 0 -23 0 -45 19 +45 17 *
Fa
0  1e-07 19 0

0111000
+16 0 *
Wi

0101100
+17 0 -32 0 -44 19 +44 17 *
Fa
0  1e-07 20 0

0111000
+14 0 *
Ve
1e-07
0 0 0
0 0

0101101
*
Ed
 1e-07 1 1 0
1  38 0 0 19
0

0101000
+12 19 -39 0 *
Ed
 1e-07 1 1 0
1  30 0 0 21.0532199806992
0

0101000
+22 0 -12 0 *
Wi

0101100
+21 0 -11 0 -10 19 +38 17 *
Fa
0  1e-07 21 0

0101000
+9 0 *
Ed
 1e-07 1 1 0
1  31 0 0 21.0532199806992
0

0101000
+28 0 -12 0 *
Wi

0101100
+27 0 -11 0 -7 19 +36 17 *
Fa
0  1e-07 22 0

0111000
+6 0 *
Wi

0101100
+50 0 +26 0 +7 0 -10 0 -20 0 -45 0 +44 0 *
Fa
0  1e-07 15 0

0111000
-4 19 *
Sh

0101100
+128 0 +123 0 +116 0 -109 0 +91 0 +86 4 +83 0 +81 0 +73 0 +67 0 
+64 0 +61 0 +58 0 +55 0 +53 0 +42 0 -33 0 +29 0 +24 0 -18 0 
-15 0 +13 0 -8 0 +5 0 -3 0 *
So

0100000
+2 0 *

+1 0 ]]>
      </Part>
      <ElementMap new="1" count="1"><Element key="Dummy" value="Dummy"/></ElementMap>
      <ElementMap2 count="147">
<![CDATA[
30 PostfixCount 19
Edge
Face
Vertex
;:H-11c7,E
;:H-11c7,V
;:H-11c7,F
;:M;FUS;:H-11c7:7,F
;:M;FUS;:H-11c7:7,E
;:H11c6,V
;:H11c6,E
;:H11c6,F
;:M;FUS;:H11c6:7,E
;:M2;FUS;:H11c6:8,E
;:G#d6ee;FUS;:H-11c7:c,V
;:M2;FUS;:H-11c7:8,E
;:G#d6ef;FUS;:H-11c7:c,V
;:M;FUS;:H11c6:7,F
;:M;FUS;:H11c6:7,V
;:M;FUS;:H-11c7:7,V

MapCount 1

ElementMap 1 30 3

Edge

ChildCount 0

NameCount 66
0
$#d696.a 0
$#d698.a 0
$#d699.a 0
$#d69b.a 0
$#d69c.a 0
$#d69d.a 0
$#d69e.a 0
$#d69f.a 0
$#d6a0.a 0
$#d6a1.a 0
$#d6a2.a 0
$#d6a4.a 0
$#d6a6.a 0
$#d6a7.a 0
$#d6a9.a 0
$#d6aa.a 0
$#d6ab.a 0
$#d6ac.a 0
$#d6ad.a 0
$#d6ae.a 0
$#d6af.a 0
$#d6b0.a 0
$#d6b1.a 0
$#d6b2.a 0
$#d6b3.a 0
$#d6b4.a 0
$#d6e1.c 0
$#d6b5.a 0
$#d6e2.c 0
$#d6e2.d 0
$#d6b6.a 0
$#d6e3.c 0
$#d6e3.d 0
$#d6b7.a 0
$#d6b8.a 0
$#d6b9.a 0
$#d6ba.a 0
$#d6bb.a 0
$#d6bc.a 0
$#d6bd.a 0
$#d6be.a 0
$#d6bf.a 0
$#d6de.4 0
$#d6e4.8 0
$#d6e5.8 0
$#d6df.4 0
$#d6e0.4 0
$#d6e5.f 0
$#d6e6.8 0
$#d6e7.8 0
$#d6e4.f 0
$#ccf3.4 0
$#ccf4.4 0
$#ccd9.4 0
$#ccf5.8 0
$#cce2.4 0
$#ccf8.4 0
$#ccf7.8 0
$#cce5.4 0
$#ccf9.4 0
$#cce6.4 0
$#cce7.4 0
$#ccf6.8 0
$#cce4.4 0
$#cce3.4 0

Face

ChildCount 0

NameCount 26
0
$#d6c1.b 0
$#d6c3.b 0
$#d6c4.b 0
$#d6c5.b 0
$#d6c7.b 0
$#d6c8.b 0
$#d6c9.b 0
$#d6ca.b 0
$#d6e8.11 0
$#d6e9.11 0
$#d6cc.b 0
$#d6cd.b 0
$#d6ce.b 0
$#d6cf.b 0
$#d6d0.b 0
$#d6eb.7 0
$#d6ec.11 0
$#cceb.6 0
$#ccec.7 0
$#ccef.7 0
$#ccf0.6 0
$#ccf1.6 0
$#ccee.7 0
$#cced.7 0
$#cce9.6 0

Vertex

ChildCount 0

NameCount 43
0
$#d671.9 $#d672.9 0
$#d673.9 0
$#d675.9 0
$#d676.9 0
$#d677.9 0
$#d678.9 $#d679.9 0
$#d67a.9 0
$#d67b.9 0
$#d67c.9 0
$#d67e.9 0
$#d67f.9 0
$#d681.9 0
$#d682.9 0
$#d683.9 0
$#d684.9 0
$#d685.9 0
$#d686.9 0
$#d687.9 0
$#d688.9 0
$#d6ed.12 0
$#d689.9 $#d68a.9 0
$#d6e4.e.ccc5.d6e2.d6ee 0
$#d68b.9 $#d68c.9 0
$#d6e5.10.ccc4.d6e3.d6ef 0
$#d68d.9 $#d68e.9 0
$#d68f.9 $#d690.9 0
$#d691.9 $#d692.9 0
$#d693.9 $#d694.9 0
$#d6d3.5 0
$#d6d5.5 0
$#d6da.5 0
$#d6dc.5 0
$#d6f0.13 0
$#d6f1.13 0
$#d6f2.13 0
$#ccdb.5 $#d6d1.5 0
$#ccdc.5 $#d6d4.5 0
$#ccdd.5 $#d6d6.5 0
$#cce0.5 $#d6d9.5 0
$#ccdf.5 $#d6d8.5 0
$#cce1.5 $#d6db.5 0
$#ccde.5 $#d6d7.5 0

EndMap
]]>
      </ElementMap2>
    </Property>
    <Property name="Suppress" type="App::PropertyBool">
      <Bool value="false"/>
    </Property>
    <Property name="SuppressedShape" type="Part::PropertyPartShape">
      <Part ElementMap="0.15.70200.4" brep="1">
<![CDATA[

CASCADE Topology V1, (c) Matra-Datavision
Locations 0
Curve2ds 0
Curves 0
Polygon3D 0
PolygonOnTriangulations 0
Surfaces 0
Triangulations 0

TShapes 0

*]]>
      </Part>
      <ElementMap/>
    </Property>
    <Property name="TaperAngle" type="App::PropertyAngle">
      <Float value="0"/>
    </Property>
    <Property name="TaperAngle2" type="App::PropertyAngle" status="4">
      <Float value="0"/>
    </Property>
    <Property name="TaperAngleRev" type="App::PropertyAngle" status="4">
      <Float value="0"/>
    </Property>
    <Property name="TaperInnerAngle" type="App::PropertyAngle">
      <Float value="0"/>
    </Property>
    <Property name="TaperInnerAngleRev" type="App::PropertyAngle">
      <Float value="0"/>
    </Property>
    <Property name="TreeRank" type="App::PropertyInteger" status="2184">
      <Integer value="42"/>
    </Property>
    <Property name="Type" type="App::PropertyEnumeration">
      <Integer value="0"/>
    </Property>
    <Property name="UpToFace" type="App::PropertyLinkSub" status="4">
      <LinkSub value="" count="0">
      </LinkSub>
    </Property>
    <Property name="UseCustomVector" type="App::PropertyBool">
      <Bool value="false"/>
    </Property>
    <Property name="UsePipeForDraft" type="App::PropertyBool">
      <Bool value="false"/>
    </Property>
    <Property name="ValidateShape" type="App::PropertyBool">
      <Bool value="true"/>
    </Property>
    <Property name="Visibility" type="App::PropertyBool" status="648">
      <Bool value="false"/>
    </Property>
    <Property name="_ProfileBasedVersion" type="App::PropertyInteger" status="67108864">
      <Integer value="1"/>
    </Property>
    <Property name="_Siblings" type="App::PropertyLinkList" status="218103808">
      <LinkList count="0">
      </LinkList>
    </Property>
  </Properties>
</Object>
</Document>
