<?xml version='1.0' encoding='utf-8'?>
<!-- FreeCAD DocumentObject -->
<Document SchemaVersion="4" FileVersion="2">
<Object name="Pad001">
  <Properties Count="47" TransientCount="2">
    <_Property name="_Body" type="App::PropertyLinkHidden" status="251658240"/>
    <_Property name="_ElementMapVersion" type="App::PropertyString" status="234881024"/>
    <Property name="AddSubShape" type="Part::PropertyPartShape">
      <Part HasherIndex="0" ElementMap="1.15.70200.4" brep="1">
<![CDATA[

CASCADE Topology V1, (c) Matra-Datavision
Locations 5
1
              1               0               0               0 
              0               1               0               0 
              0               0               1               0 
1
-4.44089209850063e-16 5.55111512312578e-16              -1           -59.5 
             -1 -7.7715611723761e-16 4.44089209850062e-16 1.51012594597561e-14 
-7.7715611723761e-16               1 5.55111512312579e-16 1.47853184359096e-15 
2  1 1 2 1 0
1
              1               0               0              19 
              0               1               0 -6.32827124036339e-15 
              0               0               1 -1.0547118733939e-14 
2  1 1 2 1 4 1 0
Curve2ds 0
Curves 8
1 -59.499999999999986 -6.3656356396469027 9.351352323359361 1 -3.3306690738754696e-16 -5.5511151231257827e-16 
1 -59.5 -27.016893877468302 1.8349090246476465 1 -3.3306690738754696e-16 -5.5511151231257827e-16 
1 6.3656356396469107 9.3513523233593645 0 0.93969262078590843 -0.34202014332566877 0 
1 -59.500000000000007 -47.989999999999988 -3.5928212525104439e-14 1 -3.3306690738754696e-16 -5.5511151231257827e-16 
1 27.016893877468316 1.8349090246476663 0 0.99619469809174555 -0.087155742747657944 0 
1 -59.500000000000014 -68.72337426286407 3.6558532836693511 1 -3.3306690738754696e-16 -5.5511151231257827e-16 
1 47.990000000000002 0 0 0.98480775301220813 0.17364817766692958 0 
1 68.723374262864084 3.6558532836694031 0 -0.99585479562703305 0.090957275831241233 0 
Polygon3D 0
PolygonOnTriangulations 0
Surfaces 5
1 -59.499999999999986 -6.3656356396469027 9.351352323359361 -4.0771860043170931e-16 0.34202014332566949 -0.93969262078590821 -6.0716667246962538e-16 -0.93969262078590821 -0.34202014332566949 -1 4.3110206755064676e-16 5.9079339252346641e-16 
1 -59.5 -27.016893877468302 1.8349090246476467 -5.2397045171745386e-16 0.087155742747658735 -0.99619469809174555 -4.9078047249576349e-16 -0.99619469809174555 -0.087155742747658735 -1 4.4324587072998034e-16 5.6475092256407955e-16 
1 -59.500000000000007 -47.989999999999988 -3.5817190222641924e-14 -6.0451458262076632e-16 -0.17364817766692883 -0.98480775301220835 -3.4094839437439464e-16 -0.98480775301220835 0.17364817766692883 -1 4.4074147780214799e-16 5.3612558041229086e-16 
1 -59.500000000000014 -68.72337426286407 3.6558532836693511 5.2251560307874796e-16 -0.09095727583124201 0.99585479562703294 4.9273980025791732e-16 0.99585479562703294 0.09095727583124201 -1 4.4317069724779174e-16 5.6516793904101281e-16 
1 -59.5 -37.378882043438118 4.6405176711094613 1 -3.9081402815143197e-16 -6.4346390061088836e-16 6.4346390061088836e-16 0 1 -3.9081402815143197e-16 -1 2.5147471896777396e-31 
Triangulations 0

TShapes 24
Ve
1e-07
6.36563563964691 9.35135232335936 0
0 0

0101101
*
Ed
 1e-07 1 1 0
1  1 0 0 19
0

0101000
+24 3 -24 5 *
Ve
1.00000000222045e-07
27.0168938774683 1.83490902464767 0
0 0

0101101
*
Ed
 1.00000000222045e-07 1 1 0
1  2 0 0 19
0

0101000
+22 3 -22 5 *
Ed
 1e-07 1 1 0
1  3 0 0 21.9766099903496
0

0101000
+24 0 -22 0 *
Wi

0101100
+23 0 -21 0 -20 3 +20 5 *
Fa
0  1e-07 1 0

0111000
+19 0 *
Ve
1.00000000111022e-07
47.99 -1.11022302462516e-16 0
0 0

0101101
*
Ed
 1.00000000111022e-07 1 1 0
1  4 0 0 19
0

0101000
+17 3 -17 5 *
Ed
 1e-07 1 1 0
1  5 0 0 21.0532199806991
0

0101000
+22 0 -17 0 *
Wi

0101100
+21 0 -16 0 -15 3 +15 5 *
Fa
0  1e-07 2 0

0111000
+14 0 *
Ve
1.00000000222045e-07
68.7233742628641 3.6558532836694 0
0 0

0101101
*
Ed
 1.00000000222045e-07 1 1 0
1  6 0 0 19
0

0101000
+12 3 -12 5 *
Ed
 1e-07 1 1 0
1  7 0 0 21.0532199806992
0

0101000
+17 0 -12 0 *
Wi

0101100
+16 0 -11 0 -10 3 +10 5 *
Fa
0  1e-07 3 0

0101000
+9 0 *
Ed
 1e-07 1 1 0
1  8 0 0 62.6173001295375
0

0101000
+12 0 -24 0 *
Wi

0101100
+11 0 -23 0 -7 3 +7 5 *
Fa
0  1e-07 4 0

0101000
+6 0 *
Wi

0101100
+20 0 +15 0 +10 0 +7 0 *
Fa
0  1e-07 5 0

0111000
-4 3 *
Sh

0101100
-18 0 -13 0 -8 0 -5 0 +3 0 -3 4 *
So

1100000
-2 0 *

+1 0 ]]>
      </Part>
      <ElementMap new="1" count="1"><Element key="Dummy" value="Dummy"/></ElementMap>
      <ElementMap2 count="26">
<![CDATA[
24 PostfixCount 11
Edge
Face
Vertex
;:G;XTR;:H11e7:7,F
;FAC;:H11e7:4,F
;:G;XTR;:H11e7:7,E
;:G0;XTR;:H11e7:8,F
;:U;XTR;:H11e7:7,E
;:U;XTR;:H11e7:7,V
;SKT;:H11e7,E
;SKT;:H11e7,V

MapCount 1

ElementMap 1 24 3

Edge

ChildCount 0

NameCount 13
0
$#e7f8.6 0
$#e7f9.6 0
;g4.a 0
$#e802.8 0
$#e7fa.6 0
;g5.a 0
$#e803.8 0
$#e7fb.6 0
;g6.a 0
$#e804.8 0
;g7.a 0
$#e805.8 0

Face

ChildCount 0

NameCount 7
0
$#e7f6.4 0
$#e7fc.4 0
$#e7fd.4 0
$#e7fe.4 0
$#e7f6.5 0
$#e800.7 0

Vertex

ChildCount 0

NameCount 9
0
;g4v1.b 0
$#e807.9 0
;g4v2.b 0
$#e808.9 0
;g5v2.b 0
$#e809.9 0
;g6v2.b 0
$#e80a.9 0

EndMap
]]>
      </ElementMap2>
    </Property>
    <Property name="AddSubType" type="App::PropertyEnumeration">
      <Integer value="0"/>
    </Property>
    <Property name="AllowMultiFace" type="App::PropertyBool">
      <Bool value="true"/>
    </Property>
    <Property name="AlongSketchNormal" type="App::PropertyBool">
      <Bool value="false"/>
    </Property>
    <Property name="AutoTaperInnerAngle" type="App::PropertyBool">
      <Bool value="true"/>
    </Property>
    <Property name="BaseFeature" type="App::PropertyLink" status="8">
      <Link value="Pad"/>
    </Property>
    <Property name="CheckUpToFaceLimits" type="App::PropertyBool">
      <Bool value="true"/>
    </Property>
    <Property name="ClaimChildren" type="App::PropertyBool" status="134217728">
      <Bool value="false"/>
    </Property>
    <Property name="ColoredElements" type="App::PropertyLinkSubHidden" status="218103808">
      <LinkSub value="" count="0">
      </LinkSub>
    </Property>
    <Property name="Direction" type="App::PropertyVector" status="4">
      <PropertyVector valueX="-1" valueY="3.33066907387547e-16" valueZ="5.551115123125783e-16"/>
    </Property>
    <Property name="ExpressionEngine" type="App::PropertyExpressionEngine" status="67108864">
      <ExpressionEngine count="0"></ExpressionEngine>
    </Property>
    <Property name="Fit" type="App::PropertyDistance">
      <Float value="0"/>
    </Property>
    <Property name="FitJoin" type="App::PropertyEnumeration">
      <Integer value="0"/>
    </Property>
    <Property name="FixShape" type="App::PropertyEnumeration">
      <Integer value="0"/>
    </Property>
    <Property name="InnerFit" type="App::PropertyDistance">
      <Float value="0"/>
    </Property>
    <Property name="InnerFitJoin" type="App::PropertyEnumeration">
      <Integer value="0"/>
    </Property>
    <Property name="InvalidShape" type="App::PropertyBool" status="67108864">
      <Bool value="false"/>
    </Property>
    <Property name="Label" type="App::PropertyString" status="134217728">
      <String value="index"/>
    </Property>
    <Property name="Label2" type="App::PropertyString" status="128">
      <String value=""/>
    </Property>
    <Property name="Length" type="App::PropertyLength">
      <Float value="19"/>
    </Property>
    <Property name="Length2" type="App::PropertyLength" status="4">
      <Float value="10"/>
    </Property>
    <Property name="Linearize" type="App::PropertyBool">
      <Bool value="true"/>
    </Property>
    <Property name="Midplane" type="App::PropertyBool">
      <Bool value="false"/>
    </Property>
    <Property name="NewSolid" type="App::PropertyBool">
      <Bool value="false"/>
    </Property>
    <Property name="Offset" type="App::PropertyLength" status="4">
      <Float value="0"/>
    </Property>
    <Property name="Placement" type="App::PropertyPlacement" status="8388620">
      <PropertyPlacement Px="0" Py="0" Pz="0" Q0="0" Q1="0" Q2="0" Q3="1" A="0" Ox="0" Oy="0" Oz="1"/>
    </Property>
    <Property name="Profile" type="App::PropertyLinkSub">
      <LinkSub value="Sketch001" count="1">
        <Sub value=""/>
      </LinkSub>
    </Property>
    <Property name="ReferenceAxis" type="App::PropertyLinkSub">
      <LinkSub value="Sketch001" count="1">
        <Sub value="N_Axis"/>
      </LinkSub>
    </Property>
    <Property name="Refine" type="App::PropertyBool">
      <Bool value="false"/>
    </Property>
    <Property name="Reversed" type="App::PropertyBool">
      <Bool value="true"/>
    </Property>
    <Property name="Shape" type="Part::PropertyPartShape">
      <Part HasherIndex="0" ElementMap="1.15.70200.4" brep="1">
<![CDATA[

CASCADE Topology V1, (c) Matra-Datavision
Locations 12
1
              1               0               0               0 
              0               1               0               0 
              0               0               1               0 
1
-2.22044604925031e-16 6.66133814775094e-16              -1           -78.5 
             -1 -8.88178419700125e-16 2.22044604925031e-16 3.00038338736165e-16 
-8.88178419700125e-16               1 6.66133814775094e-16 2.16951669252607e-15 
2  1 1 2 1 0
1
              1               0               0              19 
              0               1               0              -0 
              0               0               1 -1.26565424807268e-14 
2  1 1 2 1 4 1 0
2  4 -1 2 -1 1 -1 0
1
              1               0               0               0 
              0               1               0               0 
              0               0               1               0 
1
-4.44089209850063e-16 5.55111512312578e-16              -1           -59.5 
             -1 -7.7715611723761e-16 4.44089209850062e-16 1.51012594597561e-14 
-7.7715611723761e-16               1 5.55111512312579e-16 1.47853184359096e-15 
2  7 1 8 1 0
2  8 -1 7 -1 0
1
              1               0               0              19 
              0               1               0 -6.32827124036339e-15 
              0               0               1 -1.0547118733939e-14 
2  7 1 8 1 11 1 0
Curve2ds 0
Curves 16
1 -78.499999999999986 -8.4356356396469199 9.3513523233593911 1 -0 -6.6613381477509383e-16 
1 -78.499999999999986 -29.086893877468309 1.8349090246476609 1 -0 -6.6613381477509383e-16 
1 8.435635639646911 9.3513523233593965 0 0.93969262078590821 -0.34202014332566938 0 
1 -78.5 -71.702735903421853 3.816198276120975 1 -0 -6.6613381477509383e-16 
1 71.702735903421853 3.8161982761210362 0 -0.99619469809174543 0.087155742747659054 0 
1 -78.5 -50.060000000000002 -4.2292694997662191e-14 1 -0 -6.6613381477509383e-16 
1 29.086893877468309 1.8349090246476845 0 0.99619469809174543 -0.087155742747658763 0 
1 50.060000000000002 0 0 0.98480775301220835 0.173648177666929 0 
1 68.723374262864084 3.6558532836694031 0 -0.99585479562703305 0.090957275831241233 0 
1 47.990000000000002 0 0 0.98480775301220813 0.17364817766692958 0 
1 6.3656356396469107 9.3513523233593645 0 0.93969262078590843 -0.34202014332566877 0 
1 27.016893877468316 1.8349090246476663 0 0.99619469809174555 -0.087155742747657944 0 
1 -59.500000000000014 -68.72337426286407 3.6558532836693511 1 -3.3306690738754696e-16 -5.5511151231257827e-16 
1 -59.499999999999986 -6.3656356396469027 9.351352323359361 1 -3.3306690738754696e-16 -5.5511151231257827e-16 
1 -59.500000000000007 -47.989999999999988 -3.5928212525104439e-14 1 -3.3306690738754696e-16 -5.5511151231257827e-16 
1 -59.5 -27.016893877468302 1.8349090246476465 1 -3.3306690738754696e-16 -5.5511151231257827e-16 
Polygon3D 0
PolygonOnTriangulations 0
Surfaces 10
1 -78.499999999999986 -8.4356356396469199 9.3513523233593911 -6.2596103020012241e-16 0.34202014332567021 -0.93969262078590787 -4.3648485953682669e-16 -0.93969262078590787 -0.34202014332567021 -1 1.960703203261995e-16 7.3749757519687039e-16 
1 -78.5 -71.702735903421853 3.816198276120975 6.6359897449857729e-16 -0.087155742747659956 0.99619469809174543 2.7925704556224731e-16 0.99619469809174543 0.087155742747659956 -1 2.2035792668486677e-16 6.8541263527809669e-16 
1 -78.499999999999986 -29.086893877468309 1.8349090246476609 -6.6359897449857729e-16 0.087155742747659665 -0.99619469809174543 -2.7925704556224712e-16 -0.99619469809174543 -0.087155742747659665 -1 2.203579266848668e-16 6.8541263527809679e-16 
1 -78.499999999999986 -39.903201078822754 4.6865615805884904 1 -2.4647257872503563e-16 0 2.4647257872503563e-16 1 0 -0 0 1 
1 -59.5 -37.378882043438118 4.6405176711094613 1 -3.9081402815143197e-16 -6.4346390061088836e-16 6.4346390061088836e-16 0 1 -3.9081402815143197e-16 -1 2.5147471896777396e-31 
1 -78.5 -50.060000000000002 -4.2292694997662191e-14 -6.560137453341108e-16 -0.17364817766692811 -0.98480775301220846 -1.0299832542668891e-16 -0.98480775301220846 0.17364817766692811 -1 2.1534914082920231e-16 6.281619509745191e-16 
1 -59.500000000000014 -68.72337426286407 3.6558532836693511 5.2251560307874796e-16 -0.09095727583124201 0.99585479562703294 4.9273980025791732e-16 0.99585479562703294 0.09095727583124201 -1 4.4317069724779174e-16 5.6516793904101281e-16 
1 -59.500000000000007 -47.989999999999988 -3.5817190222641924e-14 -6.0451458262076632e-16 -0.17364817766692883 -0.98480775301220835 -3.4094839437439464e-16 -0.98480775301220835 0.17364817766692883 -1 4.4074147780214799e-16 5.3612558041229086e-16 
1 -59.499999999999986 -6.3656356396469027 9.351352323359361 -4.0771860043170931e-16 0.34202014332566949 -0.93969262078590821 -6.0716667246962538e-16 -0.93969262078590821 -0.34202014332566949 -1 4.3110206755064676e-16 5.9079339252346641e-16 
1 -59.5 -27.016893877468302 1.8349090246476467 -5.2397045171745386e-16 0.087155742747658735 -0.99619469809174555 -4.9078047249576349e-16 -0.99619469809174555 -0.087155742747658735 -1 4.4324587072998034e-16 5.6475092256407955e-16 
Triangulations 0

TShapes 62
Ve
1e-07
8.43563563964691 9.3513523233594 0
0 0

0101101
*
Ed
 1e-07 1 1 0
1  1 0 0 19
0

0101000
+62 3 -62 5 *
Ve
1e-07
29.0868938774683 1.83490902464768 0
0 0

0101101
*
Ve
1.00000014210855e-07
-59.5 -29.0868938774683 1.83490902464765
0 0

0101101
*
Ed
 1e-07 1 1 0
1  2 0 0 19
0

0101000
+60 3 -59 0 *
Ed
 1e-07 1 1 0
1  3 0 0 21.9766099903496
0

0101000
+62 0 -60 0 *
Ve
1.00000021316282e-07
-59.5 -9.12911125420424 9.09894784147107
0 0

0101101
*
Ed
 1e-07 1 1 0
1  3 0 0 0.737981334765965
0

0101000
+62 0 -56 6 *
Ed
 1.00000014210855e-07 1 1 0
1  3 0 0.737981334765965 21.9766099903496
0

0101000
+56 6 -59 6 *
Wi

0101100
+61 0 -58 0 -57 3 +55 5 +54 5 *
Fa
0  1e-07 1 0

0111000
+53 0 *
Ve
1e-07
71.7027359034219 3.81619827612104 0
0 0

0101101
*
Ed
 1e-07 1 1 0
1  4 0 0 19
0

0101000
+51 3 -51 5 *
Ed
 1e-07 1 1 0
1  5 0 0 63.5087703086212
0

0101000
+51 0 -62 0 *
Wi

0101100
+50 0 -61 0 -49 3 +49 5 *
Fa
0  1e-07 2 0

0111000
+48 0 *
Ve
1e-07
50.06 0 0
0 0

0101101
*
Ed
 1e-07 1 1 0
1  6 0 0 19
0

0101000
+46 3 -46 5 *
Ed
 1e-07 1 1 0
1  7 0 0 21.0532199806992
0

0101000
+60 0 -46 0 *
Ve
1.00000021316282e-07
-59.5 -48.6764700310864 0.121043187928267
0 0

0101101
*
Ed
 1.00000014210855e-07 1 1 0
1  7 0 0 19.6644051520679
0

0101000
+59 6 -43 6 *
Ed
 1e-07 1 1 0
1  7 0 19.6644051520679 21.0532199806992
0

0101000
+43 6 -46 0 *
Wi

0101100
+58 0 -45 0 -44 3 +42 5 +41 5 *
Fa
0  1e-07 3 0

0111000
+40 0 *
Ed
 1e-07 1 1 0
1  8 0 0 21.9766099903496
0

0101000
+46 0 -51 0 *
Wi

0101100
+57 0 +44 0 +38 0 +49 0 *
Fa
0  1e-07 4 0

0111000
-37 3 *
Ve
1.00000021316282e-07
-59.5 -68.7233742628641 3.65585328366935
0 0

0101101
*
Ed
 1.00000021316282e-07 1 1 0
1  9 0 0 59.8423216621021
0

0101000
+35 10 -56 10 *
Ed
 1.00000021316282e-07 1 1 0
1  10 0 0.697059937827144 21.0532199806992
0

0101000
+43 10 -35 10 *
Wi

0101100
-55 5 +34 9 +33 9 -41 5 -38 5 -49 5 *
Fa
0  1e-07 4 4

0111000
+32 0 *
Ve
1e-07
6.36563563964691 9.35135232335936 0
0 0

0101101
*
Ve
1.00000000222045e-07
27.0168938774683 1.83490902464767 0
0 0

0101101
*
Ed
 1e-07 1 1 0
1  11 0 0 21.9766099903496
0

0101000
+30 0 -29 0 *
Ve
1.00000000111022e-07
47.99 -1.11022302462516e-16 0
0 0

0101101
*
Ed
 1e-07 1 1 0
1  12 0 0 21.0532199806991
0

0101000
+29 0 -27 0 *
Ed
 1e-07 1 1 0
1  10 0 0 0.697059937827144
0

0101000
+27 0 -43 10 *
Ed
 1e-07 1 1 0
1  9 0 59.8423216621021 62.6173001295375
0

0101000
+56 10 -30 0 *
Wi

0101100
-28 9 -26 9 -25 9 +42 5 +54 5 -24 9 *
Fa
0  1e-07 5 0

0111000
+23 0 *
Wi

0101100
+45 0 -50 0 -38 3 +38 5 *
Fa
0  1e-07 6 0

0111000
+21 0 *
Ve
1.00000000222045e-07
68.7233742628641 3.6558532836694 0
0 0

0101101
*
Ed
 1.00000000222045e-07 1 1 0
1  13 0 0 19
0

0101000
+35 0 -19 12 *
Ed
 1e-07 1 1 0
1  14 0 0 19
0

0101000
+30 9 -30 12 *
Ed
 1e-07 1 1 0
1  9 0 0 62.6173001295375
0

0101000
+19 0 -30 0 *
Wi

0101100
+18 0 -17 0 -34 9 -24 9 +16 12 *
Fa
0  1e-07 7 0

0101000
+15 0 *
Ed
 1.00000000111022e-07 1 1 0
1  15 0 0 19
0

0101000
+27 9 -27 12 *
Ed
 1e-07 1 1 0
1  10 0 0 21.0532199806992
0

0101000
+27 0 -19 0 *
Wi

0101100
+13 0 -18 0 -25 9 -33 9 +12 12 *
Fa
0  1e-07 8 0

0101000
+11 0 *
Ed
 1.00000000222045e-07 1 1 0
1  16 0 0 19
0

0101000
+29 9 -29 12 *
Wi

0101100
+17 0 -9 0 -28 9 +28 12 *
Fa
0  1e-07 9 0

0111000
+8 0 *
Wi

0101100
+9 0 -13 0 -26 9 +26 12 *
Fa
0  1e-07 10 0

0111000
+6 0 *
Wi

0101100
+28 0 +26 0 +12 0 +16 0 *
Fa
0  1e-07 5 0

0111000
-4 9 *
Sh

0101100
+52 0 +47 0 +39 0 -36 0 +31 0 -22 0 +20 0 +14 0 +10 0 +7 0 
+5 0 +3 11 *
So

0100000
+2 0 *

+1 0 ]]>
      </Part>
      <ElementMap new="1" count="1"><Element key="Dummy" value="Dummy"/></ElementMap>
      <ElementMap2 count="58">
<![CDATA[
25 PostfixCount 19
Edge
Face
Vertex
;:H11e6,E
;:H11e6,V
;:H11e6,F
;:M;FUS;:H11e6:7,F
;:M;FUS;:H11e6:7,E
;:H-11e8,E
;:H-11e8,V
;:M;FUS;:H-11e8:7,V
;:G#e82d;FUS;:H-11e8:c,V
;:M2;FUS;:H-11e8:8,E
;:M;FUS;:H-11e8:7,E
;:G#e82c;FUS;:H-11e8:c,V
;:M;FUS;:H-11e8:7,F
;:H-11e8,F
;:M2;FUS;:H11e6:8,E
;:M;FUS;:H11e6:7,V

MapCount 1

ElementMap 1 25 3

Edge

ChildCount 0

NameCount 29
0
$#e543.4 0
$#e544.8 0
$#e532.4 0
$#e81d.8 0
$#e81d.12 0
$#e546.4 0
$#e53a.4 0
$#e823.4 0
$#e545.4 0
$#e538.4 0
$#e81e.8 0
$#e81e.12 0
$#e539.4 0
$#e7fe.e 0
$#e7fd.d 0
$#e810.4 0
$#e7f6.9 0
$#e7fc.9 0
$#e7fd.e 0
$#e7fe.d 0
$#e80a.e 0
$#e807.9 0
$#e822.9 0
$#e809.9 0
$#e821.9 0
$#e808.9 0
$#e817.9 0
$#e818.9 0

Face

ChildCount 0

NameCount 13
0
$#e53e.7 0
$#e541.6 0
$#e53f.7 0
$#e53c.6 0
$#e828.7 0
$#e800.10 0
$#e540.6 0
$#e805.10 0
$#e804.10 0
$#e802.11 0
$#e803.11 0
$#e81b.11 0

Vertex

ChildCount 0

NameCount 19
0
$#e534.5 0
$#e80c.5 0
$#e535.5 0
$#e833.13 0
$#e7fe.f.e53e.e81d.e82c 0
$#e537.5 0
$#e80e.5 0
$#e536.5 0
$#e80d.5 0
$#e7fd.c.e53f.e81e.e82d 0
$#e7fb.b 0
$#e7f8.a 0
$#e7f9.a 0
$#e7fa.a 0
$#e815.a 0
$#e812.a 0
$#e814.a 0
$#e813.a 0

EndMap
]]>
      </ElementMap2>
    </Property>
    <Property name="Suppress" type="App::PropertyBool">
      <Bool value="false"/>
    </Property>
    <Property name="SuppressedShape" type="Part::PropertyPartShape">
      <Part ElementMap="0.15.70200.4" brep="1">
<![CDATA[

CASCADE Topology V1, (c) Matra-Datavision
Locations 0
Curve2ds 0
Curves 0
Polygon3D 0
PolygonOnTriangulations 0
Surfaces 0
Triangulations 0

TShapes 0

*]]>
      </Part>
      <ElementMap/>
    </Property>
    <Property name="TaperAngle" type="App::PropertyAngle">
      <Float value="0"/>
    </Property>
    <Property name="TaperAngle2" type="App::PropertyAngle" status="4">
      <Float value="0"/>
    </Property>
    <Property name="TaperAngleRev" type="App::PropertyAngle" status="4">
      <Float value="0"/>
    </Property>
    <Property name="TaperInnerAngle" type="App::PropertyAngle">
      <Float value="0"/>
    </Property>
    <Property name="TaperInnerAngleRev" type="App::PropertyAngle">
      <Float value="0"/>
    </Property>
    <Property name="TreeRank" type="App::PropertyInteger" status="2184">
      <Integer value="64"/>
    </Property>
    <Property name="Type" type="App::PropertyEnumeration">
      <Integer value="0"/>
    </Property>
    <Property name="UpToFace" type="App::PropertyLinkSub" status="4">
      <LinkSub value="" count="0">
      </LinkSub>
    </Property>
    <Property name="UseCustomVector" type="App::PropertyBool">
      <Bool value="false"/>
    </Property>
    <Property name="UsePipeForDraft" type="App::PropertyBool">
      <Bool value="false"/>
    </Property>
    <Property name="ValidateShape" type="App::PropertyBool">
      <Bool value="true"/>
    </Property>
    <Property name="Visibility" type="App::PropertyBool" status="648">
      <Bool value="false"/>
    </Property>
    <Property name="_ProfileBasedVersion" type="App::PropertyInteger" status="67108864">
      <Integer value="1"/>
    </Property>
    <Property name="_Siblings" type="App::PropertyLinkList" status="218103808">
      <LinkList count="0">
      </LinkList>
    </Property>
  </Properties>
</Object>
</Document>
