<?xml version='1.0' encoding='utf-8'?>
<!-- FreeCAD DocumentObject -->
<Document SchemaVersion="4" FileVersion="2">
<Object name="Pad008">
  <Properties Count="47" TransientCount="2">
    <_Property name="_Body" type="App::PropertyLinkHidden" status="251658240"/>
    <_Property name="_ElementMapVersion" type="App::PropertyString" status="234881024"/>
    <Property name="AddSubShape" type="Part::PropertyPartShape">
      <Part HasherIndex="0" ElementMap="1.15.70200.4" brep="1">
<![CDATA[

CASCADE Topology V1, (c) Matra-Datavision
Locations 21
1
              1               0               0               0 
              0               1               0               0 
              0               0               1               0 
1
-0.998134798421867 -1.54259966137596e-16 0.0610485395348567 -24.0164263715936 
9.05551563940926e-17              -1 -1.04627750067055e-15          -48.12 
0.0610485395348567 -1.03879772217993e-15 0.998134798421867 -0.751126288371753 
2  1 1 2 1 0
1
              1               0               0 8.11262215787617e-15 
              0               1               0              16 
              0               0               1 2.16145623101246e-14 
2  1 1 2 1 4 1 0
1
              1               0               0               0 
              0               1               0               0 
              0               0               1               0 
1
2.22044604925031e-16 -3.33066907387547e-16               1               0 
              1 3.33066907387547e-16 -2.22044604925031e-16               0 
-3.33066907387547e-16               1 3.33066907387547e-16               0 
1
              1               0               0            -1.2 
              0               1               0 3.99680288865056e-16 
              0               0               1 -4.66293670342566e-16 
1
              1               0               0               0 
              0               1               0               0 
              0               0               1               0 
2  6 1 7 1 8 1 9 1 1 1 2 1 0
2  9 -1 8 -1 7 -1 6 -1 0
2  6 1 7 1 8 1 9 1 1 1 2 1 4 1 0
1
              1               0               0            3.65 
              0               1               0 -1.21569421196455e-15 
              0               0               1 1.41830991395864e-15 
2  6 1 7 1 8 1 13 1 9 1 1 1 2 1 0
2  9 -1 13 -1 8 -1 7 -1 6 -1 0
2  6 1 7 1 8 1 13 1 9 1 1 1 2 1 4 1 0
2  9 1 1 1 2 1 0
2  9 -1 0
2  9 1 1 1 2 1 4 1 0
2  6 1 7 1 8 1 9 1 0
2  6 1 7 1 8 1 13 1 9 1 0
Curve2ds 0
Curves 12
1 -22.261747792841302 -77.38148300076611 8.2811249939579987 5.070388848672605e-16 1 1.3509101443827876e-15 
1 -22.851432810018604 -77.381483000765996 -1.3601398133123137 5.070388848672605e-16 1 1.3509101443827876e-15 
1 29.261483000766049 9.1225248775698233 3.6067562450146113e-31 0 -1 0 
1 -26.508253517773653 -77.381483000765996 -1.3601398133120117 5.070388848672605e-16 1 1.3509101443827876e-15 
1 0.3307074321240997 29.261483000766049 -0.63037851368343678 0.99813479842187236 -3.5277891872963741e-16 -0.061048539534768326 
1 -25.90695662021864 -77.38148300076611 8.4709775599395645 5.070388848672605e-16 1 1.3509101443827876e-15 
1 29.261483000766049 9.1225248775698233 3.6067562450146113e-31 0 -1 0 
1 -23.461526364085067 -77.38148300076611 8.3214086380791645 5.070388848672605e-16 1 1.3509101443827876e-15 
1 -0.59999999999999187 29.261483000766056 9.0894886550347351 -1 3.3306690738754701e-16 -3.1722239784783034e-16 
1 -23.459509550947551 -77.38148300076611 8.3543832413998267 5.070388848672605e-16 1 1.3509101443827876e-15 
1 1.1506116827397078e-14 29.261483000766049 7.7764010584476679 2.9309456231858597e-16 -3.3306690738754706e-16 -1 
1 -1.1999999999999964 29.261483000766052 9.1225248775698144 1 -3.3306690738754696e-16 3.8857805861880484e-16 
Polygon3D 0
PolygonOnTriangulations 0
Surfaces 7
1 -22.261747792841305 -77.381483000766053 8.2811249939580023 -0.99813479842186703 4.2362206378163928e-16 0.061048539534857067 -0.061048539534857067 1.3793444080580978e-15 -0.99813479842186703 -5.070388848672605e-16 -1 -1.3509101443827874e-15 
1 -22.851432810018615 -77.381483000766053 -1.3601398133123133 8.8568041789471863e-14 -1.3509101443828326e-15 1 -1 5.0703888486714089e-16 8.8568041789471863e-14 -5.070388848672605e-16 -1 -1.3509101443827876e-15 
1 -25.906956620218637 -77.381483000766053 8.4709775599395591 -0.99813479842186703 4.2362206378163928e-16 0.061048539534857067 -0.061048539534857067 1.3793444080580978e-15 -0.99813479842186703 -5.070388848672605e-16 -1 -1.3509101443827874e-15 
1 -25.906956620218637 -77.381483000766067 8.4709775599395591 -0.061048539534857053 1.3793444080580978e-15 -0.99813479842186703 0.99813479842186703 -4.2362206378163928e-16 -0.061048539534857053 -5.070388848672605e-16 -1 -1.3509101443827874e-15 
1 -23.459509550947551 -77.381483000766053 8.3543832413998356 -0.99813479842186703 4.2362206378163933e-16 0.061048539534857026 -0.061048539534857026 1.3793444080580978e-15 -0.99813479842186703 -5.070388848672605e-16 -1 -1.3509101443827874e-15 
1 -22.261747792841305 -77.381483000766053 8.2811249939580041 0.061048539534857123 -1.3793444080580978e-15 0.99813479842186703 -0.99813479842186703 4.2362206378163918e-16 0.061048539534857123 -5.070388848672605e-16 -1 -1.3509101443827874e-15 
1 -1.1999999999999964 29.261483000766052 9.1225248775698144 3.3306690738754711e-16 1 -3.3306690738754696e-16 3.3306690738754691e-16 -3.3306690738754706e-16 -1 -1 3.3306690738754701e-16 -3.3306690738754701e-16 
Triangulations 0

TShapes 34
Ve
1e-07
-1.2 29.2614830007661 9.12252487756981
0 0

0101101
*
Ed
 1e-07 1 1 0
1  1 0 0 16
0

0101000
+34 3 -34 5 *
Ve
1.50000003360145e-07
-1.2 29.261483000766 -0.536756436451044
0 0

0101101
*
Ed
 1.50000003360145e-07 1 1 0
1  2 0 0 16
0

0101000
+32 3 -32 5 *
Ed
 1e-07 1 1 0
1  3 0 0 9.65928131402086
0

0101000
+34 11 -32 11 *
Wi

0101100
+33 0 -31 0 -30 10 +30 12 *
Fa
0  1e-07 1 0

0101000
+29 0 *
Ve
2.12133034355964e-07
2.45000000000001 29.261483000766 -0.760000000000009
0 0

0101101
*
Ed
 2.12133034355964e-07 1 1 0
1  4 0 0 16
0

0101000
+27 3 -27 5 *
Ed
 1.5e-07 1 1 0
1  5 0 -1.53356784528929 2.12325286246574
0

0101000
+32 0 -27 0 *
Wi

0101100
+31 0 -26 0 -25 3 +25 5 *
Fa
0  1.5e-07 2 0

0111000
+24 0 *
Ve
1.50000003972055e-07
2.45000000000001 29.2614830007661 9.08948865503474
0 0

0101101
*
Ed
 1.50000003972055e-07 1 1 0
1  6 0 0 16
0

0101000
+22 3 -22 5 *
Ed
 1e-07 1 1 0
1  7 0 0.0330362225350811 9.88252487756982
0

0101000
+22 15 -27 15 *
Wi

0101100
+21 0 -26 0 -20 14 +20 16 *
Fa
0  1e-07 3 0

0101000
+19 0 *
Ve
1.50000003552827e-07
1.11306030025427e-14 29.2614830007661 9.08948865503474
0 0

0101101
*
Ed
 1.50000003552827e-07 1 1 0
1  8 0 0 16
0

0101000
+17 3 -17 5 *
Ed
 1.5e-07 1 1 0
1  9 0 -3.05 -0.600000000000003
0

0101000
+22 18 -17 18 *
Wi

0101100
+21 0 -16 0 -15 17 +15 19 *
Fa
0  1.5e-07 4 0

0101000
+14 0 *
Ve
1.50000003972066e-07
1.11022302462516e-14 29.2614830007661 9.12252487756981
0 0

0101101
*
Ed
 1.50000003972066e-07 1 1 0
1  10 0 0 16
0

0101000
+12 3 -12 5 *
Ed
 1.5e-07 1 1 0
1  11 0 -1.34612381912215 -1.31308759658707
0

0101000
+12 18 -17 18 *
Wi

0101100
+11 0 -16 0 -10 17 +10 19 *
Fa
0  1.5e-07 5 0

0101000
+9 0 *
Ed
 1e-07 1 1 0
1  12 0 0 1.20000000000001
0

0101000
+34 18 -12 18 *
Wi

0101100
+33 0 -11 0 -7 17 +7 19 *
Fa
0  1e-07 6 0

0101000
+6 0 *
Wi

0101100
-30 20 -25 0 +20 21 -15 9 +10 9 +7 9 *
Fa
0  1e-07 7 9

0111000
+4 0 *
Sh

0101100
-28 0 -23 0 +18 0 -13 0 +8 0 +5 0 +3 3 -3 5 *
So

1100000
+2 0 *

+1 0 ]]>
      </Part>
      <ElementMap new="1" count="1"><Element key="Dummy" value="Dummy"/></ElementMap>
      <ElementMap2 count="38">
<![CDATA[
41 PostfixCount 11
Edge
Face
Vertex
;:G;XTR;:H11ce:7,E
;:G;XTR;:H11ce:7,F
;:G0;XTR;:H11ce:8,F
;:U;XTR;:H11ce:7,E
;:U;XTR;:H11ce:7,V
;:H11ce,E
;:H11ce,F
;:H11ce,V

MapCount 1

ElementMap 1 41 3

Edge

ChildCount 0

NameCount 19
0
$#d182.4 0
$#d183.4 0
:1.1.9 0
$#d192.7 0
$#d184.4 0
:1.2.9 0
$#d193.7 0
$#d185.4 0
:1.3.9 0
$#d194.7 0
$#d186.4 0
:1.4.9 0
$#d195.7 0
$#d187.4 0
:1.5.9 0
$#d196.7 0
:1.6.9 0
$#d197.7 0

Face

ChildCount 0

NameCount 9
0
$#d189.5 0
$#d18a.5 0
$#d18b.5 0
$#d18c.5 0
$#d18d.5 0
$#d18e.5 0
:2.1.a 0
$#d190.6 0

Vertex

ChildCount 0

NameCount 13
0
:3.1.b 0
$#d199.8 0
:3.2.b 0
$#d19a.8 0
:3.3.b 0
$#d19b.8 0
:3.4.b 0
$#d19c.8 0
:3.5.b 0
$#d19d.8 0
:3.6.b 0
$#d19e.8 0

EndMap
]]>
      </ElementMap2>
    </Property>
    <Property name="AddSubType" type="App::PropertyEnumeration">
      <Integer value="0"/>
    </Property>
    <Property name="AllowMultiFace" type="App::PropertyBool">
      <Bool value="true"/>
    </Property>
    <Property name="AlongSketchNormal" type="App::PropertyBool">
      <Bool value="false"/>
    </Property>
    <Property name="AutoTaperInnerAngle" type="App::PropertyBool">
      <Bool value="true"/>
    </Property>
    <Property name="BaseFeature" type="App::PropertyLink" status="8">
      <Link value="Pad007"/>
    </Property>
    <Property name="CheckUpToFaceLimits" type="App::PropertyBool">
      <Bool value="true"/>
    </Property>
    <Property name="ClaimChildren" type="App::PropertyBool" status="134217728">
      <Bool value="false"/>
    </Property>
    <Property name="ColoredElements" type="App::PropertyLinkSubHidden" status="218103808">
      <LinkSub value="" count="0">
      </LinkSub>
    </Property>
    <Property name="Direction" type="App::PropertyVector" status="4">
      <PropertyVector valueX="-5.070388848672605e-16" valueY="-1" valueZ="-1.350910144382788e-15"/>
    </Property>
    <Property name="ExpressionEngine" type="App::PropertyExpressionEngine" status="67108864">
      <ExpressionEngine count="0"></ExpressionEngine>
    </Property>
    <Property name="Fit" type="App::PropertyDistance">
      <Float value="0"/>
    </Property>
    <Property name="FitJoin" type="App::PropertyEnumeration">
      <Integer value="0"/>
    </Property>
    <Property name="FixShape" type="App::PropertyEnumeration">
      <Integer value="0"/>
    </Property>
    <Property name="InnerFit" type="App::PropertyDistance">
      <Float value="0"/>
    </Property>
    <Property name="InnerFitJoin" type="App::PropertyEnumeration">
      <Integer value="0"/>
    </Property>
    <Property name="InvalidShape" type="App::PropertyBool" status="67108864">
      <Bool value="false"/>
    </Property>
    <Property name="Label" type="App::PropertyString" status="134217728">
      <String value="Pad008"/>
    </Property>
    <Property name="Label2" type="App::PropertyString" status="128">
      <String value=""/>
    </Property>
    <Property name="Length" type="App::PropertyLength">
      <Float value="16"/>
    </Property>
    <Property name="Length2" type="App::PropertyLength" status="4">
      <Float value="10"/>
    </Property>
    <Property name="Linearize" type="App::PropertyBool">
      <Bool value="true"/>
    </Property>
    <Property name="Midplane" type="App::PropertyBool">
      <Bool value="false"/>
    </Property>
    <Property name="NewSolid" type="App::PropertyBool">
      <Bool value="false"/>
    </Property>
    <Property name="Offset" type="App::PropertyLength" status="4">
      <Float value="0"/>
    </Property>
    <Property name="Placement" type="App::PropertyPlacement" status="8388620">
      <PropertyPlacement Px="0" Py="0" Pz="0" Q0="0" Q1="0" Q2="0" Q3="1" A="0" Ox="0" Oy="0" Oz="1"/>
    </Property>
    <Property name="Profile" type="App::PropertyLinkSub">
      <LinkSub value="ShapeBinder008" count="1">
        <Sub value=""/>
      </LinkSub>
    </Property>
    <Property name="ReferenceAxis" type="App::PropertyLinkSub">
      <LinkSub value="" count="0">
      </LinkSub>
    </Property>
    <Property name="Refine" type="App::PropertyBool">
      <Bool value="false"/>
    </Property>
    <Property name="Reversed" type="App::PropertyBool">
      <Bool value="true"/>
    </Property>
    <Property name="Shape" type="Part::PropertyPartShape">
      <Part HasherIndex="0" ElementMap="1.15.70200.4" brep="1">
<![CDATA[

CASCADE Topology V1, (c) Matra-Datavision
Locations 142
1
              1               0               0               0 
              0               1               0               0 
              0               0               1               0 
1
-8.88178419700125e-16 0.0610485395348569 -0.998134798421867 -26.4618566277271 
             -1 -1.10696661851224e-15 8.22133168409266e-16          -48.12 
-1.0547118733939e-15 0.998134798421867 0.0610485395348569 -0.601557366511353 
2  1 1 2 1 0
1
              1               0               0 18.9645611700155 
              0               1               0 -1.16018306073329e-14 
              0               0               1 -1.15992225116228 
2  1 1 2 1 4 1 0
2  2 -1 1 -1 0
2  4 -1 2 -1 1 -1 0
1
              1               0               0               0 
              0               1               0               0 
              0               0               1               0 
1
0.00532073080681961 0.0608162314108689 -0.998134798421867 -45.731660495417 
-0.996194698091746 0.0871557427476572 5.75259002756462e-16             -42 
0.086993179718741 0.994336594168737 0.061048539534857 -4.43230910745783 
1
              1               0               0 18.9645611700155 
              0               1               0 -8.43769498715119e-15 
              0               0               1 -1.15992225116228 
2  8 1 9 1 10 1 0
2  10 -1 9 -1 8 -1 0
1
              1               0               0               0 
              0               1               0               0 
              0               0               1               0 
1
2.22044604925031e-16 -3.33066907387547e-16               1               0 
              1 3.33066907387547e-16 -2.22044604925031e-16               0 
-3.33066907387547e-16               1 3.33066907387547e-16               0 
1
              1               0               0            -1.2 
              0               1               0 3.99680288865056e-16 
              0               0               1 -4.66293670342566e-16 
1
              1               0               0            3.65 
              0               1               0 -1.21569421196455e-15 
              0               0               1 1.41830991395864e-15 
1
              1               0               0               0 
              0               1               0               0 
              0               0               1               0 
1
              1               0               0               0 
              0               1               0               0 
              0               0               1               0 
1
-0.998134798421867 -1.54259966137596e-16 0.0610485395348567 -24.0164263715936 
9.05551563940926e-17              -1 -1.04627750067055e-15          -48.12 
0.0610485395348567 -1.03879772217993e-15 0.998134798421867 -0.751126288371753 
1
              1               0               0 8.11262215787617e-15 
              0               1               0              16 
              0               0               1 2.16145623101246e-14 
2  13 1 14 1 15 1 16 1 17 1 18 1 19 1 20 1 0
2  20 -1 19 -1 18 -1 17 -1 16 -1 15 -1 14 -1 13 -1 0
1
              1               0               0               0 
              0               1               0               0 
              0               0               1               0 
1
2.22044604925031e-16 -3.33066907387547e-16               1               0 
              1 3.33066907387547e-16 -2.22044604925031e-16               0 
-3.33066907387547e-16               1 3.33066907387547e-16               0 
1
              1               0               0            -1.2 
              0               1               0 3.99680288865056e-16 
              0               0               1 -4.66293670342566e-16 
1
              1               0               0            3.65 
              0               1               0 -1.21569421196455e-15 
              0               0               1 1.41830991395864e-15 
1
              1               0               0               0 
              0               1               0               0 
              0               0               1               0 
1
              1               0               0               0 
              0               1               0               0 
              0               0               1               0 
1
-0.998134798421867 1.04671569390343e-13 0.0610485395348501 -4.44137980623023 
-1.04595958461709e-13              -1 4.43423343924803e-15          -60.71 
0.0610485395348501 -1.95946780529587e-15 0.998134798421867 8.07029944468401 
1
              1               0               0 -2.08637580943227e-12 
              0               1               0              20 
              0               0               1 4.54316045499747e-14 
2  23 1 24 1 25 1 26 1 27 1 28 1 29 1 30 1 0
2  30 -1 29 -1 28 -1 27 -1 26 -1 25 -1 24 -1 23 -1 0
2  17 1 18 1 19 1 0
2  23 1 24 1 25 1 26 1 27 1 28 1 29 1 0
2  29 -1 28 -1 27 -1 26 -1 25 -1 24 -1 23 -1 0
2  27 -1 26 -1 25 -1 24 -1 23 -1 0
2  28 1 29 1 30 1 0
2  17 1 18 1 19 1 20 1 0
2  8 1 9 1 0
2  9 -1 8 -1 0
1
              1               0               0               0 
              0               1               0               0 
              0               0               1               0 
1
              1               0               0               0 
              0               1               0               0 
              0               0               1               0 
1
-0.998134798421867 9.56199806635868e-17 0.0610485395348569 -43.2862302392834 
-1.49195141868101e-16              -1 -8.73024688166726e-16             -42 
0.0610485395348569 -8.80504466657351e-16 0.998134798421867 -4.58187802931823 
1
              1               0               0 4.62886088518941e-15 
              0               1               0              18 
              0               0               1 2.14671039994839e-14 
2  41 1 42 1 43 1 44 1 0
2  13 1 14 1 15 1 17 1 18 1 19 1 20 1 0
2  20 -1 19 -1 18 -1 17 -1 15 -1 14 -1 13 -1 0
2  17 -1 15 -1 14 -1 13 -1 0
2  18 1 19 1 20 1 0
2  17 -1 16 -1 15 -1 14 -1 13 -1 0
2  27 1 28 1 29 1 30 1 0
2  23 1 24 1 25 1 27 1 28 1 29 1 30 1 0
2  27 -1 25 -1 24 -1 23 -1 0
2  27 -1 0
2  13 1 14 1 15 1 17 1 18 1 19 1 0
2  19 -1 18 -1 17 -1 15 -1 14 -1 13 -1 0
2  18 1 19 1 0
2  13 1 14 1 15 1 16 1 17 1 18 1 19 1 0
2  19 -1 18 -1 17 -1 16 -1 15 -1 14 -1 13 -1 0
2  19 -1 18 -1 17 -1 0
2  17 -1 0
2  28 1 29 1 0
2  27 1 28 1 29 1 0
2  29 -1 28 -1 27 -1 0
2  23 1 24 1 25 1 27 1 28 1 29 1 0
1
              1               0               0 18.9645611700155 
              0               1               0 8.43769498715119e-15 
              0               0               1 -1.15992225116229 
1
              1               0               0               0 
              0               1               0               0 
              0               0               1               0 
1
1.11022302462516e-16 0.0610485395348572 -0.998134798421867 -64.3909789677581 
             -1 -8.79744038488903e-16 -1.65037218857825e-16          -47.99 
-8.88178419700125e-16 0.998134798421867 0.0610485395348572 1.71828713581434 
2  67 1 68 1 66 1 0
2  66 -1 68 -1 67 -1 0
1
              1               0               0               0 
              0               1               0               0 
              0               0               1               0 
1
2.22044604925031e-16 -3.33066907387547e-16               1               0 
              1 3.33066907387547e-16 -2.22044604925031e-16               0 
-3.33066907387547e-16               1 3.33066907387547e-16               0 
1
              1               0               0            -1.2 
              0               1               0 3.99680288865056e-16 
              0               0               1 -4.66293670342566e-16 
1
              1               0               0            3.65 
              0               1               0 -1.21569421196455e-15 
              0               0               1 1.41830991395864e-15 
2  71 1 72 1 73 1 74 1 41 1 42 1 43 1 44 1 0
2  44 -1 43 -1 42 -1 41 -1 74 -1 73 -1 72 -1 71 -1 0
2  71 1 72 1 73 1 41 1 42 1 43 1 44 1 0
2  44 -1 43 -1 42 -1 41 -1 73 -1 72 -1 71 -1 0
2  41 -1 73 -1 72 -1 71 -1 0
2  42 1 43 1 44 1 0
2  41 -1 74 -1 73 -1 72 -1 71 -1 0
2  71 1 72 1 73 1 41 1 42 1 43 1 0
2  42 1 43 1 0
2  67 1 68 1 0
2  68 -1 67 -1 0
1
              1               0               0               0 
              0               1               0               0 
              0               0               1               0 
1
              1               0               0               0 
              0               1               0               0 
              0               0               1               0 
1
-0.998134798421867 7.38829132130014e-16 0.0610485395348568 -61.9455487116245 
-7.91884075631384e-16              -1 -8.44867386947962e-16          -47.99 
0.0610485395348568 -8.91634905262719e-16 0.998134798421867 1.56871821395394 
2  86 1 87 1 88 1 0
2  88 -1 87 -1 86 -1 0
1
              1               0               0 -7.72100426800698e-15 
              0               1               0              20 
              0               0               1 2.40749465493116e-14 
2  86 1 87 1 88 1 91 1 0
2  41 1 42 1 43 1 0
2  41 -1 0
2  71 1 72 1 73 1 74 1 41 1 42 1 43 1 0
2  71 1 72 1 73 1 41 1 0
2  71 1 72 1 73 1 74 1 41 1 0
1
              1               0               0               0 
              0               1               0               0 
              0               0               1               0 
1
2.22044604925031e-16 -3.33066907387547e-16               1               0 
              1 3.33066907387547e-16 -2.22044604925031e-16               0 
-3.33066907387547e-16               1 3.33066907387547e-16               0 
1
              1               0               0            -1.2 
              0               1               0 3.99680288865056e-16 
              0               0               1 -4.66293670342566e-16 
1
              1               0               0            3.65 
              0               1               0 -1.21569421196455e-15 
              0               0               1 1.41830991395864e-15 
2  98 1 99 1 100 1 101 1 86 1 87 1 88 1 91 1 0
2  91 -1 88 -1 87 -1 86 -1 101 -1 100 -1 99 -1 98 -1 0
1
              1               0               0               0 
              0               1               0               0 
              0               0               1               0 
1
-0.0106009676394945 0.0601210750439879 -0.998134798421867 -83.243521621639 
-0.984807753012093 -0.173648177667581 9.3856956877888e-17 -29.0868938774684 
-0.173324288812555 0.982970888037018 0.0610485395348524 4.70969593642275 
1
              1               0               0 18.9645611700155 
              0               1               0              -0 
              0               0               1 -1.15992225116219 
2  104 1 105 1 106 1 0
2  106 -1 105 -1 104 -1 0
2  98 1 99 1 100 1 101 1 86 1 87 1 88 1 0
2  88 -1 87 -1 86 -1 101 -1 100 -1 99 -1 98 -1 0
2  98 1 99 1 100 1 86 1 87 1 88 1 0
2  88 -1 87 -1 86 -1 100 -1 99 -1 98 -1 0
2  86 -1 100 -1 99 -1 98 -1 0
2  87 1 88 1 0
2  86 -1 101 -1 100 -1 99 -1 98 -1 0
2  87 1 88 1 91 1 0
2  98 1 99 1 100 1 86 1 87 1 88 1 91 1 0
2  91 -1 88 -1 87 -1 86 -1 100 -1 99 -1 98 -1 0
2  104 1 105 1 0
1
              1               0               0               0 
              0               1               0               0 
              0               0               1               0 
1
              1               0               0               0 
              0               1               0               0 
              0               0               1               0 
1
0.998134798421867 -3.26391068054826e-17 0.061048539534853 -66.9362227037338 
2.35356918951523e-17               1 1.49836733027386e-16          -50.06 
-0.061048539534853 -1.48120437699339e-16 0.998134798421867 1.87396091162831 
1
              1               0               0 5.58946630794763e-15 
              0               1               0              20 
              0               0               1 -1.00179871285801e-14 
2  120 1 121 1 122 1 123 1 0
2  120 1 121 1 122 1 0
2  122 -1 121 -1 120 -1 0
1
              1               0               0               0 
              0               1               0               0 
              0               0               1               0 
1
2.22044604925031e-16 -3.33066907387547e-16               1               0 
              1 3.33066907387547e-16 -2.22044604925031e-16               0 
-3.33066907387547e-16               1 3.33066907387547e-16               0 
1
              1               0               0            -1.2 
              0               1               0 3.99680288865056e-16 
              0               0               1 -4.66293670342566e-16 
2  127 1 128 1 129 1 120 1 121 1 122 1 0
2  122 -1 121 -1 120 -1 129 -1 128 -1 127 -1 0
2  120 -1 129 -1 128 -1 127 -1 0
2  121 1 122 1 0
2  121 1 122 1 123 1 0
2  127 1 128 1 129 1 120 1 121 1 122 1 123 1 0
2  123 -1 122 -1 121 -1 120 -1 129 -1 128 -1 127 -1 0
1
              1               0               0            3.65 
              0               1               0 -1.21569421196455e-15 
              0               0               1 1.41830991395864e-15 
2  127 1 128 1 129 1 137 1 120 1 121 1 122 1 123 1 0
2  123 -1 122 -1 121 -1 120 -1 137 -1 129 -1 128 -1 127 -1 0
2  120 -1 137 -1 129 -1 128 -1 127 -1 0
2  127 1 128 1 129 1 137 1 120 1 121 1 122 1 0
2  122 -1 121 -1 120 -1 137 -1 129 -1 128 -1 127 -1 0
Curve2ds 36
8 -4.9636911256202048 4.9705350377286095
1 4.9705350377286059 -3.6500000000000146 -1 4.1286418728248009e-16 
8 -4.9636911256202048 4.9705350377286095
1 2.3009934329378012 -4.4058848999782301 0.46057132912076865 -0.8876226961901823 
8 -1.8250000000000073 1.8249999999999971
1 9.9342261633487468 -1.8250000000000093 4.0939474033052647e-16 1 
8 -1.8250000000000073 1.8249999999999971
1 0.014859613865974342 -1.8250000000000073 6.9388939039072268e-18 -1 
8 -4.9636911256202048 -4.9242257756952892
1 4.9705350377286059 -2.4500000000000086 -1 3.920475055707584e-16 
8 -4.9636911256202048 -4.9242257756952892
1 2.3009934329378074 -4.4058848999782301 0.46057132912076865 -0.8876226961901823 
8 3.7778147581720133e-15 2.4500000000000028
1 9.894760813423904 -7.1054273576010019e-15 -3.9204750557075845e-16 -1 
8 3.7778147581720133e-15 2.4500000000000028
1 -7.3239019098121424e-15 -0.035030340306391849 1 1.3287293119612114e-17 
8 -1.8250000000000026 1.8250000000000017
1 13.583465367114794 -1.8250000000000064 4.0419056990259605e-16 1 
8 -1.8250000000000026 1.8250000000000017
1 6.1825248775698229 -1.8250000000000026 6.2450045135165043e-17 -1 
8 -5.6688276106511815 1.6877070222340844
1 15.271172389348823 -3.650000000000011 -1 4.1980308118638722e-16 
8 -5.6688276106511815 1.6877070222340844
1 5.8172382212368507 -14.352298373004636 0.21643961393810932 -0.97629600711993203 
8 -1.8250000000000157 1.8249999999999846
1 20.801144732834544 -1.8250000000000168 4.0592529337857286e-16 1 
8 -1.8250000000000157 1.8249999999999846
1 9.2925648438317126 -1.8250000000000157 6.9388939039072284e-17 -1 
8 -0.86034397655564732 -0.60826872869102033
1 20.192876004143518 -3.650000000000039 -1 4.2327252813834093e-16 
8 -0.86034397655564732 -0.60826872869102033
1 9.4242182926402176 -18.593850331076954 0.21643961393810265 -0.97629600711993347 
8 -9.9998006456514137 10.006768967581626
1 10.006768967581623 -3.6500000000000332 -1 4.3715031594615539e-16 
8 -9.9998006456514137 10.006768967581626
1 4.6173940807563447 -8.87778746265945 0.46174861323503463 -0.88701083317822138 
8 -1.8250000000000224 1.8249999999999846
1 20.006569613233069 -1.8250000000000233 5.4470317145671743e-16 1 
8 -1.8250000000000224 1.8249999999999846
1 1.8250000000000153 -0.007855960344059219 1 9.3707199281210278e-17 
8 -15.589018787105003 -5.4642011935941177
1 5.4642011935941586 -3.6500000000000195 -1 -2.8102520310824275e-16 
8 -15.589018787105003 -5.4642011935941177
1 -1.1826695968216363 5.3346778074059511 -0.21643961393810277 0.97629600711993347 
8 -1.8250000000000073 1.8249999999999937
1 10.92840238718831 -1.8250000000000086 2.94469310047063e-16 1 
8 -1.8250000000000073 1.8249999999999937
1 1.7497732705184816 -1.8250000000000062 -1.3877787807814457e-17 -1 
8 -5.6366985903305604 4.4881190031802873
1 15.416521390368601 -3.6500000000000234 -1 2.94469310047063e-16 
8 -5.6366985903305604 4.4881190031802873
1 1.9455422718599287 -15.516152691624994 -0.043619387365335875 -0.9990482215818578 
8 -5.6506653606463111 4.4452333036158809
1 15.402554620053358 -15.250000000000007 -1 -2.4025920142278783e-16 
8 -5.6506653606463111 4.4452333036158809
1 1.2606464684316769 -15.571682151157134 -0.087155742747990234 -0.99619469809171646 
8 7.6249999999999982 11.275000000000002
1 10.957321316437472 -7.6249999999999956 2.1337098754514727e-16 -1 
8 7.6249999999999982 11.275000000000002
1 0.8732188581669349 7.6249999999999982 -3.2612801348363973e-16 -1 
8 -5.6506653606463111 4.4452333036158809
1 15.402554620053358 -18.900000000000002 -1 -2.4025920142278783e-16 
8 -5.6506653606463111 4.4452333036158809
1 1.2606464684316765 -15.571682151157134 -0.087155742747990234 -0.99619469809171646 
8 -5.0479493321507674 5.0479493321309876
1 5.0479493321309858 -18.900000000000009 -1 -1.6479873021779667e-16 
8 -5.0479493321507674 5.0479493321309876
1 0.8765672024812905 -4.9712596390950736 0.1736481776665959 -0.98480775301226708 
8 -5.0479493321507674 5.0479493321309885
1 5.0479493321309867 -15.249999999999993 -1 -1.6479873021779667e-16 
8 -5.0479493321507674 5.0479493321309885
1 0.8765672024812905 -4.9712596390950736 0.1736481776665959 -0.98480775301226708 
Curves 109
1 -26.002355098512236 -6.127352551931601 6.9112262271986875 0.99813479842186692 -6.10622663543836e-16 -0.061048539534856956 
1 -26.405794010470924 -27.086818019710886 0.3150583232394879 0.99813479842186692 -6.10622663543836e-16 -0.061048539534856956 
1 -41.992647448068404 7.5268226351674379 0 0.95371695074822693 -0.30070579950427323 0 
1 -25.564173262543374 -88.167665742147051 14.075435917542693 0.99813479842186692 -6.10622663543836e-16 -0.061048539534856956 
1 40.047665742147039 14.704419991427629 0 -0.99619469809174543 -0.087155742747658263 0 
1 -26.461856627727148 -48.119999999999997 -0.60155736651135294 0.99813479842186692 -6.10622663543836e-16 -0.061048539534856956 
1 -21.033181980289111 0.91832855762574717 0 0.9990482215818578 -0.043619387365335986 0 
1 39.64611319984332 14.853599310952809 0 -1 -1.1201330319861412e-16 0 
1 41.176846929303743 11.158081180907701 0 -0.38268343236510666 0.92387953251127974 0 
1 20.44363838909138 4.5322455158640018 0 0.88762269619018241 0.46057132912076831 0 
1 -39.646113199843292 14.8535993109528 0 -0.38268343236510288 -0.9238795325112813 0 
1 -41.176846929303693 11.158081180907701 0 0.92387953251128652 -0.38268343236509011 0 
1 -20.873106765236589 2.7479966380517671 0 0.99144486137381049 -0.13052619222005166 0 
1 0 0 0 0.99144486137381049 0.1305261922200511 0 
1 29.261483000766049 9.1225248775698233 3.6067562450146113e-31 0 -1 0 
1 0 0 0 0.97629600711993192 0.21643961393810893 0 
1 9.884818989337397 2.1914116113743964 1.2183980087303934e-31 0 -1 0 
1 -22.402220081401452 -72.97559810078782 5.9844233776025968 -0.028117206994450455 0.88762269619018286 -0.45971227075084847 
1 -24.084250957685789 -77.381483000766053 8.3777066809183776 -0.99813479842186703 4.2362206378163928e-16 0.06104853953485706 
1 -23.599981839507699 -72.97559810078782 6.0576816250444239 -0.028117206994450434 0.88762269619018286 -0.45971227075084847 
1 -25.906956620218644 -77.346452660459676 8.4709775599395627 0.99813479842186692 -4.3690935690125132e-16 -0.061048539534857046 
1 -26.185169658170263 -68.563638389091381 3.9222345978639521 0.99813479842186692 -6.10622663543836e-16 -0.061048539534856956 
1 -6.7530275839686542 -70.594818989337625 10.407192553522894 -1.0431879047161341e-13 1 2.271580227498734e-15 
1 -24.460777914374766 -61.381483000766053 2.2215453561978071 -0.99813479842186703 4.2362206378163938e-16 0.061048539534857005 
1 -22.616881690374157 -63.02918462776141 2.474737094631799 -0.01321332232840937 0.97629600711993236 -0.21603591042862011 
1 -44.617374266564745 -80.200671289206895 13.786109693285606 0.99813479842186692 -4.4408920985006252e-16 -0.061048539534857074 
1 -45.039266858310874 -1.2101757499487533 6.8882267917985658 0.99813479842186692 -4.4408920985006252e-16 -0.061048539534857074 
1 -44.833977130233251 -82.047665742147089 10.244684176596223 0.99813479842186692 -4.4408920985006252e-16 -0.061048539534857074 
1 -45.272158966202134 -0.0073525519316106625 3.0804744862522124 0.99813479842186692 -4.4408920985006252e-16 -0.061048539534857074 
1 -45.675597878160822 -20.966818019710889 -3.5156934177069896 0.99813479842186692 -4.4408920985006252e-16 -0.061048539534857074 
1 -45.731660495417039 -41.999999999999993 -4.4323091074578294 0.99813479842186692 -4.4408920985006252e-16 -0.061048539534857074 
1 -43.635212258142289 -62.308074546190198 -0.049928451793672668 -0.99813479842186692 1.8387176551944543e-16 0.06104853953485713 
1 -41.821653501796845 -61.714224215113234 -0.29274992503280606 -0.013213322328409239 0.9762960071199337 -0.21603591042861361 
1 -45.453477513761165 -62.554174604174193 0.1159424385263943 0.99813479842186692 -4.4408920985006252e-16 -0.061048539534857074 
1 29.261483000766049 9.1225248775698233 3.6067562450146113e-31 0 -1 0 
1 0.3307074321240997 29.261483000766049 -0.63037851368343678 0.99813479842187236 -3.5277891872963741e-16 -0.061048539534768326 
1 9.884818989337397 2.1914116113743964 1.2183980087303934e-31 0 -1 0 
1 0.2725487389027863 9.8848189893373934 -9.4668213756213131 -0.99813479842186703 3.5277891872966517e-16 0.061048539534856894 
1 -1.1999999999999984 9.884818989337397 2.1914116113743929 1 -3.3306690738754696e-16 3.8857805861880484e-16 
1 -1.1999999999999984 9.884818989337397 2.1914116113743929 1 -3.3306690738754696e-16 3.8857805861880484e-16 
1 -22.851432810018604 -77.381483000765996 -1.3601398133123137 5.070388848672605e-16 1 1.3509101443827876e-15 
1 -0.59999999999999187 29.261483000766056 9.0894886550347351 -1 3.3306690738754701e-16 -3.1722239784783034e-16 
1 1.1506116827397078e-14 29.261483000766049 7.7764010584476679 2.9309456231858597e-16 -3.3306690738754706e-16 -1 
1 -23.461526364085067 -77.38148300076611 8.3214086380791645 5.070388848672605e-16 1 1.3509101443827876e-15 
1 -25.90695662021864 -77.38148300076611 8.4709775599395645 5.070388848672605e-16 1 1.3509101443827876e-15 
1 20.873106765236621 2.74799663805176 0 0.92387953251128652 0.38268343236509011 0 
1 -7.4728760418973339 -70.594818989337654 -1.3622256983055401 -1.0431879047161341e-13 1 2.271580227498734e-15 
1 -4.3075973278422612 -70.594818989363432 10.257623631545151 -1.0431879047161341e-13 1 2.271580227498734e-15 
1 -40.789824250051261 11.34169043816031 0 -0.30070579950428744 -0.95371695074822249 0 
1 -41.992647448068404 7.5268226351674423 0 0.95371695074822682 -0.30070579950427345 0 
1 40.047665742147032 14.704419991427629 0 -0.88701083317822105 -0.46174861323503508 0 
1 38.200671289206838 18.252463324140461 0 0.46174861323505112 -0.88701083317821272 0 
1 38.200671289206838 18.252463324140461 0 -0.99619469809174566 -0.087155742747658166 0 
1 38.308074546190191 13.794756579277019 4.7218347443408655e-31 0 -1 0 
1 20.55417460417419 4.5567508047764704 0 -0.97629600711993347 -0.21643961393810246 0 
1 -21.033181980289129 0.91832855762575161 0 0.99904822158185769 -0.043619387365336153 0 
1 -41.528203903860557 -71.430287083530743 4.5051085907452411 -0.028189078470244263 0.88701083317822182 -0.46088735899292671 
1 -43.067914745893411 -80.300218585846153 9.2253038854264098 -0.99813479842186692 9.0164566238234865e-17 0.061048539534857255 
1 -44.889510753013298 -80.308074546190213 9.336717470077506 2.5715893806607837e-16 1 1.1926168888602139e-15 
1 38.308074546190191 13.794756579277019 4.7218347443408655e-31 0 -1 0 
1 -1.51964845063787 38.308074546190198 3.3227941003169863 0.99813479842187236 -3.5277891872963741e-16 -0.061048539534768208 
1 -41.886810285894626 -80.308074546190198 -1.3580539283188213 2.5715893806607837e-16 1 1.1926168888602139e-15 
1 -41.246318738773482 -80.308074546190213 9.1138903007752781 2.5715893806607837e-16 1 1.1926168888602139e-15 
1 -26.508253517773653 -77.381483000765996 -1.3601398133120117 5.070388848672605e-16 1 1.3509101443827876e-15 
1 -3.1098355697288382 -70.594818989337242 10.184365384220701 -1.0431879047161341e-13 1 2.271580227498734e-15 
1 -3.81605533414228 -70.594818989337284 -1.3622256983055205 -1.0431879047161341e-13 1 2.271580227498734e-15 
1 -63.698585330651923 -7.2001757499487624 13.038823035070731 0.99813479842186692 4.4408920985006247e-16 -0.061048539534857171 
1 -63.931477438543183 -5.9973525519316127 9.2310707295243759 0.99813479842186692 4.4408920985006247e-16 -0.061048539534857171 
1 -64.334916350501857 -26.95681801971088 2.634902825565181 0.99813479842186692 4.4408920985006247e-16 -0.061048539534857171 
1 -63.493295602574243 -88.037665742147055 16.395280419868392 0.99813479842186692 4.4408920985006247e-16 -0.061048539534857171 
1 -64.112795986102171 -68.544174604174202 6.2665386817985622 0.99813479842186692 4.4408920985006247e-16 -0.061048539534857171 
1 -63.276692738905737 -86.190671289206861 19.936705936557765 0.99813479842186692 4.4408920985006247e-16 -0.061048539534857171 
1 -1.1999999999999984 9.8848189893622891 2.1914116111331952 1 -3.3306690738754696e-16 3.8857805861880484e-16 
1 -1.1999999999999984 9.8848189893622891 2.1914116111331952 1 -3.3306690738754696e-16 3.8857805861880484e-16 
1 -60.541804223500577 -63.209496796768249 4.8632478328730997 0.013213322328409867 -0.9762960071199337 0.21603591042861373 
1 -64.390978967758059 -47.990000000000009 1.7182871358143386 0.99813479842186692 4.4408920985006247e-16 -0.061048539534857171 
1 -62.542421584941017 -37.874818989362289 2.0476881472480746 -0.99813479842186692 -4.588171682438375e-16 0.061048539534857178 
1 -60.732776989439188 -42.358666297737301 1.7408707099057588 0.0026628998940585705 0.9990482215818578 0.043538028415186059 
1 -1.199999999999996 38.308074546190198 13.794756579277008 1 -3.3306690738754696e-16 3.8857805861880484e-16 
1 -45.543630993649671 -80.308074546190198 -1.3580539283185238 2.5715893806607837e-16 1 1.1926168888602139e-15 
1 9.8848189893622891 2.1914116111331987 1.2183980087334638e-31 0 -1 0 
1 0 0 0 0.99619469809171701 0.08715574274798471 0 
1 -21.64273590342361 3.816198276113941 0 0.98480775301226597 -0.17364817766660218 0 
1 -20.948143192757222 7.7554292881630964 0 -0.17364817766659327 -0.98480775301226764 0 
1 40.256283787047117 13.11012280651661 0 -0.99619469809171668 -0.087155742747988152 0 
1 41.624364360351123 9.3513523233731188 0 -0.34202014332597402 0.93969262078579741 0 
1 20.973106122531611 1.834909024654592 0 0.9396926207857984 0.3420201433259708 0 
1 9.8848189893622891 2.1914116111331987 1.2183980087334638e-31 0 -1 0 
1 0.47089109530222484 9.8848189893622873 -2.9689525138257009 -0.99813479842187236 3.5277891872963751e-16 0.061048539534768562 
1 -60.922798247165709 -57.874818989362289 -1.3659493913095575 -3.8605021340034893e-16 1 1.2037473274655818e-15 
1 -83.355540137773531 -50.059999999999974 2.8782093869765637 0.99813479842186725 -0 -0.061048539534852286 
1 -68.103918792576508 -44.430837127033605 2.4387885063211097 0.0053207308068404062 0.99619469809171646 0.086993179719072847 
1 -75.691044740761114 -40.002519278190732 3.2909885999490234 0.99813479842186725 -3.0953121549239455e-16 -0.061048539534852314 
1 -64.460726778336692 -44.430837127033605 2.2159613370188982 0.0053207308068404062 0.99619469809171646 0.086993179719072847 
