<?xml version='1.0' encoding='utf-8'?>
<!-- FreeCAD DocumentObject -->
<Document SchemaVersion="4" FileVersion="2">
<Object name="Boolean" Extensions="True">
  <Extensions Count="1">
    <Extension type="App::GeoFeatureGroupExtension" name="GeoFeatureGroupExtension">
    </Extension>
  </Extensions>
  <Properties Count="23" TransientCount="3">
    <_Property name="_Body" type="App::PropertyLinkHidden" status="251658241"/>
    <_Property name="_ElementMapVersion" type="App::PropertyString" status="234881024"/>
    <_Property name="_GroupTouched" type="App::PropertyBool" status="100663296"/>
    <Property name="BaseFeature" type="App::PropertyLink" status="8">
      <Link value="Pad"/>
    </Property>
    <Property name="ClaimAllChildren" type="App::PropertyBool" status="8">
      <Bool value="false"/>
    </Property>
    <Property name="ColoredElements" type="App::PropertyLinkSubHidden" status="218103808">
      <LinkSub value="" count="0">
      </LinkSub>
    </Property>
    <Property name="ExportMode" type="App::PropertyEnumeration" status="8">
      <Integer value="0"/>
    </Property>
    <Property name="ExpressionEngine" type="App::PropertyExpressionEngine" status="67108864">
      <ExpressionEngine count="0"></ExpressionEngine>
    </Property>
    <Property name="FixShape" type="App::PropertyEnumeration">
      <Integer value="0"/>
    </Property>
    <Property name="Group" type="App::PropertyLinkList">
      <LinkList count="1">
        <Link value="Reference"/>
      </LinkList>
    </Property>
    <Property name="InvalidShape" type="App::PropertyBool" status="67108864">
      <Bool value="false"/>
    </Property>
    <Property name="Label" type="App::PropertyString" status="134217728">
      <String value="Boolean"/>
    </Property>
    <Property name="Label2" type="App::PropertyString" status="128">
      <String value=""/>
    </Property>
    <Property name="NewSolid" type="App::PropertyBool">
      <Bool value="false"/>
    </Property>
    <Property name="Placement" type="App::PropertyPlacement" status="8388616">
      <PropertyPlacement Px="0" Py="0" Pz="0" Q0="0" Q1="0" Q2="0" Q3="1" A="0" Ox="0" Oy="0" Oz="1"/>
    </Property>
    <Property name="Refine" type="App::PropertyBool">
      <Bool value="false"/>
    </Property>
    <Property name="Shape" type="Part::PropertyPartShape">
      <Part HasherIndex="0" ElementMap="1.15.70200.4" brep="1">
<![CDATA[

CASCADE Topology V1, (c) Matra-Datavision
Locations 46
1
              1               0               0               0 
              0               1               0               0 
              0               0               1               0 
1
              1               0               0               0 
              0               1               0               0 
              0               0               1               0 
1
2.22044604925031e-16 -3.33066907387547e-16               1               0 
              1 3.33066907387547e-16 -2.22044604925031e-16               0 
-3.33066907387547e-16               1 3.33066907387547e-16               0 
1
              1               0               0            -1.2 
              0               1               0 3.99680288865056e-16 
              0               0               1 -4.66293670342566e-16 
2  2 1 3 1 4 1 0
1
              1               0               0               0 
              0               1               0               0 
              0               0               1               0 
1
2.22044604925031e-16 -3.33066907387547e-16               1               0 
              1 3.33066907387547e-16 -2.22044604925031e-16               0 
-3.33066907387547e-16               1 3.33066907387547e-16               0 
1
              1               0               0               0 
              0               1               0               0 
              0               0               1               0 
1
              1               0               0               0 
              0               1               0               0 
              0               0               1               0 
1
              1               0               0               0 
              0               1               0               0 
              0               0               1               0 
1
              1               0               0               0 
              0               1               0               0 
              0               0               1               0 
1
              1               0               0               0 
              0               1               0               0 
              0               0               1               0 
1
              1               0               0               0 
              0               1               0               0 
              0               0               1               0 
1
              1               0               0               0 
              0               1               0               0 
              0               0               1               0 
1
              1               0               0               0 
              0               1               0               0 
              0               0               1               0 
1
              1               0               0               0 
              0               1               0               0 
              0               0               1               0 
2  6 1 7 1 8 1 9 1 10 1 11 1 12 1 13 1 14 1 15 1 16 1 0
2  16 -1 15 -1 14 -1 13 -1 12 -1 11 -1 10 -1 9 -1 8 -1 7 -1 6 -1 0
2  2 1 3 1 0
1
              1               0               0            3.65 
              0               1               0 -1.21569421196455e-15 
              0               0               1 1.41830991395864e-15 
2  2 1 3 1 4 1 20 1 0
2  20 -1 4 -1 3 -1 2 -1 0
2  8 1 9 1 10 1 11 1 12 1 13 1 14 1 15 1 16 1 0
1
              1               0               0               0 
              0               1               0               0 
              0               0               1               0 
2  24 -1 8 -1 7 -1 6 -1 0
2  24 -1 8 -1 0
1
              1               0               0            2.45 
              0               1               0 -8.1601392309949e-16 
              0               0               1 9.52016243616072e-16 
2  6 1 7 1 27 1 8 1 9 1 10 1 11 1 12 1 13 1 14 1 15 1 16 1 0
2  16 -1 15 -1 14 -1 13 -1 12 -1 11 -1 10 -1 9 -1 8 -1 27 -1 7 -1 6 -1 0
2  24 -1 8 -1 27 -1 7 -1 6 -1 0
2  4 1 20 1 0
2  6 1 7 1 0
2  6 1 7 1 27 1 0
2  8 -1 0
1
              1               0               0               0 
              0               1               0               0 
              0               0               1               0 
1
2.22044604925031e-16 -3.33066907387547e-16               1               0 
              1 3.33066907387547e-16 -2.22044604925031e-16               0 
-3.33066907387547e-16               1 3.33066907387547e-16               0 
1
              1               0               0             1.5 
              0               1               0 -4.9960036108132e-16 
              0               0               1 5.82867087928207e-16 
2  35 1 36 1 37 1 8 1 0
2  24 -1 8 -1 37 -1 36 -1 35 -1 0
2  24 -1 0
2  35 1 36 1 0
2  24 -1 8 -1 36 -1 35 -1 0
2  27 1 8 1 9 1 10 1 11 1 12 1 13 1 14 1 15 1 16 1 0
2  9 1 10 1 11 1 12 1 13 1 14 1 15 1 16 1 0
2  35 1 36 1 37 1 0
2  35 1 36 1 8 1 0
Curve2ds 0
Curves 177
1 -1.9721522630525295e-31 0 0 0.99619469809174555 0.087155742747658194 0 
1 -1.199999999999998 10.057480721809263 0.87991554678883421 1 -3.3306690738754696e-16 3.8857805861880484e-16 
1 0 0 0 0.99619469809171701 0.087155742747984807 1.2279047676765673e-32 
1 -1.2 3.9968028886505612e-16 -4.6629367034256577e-16 1 -3.3306690738754696e-16 3.8857805861880484e-16 
1 10.057480721809263 0.87991554678883799 0 0 -1 0 
1 -9.942519278190737 -3.27 0 1 0 0 
1 -9.942519278190737 1.753134404959078 0 0 -1 0 
1 -1.9721522630525295e-31 0 0 -0.98480775301220813 0.17364817766693025 0 
1 -1.1999999999999966 10.057480721809261 -3.2700000000000045 1 -3.3306690738754696e-16 3.8857805861880484e-16 
1 -20.948143192757207 7.7554292881630964 -2.5820580002715311e-31 0.98480775301226575 -0.17364817766660362 1.2138692742342581e-32 
1 -20.948143192757207 7.7554292881630964 -2.5820580002715311e-31 -0.17364817766660154 -0.98480775301226608 -2.1403790410008459e-33 
1 0.17598310935643369 4.0306758772143532 2.169159296101943e-33 0.99619469809171668 0.087155742747988943 1.2279047676765668e-32 
1 0 0 0 -0.98480775301226608 0.17364817766660168 -1.2138692742342585e-32 
1 20.099877071191273 5.7737907321741764 2.4775011283142154e-31 0.93969262078579585 0.3420201433259778 1.1582605804102915e-32 
1 40.256283787047103 13.110122806516586 4.9619700732943536e-31 0.34202014332597785 -0.93969262078579585 4.2157237479367282e-33 
1 20.9731061225316 1.8349090246545932 2.585134918924468e-31 0.93969262078579852 0.34202014332597086 1.1582605804102948e-32 
1 6.5151264015235974e-16 16.024682733846717 4.7375651824108171 -3.3179948724927913e-16 -0.087155742747988124 0.99619469809171668 
1 1.4803516600869664e-15 15.310013993757082 2.2930815085483447 -2.9028693698137346e-17 0.99619469809171657 0.087155742747989068 
1 1.4803516600869664e-15 15.310013993757082 2.2930815085483447 -2.9028693698137346e-17 0.99619469809171657 0.087155742747989068 
1 5.9345525275608067e-16 20.009461526213684 5.0861881534027908 -3.3179948724927908e-16 -0.087155742747990261 0.99619469809171646 
1 9.9286746536251153e-16 15.1705648053603 3.8869930254950931 -2.9028693698137444e-17 0.99619469809171657 0.087155742747989359 
1 9.9286746536251153e-16 15.1705648053603 3.8869930254950931 -2.9028693698137444e-17 0.99619469809171657 0.087155742747989359 
1 1.3828382112771393e-15 16.139564732330083 2.7892971523397572 1.1391559140182916e-16 -0.93969262078579574 -0.3420201433259783 
1 1.3828382112771393e-15 16.139564732330083 2.7892971523397572 1.1391559140182916e-16 -0.93969262078579574 -0.3420201433259783 
1 6.2320914050081198e-16 20.030366317248475 6.4033406190651334 -3.1298051510002413e-16 -0.34202014332597697 0.9396926207857963 
1 1.8552672282821899e-15 16.686796961651645 1.2857889590824805 1.1391559140182894e-16 -0.93969262078579596 -0.34202014332597763 
1 1.8552672282821899e-15 16.686796961651645 1.2857889590824805 1.1391559140182894e-16 -0.93969262078579596 -0.34202014332597763 
1 -2.7075585707794881e-16 23.789136800391752 7.7714211923690897 -3.1298051510002393e-16 -0.34202014332597858 0.93969262078579563 
1 -9.3716206677866012e-16 35.057156578246648 11.021302772654476 3.1298051510002418e-16 0.34202014332597663 -0.93969262078579641 
1 1.4111780184321288e-15 24.063384034820341 3.9706470841914734 1.1391559140182912e-16 -0.93969262078579585 -0.34202014332597813 
1 1.4111780184321288e-15 24.063384034820341 3.9706470841914734 1.1391559140182912e-16 -0.93969262078579585 -0.34202014332597813 
1 -1.3870378545073543e-15 38.815927061389928 12.389383345958422 3.1298051510002418e-16 0.34202014332597663 -0.93969262078579641 
1 7.1670439650204598e-16 25.39553704707042 6.158195564100728 -1.1391559140182912e-16 0.93969262078579585 0.34202014332597813 
1 7.1670439650204598e-16 25.39553704707042 6.158195564100728 -1.1391559140182912e-16 0.93969262078579585 0.34202014332597813 
1 1.2654197081365295e-15 4.4389293603717146 2.9208872337859475 3.3179948724927913e-16 0.087155742747989179 -0.99619469809171657 
1 1.2149120702875393e-15 5.3580470291566327 3.028508959427386 2.9028693698138215e-17 -0.99619469809171635 -0.087155742747991677 
1 1.2149120702875393e-15 5.3580470291566327 3.028508959427386 2.9028693698138215e-17 -0.99619469809171635 -0.087155742747991677 
1 1.7675663053828676e-15 0.45415056800474241 2.5722642627939849 3.3179948724927913e-16 0.087155742747988679 -0.99619469809171668 
1 1.7023962650119971e-15 5.4974962175534134 1.434597442480634 2.9028693698137303e-17 -0.99619469809171657 -0.087155742747988943 
1 1.7023962650119971e-15 5.4974962175534134 1.434597442480634 2.9028693698137303e-17 -0.99619469809171657 -0.087155742747988943 
1 2.0800068257673252e-15 2.6247657703906815 2.1265208369494899 -5.7836461508900072e-17 -0.9848077530122652 0.1736481776666069 
1 2.0800068257673252e-15 2.6247657703906815 2.1265208369494899 -5.7836461508900072e-17 -0.9848077530122652 0.1736481776666069 
1 5.5984379380235665e-16 -3.8041133639016049 5.3573246131493812 -3.2800687266707468e-16 0.17364817766660121 0.98480775301226608 
1 2.1203677189759432e-15 2.3469286861241381 0.55082843212988886 -5.7836461508897964e-17 -0.9848077530122662 0.17364817766660059 
1 2.1203677189759432e-15 2.3469286861241381 0.55082843212988886 -5.7836461508897964e-17 -0.9848077530122662 0.17364817766660059 
1 1.119605926670212e-15 0.13511764814757621 4.6627319024829657 -3.2800687266707448e-16 0.17364817766660565 0.98480775301226542 
1 1.4138730109922329e-15 -5.1059750907557948 3.4896590316323564 -5.7836461508899505e-17 -0.98480775301226553 0.1736481776666052 
1 1.4138730109922329e-15 -5.1059750907557948 3.4896590316323564 -5.7836461508899505e-17 -0.98480775301226553 0.1736481776666052 
1 -5.6030624381760017e-16 -19.265595086194566 8.0836010025151079 -3.2800687266707468e-16 0.1736481776666014 0.98480775301226608 
1 1.6762785091258717e-15 -5.3838121750223378 1.9139666268127735 -5.7836461508897582e-17 -0.98480775301226642 0.17364817766659943 
1 1.6762785091258717e-15 -5.3838121750223378 1.9139666268127735 -5.7836461508897582e-17 -0.98480775301226642 0.17364817766659943 
1 4.435450989003048e-16 -15.465282616278669 6.6011620894389154 3.2800687266707443e-16 -0.17364817766660617 -0.98480775301226531 
1 -1.2000000000000028 -9.942519278190737 1.7531344049590809 1 -3.3306690738754696e-16 3.8857805861880484e-16 
1 -1.2000000000000011 -9.9425192781907388 -3.2699999999999978 1 -3.3306690738754696e-16 3.8857805861880484e-16 
1 4.0458175888490791e-15 20.9731061225316 1.8349090246545863 1 -3.3306690738754696e-16 3.8857805861880479e-16 
1 0 0 0 0.99619469809171701 0.087155742747984807 1.2279047676765673e-32 
1 -7.234499027620045e-15 -20.948143192757204 7.7554292881631035 1 -3.3306690738754696e-16 3.8857805861880479e-16 
1 -1.3034086491148445e-15 0.17598310935643502 4.0306758772143532 1 -3.3306690738754696e-16 3.8857805861880479e-16 
1 -20.948143192757207 7.7554292881630964 -2.5820580002715311e-31 0.98480775301226575 -0.17364817766660362 1.2138692742342581e-32 
1 -6.0767021009754462e-15 -21.642735903423631 3.8161982761139401 1 -3.3306690738754696e-16 3.8857805861880479e-16 
1 -20.948143192757207 7.7554292881630964 -2.5820580002715311e-31 -0.17364817766660154 -0.98480775301226608 -2.1403790410008459e-33 
1 2.5400106402462283e-15 20.099877071191276 5.7737907321741693 1 -3.3306690738754696e-16 3.8857805861880479e-16 
1 0.17598310935643369 4.0306758772143532 2.169159296101943e-33 0.99619469809171668 0.087155742747988943 1.2279047676765668e-32 
1 0 0 0 -0.98480775301226608 0.17364817766660168 -1.2138692742342585e-32 
1 4.5721425706073911e-15 40.25628378704711 13.110122806516571 1 -3.3306690738754696e-16 3.8857805861880479e-16 
1 20.099877071191273 5.7737907321741764 2.4775011283142154e-31 0.93969262078579585 0.3420201433259778 1.1582605804102915e-32 
1 6.1278395414124798e-15 41.624364360351116 9.3513523233731082 1 -3.3306690738754696e-16 3.8857805861880479e-16 
1 40.256283787047103 13.110122806516586 4.9619700732943536e-31 0.34202014332597785 -0.93969262078579585 4.2157237479367282e-33 
1 20.9731061225316 1.8349090246545932 2.585134918924468e-31 0.93969262078579852 0.34202014332597086 1.1582605804102948e-32 
1 -3.1999999999999975 16.231494089491918 2.3737005705902328 1 -3.3306690738754696e-16 3.8857805861880479e-16 
1 2.4500000000000006 16.024682733846717 4.7375651824108171 -3.3179948724927913e-16 -0.087155742747988124 0.99619469809171668 
1 -3.199999999999998 16.092044901095136 3.9676120875369811 1 -3.3306690738754696e-16 3.8857805861880479e-16 
1 20.216272881858892 2.7223235415822065 2.4918480196528391e-31 -0.99619469809171657 -0.087155742747990289 -1.2279047676765667e-32 
8 -1.866761902332492 -1.0323759005323638
1 0.17999999999999716 18.891333933396915 2.606406403727374 -0.70710678118654846 -0.70441602640273726 -0.061628416716453541 
1 -3.1999999999999966 20.216272881858892 2.7223235415821985 1 -3.3306690738754696e-16 3.8857805861880479e-16 
1 3.4668958635250545e-15 19.618556063003869 2.6700300959334062 1 -3.3306690738754696e-16 3.8857805861880479e-16 
1 2.450000000000002 15.310013993757082 2.2930815085483456 -2.9028693698137346e-17 0.99619469809171657 0.087155742747989068 
1 19.479106874607083 4.2639416128801608 2.4009852940623984e-31 0.087155742747990678 -0.99619469809171646 1.07427747061546e-33 
1 19.479106874607083 4.2639416128801608 2.4009852940623984e-31 0.99619469809171635 0.087155742747992482 1.2279047676765664e-32 
8 -1.8667619023324944 -1.0323759005323658
1 0.17999999999999716 18.751884745000126 4.2003179206741237 -0.70710678118654857 -0.70441602640273726 -0.061628416716453749 
1 -3.1999999999999971 20.076823693462106 4.3162350585289477 1 -3.3306690738754696e-16 3.8857805861880479e-16 
1 2.9050527439815274e-15 19.479106874607083 4.2639416128801546 1 -3.3306690738754696e-16 3.8857805861880479e-16 
1 2.4500000000000011 15.1705648053603 3.886993025495094 -2.9028693698137444e-17 0.99619469809171657 0.087155742747989359 
1 20.736760172131817 4.4625394535336325 2.5560030313654534e-31 0.93969262078579574 0.34202014332597863 1.1582605804102914e-32 
8 -1.8667619023324931 -1.0323759005323654
1 0.17999999999999761 21.986551357776907 4.9174262441571708 -0.70710678118654668 0.66446302438859606 0.24184476264819416 
1 -3.1999999999999971 20.736760172131817 4.4625394535336245 1 -3.3306690738754696e-16 3.8857805861880479e-16 
1 3.1750043561616826e-15 21.300575744603272 4.6677515395292044 1 -3.3306690738754696e-16 3.8857805861880479e-16 
1 2.450000000000002 16.139564732330083 2.7892971523397581 1.1391559140182916e-16 -0.93969262078579574 -0.3420201433259783 
1 -3.1999999999999966 24.4955306552751 5.8306200268375736 1 -3.3306690738754696e-16 3.8857805861880479e-16 
1 21.300575744603272 4.6677515395292115 2.6254986661900678e-31 0.34202014332597991 -0.93969262078579519 4.2157237479367536e-33 
1 21.847807973924841 3.1642433462719359 2.6929502461570561e-31 -0.93969262078579463 -0.3420201433259813 -1.15826058041029e-32 
8 -1.8667619023324908 -1.0323759005323634
1 0.18000000000000083 22.533783587098476 3.4139180508998921 -0.7071067811865468 0.66446302438859617 0.24184476264819368 
1 -3.1999999999999966 21.283992401453382 2.9590312602763453 1 -3.3306690738754696e-16 3.8857805861880479e-16 
1 3.7972831444836735e-15 21.847807973924841 3.1642433462719288 1 -3.3306690738754696e-16 3.8857805861880479e-16 
1 2.450000000000002 16.686796961651645 1.2857889590824814 1.1391559140182894e-16 -0.93969262078579596 -0.34202014332597763 
1 -3.1999999999999962 25.042762884596666 4.3271118335802932 1 -3.3306690738754696e-16 3.8857805861880479e-16 
1 2.4499999999999993 23.789136800391752 7.7714211923690897 -3.1298051510002393e-16 -0.34202014332597858 0.93969262078579563 
1 -3.1999999999999957 35.489934318469203 9.8322557037516205 1 -3.3306690738754696e-16 3.8857805861880479e-16 
1 2.4499999999999993 35.057156578246648 11.021302772654478 3.1298051510002418e-16 0.34202014332597663 -0.93969262078579641 
1 -3.1999999999999948 36.037166547790768 8.32874751049434 1 -3.3306690738754696e-16 3.8857805861880479e-16 
1 38.684889229141064 10.995124191060016 4.768280739949177e-31 0.34202014332598052 -0.93969262078579496 4.2157237479367611e-33 
1 5.5499377231168573e-15 39.232121458462636 9.4916159978027217 1 -3.3306690738754696e-16 3.8857805861880479e-16 
8 2.4465894629055192 3.2809754647056426
1 -0.82000000000004059 37.60645322450317 8.8999211498487689 0.70710678118654702 0.6644630243885955 0.24184476264819449 
1 39.232121458462636 9.4916159978027341 4.8357323199161658e-31 0.93969262078579263 0.34202014332598707 1.1582605804102876e-32 
1 -3.1999999999999944 39.795937030934049 9.6968280837982892 1 -3.3306690738754696e-16 3.8857805861880479e-16 
1 2.450000000000002 24.063384034820341 3.9706470841914752 1.1391559140182912e-16 -0.93969262078579585 -0.34202014332597813 
1 39.248704801612483 11.200336277055584 4.8377763747737875e-31 -0.93969262078579485 -0.34202014332598063 -1.1582605804102903e-32 
8 1.0323759005323796 1.8667619023325075
1 0.17999999999998895 37.998913615967425 10.745449486432037 0.70710678118654702 0.6644630243885955 0.24184476264819449 
1 -3.1999999999999953 39.24870480161249 11.20033627705557 1 -3.3306690738754696e-16 3.8857805861880479e-16 
1 4.9276589347948633e-15 38.684889229141071 10.995124191060004 1 -3.3306690738754696e-16 3.8857805861880479e-16 
1 2.4500000000000011 25.39553704707042 6.1581955641007298 -1.1391559140182912e-16 0.93969262078579585 0.34202014332597813 
1 -3.2000000000000002 4.4365669334217426 2.9478898973854877 1 -3.3306690738754696e-16 3.8857805861880479e-16 
1 2.4500000000000015 4.4389293603717146 2.9208872337859484 3.3179948724927913e-16 0.087155742747989179 -0.99619469809171657 
1 -3.1999999999999997 4.576016121818526 1.3539783804387384 1 -3.3306690738754696e-16 3.8857805861880479e-16 
1 0.45178814105477016 2.5992669263935131 5.5687187800091179e-33 0.99619469809171479 0.087155742748009232 1.2279047676765645e-32 
8 -1.8667619023324928 -1.0323759005323674
1 0.17999999999999583 1.7767270895167389 2.7151840642483407 -0.70710678118654735 0.70441602640273815 0.061628416716454901 
1 -3.2000000000000011 0.45178814105477211 2.5992669263935118 1 -3.3306690738754696e-16 3.8857805861880479e-16 
1 -6.5011009867748012e-16 1.0495049599097799 2.6515603720423164 1 -3.3306690738754696e-16 3.8857805861880479e-16 
1 2.4500000000000011 5.3580470291566327 3.0285089594273868 2.9028693698138215e-17 -0.99619469809171635 -0.087155742747991677 
1 1.049504959909779 2.6515603720423169 1.2936147386068259e-32 0.087155742747989484 -0.99619469809171657 1.0742774706154453e-33 
1 0.59123732945155183 1.0053554094467749 7.2875627329938121e-33 0.99619469809171646 0.087155742747990234 1.2279047676765666e-32 
8 -1.8667619023324924 -1.0323759005323667
1 0.17999999999999672 1.9161762779135207 1.1212725473015988 -0.70710678118654735 0.70441602640273837 0.061628416716452965 
1 -3.2000000000000002 0.59123732945155327 1.0053554094467734 1 -3.3306690738754696e-16 3.8857805861880479e-16 
1 -8.8266979133952609e-17 1.1889541483065629 1.0576488550955669 1 -3.3306690738754696e-16 3.8857805861880479e-16 
1 2.450000000000002 5.4974962175534134 1.4345974424806351 2.9028693698137303e-17 -0.99619469809171657 -0.087155742747988943 
1 -1.0922496472859287 1.1572483637768693 -1.3463016335707921e-32 0.17364817766660179 0.98480775301226608 2.1403790410008489e-33 
1 -1.0910880456713953e-15 -0.81441256301936615 2.7329407685964884 1 -3.3306690738754696e-16 3.8857805861880479e-16 
8 2.4465894629054845 3.2809754647056089
1 -0.82000000000001982 -2.5181299757306053 3.0333521159597234 0.70710678118654779 0.69636424032005917 -0.12278780396874388 
1 -0.81441256301936704 2.7329407685964879 -1.0038409870106579e-32 0.98480775301226575 -0.17364817766660351 1.2138692742342581e-32 
1 -3.2000000000000024 -4.1627589232611539 3.3233445726629673 1 -3.3306690738754696e-16 3.8857805861880479e-16 
1 -3.2000000000000011 -0.2235279112119864 2.6287518619965211 1 -3.3306690738754696e-16 3.8857805861880479e-16 
1 2.450000000000002 2.6247657703906815 2.1265208369494908 -5.7836461508900072e-17 -0.9848077530122652 0.1736481776666069 
1 -3.200000000000002 -4.4405960075277182 1.7476521678433252 1 -3.3306690738754696e-16 3.8857805861880479e-16 
1 2.4500000000000006 -3.8041133639016071 5.3573246131493821 -3.2800687266707468e-16 0.17364817766660121 0.98480775301226608 
1 -6.2796927501356955e-16 -1.0922496472859282 1.1572483637768698 1 -3.3306690738754696e-16 3.8857805861880479e-16 
8 2.4465894629054863 3.2809754647056111
1 -0.8200000000000206 -2.7959670599971713 1.4576597111400922 0.70710678118654779 0.69636424032005995 -0.12278780396873944 
1 -0.50136499547855529 1.0530594571769065 -6.1798006903022018e-33 -0.9848077530122662 0.17364817766660071 -1.2138692742342586e-32 
1 -3.2000000000000006 -0.50136499547855384 1.0530594571769054 1 -3.3306690738754696e-16 3.8857805861880479e-16 
1 2.450000000000002 2.3469286861241381 0.55082843212988963 -5.7836461508897964e-17 -0.9848077530122662 0.17364817766660059 
1 -19.624240645554117 6.0496209620287029 -2.4188744124885572e-31 0.98480775301226409 -0.17364817766661311 1.213869274234256e-32 
8 -1.8667619023324822 -1.0323759005323547
1 0.18000000000000549 -18.314446334047787 5.8186688857321229 -0.70710678118654657 0.6963642403200605 -0.12278780396874331 
1 -3.2000000000000064 -19.624240645554114 6.0496209620287082 1 -3.3306690738754696e-16 3.8857805861880479e-16 
1 -6.2064806798134065e-15 -19.033355993746738 5.9454320554287383 1 -3.3306690738754696e-16 3.8857805861880479e-16 
1 2.4500000000000015 -5.1059750907557948 3.4896590316323572 -5.7836461508899505e-17 -0.98480775301226553 0.1736481776666052 
1 -3.2000000000000055 -15.685009633504947 5.3550282513622696 1 -3.3306690738754696e-16 3.8857805861880479e-16 
1 -19.311193078013314 4.3697396506090787 -2.3802883206905144e-31 0.17364817766660454 0.98480775301226553 2.1403790410008828e-33 
1 -19.902077729820686 4.473928557209037 -2.4531204771445715e-31 0.98480775301226742 -0.17364817766659404 1.2138692742342601e-32 
8 -1.8667619023324824 -1.0323759005323576
1 0.18000000000000449 -18.592283418314363 4.2429764809124659 -0.70710678118654657 0.69636424032006128 -0.12278780396873926 
1 -3.200000000000006 -19.902077729820686 4.4739285572090424 1 -3.3306690738754696e-16 3.8857805861880479e-16 
1 -5.7433619091555717e-15 -19.311193078013314 4.3697396506090849 1 -3.3306690738754696e-16 3.8857805861880479e-16 
1 2.450000000000002 -5.3838121750223378 1.9139666268127744 -5.7836461508897582e-17 -0.98480775301226642 0.17364817766659943 
1 -3.2000000000000051 -15.962846717771519 3.7793358465426277 1 -3.3306690738754696e-16 3.8857805861880479e-16 
1 2.4500000000000002 -15.465282616278669 6.6011620894389154 3.2800687266707443e-16 -0.17364817766660617 -0.98480775301226531 
1 2.4500000000000011 20.009461526213684 5.0861881534027917 -3.3179948724927908e-16 -0.087155742747990261 0.99619469809171646 
1 2.4500000000000011 20.030366317248475 6.4033406190651334 -3.1298051510002413e-16 -0.34202014332597697 0.9396926207857963 
1 2.4499999999999984 38.815927061389928 12.389383345958423 3.1298051510002418e-16 0.34202014332597663 -0.93969262078579641 
1 2.450000000000002 0.45415056800474196 2.5722642627939858 3.3179948724927913e-16 0.087155742747988679 -0.99619469809171668 
1 2.4500000000000011 0.1351176481475749 4.6627319024829674 -3.2800687266707448e-16 0.17364817766660565 0.98480775301226542 
1 2.4499999999999993 -19.265595086194569 8.0836010025151097 -3.2800687266707468e-16 0.1736481776666014 0.98480775301226608 
1 1.5000000000000011 20.066861746481194 4.3153635011014702 3.5115194971470425e-16 0.087155742747990345 -0.99619469809171646 
1 20.076823693462106 4.3162350585289557 2.4746595801229917e-31 0.087155742747990594 -0.99619469809171646 1.074277470615459e-33 
1 0.91000000000000114 19.479106874607083 4.2639416128801555 3.5115194971470425e-16 0.087155742747990345 -0.99619469809171646 
1 1.5000000000000011 20.746157098339651 4.4659596549668761 3.8892424270124349e-16 0.34202014332597958 -0.9396926207857953 
1 21.283992401453382 2.9590312602763538 2.6234546113324408e-31 -0.3420201433259773 0.93969262078579618 -4.2157237479367214e-33 
1 0.91000000000000114 21.300575744603272 4.6677515395292044 3.8892424270124349e-16 0.34202014332597958 -0.9396926207857953 
1 0.90999999999999892 38.684889229141071 10.995124191060004 3.8892424270124359e-16 0.34202014332598019 -0.93969262078579507 
1 1.4999999999999989 39.239307875404691 11.196916075622331 3.8892424270124359e-16 0.34202014332598019 -0.93969262078579507 
1 39.795937030934049 9.6968280837983034 4.9052279547407754e-31 -0.34202014332597697 0.9396926207857963 -4.2157237479367173e-33 
1 1.5000000000000016 0.4617500880356662 2.6001384838210031 3.5115194971470401e-16 0.087155742747989151 -0.99619469809171657 
1 0.45178814105477016 2.5992669263935131 5.5687187800091179e-33 0.087155742747988998 -0.99619469809171657 1.0742774706154393e-33 
1 0.91000000000000159 1.0495049599097792 2.6515603720423169 3.5115194971470401e-16 0.087155742747989151 -0.99619469809171657 
1 0.91000000000000203 -1.0922496472859289 1.1572483637768702 -2.8944923166114241e-16 0.17364817766660212 0.98480775301226597 
1 1.500000000000002 -0.51121307300869223 1.0547959389535753 -2.8944923166114241e-16 0.17364817766660212 0.98480775301226597 
1 -0.22352791121198834 2.6287518619965224 -2.7551942247007933e-33 -0.17364817766660531 -0.98480775301226542 -2.1403790410008924e-33 
1 1.5000000000000011 -19.892229652290556 4.4721920754323827 -2.8944923166114162e-16 0.1736481776666049 0.98480775301226553 
1 -19.902077729820686 4.473928557209037 -2.4531204771445715e-31 0.17364817766660107 0.9848077530122662 2.14037904100084e-33 
1 0.91000000000000114 -19.311193078013318 4.3697396506090858 -2.8944923166114162e-16 0.1736481776666049 0.98480775301226553 
Polygon3D 0
PolygonOnTriangulations 0
Surfaces 64
1 -1.2 3.9968028886505612e-16 -4.6629367034256577e-16 -4.1612809548886392e-16 -0.087155742747657861 0.99619469809174555 1.9217096446816536e-16 0.99619469809174555 0.087155742747657861 -1 2.2770764917086379e-16 -3.9779579931026513e-16 
1 3.8161885538548382e-16 -0.13116582805981905 -1.2332162419809589 1 0 3.3306690738754696e-16 -3.3306690738754696e-16 0 1 0 -1 0 
1 -1.199999999999998 10.057480721809263 0.87991554678883421 3.3306690738754711e-16 1 -3.3306690738754696e-16 3.3306690738754691e-16 -3.3306690738754706e-16 -1 -1 3.3306690738754701e-16 -3.3306690738754701e-16 
1 5.8466471873869893e-16 10.129581582761654 4.9976571822089113 1 0 3.3306690738754701e-16 -3.3306690738754701e-16 0 1 0 -1 0 
1 -1.2 3.9968028886505612e-16 -4.6629367034256577e-16 3.2483822326922339e-16 -0.17364817766693058 -0.98480775301220802 -2.7650770995371132e-16 -0.98480775301220802 0.17364817766693058 -1 2.1589937102280161e-16 -3.6791826069455997e-16 
1 -1.2000000000000011 -9.9425192781907388 -3.2699999999999974 -3.8857805861880474e-16 3.3306690738754711e-16 1 2.2204460492503131e-16 1 -3.3306690738754701e-16 -1 2.2204460492503118e-16 -3.8857805861880484e-16 
1 -1.2000000000000028 -9.942519278190737 1.7531344049590809 3.3306690738754711e-16 1 -3.3306690738754696e-16 3.3306690738754691e-16 -3.3306690738754706e-16 -1 -1 3.3306690738754701e-16 -3.3306690738754701e-16 
1 0 0 0 -4.1612809548896159e-16 -0.087155742747984474 0.99619469809171701 1.9217096446805023e-16 0.99619469809171701 0.087155742747984474 -1 2.2770764917088804e-16 -3.9779579931029782e-16 
1 -7.234499027620045e-15 -20.948143192757204 7.7554292881631035 -3.2483822326935449e-16 0.17364817766660395 0.98480775301226564 2.7650770995361532e-16 0.98480775301226564 -0.17364817766660395 -1 2.1589937102280637e-16 -3.6791826069460084e-16 
1 -7.234499027620045e-15 -20.948143192757204 7.7554292881631035 3.9548274442745606e-16 0.98480775301226597 -0.17364817766660187 2.8944923166114251e-16 -0.17364817766660187 -0.98480775301226597 -1 3.3921214128977176e-16 -3.5372670531175076e-16 
1 -1.3034086491148445e-15 0.17598310935643502 4.0306758772143532 -4.1612809548896278e-16 -0.08715574274798861 0.99619469809171668 1.9217096446804876e-16 0.99619469809171668 0.08715574274798861 -1 2.2770764917088829e-16 -3.9779579931029811e-16 
1 0 0 0 3.2483822326935528e-16 -0.17364817766660201 -0.98480775301226597 -2.7650770995361473e-16 -0.98480775301226597 0.17364817766660201 -1 2.1589937102280637e-16 -3.6791826069460109e-16 
1 2.5400106402462283e-15 20.099877071191276 5.7737907321741693 -4.7905952568519021e-16 -0.34202014332597747 0.93969262078579596 9.4738085331520336e-17 0.93969262078579596 0.34202014332597747 -1 2.5287268732992826e-16 -4.1776636768000144e-16 
1 4.5721425706073911e-15 40.25628378704711 13.110122806516571 1.8007899179789027e-16 0.93969262078579596 0.34202014332597752 3.8892424270124324e-16 0.34202014332597752 -0.93969262078579596 -1 3.0223882498264986e-16 -3.0387859832635031e-16 
1 4.0458175888490791e-15 20.9731061225316 1.8349090246545863 -4.7905952568518893e-16 -0.34202014332597053 0.93969262078579863 9.4738085331523195e-17 0.93969262078579863 0.34202014332597053 -1 2.5287268732992737e-16 -4.1776636768000109e-16 
1 -3.199999999999998 16.092044901095136 3.9676120875369811 2.9793267793478587e-16 0.99619469809171668 0.087155742747988124 3.5115194971470386e-16 0.087155742747988124 -0.99619469809171668 -1 3.2740386314168988e-16 -3.2384916669605369e-16 
1 -3.1999999999999966 20.216272881858892 2.7223235415821985 4.1612809548896288e-16 0.087155742747989068 -0.99619469809171657 -1.9217096446804858e-16 -0.99619469809171657 -0.087155742747989068 -1 2.2770764917088834e-16 -3.9779579931029816e-16 
1 7.8454631488314206e-16 10.179192097490903 4.4306064040855224 1 0 3.3306690738754691e-16 -3.3306690738754691e-16 0 1 0 -1 0 
1 -3.1999999999999971 20.076823693462106 4.3162350585289477 4.1612809548896298e-16 0.087155742747989359 -0.99619469809171657 -1.9217096446804851e-16 -0.99619469809171657 -0.087155742747989359 -1 2.2770764917088839e-16 -3.9779579931029821e-16 
1 -3.1999999999999971 20.736760172131817 4.4625394535336245 -4.7905952568519041e-16 -0.3420201433259783 0.93969262078579574 9.4738085331520064e-17 0.93969262078579574 0.3420201433259783 -1 2.5287268732992841e-16 -4.1776636768000154e-16 
1 7.8454631488314206e-16 10.179192097490903 4.4306064040855224 1 0 3.3306690738754691e-16 -3.3306690738754691e-16 0 1 0 -1 0 
1 -3.1999999999999966 21.283992401453382 2.9590312602763453 -4.7905952568519021e-16 -0.34202014332597763 0.93969262078579596 9.4738085331520459e-17 0.93969262078579596 0.34202014332597763 -1 2.5287268732992846e-16 -4.1776636768000134e-16 
1 -3.1999999999999966 24.4955306552751 5.8306200268375736 1.8007899179788975e-16 0.93969262078579563 0.34202014332597858 3.8892424270124334e-16 0.34202014332597858 -0.93969262078579563 -1 3.0223882498264976e-16 -3.0387859832635021e-16 
1 -3.1999999999999948 36.037166547790768 8.32874751049434 -1.8007899179789076e-16 -0.93969262078579641 -0.34202014332597663 -3.8892424270124319e-16 -0.34202014332597663 0.93969262078579641 -1 3.0223882498264996e-16 -3.0387859832635036e-16 
1 7.8454631488314206e-16 10.179192097490903 4.4306064040855224 1 0 3.3306690738754691e-16 -3.3306690738754691e-16 0 1 0 -1 0 
1 -3.1999999999999948 36.037166547790768 8.32874751049434 -4.7905952568519041e-16 -0.34202014332597813 0.93969262078579585 9.4738085331519966e-17 0.93969262078579585 0.34202014332597813 -1 2.5287268732992826e-16 -4.1776636768000159e-16 
1 -3.1999999999999953 39.24870480161249 11.20033627705557 4.7905952568519041e-16 0.34202014332597813 -0.93969262078579585 -9.4738085331519966e-17 -0.93969262078579585 -0.34202014332597813 -1 2.5287268732992826e-16 -4.1776636768000159e-16 
1 -3.1999999999999997 4.576016121818526 1.3539783804387384 -2.9793267793478547e-16 -0.99619469809171657 -0.087155742747989179 -3.5115194971470401e-16 -0.087155742747989179 0.99619469809171657 -1 3.2740386314168978e-16 -3.2384916669605354e-16 
1 -3.2000000000000011 0.45178814105477211 2.5992669263935118 -4.1612809548896371e-16 -0.087155742747991677 0.99619469809171635 1.9217096446804767e-16 0.99619469809171635 0.087155742747991677 -1 2.2770764917088854e-16 -3.9779579931029851e-16 
1 7.8454631488314206e-16 10.179192097490903 4.4306064040855224 1 0 3.3306690738754691e-16 -3.3306690738754691e-16 0 1 0 -1 0 
1 -3.2000000000000002 0.59123732945155327 1.0053554094467734 -4.1612809548896288e-16 -0.087155742747988943 0.99619469809171657 1.9217096446804863e-16 0.99619469809171657 0.087155742747988943 -1 2.2770764917088834e-16 -3.9779579931029821e-16 
1 7.8454631488314206e-16 10.179192097490903 4.4306064040855224 1 0 3.3306690738754691e-16 -3.3306690738754691e-16 0 1 0 -1 0 
1 -3.2000000000000024 -4.1627589232611539 3.3233445726629673 -3.2483822326935335e-16 0.1736481776666069 0.9848077530122652 2.7650770995361621e-16 0.9848077530122652 -0.1736481776666069 -1 2.1589937102280629e-16 -3.6791826069460045e-16 
1 -3.2000000000000024 -4.1627589232611539 3.3233445726629673 3.9548274442745587e-16 0.98480775301226608 -0.17364817766660121 2.8944923166114261e-16 -0.17364817766660121 -0.98480775301226608 -1 3.3921214128977181e-16 -3.5372670531175066e-16 
1 -3.200000000000002 -4.4405960075277182 1.7476521678433252 -3.2483822326935587e-16 0.17364817766660059 0.9848077530122662 2.7650770995361409e-16 0.9848077530122662 -0.17364817766660059 -1 2.1589937102280612e-16 -3.6791826069460128e-16 
1 -3.2000000000000064 -19.624240645554114 6.0496209620287082 -3.2483822326935404e-16 0.1736481776666052 0.98480775301226553 2.7650770995361577e-16 0.98480775301226553 -0.1736481776666052 -1 2.1589937102280637e-16 -3.6791826069460069e-16 
1 7.8454631488314206e-16 10.179192097490903 4.4306064040855224 1 0 3.3306690738754691e-16 -3.3306690738754691e-16 0 1 0 -1 0 
1 -3.200000000000006 -19.902077729820686 4.4739285572090424 -3.2483822326935631e-16 0.17364817766659943 0.98480775301226642 2.7650770995361399e-16 0.98480775301226642 -0.17364817766659943 -1 2.1589937102280642e-16 -3.6791826069460143e-16 
1 -3.2000000000000051 -15.962846717771519 3.7793358465426277 -3.9548274442745749e-16 -0.98480775301226531 0.17364817766660617 -2.8944923166114123e-16 0.17364817766660617 0.98480775301226531 -1 3.3921214128977181e-16 -3.5372670531175116e-16 
1 5.8466471873869893e-16 10.129581582761654 4.9976571822089113 1 0 3.3306690738754701e-16 -3.3306690738754701e-16 0 1 0 -1 0 
1 7.8454631488314206e-16 10.179192097490903 4.4306064040855224 1 0 3.3306690738754691e-16 -3.3306690738754691e-16 0 1 0 -1 0 
1 1.2050000000000012 19.772984310544139 4.2896525569908128 -0.70710678118654657 0.70441602640273915 0.061628416716454054 3.677613769070831e-16 0.087155742747990331 -0.99619469809171646 -0.70710678118654857 -0.70441602640273726 -0.061628416716454408 
1 -3.1999999999999971 20.076823693462106 4.3162350585289477 2.9793267793478503e-16 0.99619469809171646 0.087155742747990261 3.511519497147042e-16 0.087155742747990261 -0.99619469809171646 -1 3.2740386314168978e-16 -3.2384916669605339e-16 
1 2.9050527439815274e-15 19.479106874607083 4.2639416128801546 2.9793267793478498e-16 0.99619469809171646 0.087155742747990345 3.5115194971470425e-16 0.087155742747990345 -0.99619469809171646 -1 3.2740386314168973e-16 -3.2384916669605344e-16 
1 7.8454631488314206e-16 10.179192097490903 4.4306064040855224 1 0 3.3306690738754691e-16 -3.3306690738754691e-16 0 1 0 -1 0 
1 1.2050000000000012 21.023366421471462 4.5668555972480398 0.70710678118654835 0.66446302438859373 0.24184476264819516 4.4408920985006262e-16 0.34202014332597974 -0.93969262078579519 -0.70710678118654668 0.6644630243885955 0.24184476264819516 
1 -3.1999999999999971 20.736760172131817 4.4625394535336245 1.8007899179789064e-16 0.9396926207857963 0.34202014332597697 3.8892424270124304e-16 0.34202014332597697 -0.9396926207857963 -1 3.0223882498264991e-16 -3.0387859832635016e-16 
1 3.1750043561616826e-15 21.300575744603272 4.6677515395292044 1.8007899179788928e-16 0.9396926207857953 0.34202014332597958 3.8892424270124349e-16 0.34202014332597958 -0.9396926207857953 -1 3.0223882498264967e-16 -3.0387859832635021e-16 
1 4.9276589347948633e-15 38.684889229141071 10.995124191060004 1.8007899179788894e-16 0.93969262078579507 0.34202014332598019 3.8892424270124359e-16 0.34202014332598019 -0.93969262078579507 -1 3.0223882498264957e-16 -3.0387859832635021e-16 
1 1.204999999999999 38.962098552272877 11.096020133341167 -0.70710678118654813 0.66446302438859406 0.24184476264819535 8.3266726846886728e-17 0.34202014332598035 -0.93969262078579507 0.70710678118654702 0.66446302438859517 0.24184476264819588 
1 7.8454631488314206e-16 10.179192097490903 4.4306064040855224 1 0 3.3306690738754691e-16 -3.3306690738754691e-16 0 1 0 -1 0 
