<?xml version='1.0' encoding='utf-8'?>
<!-- FreeCAD DocumentObject -->
<Document SchemaVersion="4" FileVersion="2">
<Object name="Body" Extensions="True">
  <Extensions Count="1">
    <Extension type="App::OriginGroupExtension" name="OriginGroupExtension">
    </Extension>
  </Extensions>
  <Properties Count="21" TransientCount="2">
    <_Property name="_ElementMapVersion" type="App::PropertyString" status="234881024"/>
    <_Property name="_GroupTouched" type="App::PropertyBool" status="100663424"/>
    <Property name="AutoGroupSolids" type="App::PropertyBool" status="134217728">
      <Bool value="false"/>
    </Property>
    <Property name="BaseFeature" type="App::PropertyLink">
      <Link value=""/>
    </Property>
    <Property name="ClaimAllChildren" type="App::PropertyBool" status="8">
      <Bool value="false"/>
    </Property>
    <Property name="ColoredElements" type="App::PropertyLinkSubHidden" status="218103808">
      <LinkSub value="" count="0">
      </LinkSub>
    </Property>
    <Property name="ExportMode" type="App::PropertyEnumeration" status="8">
      <Integer value="0"/>
    </Property>
    <Property name="ExpressionEngine" type="App::PropertyExpressionEngine" status="67108864">
      <ExpressionEngine count="0"></ExpressionEngine>
    </Property>
    <Property name="FixShape" type="App::PropertyEnumeration">
      <Integer value="0"/>
    </Property>
    <Property name="Group" type="App::PropertyLinkList">
      <LinkList count="8">
        <Link value="Sketch"/>
        <Link value="Sketch001"/>
        <Link value="Pad"/>
        <Link value="Sketch002"/>
        <Link value="Pad001"/>
        <Link value="Sketch004"/>
        <Link value="Pad003"/>
        <Link value="Chamfer"/>
      </LinkList>
    </Property>
    <Property name="InvalidShape" type="App::PropertyBool" status="67108864">
      <Bool value="false"/>
    </Property>
    <Property name="Label" type="App::PropertyString" status="134217728">
      <String value="Body"/>
    </Property>
    <Property name="Label2" type="App::PropertyString" status="128">
      <String value=""/>
    </Property>
    <Property name="Origin" type="App::PropertyLink" status="67108864">
      <Link value="Origin001"/>
    </Property>
    <Property name="Placement" type="App::PropertyPlacement" status="8388608">
      <PropertyPlacement Px="0" Py="0" Pz="0" Q0="0" Q1="0" Q2="0" Q3="1" A="0" Ox="0" Oy="0" Oz="1"/>
    </Property>
    <Property name="Shape" type="Part::PropertyPartShape">
      <Part HasherIndex="0" ElementMap="1.15.70200.4" brep="1">
<![CDATA[

CASCADE Topology V1, (c) Matra-Datavision
Locations 22
1
              1               0               0               0 
              0               1               0               0 
              0               0               1               0 
1
              1               0               0               0 
              0               1               0               0 
              0               0               1               0 
2  2 -1 0
1
              1               0               0               0 
              0               1               0               0 
              0               0               1               0 
1
4.44089209850063e-16 -3.33066907387547e-16               1               0 
              1 3.33066907387547e-16 -4.44089209850063e-16               0 
-3.33066907387547e-16               1 3.33066907387547e-16               0 
1
              1               0               0             1.5 
              0               1               0 -4.9960036108132e-16 
              0               0               1 4.9960036108132e-16 
2  4 1 5 1 6 1 2 1 0
1
              1               0               0               0 
              0               1               0               0 
              0               0               1               0 
2  8 -1 2 -1 6 -1 5 -1 4 -1 0
2  8 -1 0
2  8 -1 2 -1 0
2  4 1 5 1 6 1 0
2  4 1 5 1 2 1 0
2  8 -1 2 -1 5 -1 4 -1 0
1
              1               0               0            2.45 
              0               1               0 -8.1601392309949e-16 
              0               0               1 8.1601392309949e-16 
1
              1               0               0               0 
              0               1               0               0 
              0               0               1               0 
1
4.44089209850063e-16 -3.33066907387547e-16               1               0 
              1 3.33066907387547e-16 -4.44089209850063e-16               0 
-3.33066907387547e-16               1 3.33066907387547e-16               0 
2  16 1 17 1 15 1 0
2  8 -1 2 -1 15 -1 17 -1 16 -1 0
2  16 1 17 1 0
2  8 -1 2 -1 17 -1 16 -1 0
2  4 1 5 1 0
Curve2ds 0
Curves 228
1 -0.5468216154772203 1.0301879439634973 6.7400967903090719e-33 -0.99144486137381038 0.13052619222005166 1.222050141906364e-32 
8 -1.8667619023324786 -1.032375900532351
1 0.18000000000000449 -1.8654432811044028 1.2037877796161682 -0.70710678118654768 -0.7010573846499778 0.092295955641257255 
1 -3.2000000000000006 -0.54682161547721853 1.0301879439634991 1 -3.3306690738754681e-16 3.3306690738754681e-16 
1 -8.7621744383400554e-16 -1.1416885323015296 1.1085036592955304 1 -3.3306690738754681e-16 3.3306690738754681e-16 
1 2.4500000000000002 -0.62906973824265155 1.0410161147474413 4.8376392027320568e-16 0.99144486137381049 -0.13052619222005188 
1 -3.3311155504125942e-16 -0.62906973824265067 1.0410161147474404 4.8376392027320568e-16 0.99144486137381049 -0.13052619222005188 
1 -3.2000000000000028 -4.5126010609724583 1.5522927128437005 1 -3.3306690738754681e-16 3.3306690738754681e-16 
1 -0.93284662474944313 2.6948154374936277 1.1498222388003424e-32 0.99144486137381038 -0.13052619222005168 -1.222050141906364e-32 
1 1.4999999999999991 -0.34789415653889488 2.6178049840837976 2.7225220025531028e-16 -0.13052619222005199 -0.99144486137381049 
1 -0.33797970792513782 2.6164997221615942 4.1659215365650038e-33 -0.13052619222005155 -0.99144486137381049 1.6088595335900429e-33 
8 -1.8667619023324784 -1.0323759005323523
1 0.18000000000000382 -1.6566013735523193 2.7900995578142651 -0.70710678118654768 -0.7010573846499778 0.092295955641257185 
1 0.90999999999999892 -0.9328466247494428 2.6948154374936282 2.7225220025531028e-16 -0.13052619222005199 -0.99144486137381049 
1 2.4499999999999993 -0.086741731197133715 4.5248416171660741 -2.7225220025531033e-16 0.13052619222005188 0.99144486137381049 
1 -3.2000000000000011 -0.33797970792513604 2.6164997221615893 1 -3.3306690738754681e-16 3.3306690738754681e-16 
1 -1.3118209642425014e-15 -0.93284662474944213 2.6948154374936304 1 -3.3306690738754681e-16 3.3306690738754681e-16 
1 -0.93284662474944313 2.6948154374936277 1.1498222388003424e-32 -0.13052619222005166 -0.99144486137381049 1.6088595335900443e-33 
1 -39.646113199843313 14.8535993109528 4.8867607417692862e-31 0.92387953251128707 -0.38268343236508917 -1.1387694442687921e-32 
1 -39.646113199843313 14.8535993109528 4.8867607417692862e-31 -0.3826834323650864 -0.92387953251128818 4.7169374823220171e-33 
1 -19.828897227476201 6.6450396867216357 2.444100283812727e-31 0.99144486137381049 -0.13052619222005132 -1.2220501419063641e-32 
1 -20.873106765236621 2.747996638051764 2.5728090464999317e-31 -0.92387953251128696 0.38268343236508945 1.1387694442687919e-32 
1 6.2172489379008766e-15 4.0345158423206096 -7.663350976776425e-47 0.99144486137381038 0.13052619222005168 -1.222050141906364e-32 
1 -20.873106765236621 2.747996638051764 2.5728090464999317e-31 0.99144486137381049 -0.13052619222005132 -1.2220501419063641e-32 
1 39.646113199843327 14.85359931095282 -4.8867607417692879e-31 -0.92387953251128685 -0.38268343236508967 1.1387694442687918e-32 
1 -7.5 0.98739373190546664 9.2444637330588306e-32 0.99144486137381049 -0.1305261922200513 -1.2220501419063641e-32 
1 39.646113199843327 14.85359931095282 -4.8867607417692879e-31 0.38268343236509095 -0.92387953251128641 -4.7169374823220733e-33 
1 7.5 0.98739373190546897 -9.2444637330588306e-32 -0.99144486137381038 -0.1305261922200516 1.222050141906364e-32 
1 41.176846929303693 11.15808118090767 -5.0754382410621717e-31 -0.92387953251128685 -0.38268343236508967 1.1387694442687918e-32 
1 20.873106765236649 2.7479966380517742 -2.5728090464999352e-31 -0.99144486137381049 -0.1305261922200516 1.2220501419063641e-32 
1 2.4499999999999971 -4.0525211766923768 5.0469463860462804 -2.7225220025531043e-16 0.1305261922200516 0.99144486137381049 
1 2.4499999999999993 -0.42022783069056835 2.6273278929455381 4.8376392027320568e-16 0.99144486137381049 -0.1305261922200518 
1 2.449999999999994 -13.804704106326813 2.5802685031628965 -5.3774411891587475e-16 -0.92387953251128685 0.38268343236508973 
1 2.4499999999999869 -22.522128290164311 10.987477337049434 -1.377681155904645e-16 0.38268343236508989 0.92387953251128674 
1 2.449999999999994 -14.416997598110958 1.1020612511448364 -5.3774411891587475e-16 -0.92387953251128685 0.38268343236508984 
1 2.4499999999999886 -18.826610160119163 9.4567436075890736 -1.3776811559046454e-16 0.38268343236508978 0.92387953251128674 
1 2.4499999999999917 -15.756847008542005 5.7809469459218414 2.7225220025531023e-16 -0.13052619222005213 -0.99144486137381049 
1 2.4499999999999948 -10.185959715222603 3.9130108863130495 -4.8376392027320559e-16 -0.99144486137381049 0.13052619222005168 
1 2.4499999999999895 -19.722626454037247 6.3030517148020397 2.7225220025531072e-16 -0.13052619222005105 -0.99144486137381049 
1 2.4499999999999948 -10.394801622774684 2.3266991081149522 -4.8376392027320568e-16 -0.99144486137381049 0.13052619222005185 
1 2.4499999999999997 0.420227830690584 2.627327892945539 -3.9681600992159545e-16 -0.99144486137381049 -0.13052619222005138 
1 2.4499999999999984 0.086741731197149938 4.5248416171660732 -3.8818274739079052e-16 -0.13052619222005121 0.99144486137381049 
1 2.4500000000000002 0.62906973824266577 1.0410161147474417 -3.9681600992159545e-16 -0.99144486137381049 -0.13052619222005124 
1 2.4500000000000006 4.052521176692391 5.0469463860462795 -3.8818274739079062e-16 -0.13052619222005141 0.99144486137381049 
1 2.4500000000000055 15.75684700854201 5.7809469459218397 3.8818274739079101e-16 0.13052619222005252 -0.99144486137381027 
1 2.4500000000000037 8.4119119000270786 2.0656467236748428 -3.968160099215954e-16 -0.99144486137381049 -0.13052619222005143 
1 2.4500000000000064 19.722626454037261 6.3030517148020273 3.8818274739079017e-16 0.13052619222005032 -0.9914448613738106 
1 2.4500000000000037 10.185959715222618 3.9130108863130442 3.968160099215954e-16 0.99144486137381049 0.13052619222005141 
1 2.450000000000006 12.569238533088399 0.33669438641464833 -2.8282574426329082e-16 -0.92387953251128696 -0.38268343236508945 
1 2.4500000000000068 22.828275036056404 10.248373711040387 4.7765928179390962e-16 0.38268343236508906 -0.92387953251128707 
1 2.4500000000000055 13.804704106326835 2.5802685031628845 2.8282574426329057e-16 0.92387953251128674 0.38268343236508995 
1 2.4500000000000055 18.826610160119202 9.456743607589047 -4.7765928179390913e-16 -0.38268343236508734 0.92387953251128774 
1 2.4499999999999895 -21.057158436540405 5.5843334472288593 -5.3774411891587466e-16 -0.92387953251128707 0.38268343236508923 
1 2.449999999999978 -37.027036950591508 16.995607225181342 -1.377681155904645e-16 0.38268343236508989 0.92387953251128674 
1 2.4499999999999895 -21.669451928324548 4.1061261952108001 -5.3774411891587466e-16 -0.92387953251128707 0.38268343236508923 
1 2.4499999999999806 -33.637665566438436 14.725769869711957 1.377681155904645e-16 -0.38268343236508989 -0.92387953251128674 
1 2.4500000000000108 37.027036950591537 16.995607225181327 -4.7765928179390982e-16 -0.38268343236508962 0.92387953251128685 
1 2.4500000000000073 19.209399371517861 4.8189665824986614 -2.8282574426329087e-16 -0.92387953251128696 -0.38268343236508917 
1 2.4500000000000099 33.637665566438464 14.725769869711927 4.7765928179390962e-16 0.38268343236508889 -0.92387953251128718 
1 2.4500000000000082 21.669451928324587 4.106126195210769 2.8282574426329057e-16 0.92387953251128674 0.38268343236508995 
1 -39.646113199843313 14.8535993109528 4.8867607417692862e-31 0.92387953251128707 -0.38268343236508917 -1.1387694442687921e-32 
1 -39.646113199843313 14.8535993109528 4.8867607417692862e-31 -0.3826834323650864 -0.92387953251128818 4.7169374823220171e-33 
1 -19.828897227476201 6.6450396867216357 2.444100283812727e-31 0.99144486137381049 -0.13052619222005132 -1.2220501419063641e-32 
1 -20.873106765236621 2.747996638051764 2.5728090464999317e-31 -0.92387953251128696 0.38268343236508945 1.1387694442687919e-32 
1 6.2172489379008766e-15 4.0345158423206096 -7.663350976776425e-47 0.99144486137381038 0.13052619222005168 -1.222050141906364e-32 
1 -20.873106765236621 2.747996638051764 2.5728090464999317e-31 0.99144486137381049 -0.13052619222005132 -1.2220501419063641e-32 
1 39.646113199843327 14.85359931095282 -4.8867607417692879e-31 -0.92387953251128685 -0.38268343236508967 1.1387694442687918e-32 
1 -7.5 0.98739373190546664 9.2444637330588306e-32 0.99144486137381049 -0.1305261922200513 -1.2220501419063641e-32 
1 39.646113199843327 14.85359931095282 -4.8867607417692879e-31 0.38268343236509095 -0.92387953251128641 -4.7169374823220733e-33 
1 7.5 0.98739373190546897 -9.2444637330588306e-32 -0.99144486137381038 -0.1305261922200516 1.222050141906364e-32 
1 41.176846929303693 11.15808118090767 -5.0754382410621717e-31 -0.92387953251128685 -0.38268343236508967 1.1387694442687918e-32 
1 20.873106765236649 2.7479966380517742 -2.5728090464999352e-31 -0.99144486137381049 -0.1305261922200516 1.2220501419063641e-32 
1 -2.8905210249235867e-15 -4.0525211766923759 5.0469463860462795 -2.7225220025531043e-16 0.1305261922200516 0.99144486137381049 
1 -3.3311155504125942e-16 -0.62906973824265067 1.0410161147474404 4.8376392027320568e-16 0.99144486137381049 -0.13052619222005188 
1 -1.0348147646770499e-15 -0.086741731197132896 4.5248416171660732 -2.7225220025531033e-16 0.13052619222005188 0.99144486137381049 
1 -5.5091331524550752e-16 -0.42022783069056746 2.6273278929455373 4.8376392027320568e-16 0.99144486137381049 -0.1305261922200518 
1 -5.5091331524550752e-16 -0.42022783069056746 2.6273278929455373 4.8376392027320568e-16 0.99144486137381049 -0.1305261922200518 
1 -6.4596682994630948e-15 -13.804704106326811 2.5802685031628956 -5.3774411891587475e-16 -0.92387953251128685 0.38268343236508973 
1 -6.4596682994630948e-15 -13.804704106326811 2.5802685031628956 -5.3774411891587475e-16 -0.92387953251128685 0.38268343236508973 
1 -1.3575234573105234e-14 -22.522128290164307 10.987477337049432 -1.377681155904645e-16 0.38268343236508989 0.92387953251128674 
1 -6.3494538069907228e-15 -14.416997598110957 1.1020612511448356 -5.3774411891587475e-16 -0.92387953251128685 0.38268343236508984 
1 -6.3494538069907228e-15 -14.416997598110957 1.1020612511448356 -5.3774411891587475e-16 -0.92387953251128685 0.38268343236508984 
1 -1.161156791557336e-14 -18.826610160119159 9.4567436075890736 -1.3776811559046454e-16 0.38268343236508978 0.92387953251128674 
1 -8.3850752176222181e-15 -15.756847008542003 5.7809469459218414 2.7225220025531023e-16 -0.13052619222005213 -0.99144486137381049 
1 -5.4358946235961968e-15 -10.1859597152226 3.9130108863130486 -4.8376392027320559e-16 -0.99144486137381049 0.13052619222005168 
1 -5.4358946235961968e-15 -10.1859597152226 3.9130108863130486 -4.8376392027320559e-16 -0.99144486137381049 0.13052619222005168 
1 -1.0906915292643845e-14 -19.722626454037243 6.303051714802038 2.7225220025531072e-16 -0.13052619222005105 -0.99144486137381049 
1 -4.9960482584669166e-15 -10.394801622774683 2.3266991081149513 -4.8376392027320568e-16 -0.99144486137381049 0.13052619222005185 
1 -4.9960482584669166e-15 -10.394801622774683 2.3266991081149513 -4.8376392027320568e-16 -0.99144486137381049 0.13052619222005185 
1 -3.2776916610657281e-16 0.42022783069058489 2.6273278929455381 -3.9681600992159545e-16 -0.99144486137381049 -0.13052619222005138 
1 -3.2776916610657281e-16 0.42022783069058489 2.6273278929455381 -3.9681600992159545e-16 -0.99144486137381049 -0.13052619222005138 
1 -1.5519549822282147e-15 0.086741731197150757 4.5248416171660732 -3.8818274739079052e-16 -0.13052619222005121 0.99144486137381049 
1 -1.7222968193940596e-17 0.62906973824266665 1.0410161147474413 -3.9681600992159545e-16 -0.99144486137381049 -0.13052619222005124 
1 -1.7222968193940596e-17 0.62906973824266665 1.0410161147474413 -3.9681600992159545e-16 -0.99144486137381049 -0.13052619222005124 
1 5.7394466716516371e-16 4.0525211766923919 5.0469463860462787 -3.8818274739079062e-16 -0.13052619222005141 0.99144486137381049 
1 5.1157643744568055e-15 15.756847008542014 5.7809469459218388 3.8818274739079101e-16 0.13052619222005252 -0.99144486137381027 
1 3.5354907106065607e-15 8.4119119000270803 2.0656467236748428 -3.968160099215954e-16 -0.99144486137381049 -0.13052619222005143 
1 3.5354907106065607e-15 8.4119119000270803 2.0656467236748428 -3.968160099215954e-16 -0.99144486137381049 -0.13052619222005143 
1 6.5755302090751006e-15 19.722626454037265 6.3030517148020255 3.8818274739079017e-16 0.13052619222005032 -0.9914448613738106 
1 3.6690337225439909e-15 10.185959715222619 3.9130108863130433 3.968160099215954e-16 0.99144486137381049 0.13052619222005141 
1 3.6690337225439909e-15 10.185959715222619 3.9130108863130433 3.968160099215954e-16 0.99144486137381049 0.13052619222005141 
1 5.8646929714914209e-15 12.5692385330884 0.33669438641464833 -2.8282574426329082e-16 -0.92387953251128696 -0.38268343236508945 
1 5.8646929714914209e-15 12.5692385330884 0.33669438641464833 -2.8282574426329082e-16 -0.92387953251128696 -0.38268343236508945 
1 6.7757611226456936e-15 22.828275036056404 10.248373711040387 4.7765928179390962e-16 0.38268343236508906 -0.92387953251128707 
1 5.2605209411312648e-15 13.804704106326836 2.5802685031628836 2.8282574426329057e-16 0.92387953251128674 0.38268343236508995 
1 5.2605209411312648e-15 13.804704106326836 2.5802685031628836 2.8282574426329057e-16 0.92387953251128674 0.38268343236508995 
1 5.3219312144189975e-15 18.826610160119202 9.456743607589047 -4.7765928179390913e-16 -0.38268343236508734 0.92387953251128774 
1 -1.0900560397963721e-14 -21.057158436540405 5.5843334472288593 -5.3774411891587466e-16 -0.92387953251128707 0.38268343236508923 
1 -1.0900560397963721e-14 -21.057158436540405 5.5843334472288593 -5.3774411891587466e-16 -0.92387953251128707 0.38268343236508923 
1 -2.2237418005095479e-14 -37.027036950591508 16.995607225181342 -1.377681155904645e-16 0.38268343236508989 0.92387953251128674 
1 -1.0568301300566318e-14 -21.669451928324548 4.1061261952108001 -5.3774411891587466e-16 -0.92387953251128707 0.38268343236508923 
1 -1.0568301300566318e-14 -21.669451928324548 4.1061261952108001 -5.3774411891587466e-16 -0.92387953251128707 0.38268343236508923 
1 -1.9829662137713544e-14 -33.637665566438436 14.725769869711957 1.377681155904645e-16 -0.38268343236508989 -0.92387953251128674 
1 1.0772300054512772e-14 37.027036950591537 16.995607225181327 -4.7765928179390982e-16 -0.38268343236508962 0.92387953251128685 
1 6.8148331756064784e-15 19.209399371517861 4.8189665824986623 -2.8282574426329087e-16 -0.92387953251128696 -0.38268343236508917 
1 6.8148331756064784e-15 19.209399371517861 4.8189665824986623 -2.8282574426329087e-16 -0.92387953251128696 -0.38268343236508917 
1 1.0206648565986197e-14 33.637665566438464 14.725769869711927 4.7765928179390962e-16 0.38268343236508889 -0.92387953251128718 
1 8.0851390207417403e-15 21.669451928324587 4.1061261952107682 2.8282574426329057e-16 0.92387953251128674 0.38268343236508995 
1 8.0851390207417403e-15 21.669451928324587 4.1061261952107682 2.8282574426329057e-16 0.92387953251128674 0.38268343236508995 
1 -3.2000000000000033 -4.3037591534203781 3.1386044910418005 1 -3.3306690738754681e-16 3.3306690738754681e-16 
1 -2.2553653470617403e-14 -39.646113199843292 14.853599310952813 1 -3.3306690738754681e-16 3.3306690738754681e-16 
1 -1.1019042119871897e-14 -19.828897227476197 6.6450396867216464 1 -3.3306690738754681e-16 3.3306690738754681e-16 
1 -2.2002581008255578e-14 -41.176846929303693 11.158081180907715 1 -3.3306690738754681e-16 3.3306690738754681e-16 
1 -1.3437637144077872e-15 8.0051018621587308e-15 4.0345158423206096 1 -3.3306690738754681e-16 3.3306690738754681e-16 
1 -1.0184788232237195e-14 -20.873106765236599 2.7479966380517671 1 -3.3306690738754681e-16 3.3306690738754681e-16 
1 6.5925564840241134e-15 19.828897227476205 6.6450396867216339 1 -3.3306690738754681e-16 3.3306690738754681e-16 
1 -3.6595372505350733e-15 -7.5 0.98739373190546953 1 -3.3306690738754681e-16 3.3306690738754681e-16 
1 1.2659168698471702e-14 39.646113199843306 14.853599310952788 1 -3.3306690738754681e-16 3.3306690738754681e-16 
1 -1.8488927466117464e-32 1.848892746611747e-32 5.5511151231257802e-17 1 -3.3306690738754681e-16 3.3306690738754681e-16 
1 1.4569805825647343e-14 41.176846929303707 11.158081180907686 1 -3.3306690738754681e-16 3.3306690738754681e-16 
1 3.0018008972158671e-15 7.5 0.98739373190546642 1 -3.3306690738754681e-16 3.3306690738754681e-16 
1 8.3542547487426405e-15 20.873106765236599 2.7479966380517631 1 -3.3306690738754681e-16 3.3306690738754681e-16 
1 -1.1222586441452608e-14 -21.076697853788996 5.5924269388540973 1 -3.3306690738754681e-16 3.3306690738754681e-16 
8 2.4465894629054694 3.2809754647055827
1 -0.82000000000001283 -22.675009445033567 6.254469276845704 0.70710678118654757 0.6532814824381884 -0.2705980500730984 
1 -21.076697853789042 5.5924269388540928 2.5979035856265558e-31 0.92387953251128674 -0.38268343236508989 -1.1387694442687917e-32 
1 -3.2000000000000131 -24.217888264327396 6.8935506088954073 1 -3.3306690738754681e-16 3.3306690738754681e-16 
1 -3.2000000000000113 -20.522370134282298 5.3628168794350461 1 -3.3306690738754681e-16 3.3306690738754681e-16 
1 -3.2000000000000131 -24.830181756111596 5.4153433568773472 1 -3.3306690738754681e-16 3.3306690738754681e-16 
1 -1.100215745650789e-14 -21.6889913455732 4.1142196868360372 1 -3.3306690738754681e-16 3.3306690738754681e-16 
8 2.4465894629054499 3.28097546470558
1 -0.82000000000001139 -23.287302936817714 4.7762620248276466 0.70710678118654768 0.6532814824381884 -0.27059805007309845 
1 -21.134663626066416 3.8846096274169803 2.6050484186875815e-31 -0.92387953251128896 0.38268343236508462 1.1387694442687944e-32 
1 -3.2000000000000108 -21.134663626066398 3.8846096274169861 1 -3.3306690738754681e-16 3.3306690738754681e-16 
1 -20.522370134282273 5.3628168794350399 2.5295774189704289e-31 -0.38268343236508945 -0.92387953251128685 4.7169374823220548e-33 
1 -3.2000000000000086 -15.903664031493996 4.6657609400164048 1 -3.3306690738754681e-16 3.3306690738754681e-16 
1 -3.2000000000000082 -16.112505939045999 3.0794491618183146 1 -3.3306690738754681e-16 3.3306690738754681e-16 
1 -19.869443476989204 5.1878657088966085 2.4490979949211875e-31 0.99144486137381083 -0.13052619222004885 -1.2220501419063645e-32 
8 -1.8667619023324784 -1.0323759005323514
1 0.17999999999999683 -18.55082181136202 5.0142658732439447 -0.70710678118654702 0.70105738464997847 -0.092295955641257588 
1 -3.2000000000000108 -19.869443476989201 5.1878657088966156 1 -3.3306690738754681e-16 3.3306690738754681e-16 
1 -1.0261453489296785e-14 -19.274576560164899 5.1095499935645865 1 -3.3306690738754681e-16 3.3306690738754681e-16 
1 -3.2000000000000104 -20.078285384541299 3.6015539306985156 1 -3.3306690738754681e-16 3.3306690738754681e-16 
1 -19.869443476989204 5.1878657088966085 2.4490979949211875e-31 -0.13052619222005071 -0.99144486137381049 1.6088595335900326e-33 
1 -20.078285384541285 3.601553930698512 2.4748397474586277e-31 0.99144486137381049 -0.13052619222005105 -1.2220501419063641e-32 
8 -1.8667619023324802 -1.0323759005323601
1 0.17999999999999539 -18.759663718914105 3.4279540950458482 -0.70710678118654702 0.70105738464997847 -0.092295955641257699 
1 -9.8258499688882963e-15 -19.483418467717001 3.5232382153664865 1 -3.3306690738754681e-16 3.3306690738754681e-16 
1 0.33797970792515269 2.6164997221615947 -4.1659215365651872e-33 0.99144486137381038 0.1305261922200521 -1.222050141906364e-32 
8 -1.8667619023324789 -1.0323759005323523
1 0.18000000000000471 1.6566013735523371 2.7900995578142651 -0.70710678118654746 0.70105738464997824 0.09229595564125688 
1 -3.2000000000000011 0.33797970792515492 2.6164997221615893 1 -3.3306690738754681e-16 3.3306690738754681e-16 
1 -4.8328672324993753e-16 0.9328466247494609 2.6948154374936295 1 -3.3306690738754681e-16 3.3306690738754681e-16 
1 -3.1999999999999993 4.3037591534203914 3.1386044910417978 1 -3.3306690738754681e-16 3.3306690738754681e-16 
1 -3.2000000000000002 0.5468216154772364 1.0301879439634987 1 -3.3306690738754681e-16 3.3306690738754681e-16 
1 0.54682161547723518 1.0301879439634978 -6.7400967903092553e-33 -0.13052619222005155 0.99144486137381049 1.6088595335900429e-33 
1 1.141688532301542 1.1085036592955317 -1.4072397641747694e-32 -0.99144486137381038 -0.1305261922200521 1.222050141906364e-32 
8 -1.8667619023324786 -1.0323759005323532
1 0.18000000000000549 1.8654432811044193 1.2037877796161678 -0.70710678118654735 0.70105738464997824 0.092295955641256783 
1 1.3780567257532735e-16 1.1416885323015404 1.1085036592955295 1 -3.3306690738754681e-16 3.3306690738754681e-16 
1 -3.1999999999999988 4.5126010609724814 1.5522927128436974 1 -3.3306690738754681e-16 3.3306690738754681e-16 
1 -3.1999999999999948 15.903664031494003 4.6657609400163942 1 -3.3306690738754681e-16 3.3306690738754681e-16 
1 -3.199999999999994 16.112505939046098 3.079449161818304 1 -3.3306690738754681e-16 3.3306690738754681e-16 
1 7.4789018561248286e-15 19.483418467717001 3.5232382153664732 1 -3.3306690738754681e-16 3.3306690738754681e-16 
8 2.4465894629054517 3.2809754647055751
1 -0.81999999999998541 17.768218857540305 3.2974279028257856 0.70710678118654713 0.70105738464997824 0.092295955641257449 
1 19.483418467716994 3.5232382153664821 -2.4015167389442452e-31 0.99144486137381072 0.13052619222004955 -1.2220501419063644e-32 
1 -3.1999999999999926 20.078285384541299 3.6015539306985023 1 -3.3306690738754681e-16 3.3306690738754681e-16 
1 -3.1999999999999931 19.869443476989201 5.1878657088966031 1 -3.3306690738754681e-16 3.3306690738754681e-16 
1 20.078285384541303 3.6015539306985147 -2.4748397474586299e-31 -0.13052619222005066 0.9914448613738106 1.608859533590032e-33 
1 19.869443476989222 5.187865708896612 -2.4490979949211897e-31 -0.99144486137381038 -0.13052619222005168 1.222050141906364e-32 
8 1.0323759005323445 1.8667619023324764
1 0.18000000000001581 18.550821811362034 5.0142658732439349 0.70710678118654713 0.70105738464997824 0.092295955641257435 
1 6.8578094602995536e-15 19.274576560164899 5.1095499935645741 1 -3.3306690738754681e-16 3.3306690738754681e-16 
1 21.13466362606643 3.8846096274169808 -2.6050484186875832e-31 0.92387953251128918 0.38268343236508401 -1.1387694442687947e-32 
8 -1.8667619023324842 -1.0323759005323612
1 0.18000000000000771 22.363423404306442 4.3935785924625428 -0.70710678118654779 0.6532814824381884 0.2705980500730979 
1 -3.1999999999999922 21.134663626066398 3.8846096274169719 1 -3.3306690738754681e-16 3.3306690738754681e-16 
1 8.261536601693011e-15 21.6889913455732 4.114219686836023 1 -3.3306690738754681e-16 3.3306690738754681e-16 
1 -3.1999999999999909 24.830181756111603 5.4153433568773313 1 -3.3306690738754681e-16 3.3306690738754681e-16 
1 -3.1999999999999917 24.217888264327403 6.8935506088953913 1 -3.3306690738754681e-16 3.3306690738754681e-16 
1 7.4972817508227739e-15 21.076697853789103 5.592426938854083 1 -3.3306690738754681e-16 3.3306690738754681e-16 
8 -3.2809754647055818 -2.4465894629054423
1 -0.81999999999999273 22.675009445033588 6.2544692768456915 -0.70710678118654779 0.65328148243818818 0.27059805007309828 
1 21.07669785378906 5.5924269388540946 -2.597903585626558e-31 -0.92387953251128563 -0.38268343236509239 1.1387694442687903e-32 
1 -3.1999999999999926 20.522370134282305 5.3628168794350319 1 -3.3306690738754681e-16 3.3306690738754681e-16 
1 20.522370134282291 5.3628168794350399 -2.5295774189704311e-31 0.38268343236508767 -0.92387953251128763 -4.7169374823220329e-33 
1 -38.722796924754626 12.901680497027302 4.7729532241799486e-31 0.92387953251128707 -0.38268343236508906 -1.1387694442687921e-32 
8 -1.8667619023324775 -1.0323759005323578
1 0.17999999999998417 -37.494037146514614 12.392711531981746 -0.70710678118654546 0.65328148243819051 -0.27059805007309906 
1 -3.2000000000000215 -38.72279692475459 12.901680497027311 1 -3.3306690738754681e-16 3.3306690738754681e-16 
1 -2.1170852641396316e-14 -38.168469205247895 12.672070437608213 1 -3.3306690738754681e-16 3.3306690738754681e-16 
1 -3.2000000000000197 -35.027278794709495 11.370946767566911 1 -3.3306690738754681e-16 3.3306690738754681e-16 
1 -3.2000000000000215 -39.33509041653879 11.423473245009211 1 -3.3306690738754681e-16 3.3306690738754681e-16 
1 -39.335090416538769 11.423473245009243 4.8484242238971016e-31 0.38268343236508962 0.92387953251128696 -4.7169374823220568e-33 
1 -39.335090416538769 11.423473245009243 4.8484242238971016e-31 0.92387953251128818 -0.38268343236508651 -1.1387694442687934e-32 
8 -1.8667619023324777 -1.0323759005323478
1 0.17999999999998395 -38.106330638298758 10.914504279963687 -0.70710678118654546 0.65328148243819051 -0.27059805007309906 
1 -2.0950423656451572e-14 -38.780762697031996 11.193863185590212 1 -3.3306690738754681e-16 3.3306690738754681e-16 
1 -3.2000000000000193 -35.639572286493603 9.8927395155489002 1 -3.3306690738754681e-16 3.3306690738754681e-16 
1 -3.1999999999999864 39.335090416538804 11.423473245009186 1 -3.3306690738754681e-16 3.3306690738754681e-16 
1 -3.1999999999999873 38.722796924754604 12.901680497027286 1 -3.3306690738754681e-16 3.3306690738754681e-16 
1 39.335090416538783 11.423473245009248 -4.8484242238971034e-31 -0.38268343236508995 0.92387953251128674 4.7169374823220609e-33 
1 1.2729558019693623e-14 38.16846920524781 12.672070437608188 1 -3.3306690738754681e-16 3.3306690738754681e-16 
8 2.4465894629054334 3.2809754647055751
1 -0.81999999999997297 36.570157614003321 12.010028099616624 0.70710678118654569 0.65328148243819006 0.27059805007309906 
1 38.72279692475464 12.901680497027305 -4.7729532241799504e-31 -0.92387953251128807 -0.38268343236508662 1.1387694442687933e-32 
1 -3.1999999999999886 35.02727879470951 11.370946767566886 1 -3.3306690738754681e-16 3.3306690738754681e-16 
1 -3.1999999999999877 35.639572286493603 9.8927395155488753 1 -3.3306690738754681e-16 3.3306690738754681e-16 
1 38.780762697031989 11.193863185590185 -4.780098057240973e-31 0.92387953251128707 0.38268343236508912 -1.1387694442687921e-32 
8 1.0323759005323565 1.866761902332472
1 0.18000000000002725 38.106330638298758 10.914504279963657 0.70710678118654569 0.65328148243818995 0.27059805007309962 
1 1.3493812870563885e-14 38.78076269703201 11.193863185590187 1 -3.3306690738754681e-16 3.3306690738754681e-16 
1 -21.688991345573189 4.114219686836031 2.6733745853437092e-31 0.38268343236509084 0.92387953251128629 -4.7169374823220719e-33 
1 -19.274576560164899 5.1095499935645767 2.3757749864068032e-31 -0.13052619222005285 -0.99144486137381038 1.608859533590059e-33 
1 0.93284662474945945 2.6948154374936286 -1.1498222388003625e-32 0.13052619222005157 -0.99144486137381049 -1.6088595335900432e-33 
1 19.27457656016491 5.1095499935645776 -2.3757749864068046e-31 0.13052619222005299 -0.99144486137381027 -1.6088595335900607e-33 
1 21.688991345573204 4.114219686836031 -2.673374585343711e-31 -0.38268343236508856 0.92387953251128729 4.7169374823220438e-33 
1 -38.780762697031996 11.193863185590191 4.7800980572409738e-31 0.38268343236508995 0.92387953251128674 -4.7169374823220609e-33 
1 38.168469205247845 12.672070437608244 -4.70462705752382e-31 0.38268343236508962 -0.92387953251128696 -4.7169374823220568e-33 
1 0.90999999999998893 -21.688991345573189 4.114219686836039 -1.3776811559046378e-16 0.38268343236509117 0.92387953251128618 
1 1.4999999999999891 -21.14390242139153 3.8884364617406351 -1.3776811559046378e-16 0.38268343236509117 0.92387953251128618 
1 1.4999999999999898 -19.859529028375448 5.1865604469744149 2.7225220025530969e-16 -0.13052619222005318 -0.99144486137381027 
1 0.90999999999999004 -19.274576560164899 5.1095499935645838 2.7225220025530969e-16 -0.13052619222005318 -0.99144486137381027 
1 1.4999999999999993 0.34789415653891165 2.6178049840837985 3.8818274739079052e-16 0.13052619222005124 -0.99144486137381049 
1 0.90999999999999959 0.93284662474946001 2.6948154374936286 3.8818274739079052e-16 0.13052619222005124 -0.99144486137381049 
1 0.91000000000000691 19.27457656016491 5.1095499935645723 3.8818274739079106e-16 0.13052619222005266 -0.99144486137381027 
1 1.5000000000000071 19.859529028375459 5.1865604469744033 3.8818274739079106e-16 0.13052619222005266 -0.99144486137381027 
1 1.500000000000008 21.143902421391545 3.8884364617406226 -4.7765928179390933e-16 -0.38268343236508823 0.9238795325112874 
1 0.91000000000000825 21.688991345573204 4.1142196868360248 -4.7765928179390933e-16 -0.38268343236508823 0.9238795325112874 
1 1.4999999999999791 -39.325851621213651 11.419646410685607 -1.3776811559046432e-16 0.38268343236509028 0.92387953251128663 
1 0.90999999999997938 -38.780762697031989 11.193863185590203 -1.3776811559046432e-16 0.38268343236509028 0.92387953251128663 
1 1.5000000000000131 38.713558129429515 12.897853662703634 4.7765928179390972e-16 0.38268343236508928 -0.92387953251128707 
1 0.91000000000001291 38.168469205247852 12.67207043760823 4.7765928179390972e-16 0.38268343236508928 -0.92387953251128707 
Polygon3D 0
PolygonOnTriangulations 0
Surfaces 78
1 -3.2000000000000006 -0.54682161547721886 1.0301879439634964 2.8674351864724496e-16 -0.13052619222005188 -0.99144486137381049 -4.8376392027320559e-16 -0.99144486137381049 0.13052619222005188 -1 4.4219771324011501e-16 -3.4743425054176258e-16 
1 -1.9154964095966557e-15 6.6499835940899587e-14 5.7510859443260918 1 -4.4408920985006242e-16 3.3306690738754795e-16 4.4408920985006242e-16 1 0 -3.3306690738754795e-16 1.4791141972894009e-31 1 
1 1.204999999999999 -0.6403703906441689 2.6563102107887131 -0.70710678118654735 0.70105738464997802 -0.09229595564125774 2.7755575615628914e-16 -0.13052619222005199 -0.99144486137381049 -0.70710678118654779 -0.7010573846499778 0.092295955641257324 
1 -3.2000000000000011 -0.33797970792513587 2.6164997221615933 3.736914289988553e-16 0.99144486137381049 -0.13052619222005188 2.7225220025531033e-16 -0.13052619222005188 -0.99144486137381049 -1 3.3495840399749447e-16 -3.1869956423333144e-16 
1 -1.3118209642425006e-15 -0.93284662474944224 2.6948154374936282 3.736914289988553e-16 0.99144486137381049 -0.13052619222005199 2.7225220025531058e-16 -0.13052619222005199 -0.99144486137381049 -1 3.3495840399749438e-16 -3.1869956423333174e-16 
1 -2.1498935477665463e-15 1.0475513590890125e-14 6.4548398537384388 1 -4.4408920985006271e-16 3.3306690738754726e-16 4.4408920985006271e-16 1 0 -3.3306690738754726e-16 1.4791141972893989e-31 1 
1 -2.1498935477665463e-15 1.0475513590890125e-14 6.4548398537384388 1 -4.4408920985006271e-16 3.3306690738754726e-16 4.4408920985006271e-16 1 0 -3.3306690738754726e-16 1.4791141972893989e-31 1 
1 -3.2000000000000033 -4.3037591534203781 3.1386044910418005 3.736914289988552e-16 0.99144486137381049 -0.1305261922200516 2.7225220025531043e-16 -0.1305261922200516 -0.99144486137381049 -1 3.3495840399749443e-16 -3.1869956423333144e-16 
1 -3.2000000000000011 -0.33797970792513587 2.6164997221615933 2.8674351864724501e-16 -0.1305261922200518 -0.99144486137381049 -4.8376392027320549e-16 -0.99144486137381049 0.1305261922200518 -1 4.4219771324011491e-16 -3.4743425054176258e-16 
1 -1.9154964095966557e-15 6.6499835940899587e-14 5.7510859443260918 1 -4.4408920985006242e-16 3.3306690738754795e-16 4.4408920985006242e-16 1 0 -3.3306690738754795e-16 1.4791141972894009e-31 1 
1 -2.2553653470617409e-14 -39.646113199843306 14.853599310952813 -1.8025451136589505e-16 0.3826834323650895 0.92387953251128696 5.3774411891587456e-16 0.92387953251128696 -0.3826834323650895 -1 4.2783037008589924e-16 -3.7231921885464121e-16 
1 -2.2553653470617409e-14 -39.646113199843306 14.853599310952813 4.351728860184781e-16 0.92387953251128807 -0.38268343236508673 1.3776811559046642e-16 -0.38268343236508673 -0.92387953251128807 -1 3.493257471517099e-16 -2.9381459592045306e-16 
1 -1.1019042119871894e-14 -19.828897227476197 6.6450396867216419 -2.8674351864724506e-16 0.13052619222005166 0.99144486137381049 4.8376392027320549e-16 0.99144486137381049 -0.13052619222005166 -1 4.4219771324011496e-16 -3.4743425054176258e-16 
1 -1.0184788232237206e-14 -20.873106765236621 2.7479966380517711 1.802545113658949e-16 -0.38268343236508978 -0.92387953251128685 -5.3774411891587466e-16 -0.92387953251128685 0.38268343236508978 -1 4.2783037008589924e-16 -3.7231921885464126e-16 
1 -1.3437637144077874e-15 7.5610126523086666e-15 4.0345158423206096 -3.736914289988551e-16 -0.13052619222005138 0.99144486137381049 3.9681600992159505e-16 0.99144486137381049 0.13052619222005138 -1 4.4219771324011456e-16 -3.1869956423333105e-16 
1 -1.0184788232237206e-14 -20.873106765236621 2.7479966380517711 -2.8674351864724506e-16 0.13052619222005166 0.99144486137381049 4.8376392027320549e-16 0.99144486137381049 -0.13052619222005166 -1 4.4219771324011496e-16 -3.4743425054176258e-16 
1 -3.6595372505350733e-15 -7.5 0.9873937319054692 -2.8674351864724506e-16 0.13052619222005163 0.99144486137381049 4.8376392027320549e-16 0.99144486137381049 -0.13052619222005163 -1 4.4219771324011496e-16 -3.4743425054176258e-16 
1 1.2659168698471708e-14 39.646113199843334 14.853599310952807 4.351728860184786e-16 0.38268343236508934 -0.92387953251128696 -2.8282574426329077e-16 -0.92387953251128696 -0.38268343236508934 -1 4.2783037008589904e-16 -2.9381459592045247e-16 
1 1.2659168698471708e-14 39.646113199843334 14.853599310952807 1.8025451136589454e-16 0.92387953251128652 0.38268343236509061 4.7765928179391011e-16 0.38268343236509061 -0.92387953251128652 -1 3.4932574715171049e-16 -3.723192188546417e-16 
1 3.0018008972158671e-15 7.5 0.98739373190546642 3.736914289988551e-16 0.1305261922200513 -0.99144486137381049 -3.9681600992159535e-16 -0.99144486137381049 -0.1305261922200513 -1 4.4219771324011491e-16 -3.1869956423333109e-16 
1 8.354254748742661e-15 20.873106765236649 2.7479966380517671 3.7369142899885505e-16 0.13052619222005127 -0.99144486137381049 -3.9681600992159564e-16 -0.99144486137381049 -0.13052619222005127 -1 4.421977132401152e-16 -3.1869956423333105e-16 
1 1.4569805825647349e-14 41.1768469293037 11.158081180907656 4.351728860184786e-16 0.38268343236508934 -0.92387953251128696 -2.8282574426329077e-16 -0.92387953251128696 -0.38268343236508934 -1 4.2783037008589904e-16 -2.9381459592045247e-16 
1 -3.2000000000000131 -24.217888264327417 6.8935506088954046 -1.8025451136589493e-16 0.38268343236508973 0.92387953251128685 5.3774411891587466e-16 0.92387953251128685 -0.38268343236508973 -1 4.2783037008589924e-16 -3.7231921885464126e-16 
1 -3.2000000000000131 -24.217888264327417 6.8935506088954046 4.3517288601847869e-16 0.92387953251128674 -0.38268343236508989 1.3776811559046454e-16 -0.38268343236508989 -0.92387953251128674 -1 3.4932574715171014e-16 -2.9381459592045276e-16 
1 -3.2000000000000131 -24.830181756111561 5.4153433568773455 -1.8025451136589488e-16 0.38268343236508984 0.92387953251128685 5.3774411891587456e-16 0.92387953251128663 -0.38268343236508978 -1 4.2783037008589924e-16 -3.7231921885464126e-16 
1 -3.2000000000000113 -20.522370134282269 5.3628168794350461 4.3517288601847869e-16 0.92387953251128674 -0.38268343236508978 1.3776811559046457e-16 -0.38268343236508978 -0.92387953251128674 -1 3.4932574715171014e-16 -2.9381459592045276e-16 
1 -3.2000000000000082 -16.112505939046045 3.0794491618183106 -3.7369142899885535e-16 -0.99144486137381049 0.13052619222005213 -2.7225220025531053e-16 0.13052619222005213 0.99144486137381049 -1 3.3495840399749443e-16 -3.1869956423333174e-16 
