<?xml version='1.0' encoding='utf-8'?>
<!-- FreeCAD DocumentObject -->
<Document SchemaVersion="4" FileVersion="2">
<Object name="Body" Extensions="True">
  <Extensions Count="1">
    <Extension type="App::OriginGroupExtension" name="OriginGroupExtension">
    </Extension>
  </Extensions>
  <Properties Count="21" TransientCount="2">
    <_Property name="_ElementMapVersion" type="App::PropertyString" status="234881024"/>
    <_Property name="_GroupTouched" type="App::PropertyBool" status="100663425"/>
    <Property name="AutoGroupSolids" type="App::PropertyBool" status="134217728">
      <Bool value="false"/>
    </Property>
    <Property name="BaseFeature" type="App::PropertyLink">
      <Link value=""/>
    </Property>
    <Property name="ClaimAllChildren" type="App::PropertyBool" status="8">
      <Bool value="false"/>
    </Property>
    <Property name="ColoredElements" type="App::PropertyLinkSubHidden" status="218103808">
      <LinkSub value="" count="0">
      </LinkSub>
    </Property>
    <Property name="ExportMode" type="App::PropertyEnumeration" status="8">
      <Integer value="0"/>
    </Property>
    <Property name="ExpressionEngine" type="App::PropertyExpressionEngine" status="67108864">
      <ExpressionEngine count="0"></ExpressionEngine>
    </Property>
    <Property name="FixShape" type="App::PropertyEnumeration">
      <Integer value="0"/>
    </Property>
    <Property name="Group" type="App::PropertyLinkList">
      <LinkList count="8">
        <Link value="Sketch"/>
        <Link value="Sketch001"/>
        <Link value="Pad"/>
        <Link value="Sketch002"/>
        <Link value="Pad001"/>
        <Link value="Sketch004"/>
        <Link value="Pad003"/>
        <Link value="Chamfer"/>
      </LinkList>
    </Property>
    <Property name="InvalidShape" type="App::PropertyBool" status="67108864">
      <Bool value="false"/>
    </Property>
    <Property name="Label" type="App::PropertyString" status="134217728">
      <String value="Body"/>
    </Property>
    <Property name="Label2" type="App::PropertyString" status="128">
      <String value=""/>
    </Property>
    <Property name="Origin" type="App::PropertyLink" status="67108864">
      <Link value="Origin001"/>
    </Property>
    <Property name="Placement" type="App::PropertyPlacement" status="8388608">
      <PropertyPlacement Px="0" Py="0" Pz="0" Q0="0" Q1="0" Q2="0" Q3="1" A="0" Ox="0" Oy="0" Oz="1"/>
    </Property>
    <Property name="Shape" type="Part::PropertyPartShape">
      <Part HasherIndex="0" ElementMap="1.15.70200.4" brep="1">
<![CDATA[

CASCADE Topology V1, (c) Matra-Datavision
Locations 22
1
              1               0               0               0 
              0               1               0               0 
              0               0               1               0 
1
              1               0               0               0 
              0               1               0               0 
              0               0               1               0 
2  2 -1 0
1
              1               0               0               0 
              0               1               0               0 
              0               0               1               0 
1
2.22044604925031e-16 -3.33066907387547e-16               1               0 
              1 3.33066907387547e-16 -2.22044604925031e-16               0 
-3.33066907387547e-16               1 3.33066907387547e-16               0 
1
              1               0               0             1.5 
              0               1               0 -4.9960036108132e-16 
              0               0               1 5.82867087928207e-16 
2  4 1 5 1 6 1 2 1 0
1
              1               0               0               0 
              0               1               0               0 
              0               0               1               0 
2  8 -1 2 -1 6 -1 5 -1 4 -1 0
2  8 -1 0
2  8 -1 2 -1 0
2  4 1 5 1 6 1 0
2  4 1 5 1 2 1 0
2  8 -1 2 -1 5 -1 4 -1 0
1
              1               0               0             2.5 
              0               1               0 -8.32667268468867e-16 
              0               0               1 9.71445146547012e-16 
1
              1               0               0               0 
              0               1               0               0 
              0               0               1               0 
1
2.22044604925031e-16 -3.33066907387547e-16               1               0 
              1 3.33066907387547e-16 -2.22044604925031e-16               0 
-3.33066907387547e-16               1 3.33066907387547e-16               0 
2  16 1 17 1 15 1 0
2  8 -1 2 -1 15 -1 17 -1 16 -1 0
2  16 1 17 1 0
2  8 -1 2 -1 17 -1 16 -1 0
2  4 1 5 1 0
Curve2ds 0
Curves 228
1 21.180857602691994 3.9037437990352362 2.6107422659088946e-31 0.92387953251128663 0.38268343236509011 1.1387694442687773e-32 
8 -1.8667619023324888 -1.0323759005323623
1 0.17999999999999827 22.409617380932001 4.4127127640807959 -0.70710678118654779 0.6532814824381884 0.27059805007309778 
1 -3.1999999999999966 21.180857602691994 3.9037437990352277 1 -3.3306690738754696e-16 3.8857805861880479e-16 
1 3.4494972510662089e-15 21.73518532219876 4.1333538584542806 1 -3.3306690738754696e-16 3.8857805861880479e-16 
1 2.5 12.592335521401184 0.34626147222378023 1.2745918732629177e-16 -0.92387953251128696 -0.38268343236508934 
1 -1.3135811528713667e-16 12.592335521401184 0.34626147222377934 1.2745918732629177e-16 -0.92387953251128696 -0.38268343236508934 
1 -3.1999999999999966 24.876375732737145 5.4344775284955862 1 -3.3306690738754696e-16 3.8857805861880479e-16 
1 1.4999999999999989 21.190096398017101 3.907570633358878 -3.9268649024304821e-16 -0.38268343236508945 0.92387953251128696 
1 20.56856411090785 5.3819510510532949 2.5352712661917429e-31 0.38268343236508973 -0.92387953251128685 4.716937482322e-33 
1 21.122891830414616 5.611561110472346 2.6035974328478685e-31 -0.92387953251128685 -0.38268343236508945 -1.1387694442687776e-32 
1 0.90999999999999892 21.73518532219876 4.1333538584542806 -3.9268649024304821e-16 -0.38268343236508945 0.92387953251128696 
8 -3.2809754647055867 -2.4465894629054605
1 -0.8200000000000035 22.721203421659148 6.2736034484639447 -0.70710678118654779 0.6532814824381884 0.27059805007309773 
1 2.4999999999999969 18.872804136744747 9.4758777792073143 -3.0771369869218695e-16 -0.38268343236508939 0.92387953251128696 
1 -3.1999999999999975 20.568564110907854 5.3819510510532869 1 -3.3306690738754696e-16 3.8857805861880479e-16 
1 21.73518532219876 4.1333538584542877 2.6790684325650206e-31 -0.38268343236508973 0.92387953251128674 -4.716937482322e-33 
1 2.821198866677332e-15 21.12289183041462 5.6115611104723389 1 -3.3306690738754696e-16 3.8857805861880479e-16 
1 -39.646113199843306 14.8535993109528 -4.8867607417692249e-31 0.92387953251128696 -0.38268343236508928 1.1387694442687777e-32 
1 -39.646113199843306 14.8535993109528 -4.8867607417692249e-31 -0.38268343236508973 -0.92387953251128685 -4.716937482322e-33 
1 -19.828897227476205 6.6450396867216357 -2.4441002838126972e-31 0.9914448613738106 -0.13052619222005127 1.2220501419063491e-32 
1 -20.873106765236621 2.747996638051764 -2.5728090464998997e-31 -0.92387953251128685 0.38268343236508945 -1.1387694442687776e-32 
1 6.2172489379008766e-15 4.0345158423206104 7.6633509767763297e-47 0.99144486137381038 0.13052619222005166 1.2220501419063488e-32 
1 -20.873106765236621 2.747996638051764 -2.5728090464998997e-31 0.99144486137381049 -0.13052619222005132 1.2220501419063489e-32 
1 39.646113199843334 14.85359931095282 4.8867607417692284e-31 -0.92387953251128685 -0.3826834323650895 -1.1387694442687776e-32 
1 -7.5 0.98739373190546664 -9.2444637330587157e-32 0.99144486137381049 -0.1305261922200513 1.2220501419063489e-32 
1 39.646113199843334 14.85359931095282 4.8867607417692284e-31 0.38268343236508928 -0.92387953251128707 4.7169374823219946e-33 
1 7.5 0.98739373190546897 9.2444637330587157e-32 -0.99144486137381038 -0.1305261922200516 -1.2220501419063488e-32 
1 41.176846929303693 11.158081180907669 5.0754382410621087e-31 -0.92387953251128685 -0.38268343236508962 -1.1387694442687776e-32 
1 20.873106765236649 2.7479966380517742 2.5728090464999032e-31 -0.99144486137381049 -0.1305261922200516 -1.2220501419063489e-32 
1 2.4999999999999973 22.874469012681967 10.267507882658643 3.0771369869218695e-16 0.38268343236508945 -0.92387953251128696 
1 2.4999999999999996 13.827801094639616 2.5898355889720182 -1.2745918732629177e-16 0.92387953251128707 0.38268343236508928 
1 2.4999999999999996 0.44501395222493428 2.6305910477510395 4.3473955175805027e-17 -0.99144486137381049 -0.13052619222005146 
1 2.4999999999999982 0.13631397426583797 4.5313679267770732 -3.3021747382305023e-16 -0.13052619222005121 0.99144486137381049 
1 2.4999999999999991 0.65385585977701588 1.044279269552943 4.3473955175804972e-17 -0.99144486137381049 -0.1305261922200513 
1 2.4999999999999991 4.1020934197610792 5.0534726956572786 -3.3021747382305023e-16 -0.13052619222005143 0.99144486137381049 
1 2.4999999999999982 15.70727476547332 5.7744206363108344 3.3021747382305018e-16 0.13052619222005252 -0.99144486137381027 
1 2.5 8.3871257784927398 2.062383568869341 4.3473955175805052e-17 -0.99144486137381049 -0.13052619222005155 
1 2.4999999999999978 19.673054210968569 6.296525405191022 3.3021747382305028e-16 0.13052619222005038 -0.9914448613738106 
1 2.4999999999999991 10.161173593688279 3.9097477315075428 -4.3473955175805009e-17 0.99144486137381049 0.13052619222005141 
1 2.4999999999999942 36.98084297396597 16.976473053563065 -3.077136986921869e-16 -0.38268343236508962 0.92387953251128685 
1 2.4999999999999982 19.186302383205089 4.8093994966895277 1.2745918732629185e-16 -0.92387953251128685 -0.38268343236508956 
1 2.4999999999999947 33.59147158981289 14.706635698093679 3.077136986921869e-16 0.38268343236508962 -0.92387953251128685 
1 2.4999999999999982 21.646354940011804 4.0965591094016514 -1.2745918732629185e-16 0.92387953251128685 0.38268343236508956 
1 2.4999999999999987 -4.1020934197610686 5.0534726956572822 -3.3021747382305023e-16 0.13052619222005216 0.99144486137381049 
1 2.5 -0.65385585977699046 1.0442792695529408 4.347395517580507e-17 0.99144486137381049 -0.1305261922200516 
1 2.4999999999999982 -0.13631397426582706 4.5313679267770759 -3.3021747382305018e-16 0.13052619222005157 0.99144486137381038 
1 2.4999999999999996 -0.44501395222490781 2.6305910477510377 4.3473955175805064e-17 0.99144486137381049 -0.13052619222005157 
1 2.4999999999999982 -15.707274765473318 5.774420636310829 3.3021747382305023e-16 -0.13052619222005102 -0.99144486137381049 
1 2.4999999999999991 -10.16117359368825 3.9097477315075437 -4.3473955175805046e-17 -0.99144486137381049 0.13052619222005152 
1 2.4999999999999982 -19.673054210968552 6.2965254051910549 3.3021747382305018e-16 -0.13052619222005324 -0.99144486137381027 
1 2.4999999999999996 -10.370015501240335 2.3234359533094473 -4.3473955175805046e-17 -0.99144486137381049 0.13052619222005152 
1 2.4999999999999991 -13.82780109463959 2.5898355889720177 -1.2745918732629185e-16 -0.92387953251128685 0.3826834323650895 
1 2.4999999999999964 -22.56832226678987 11.006611508667687 -3.0771369869218685e-16 0.38268343236509006 0.92387953251128663 
1 2.5 -14.440094586423735 1.1116283369539564 -1.2745918732629192e-16 -0.92387953251128685 0.38268343236508973 
1 2.4999999999999969 -18.872804136744726 9.4758777792073268 -3.077136986921869e-16 0.38268343236508989 0.92387953251128674 
1 2.4999999999999982 -21.034061448227629 5.5747663614197158 -1.2745918732629187e-16 -0.92387953251128696 0.38268343236508962 
1 2.4999999999999938 -36.980842973965949 16.976473053563076 -3.077136986921869e-16 0.3826834323650895 0.92387953251128685 
1 2.4999999999999987 -21.646354940011769 4.096559109401662 -1.2745918732629175e-16 -0.92387953251128707 0.38268343236508923 
1 2.4999999999999951 -33.591471589812876 14.706635698093699 3.077136986921869e-16 -0.38268343236508989 -0.92387953251128674 
1 -39.646113199843306 14.8535993109528 -4.8867607417692249e-31 0.92387953251128696 -0.38268343236508928 1.1387694442687777e-32 
1 -39.646113199843306 14.8535993109528 -4.8867607417692249e-31 -0.38268343236508973 -0.92387953251128685 -4.716937482322e-33 
1 -19.828897227476205 6.6450396867216357 -2.4441002838126972e-31 0.9914448613738106 -0.13052619222005127 1.2220501419063491e-32 
1 -20.873106765236621 2.747996638051764 -2.5728090464998997e-31 -0.92387953251128685 0.38268343236508945 -1.1387694442687776e-32 
1 6.2172489379008766e-15 4.0345158423206104 7.6633509767763297e-47 0.99144486137381038 0.13052619222005166 1.2220501419063488e-32 
1 -20.873106765236621 2.747996638051764 -2.5728090464998997e-31 0.99144486137381049 -0.13052619222005132 1.2220501419063489e-32 
1 39.646113199843334 14.85359931095282 4.8867607417692284e-31 -0.92387953251128685 -0.3826834323650895 -1.1387694442687776e-32 
1 -7.5 0.98739373190546664 -9.2444637330587157e-32 0.99144486137381049 -0.1305261922200513 1.2220501419063489e-32 
1 39.646113199843334 14.85359931095282 4.8867607417692284e-31 0.38268343236508928 -0.92387953251128707 4.7169374823219946e-33 
1 7.5 0.98739373190546897 9.2444637330587157e-32 -0.99144486137381038 -0.1305261922200516 -1.2220501419063488e-32 
1 41.176846929303693 11.158081180907669 5.0754382410621087e-31 -0.92387953251128685 -0.38268343236508962 -1.1387694442687776e-32 
1 20.873106765236649 2.7479966380517742 2.5728090464999032e-31 -0.99144486137381049 -0.1305261922200516 -1.2220501419063489e-32 
1 -1.3135811528713667e-16 12.592335521401184 0.34626147222377934 1.2745918732629177e-16 -0.92387953251128696 -0.38268343236508934 
1 -2.9588339950628624e-15 22.874469012681967 10.267507882658641 3.0771369869218695e-16 0.38268343236508945 -0.92387953251128696 
1 -3.7752907424088626e-16 13.827801094639616 2.5898355889720173 -1.2745918732629177e-16 0.92387953251128707 0.38268343236508928 
1 -3.7752907424088626e-16 13.827801094639616 2.5898355889720173 -1.2745918732629177e-16 0.92387953251128707 0.38268343236508928 
1 -3.1480048302603412e-15 18.872804136744747 9.4758777792073143 -3.0771369869218695e-16 -0.38268343236508939 0.92387953251128696 
1 -4.3934124067603963e-16 0.44501395222493467 2.6305910477510386 4.3473955175805027e-17 -0.99144486137381049 -0.13052619222005146 
1 -4.3934124067603963e-16 0.44501395222493467 2.6305910477510386 4.3473955175805027e-17 -0.99144486137381049 -0.13052619222005146 
1 -1.5165163272570568e-15 0.1363139742658388 4.5313679267770723 -3.3021747382305023e-16 -0.13052619222005121 0.99144486137381049 
1 -3.9721186654263077e-16 0.65385585977701632 1.0442792695529421 4.3473955175804972e-17 -0.99144486137381049 -0.1305261922200513 
1 -3.9721186654263077e-16 0.65385585977701632 1.0442792695529421 4.3473955175804972e-17 -0.99144486137381049 -0.1305261922200513 
1 -1.159375027758604e-15 4.102093419761081 5.0534726956572786 -3.3021747382305023e-16 -0.13052619222005143 0.99144486137381049 
1 -1.8556131776283386e-15 15.707274765473322 5.7744206363108335 3.3021747382305018e-16 0.13052619222005252 -0.99144486137381027 
1 -1.7516726161759867e-16 8.3871257784927415 2.0623835688693397 4.3473955175805052e-17 -0.99144486137381049 -0.13052619222005155 
1 -1.7516726161759867e-16 8.3871257784927415 2.0623835688693397 4.3473955175805052e-17 -0.99144486137381049 -0.13052619222005155 
1 -2.1646056929049738e-15 19.673054210968573 6.2965254051910211 3.3021747382305028e-16 0.13052619222005038 -0.9914448613738106 
1 -8.8343045052610214e-16 10.161173593688279 3.909747731507542 -4.3473955175805009e-17 0.99144486137381049 0.13052619222005141 
1 -8.8343045052610214e-16 10.161173593688279 3.909747731507542 -4.3473955175805009e-17 0.99144486137381049 0.13052619222005141 
1 -5.7293724956081895e-15 36.98084297396597 16.976473053563065 -3.077136986921869e-16 -0.38268343236508962 0.92387953251128685 
1 -1.7097967037910717e-15 19.186302383205089 4.8093994966895259 1.2745918732629185e-16 -0.92387953251128685 -0.38268343236508956 
1 -1.7097967037910717e-15 19.186302383205089 4.8093994966895259 1.2745918732629185e-16 -0.92387953251128685 -0.38268343236508956 
1 -4.8083203061805121e-15 33.59147158981289 14.706635698093677 3.077136986921869e-16 0.38268343236508962 -0.92387953251128685 
1 -1.4636257448373231e-15 21.646354940011804 4.0965591094016496 -1.2745918732629185e-16 0.92387953251128685 0.38268343236508956 
1 -1.4636257448373231e-15 21.646354940011804 4.0965591094016496 -1.2745918732629185e-16 0.92387953251128685 0.38268343236508956 
1 -1.1593750277586052e-15 -4.1020934197610668 5.0534726956572822 -3.3021747382305023e-16 0.13052619222005216 0.99144486137381049 
1 4.6877343307432633e-17 -0.65385585977699012 1.0442792695529399 4.347395517580507e-17 0.99144486137381049 -0.1305261922200516 
1 4.6877343307432633e-17 -0.65385585977699012 1.0442792695529399 4.347395517580507e-17 0.99144486137381049 -0.1305261922200516 
1 -1.5165163272570574e-15 -0.13631397426582617 4.5313679267770741 -3.3021747382305018e-16 0.13052619222005157 0.99144486137381038 
1 -4.3934124067603903e-16 -0.44501395222490747 2.6305910477510368 4.3473955175805064e-17 0.99144486137381049 -0.13052619222005157 
1 -4.3934124067603903e-16 -0.44501395222490747 2.6305910477510368 4.3473955175805064e-17 0.99144486137381049 -0.13052619222005157 
1 -1.8556131776283358e-15 -15.707274765473315 5.7744206363108272 3.3021747382305023e-16 -0.13052619222005102 -0.99144486137381049 
1 -8.8343045052610185e-16 -10.16117359368825 3.9097477315075428 -4.3473955175805046e-17 -0.99144486137381049 0.13052619222005152 
1 -8.8343045052610185e-16 -10.16117359368825 3.9097477315075428 -4.3473955175805046e-17 -0.99144486137381049 0.13052619222005152 
1 -1.7205164830549211e-15 -19.673054210968552 6.2965254051910531 3.3021747382305018e-16 -0.13052619222005324 -0.99144486137381027 
1 -3.9721186654263038e-16 -10.370015501240335 2.3234359533094464 -4.3473955175805046e-17 -0.99144486137381049 0.13052619222005152 
1 -3.9721186654263038e-16 -10.370015501240335 2.3234359533094464 -4.3473955175805046e-17 -0.99144486137381049 0.13052619222005152 
1 -8.216182840909477e-16 -13.82780109463959 2.5898355889720168 -1.2745918732629185e-16 -0.92387953251128685 0.3826834323650895 
1 -8.216182840909477e-16 -13.82780109463959 2.5898355889720168 -1.2745918732629185e-16 -0.92387953251128685 0.3826834323650895 
1 -3.6249678098379599e-15 -22.56832226678987 11.006611508667685 -3.0771369869218685e-16 0.38268343236509006 0.92387953251128663 
1 9.0686489637896615e-17 -14.440094586423735 1.1116283369539555 -1.2745918732629192e-16 -0.92387953251128685 0.38268343236508973 
1 9.0686489637896615e-17 -14.440094586423735 1.1116283369539555 -1.2745918732629192e-16 -0.92387953251128685 0.38268343236508973 
1 -3.148004830260344e-15 -18.872804136744726 9.475877779207325 -3.077136986921869e-16 0.38268343236508989 0.92387953251128674 
1 -1.4877520988660414e-15 -21.034061448227629 5.5747663614197149 -1.2745918732629187e-16 -0.92387953251128696 0.38268343236508962 
1 -1.4877520988660414e-15 -21.034061448227629 5.5747663614197149 -1.2745918732629187e-16 -0.92387953251128696 0.38268343236508962 
1 -5.729372495608191e-15 -36.980842973965949 16.976473053563076 -3.077136986921869e-16 0.3826834323650895 0.92387953251128685 
1 -1.0195365349872621e-15 -21.646354940011765 4.0965591094016602 -1.2745918732629175e-16 -0.92387953251128707 0.38268343236508923 
1 -1.0195365349872621e-15 -21.646354940011765 4.0965591094016602 -1.2745918732629175e-16 -0.92387953251128707 0.38268343236508923 
1 -4.8083203061805161e-15 -33.591471589812876 14.706635698093699 3.077136986921869e-16 -0.38268343236508989 -0.92387953251128674 
1 -3.1999999999999971 24.264082240953002 6.9126847805136444 1 -3.3306690738754696e-16 3.8857805861880479e-16 
1 -1.3750447928345122e-14 -39.646113199843299 14.853599310952813 1 -3.3306690738754696e-16 3.8857805861880479e-16 
1 -6.6161424688978917e-15 -19.828897227476201 6.6450396867216428 1 -3.3306690738754696e-16 3.8857805861880479e-16 
1 -1.2859484299779821e-14 -41.176846929303657 11.158081180907669 1 -3.3306690738754696e-16 3.8857805861880479e-16 
1 -1.343763714407788e-15 8.0051018621587292e-15 4.0345158423206104 1 -3.3306690738754696e-16 3.8857805861880479e-16 
1 -5.550027486992241e-15 -20.873106765236621 2.7479966380517711 1 -3.3306690738754696e-16 3.8857805861880479e-16 
1 2.1896568330501133e-15 19.828897227476219 6.6450396867216375 1 -3.3306690738754696e-16 3.8857805861880479e-16 
1 -1.9942027135973373e-15 -7.5 0.9873937319054692 1 -3.3306690738754696e-16 3.8857805861880479e-16 
1 3.8559631561994282e-15 39.646113199843342 14.853599310952807 1 -3.3306690738754696e-16 3.8857805861880479e-16 
1 -1.8488927466117461e-32 1.848892746611747e-32 5.5511151231257827e-17 1 -3.3306690738754696e-16 3.8857805861880479e-16 
1 5.4267091171716224e-15 41.1768469293037 11.158081180907654 1 -3.3306690738754696e-16 3.8857805861880479e-16 
1 1.3364663602781315e-15 7.5 0.98739373190546653 1 -3.3306690738754696e-16 3.8857805861880479e-16 
1 3.7194940034976894e-15 20.873106765236649 2.7479966380517666 1 -3.3306690738754696e-16 3.8857805861880479e-16 
1 0.38755195099384043 2.6230260317725955 4.7769466075182757e-33 0.99144486137381038 0.13052619222005221 1.2220501419063488e-32 
8 -1.8667619023324873 -1.0323759005323609
1 0.17999999999999861 1.7061736166210071 2.7966258674252638 -0.70710678118654746 0.70105738464997813 0.09229595564125688 
1 -3.2000000000000011 0.38755195099384238 2.6230260317725942 1 -3.3306690738754696e-16 3.8857805861880479e-16 
1 -6.8158673212943899e-16 0.98241886781812404 2.7013417471046259 1 -3.3306690738754696e-16 3.8857805861880479e-16 
1 -3.2000000000000002 4.3533313964890841 3.1451308006528 1 -3.3306690738754696e-16 3.8857805861880479e-16 
1 -3.2000000000000002 0.5963938585459243 1.0367142535744975 1 -3.3306690738754696e-16 3.8857805861880479e-16 
1 0.59639385854592286 1.0367142535744991 7.3511218612623109e-33 -0.13052619222005155 0.99144486137381049 -1.6088595335900231e-33 
1 1.1912607753702056 1.1150299689065299 1.468342271270036e-32 -0.99144486137381038 -0.13052619222005221 -1.2220501419063488e-32 
8 -1.8667619023324868 -1.0323759005323603
1 0.17999999999999894 1.9150155241730884 1.2103140892271664 -0.70710678118654735 0.70105738464997813 0.092295955641256769 
1 -1.0686655515836676e-16 1.191260775370206 1.1150299689065295 1 -3.3306690738754696e-16 3.8857805861880479e-16 
1 -3.1999999999999997 4.5621733040411669 1.5588190224547027 1 -3.3306690738754696e-16 3.8857805861880479e-16 
1 -3.1999999999999984 15.85409178842529 4.6592346304053951 1 -3.3306690738754696e-16 3.8857805861880479e-16 
1 -3.1999999999999975 16.062933695977371 3.0729228522072978 1 -3.3306690738754696e-16 3.8857805861880479e-16 
1 3.1438803485029046e-15 19.433846224648327 3.5167119057554745 1 -3.3306690738754696e-16 3.8857805861880479e-16 
8 2.4465894629054508 3.2809754647055791
1 -0.81999999999999884 17.718646614471638 3.2909015932147847 0.70710678118654713 0.70105738464997847 0.092295955641257602 
1 19.433846224648327 3.5167119057554812 2.3954064882346866e-31 0.99144486137381049 0.13052619222005124 1.2220501419063489e-32 
1 -3.1999999999999971 20.028713141472611 3.5950276210875036 1 -3.3306690738754696e-16 3.8857805861880479e-16 
1 -3.1999999999999975 19.81987123392053 5.1813393992856014 1 -3.3306690738754696e-16 3.8857805861880479e-16 
1 20.028713141472611 3.5950276210875116 2.4687294967490674e-31 -0.13052619222005071 0.9914448613738106 -1.6088595335900128e-33 
1 19.81987123392053 5.1813393992856085 2.4429877442116271e-31 -0.99144486137381038 -0.13052619222005199 -1.2220501419063488e-32 
8 1.0323759005323552 1.8667619023324842
1 0.17999999999999994 18.501249568293368 5.0077395636329349 0.70710678118654713 0.70105738464997847 0.092295955641257504 
1 2.5691601715318327e-15 19.225004317096246 5.1030236839535714 1 -3.3306690738754696e-16 3.8857805861880479e-16 
1 -3.1999999999999953 39.288896439913223 11.404339073390977 1 -3.3306690738754696e-16 3.8857805861880479e-16 
1 -3.1999999999999957 38.67660294812908 12.882546325409034 1 -3.3306690738754696e-16 3.8857805861880479e-16 
1 39.288896439913216 11.404339073390991 4.8427303766756987e-31 -0.38268343236508995 0.92387953251128674 -4.7169374823220028e-33 
1 4.2505711904977244e-15 38.122275228622321 12.652936265989988 1 -3.3306690738754696e-16 3.8857805861880479e-16 
8 2.4465894629054574 3.2809754647055884
1 -0.8200000000000004 36.52396363737779 11.990893927998378 0.70710678118654591 0.65328148243818973 0.27059805007309928 
1 38.676602948129073 12.882546325409049 4.7672593769585466e-31 -0.92387953251128674 -0.38268343236508989 -1.1387694442687774e-32 
1 -3.1999999999999962 34.981084818083936 11.351812595948676 1 -3.3306690738754696e-16 3.8857805861880479e-16 
1 -3.1999999999999957 35.593378309868072 9.8736053439306186 1 -3.3306690738754696e-16 3.8857805861880479e-16 
1 38.734568720406457 11.174729013971939 4.7744042100195736e-31 0.92387953251128463 0.38268343236509489 1.1387694442687748e-32 
8 1.0323759005323574 1.8667619023324871
1 0.18000000000000105 38.060136661673226 10.895370108345414 0.70710678118654591 0.65328148243818973 0.27059805007309928 
1 4.8788695748866017e-15 38.734568720406465 11.174729013971927 1 -3.3306690738754696e-16 3.8857805861880479e-16 
1 -3.2000000000000015 -4.5621733040411536 1.5588190224547043 1 -3.3306690738754696e-16 3.8857805861880479e-16 
1 -3.2000000000000024 -4.3533313964890707 3.1451308006528005 1 -3.3306690738754696e-16 3.8857805861880479e-16 
1 -0.59639385854591265 1.0367142535744989 -7.351121861262185e-33 -0.99144486137381049 0.13052619222005118 -1.2220501419063489e-32 
8 -1.8667619023324871 -1.0323759005323612
1 0.17999999999999849 -1.9150155241730762 1.2103140892271669 -0.70710678118654757 -0.70105738464997791 0.092295955641257019 
1 -3.2000000000000006 -0.5963938585459112 1.0367142535744978 1 -3.3306690738754696e-16 3.8857805861880479e-16 
1 -6.3589261161789119e-16 -1.1912607753701929 1.1150299689065293 1 -3.3306690738754696e-16 3.8857805861880479e-16 
1 -3.2000000000000011 -0.38755195099382872 2.6230260317725942 1 -3.3306690738754696e-16 3.8857805861880479e-16 
1 -0.38755195099383066 2.6230260317725955 -4.7769466075181553e-33 -0.13052619222005127 -0.99144486137381049 -1.6088595335900196e-33 
1 -0.98241886781811116 2.7013417471046255 -1.2109247458956177e-32 0.99144486137381049 -0.13052619222005124 1.2220501419063489e-32 
8 -1.8667619023324871 -1.0323759005323616
1 0.17999999999999772 -1.7061736166209935 2.7966258674252638 -0.70710678118654757 -0.70105738464997791 0.092295955641257005 
1 -1.1178683508805795e-15 -0.98241886781811028 2.7013417471046259 1 -3.3306690738754696e-16 3.8857805861880479e-16 
1 -3.2000000000000051 -15.854091788425272 4.6592346304054004 1 -3.3306690738754696e-16 3.8857805861880479e-16 
1 -3.2000000000000046 -16.062933695977357 3.0729228522073031 1 -3.3306690738754696e-16 3.8857805861880479e-16 
1 -19.819871233920516 5.1813393992856005 -2.4429877442116254e-31 0.99144486137381049 -0.13052619222005121 1.2220501419063489e-32 
8 -1.8667619023324842 -1.0323759005323592
1 0.17999999999999927 -18.501249568293346 5.0077395636329385 -0.70710678118654713 0.70105738464997847 -0.092295955641257504 
1 -3.2000000000000064 -19.819871233920516 5.1813393992856058 1 -3.3306690738754696e-16 3.8857805861880479e-16 
1 -5.9684568050114753e-15 -19.225004317096229 5.1030236839535759 1 -3.3306690738754696e-16 3.8857805861880479e-16 
1 -3.200000000000006 -20.028713141472601 3.5950276210875094 1 -3.3306690738754696e-16 3.8857805861880479e-16 
1 -19.819871233920516 5.1813393992856005 -2.4429877442116254e-31 -0.13052619222005291 -0.99144486137381027 -1.6088595335900398e-33 
1 -20.028713141472601 3.5950276210875041 -2.468729496749066e-31 0.99144486137381116 -0.1305261922200468 1.2220501419063497e-32 
8 -1.8667619023324842 -1.0323759005323592
1 0.17999999999999994 -18.710091475845427 3.4214277854348412 -0.70710678118654713 0.70105738464997847 -0.092295955641257504 
1 -5.4864810657487873e-15 -19.43384622464831 3.5167119057554821 1 -3.3306690738754696e-16 3.8857805861880479e-16 
1 -6.559249476039835e-15 -21.122891830414609 5.6115611104723486 1 -3.3306690738754696e-16 3.8857805861880479e-16 
8 2.4465894629054543 3.2809754647055782
1 -0.82000000000000384 -22.721203421659137 6.2736034484639536 0.70710678118654768 0.6532814824381884 -0.27059805007309812 
1 -21.122891830414613 5.6115611104723415 -2.6035974328478681e-31 0.92387953251128707 -0.38268343236508906 1.1387694442687778e-32 
1 -3.2000000000000077 -24.264082240952984 6.9126847805136515 1 -3.3306690738754696e-16 3.8857805861880479e-16 
1 -3.2000000000000064 -20.568564110907836 5.381951051053294 1 -3.3306690738754696e-16 3.8857805861880479e-16 
1 -3.2000000000000077 -24.876375732737127 5.4344775284955933 1 -3.3306690738754696e-16 3.8857805861880479e-16 
1 -6.2028640246137146e-15 -21.735185322198756 4.1333538584542895 1 -3.3306690738754696e-16 3.8857805861880479e-16 
8 2.4465894629054525 3.2809754647055782
1 -0.82000000000000339 -23.33349691344328 4.7953961964458944 0.70710678118654768 0.65328148243818829 -0.27059805007309823 
1 -21.180857602691983 3.9037437990352286 -2.6107422659088933e-31 -0.92387953251128707 0.38268343236508906 -1.1387694442687778e-32 
1 -3.2000000000000064 -21.180857602691983 3.9037437990352344 1 -3.3306690738754696e-16 3.8857805861880479e-16 
1 -20.56856411090784 5.3819510510532877 -2.5352712661917416e-31 -0.38268343236508962 -0.92387953251128696 -4.7169374823219987e-33 
1 -38.676602948129066 12.88254632540904 -4.7672593769585457e-31 0.92387953251128707 -0.38268343236508906 1.1387694442687778e-32 
8 -1.8667619023324842 -1.0323759005323658
1 0.17999999999999838 -37.44784316988904 12.373577360363479 -0.70710678118654613 0.65328148243818973 -0.27059805007309917 
1 -3.2000000000000131 -38.676602948129059 12.88254632540905 1 -3.3306690738754696e-16 3.8857805861880479e-16 
1 -1.2679119893467765e-14 -38.122275228622286 12.652936265989998 1 -3.3306690738754696e-16 3.8857805861880479e-16 
1 -3.2000000000000117 -34.981084818083907 11.351812595948692 1 -3.3306690738754696e-16 3.8857805861880479e-16 
1 -3.2000000000000126 -39.288896439913202 11.40433907339099 1 -3.3306690738754696e-16 3.8857805861880479e-16 
1 -39.288896439913209 11.404339073390979 -4.8427303766756979e-31 0.38268343236508917 0.92387953251128696 4.7169374823219932e-33 
1 -39.288896439913209 11.404339073390979 -4.8427303766756979e-31 0.92387953251128296 -0.38268343236509916 1.1387694442687728e-32 
8 -1.8667619023324815 -1.0323759005323636
1 0.18000000000000183 -38.060136661673184 10.895370108345418 -0.70710678118654613 0.65328148243818984 -0.27059805007309889 
1 -1.2322734442041641e-14 -38.734568720406429 11.17472901397193 1 -3.3306690738754696e-16 3.8857805861880479e-16 
1 -3.2000000000000113 -35.593378309868058 9.8736053439306328 1 -3.3306690738754696e-16 3.8857805861880479e-16 
1 0.98241886781812315 2.7013417471046264 1.2109247458956325e-32 0.13052619222005155 -0.99144486137381049 1.6088595335900231e-33 
1 19.225004317096246 5.1030236839535776 2.3696647356972464e-31 0.13052619222005071 -0.99144486137381049 1.6088595335900128e-33 
1 38.122275228622314 12.65293626599 4.6989332103024215e-31 0.38268343236508917 -0.92387953251128696 4.7169374823219932e-33 
1 -0.98241886781811116 2.7013417471046255 -1.2109247458956177e-32 -0.13052619222005141 -0.99144486137381049 -1.6088595335900213e-33 
1 -19.225004317096229 5.1030236839535696 -2.3696647356972442e-31 -0.13052619222005091 -0.99144486137381049 -1.6088595335900152e-33 
1 -21.735185322198756 4.1333538584542824 -2.6790684325650202e-31 0.38268343236508962 0.92387953251128696 4.7169374823219987e-33 
1 -38.734568720406436 11.174729013971918 -4.774404210019571e-31 0.38268343236508756 0.92387953251128763 4.7169374823219734e-33 
1 1.4999999999999991 0.39746639960757546 2.6243312936947962 3.5920011060692027e-16 0.13052619222005121 -0.99144486137381049 
1 0.90999999999999914 0.98241886781812382 2.7013417471046264 3.5920011060692027e-16 0.13052619222005121 -0.99144486137381049 
1 0.90999999999999825 19.225004317096246 5.1030236839535723 3.5920011060692013e-16 0.13052619222005041 -0.9914448613738106 
1 1.4999999999999982 19.809956785306795 5.1800341373634025 3.5920011060692013e-16 0.13052619222005041 -0.9914448613738106 
1 1.4999999999999958 38.667364152803984 12.878719491085389 3.9268649024304816e-16 0.38268343236508889 -0.92387953251128718 
1 0.90999999999999581 38.122275228622321 12.652936265989988 3.9268649024304816e-16 0.38268343236508889 -0.92387953251128718 
1 1.4999999999999991 -0.39746639960756258 2.6243312936947958 3.0123483703918018e-16 -0.13052619222005171 -0.99144486137381038 
1 0.90999999999999914 -0.9824188678181105 2.7013417471046264 3.0123483703918018e-16 -0.13052619222005171 -0.99144486137381038 
1 1.4999999999999982 -19.809956785306778 5.1800341373634069 3.0123483703918033e-16 -0.13052619222005124 -0.99144486137381049 
1 0.90999999999999825 -19.225004317096229 5.1030236839535768 3.0123483703918033e-16 -0.13052619222005124 -0.99144486137381049 
1 0.9099999999999987 -21.735185322198756 4.1333538584542904 -2.2274090714132568e-16 0.38268343236508989 0.92387953251128674 
1 1.4999999999999987 -21.190096398017097 3.9075706333588873 -2.2274090714132568e-16 0.38268343236508989 0.92387953251128674 
1 1.4999999999999962 -39.279657644588085 11.40051223906733 -2.2274090714132637e-16 0.38268343236508789 0.92387953251128752 
1 0.90999999999999626 -38.734568720406422 11.174729013971929 -2.2274090714132637e-16 0.38268343236508789 0.92387953251128752 
Polygon3D 0
PolygonOnTriangulations 0
Surfaces 78
1 -3.1999999999999966 21.180857602691994 3.9037437990352277 -4.8645850246717658e-16 -0.38268343236508934 0.92387953251128696 7.7683278468499412e-17 0.92387953251128696 0.38268343236508934 -1 2.5792960042274179e-16 -4.1970095020381742e-16 
1 -1.9154964095966948e-15 -5.1891887251833559e-14 5.7510859443260953 1 0 3.3306690738754686e-16 -3.3306690738754686e-16 0 1 0 -1 0 
1 1.204999999999999 21.462640860107932 4.0204622459065789 -0.70710678118654735 -0.6532814824381884 -0.27059805007309867 -4.9960036108132044e-16 -0.3826834323650895 0.92387953251128696 -0.70710678118654779 0.6532814824381884 0.2705980500730979 
1 -3.1999999999999975 20.568564110907854 5.3819510510532869 1.5901131347817988e-16 0.92387953251128696 0.38268343236508939 3.9268649024304816e-16 0.38268343236508939 -0.92387953251128696 -1 2.9718191188983638e-16 -3.0194401580253428e-16 
1 3.4494972510662089e-15 21.73518532219876 4.1333538584542806 -1.5901131347817986e-16 -0.92387953251128696 -0.38268343236508945 -3.9268649024304796e-16 -0.38268343236508945 0.92387953251128696 -1 2.9718191188983624e-16 -3.0194401580253408e-16 
1 -2.1498935477665431e-15 2.0875091021253748e-14 6.4548398537384362 1 0 3.3306690738754691e-16 -3.3306690738754691e-16 0 1 0 -1 0 
1 -2.1498935477665431e-15 2.0875091021253748e-14 6.4548398537384362 1 0 3.3306690738754691e-16 -3.3306690738754691e-16 0 1 0 -1 0 
1 -3.1999999999999966 24.876375732737145 5.4344775284955862 -1.5901131347817986e-16 -0.92387953251128696 -0.38268343236508945 -3.9268649024304796e-16 -0.38268343236508945 0.92387953251128696 -1 2.9718191188983624e-16 -3.0194401580253408e-16 
1 -3.1999999999999971 24.264082240953002 6.9126847805136444 4.8645850246717667e-16 0.38268343236508928 -0.92387953251128707 -7.7683278468499621e-17 -0.92387953251128707 -0.38268343236508928 -1 2.5792960042274194e-16 -4.1970095020381737e-16 
1 -1.9154964095966948e-15 -5.1891887251833559e-14 5.7510859443260953 1 0 3.3306690738754686e-16 -3.3306690738754686e-16 0 1 0 -1 0 
1 -1.3750447928345122e-14 -39.646113199843299 14.853599310952813 -2.3154012781459289e-16 0.38268343236508962 0.92387953251128685 3.3260165312108318e-16 0.92387953251128685 -0.38268343236508962 -1 2.1867728895564754e-16 -3.4119632726962873e-16 
1 -1.3750447928345122e-14 -39.646113199843299 14.853599310952813 4.5641608390619431e-16 0.92387953251128674 -0.38268343236509006 2.2274090714132564e-16 -0.38268343236509006 -0.92387953251128674 -1 3.3643422335693063e-16 -3.8044863873672312e-16 
1 -6.6161424688978917e-15 -19.828897227476201 6.6450396867216419 -3.4177976428442023e-16 0.13052619222005157 0.99144486137381038 2.6361893772450511e-16 0.99144486137381038 -0.13052619222005157 -1 2.1675242995787096e-16 -3.7326496715961517e-16 
1 -5.550027486992241e-15 -20.873106765236621 2.7479966380517711 2.3154012781459279e-16 -0.38268343236508978 -0.92387953251128674 -3.3260165312108313e-16 -0.92387953251128674 0.38268343236508978 -1 2.1867728895564749e-16 -3.4119632726962863e-16 
1 -1.3437637144077882e-15 7.5610126523086666e-15 4.0345158423206104 -4.2872767463603032e-16 -0.13052619222005135 0.99144486137381049 1.7667102737289506e-16 0.99144486137381049 0.13052619222005135 -1 2.3111977311208673e-16 -4.0199965346804665e-16 
1 -5.550027486992241e-15 -20.873106765236621 2.7479966380517711 -3.4177976428442023e-16 0.13052619222005163 0.99144486137381038 2.6361893772450511e-16 0.99144486137381038 -0.13052619222005163 -1 2.1675242995787094e-16 -3.7326496715961517e-16 
1 -1.9942027135973373e-15 -7.5 0.9873937319054692 -3.4177976428442023e-16 0.13052619222005163 0.99144486137381049 2.6361893772450516e-16 0.99144486137381049 -0.13052619222005163 -1 2.1675242995787099e-16 -3.7326496715961512e-16 
1 3.8559631561994282e-15 39.646113199843342 14.853599310952807 4.8645850246717658e-16 0.38268343236508917 -0.92387953251128696 -7.7683278468499387e-17 -0.92387953251128696 -0.38268343236508917 -1 2.5792960042274169e-16 -4.1970095020381747e-16 
1 3.8559631561994282e-15 39.646113199843342 14.853599310952807 1.5901131347818013e-16 0.92387953251128718 0.38268343236508895 3.9268649024304846e-16 0.38268343236508895 -0.92387953251128718 -1 2.9718191188983658e-16 -3.0194401580253467e-16 
1 1.3364663602781317e-15 7.5 0.98739373190546642 4.2872767463603027e-16 0.1305261922200513 -0.99144486137381049 -1.7667102737289526e-16 -0.99144486137381049 -0.1305261922200513 -1 2.3111977311208693e-16 -4.019996534680467e-16 
1 3.7194940034976894e-15 20.873106765236649 2.7479966380517671 4.2872767463603027e-16 0.13052619222005127 -0.99144486137381049 -1.7667102737289526e-16 -0.99144486137381049 -0.13052619222005127 -1 2.3111977311208693e-16 -4.019996534680467e-16 
1 5.4267091171716224e-15 41.1768469293037 11.158081180907654 4.8645850246717658e-16 0.38268343236508928 -0.92387953251128696 -7.7683278468499437e-17 -0.92387953251128696 -0.38268343236508928 -1 2.5792960042274179e-16 -4.1970095020381742e-16 
1 -3.2000000000000011 0.38755195099384238 2.6230260317725942 -4.2872767463603032e-16 -0.13052619222005146 0.99144486137381049 1.7667102737289504e-16 0.99144486137381049 0.13052619222005146 -1 2.3111977311208673e-16 -4.0199965346804665e-16 
1 -3.2000000000000011 0.38755195099384238 2.6230260317725942 2.7949785945127782e-16 0.99144486137381049 0.13052619222005121 3.5920011060692042e-16 0.13052619222005121 -0.99144486137381049 -1 3.2399173920049149e-16 -3.1964531253830529e-16 
1 -3.2000000000000002 0.5963938585459243 1.0367142535744975 -4.2872767463603027e-16 -0.1305261922200513 0.99144486137381049 1.7667102737289526e-16 0.99144486137381049 0.1305261922200513 -1 2.3111977311208693e-16 -4.019996534680467e-16 
1 -3.2000000000000002 4.3533313964890841 3.1451308006528 2.7949785945127777e-16 0.99144486137381049 0.13052619222005143 3.5920011060692032e-16 0.13052619222005143 -0.99144486137381049 -1 3.2399173920049144e-16 -3.196453125383051e-16 
1 -3.1999999999999975 16.062933695977371 3.0729228522072978 -2.7949785945127727e-16 -0.99144486137381027 -0.13052619222005252 -3.5920011060692052e-16 -0.13052619222005252 0.99144486137381027 -1 3.2399173920049134e-16 -3.19645312538305e-16 
1 -3.1999999999999975 16.062933695977371 3.0729228522072978 -4.2872767463603037e-16 -0.13052619222005155 0.99144486137381049 1.7667102737289504e-16 0.99144486137381049 0.13052619222005155 -1 2.3111977311208678e-16 -4.0199965346804665e-16 
1 -3.1999999999999971 20.028713141472611 3.5950276210875036 -2.7949785945127821e-16 -0.9914448613738106 -0.13052619222005038 -3.5920011060692013e-16 -0.13052619222005038 0.9914448613738106 -1 3.2399173920049154e-16 -3.196453125383052e-16 
