<?xml version='1.0' encoding='utf-8'?>
<!-- FreeCAD DocumentObject -->
<Document SchemaVersion="4" FileVersion="2">
<Object name="Pad">
  <Properties Count="47" TransientCount="2">
    <_Property name="_Body" type="App::PropertyLinkHidden" status="251658240"/>
    <_Property name="_ElementMapVersion" type="App::PropertyString" status="234881024"/>
    <Property name="AddSubShape" type="Part::PropertyPartShape">
      <Part HasherIndex="0" ElementMap="1.15.70200.4" brep="1">
<![CDATA[

CASCADE Topology V1, (c) Matra-Datavision
Locations 5
1
              1               0               0               0 
              0               1               0               0 
              0               0               1               0 
1
2.22044604925031e-16 -3.33066907387547e-16               1               0 
              1 3.33066907387547e-16 -2.22044604925031e-16               0 
-3.33066907387547e-16               1 3.33066907387547e-16               0 
2  1 1 2 1 0
1
              1               0               0             2.5 
              0               1               0 -8.32667268468867e-16 
              0               0               1 9.71445146547012e-16 
2  1 1 2 1 4 1 0
Curve2ds 0
Curves 24
1 -1.3750447928345122e-14 -39.646113199843299 14.853599310952813 1 -3.3306690738754696e-16 3.8857805861880479e-16 
1 -6.6161424688978917e-15 -19.828897227476201 6.6450396867216428 1 -3.3306690738754696e-16 3.8857805861880479e-16 
1 -39.646113199843306 14.8535993109528 0 0.92387953251128696 -0.38268343236508928 0 
1 -1.2859484299779821e-14 -41.176846929303657 11.158081180907669 1 -3.3306690738754696e-16 3.8857805861880479e-16 
1 -39.646113199843306 14.8535993109528 0 -0.38268343236508973 -0.92387953251128685 0 
1 -5.550027486992241e-15 -20.873106765236621 2.7479966380517711 1 -3.3306690738754696e-16 3.8857805861880479e-16 
1 -20.873106765236621 2.747996638051764 0 -0.92387953251128685 0.38268343236508945 0 
1 -1.9942027135973373e-15 -7.5 0.9873937319054692 1 -3.3306690738754696e-16 3.8857805861880479e-16 
1 -20.873106765236621 2.747996638051764 0 0.99144486137381038 -0.1305261922200513 0 
1 -1.8488927466117461e-32 1.848892746611747e-32 5.5511151231257827e-17 1 -3.3306690738754696e-16 3.8857805861880479e-16 
1 -7.5 0.98739373190546664 0 0.99144486137381049 -0.1305261922200513 0 
1 1.3364663602781315e-15 7.5 0.98739373190546653 1 -3.3306690738754696e-16 3.8857805861880479e-16 
1 7.5 0.98739373190546897 0 -0.99144486137381038 -0.1305261922200516 0 
1 3.7194940034976894e-15 20.873106765236649 2.7479966380517666 1 -3.3306690738754696e-16 3.8857805861880479e-16 
1 20.873106765236649 2.7479966380517742 0 -0.99144486137381049 -0.1305261922200516 0 
1 5.4267091171716224e-15 41.1768469293037 11.158081180907654 1 -3.3306690738754696e-16 3.8857805861880479e-16 
1 41.176846929303693 11.158081180907669 0 -0.92387953251128685 -0.38268343236508962 0 
1 3.8559631561994282e-15 39.646113199843342 14.853599310952807 1 -3.3306690738754696e-16 3.8857805861880479e-16 
1 39.646113199843334 14.85359931095282 0 0.38268343236508928 -0.92387953251128707 0 
1 2.1896568330501133e-15 19.828897227476219 6.6450396867216375 1 -3.3306690738754696e-16 3.8857805861880479e-16 
1 39.646113199843334 14.85359931095282 0 -0.92387953251128685 -0.3826834323650895 0 
1 -1.343763714407788e-15 8.0051018621587292e-15 4.0345158423206104 1 -3.3306690738754696e-16 3.8857805861880479e-16 
1 6.2172489379008766e-15 4.0345158423206104 0 0.99144486137381038 0.13052619222005166 0 
1 -19.828897227476205 6.6450396867216357 0 0.9914448613738106 -0.13052619222005127 0 
Polygon3D 0
PolygonOnTriangulations 0
Surfaces 13
1 -1.3750447928345122e-14 -39.646113199843299 14.853599310952813 -2.3154012781459289e-16 0.38268343236508962 0.92387953251128685 3.3260165312108318e-16 0.92387953251128685 -0.38268343236508962 -1 2.1867728895564754e-16 -3.4119632726962873e-16 
1 -1.3750447928345122e-14 -39.646113199843299 14.853599310952813 4.5641608390619431e-16 0.92387953251128674 -0.38268343236509006 2.2274090714132564e-16 -0.38268343236509006 -0.92387953251128674 -1 3.3643422335693063e-16 -3.8044863873672312e-16 
1 -5.550027486992241e-15 -20.873106765236621 2.7479966380517711 2.3154012781459279e-16 -0.38268343236508978 -0.92387953251128674 -3.3260165312108313e-16 -0.92387953251128674 0.38268343236508978 -1 2.1867728895564749e-16 -3.4119632726962863e-16 
1 -5.550027486992241e-15 -20.873106765236621 2.7479966380517711 -3.4177976428442023e-16 0.13052619222005163 0.99144486137381038 2.6361893772450511e-16 0.99144486137381038 -0.13052619222005163 -1 2.1675242995787094e-16 -3.7326496715961517e-16 
1 -1.9942027135973373e-15 -7.5 0.9873937319054692 -3.4177976428442023e-16 0.13052619222005163 0.99144486137381049 2.6361893772450516e-16 0.99144486137381049 -0.13052619222005163 -1 2.1675242995787099e-16 -3.7326496715961512e-16 
1 1.3364663602781317e-15 7.5 0.98739373190546642 4.2872767463603027e-16 0.1305261922200513 -0.99144486137381049 -1.7667102737289516e-16 -0.99144486137381049 -0.1305261922200513 -1 2.3111977311208683e-16 -4.019996534680467e-16 
1 3.7194940034976894e-15 20.873106765236649 2.7479966380517671 4.2872767463603027e-16 0.13052619222005127 -0.99144486137381049 -1.7667102737289516e-16 -0.99144486137381049 -0.13052619222005127 -1 2.3111977311208683e-16 -4.019996534680467e-16 
1 5.4267091171716224e-15 41.1768469293037 11.158081180907654 4.8645850246717658e-16 0.38268343236508928 -0.92387953251128696 -7.7683278468499437e-17 -0.92387953251128696 -0.38268343236508928 -1 2.5792960042274179e-16 -4.1970095020381742e-16 
1 3.8559631561994282e-15 39.646113199843342 14.853599310952807 1.5901131347818013e-16 0.92387953251128718 0.38268343236508895 3.9268649024304826e-16 0.38268343236508895 -0.92387953251128718 -1 2.9718191188983653e-16 -3.0194401580253448e-16 
1 3.8559631561994282e-15 39.646113199843342 14.853599310952807 4.8645850246717658e-16 0.38268343236508917 -0.92387953251128696 -7.7683278468499437e-17 -0.92387953251128696 -0.38268343236508917 -1 2.5792960042274169e-16 -4.1970095020381742e-16 
1 -1.3437637144077882e-15 7.5610126523086666e-15 4.0345158423206104 -4.2872767463603032e-16 -0.13052619222005135 0.99144486137381049 1.7667102737289506e-16 0.99144486137381049 0.13052619222005135 -1 2.3111977311208673e-16 -4.0199965346804665e-16 
1 -6.6161424688978917e-15 -19.828897227476201 6.6450396867216419 -3.4177976428442023e-16 0.13052619222005157 0.99144486137381038 2.6361893772450511e-16 0.99144486137381038 -0.13052619222005157 -1 2.1675242995787096e-16 -3.7326496715961517e-16 
1 -2.1498935477665431e-15 2.0875091021253748e-14 6.4548398537384362 1 0 3.3306690738754691e-16 -3.3306690738754691e-16 0 1 0 -1 0 
Triangulations 0

TShapes 64
Ve
1e-07
-39.6461131998433 14.8535993109528 0
0 0

0101101
*
Ed
 1e-07 1 1 0
1  1 0 0 2.5
0

0101000
+64 3 -64 5 *
Ve
1.00000000444089e-07
-19.8288972274762 6.64503968672164 0
0 0

0101101
*
Ed
 1.00000000444089e-07 1 1 0
1  2 0 0 2.5
0

0101000
+62 3 -62 5 *
Ed
 1e-07 1 1 0
1  3 0 0 21.45
0

0101000
+64 0 -62 0 *
Wi

0101100
+63 0 -61 0 -60 3 +60 5 *
Fa
0  1e-07 1 0

0111000
+59 0 *
Ve
1e-07
-41.1768469293037 11.1580811809077 0
0 0

0101101
*
Ed
 1e-07 1 1 0
1  4 0 0 2.5
0

0101000
+57 3 -57 5 *
Ed
 1e-07 1 1 0
1  5 0 0 4
0

0101000
+64 0 -57 0 *
Wi

0101100
+63 0 -56 0 -55 3 +55 5 *
Fa
0  1e-07 2 0

0111000
+54 0 *
Ve
1e-07
-20.8731067652366 2.74799663805176 0
0 0

0101101
*
Ed
 1e-07 1 1 0
1  6 0 0 2.5
0

0101000
+52 3 -52 5 *
Ed
 1e-07 1 1 0
1  7 0 0 21.9766099903496
0

0101000
+52 0 -57 0 *
Wi

0101100
+51 0 -56 0 -50 3 +50 5 *
Fa
0  1e-07 3 0

0111000
+49 0 *
Ve
1e-07
-7.5 0.987393731905467 0
0 0

0101101
*
Ed
 1e-07 1 1 0
1  8 0 0 2.5
4 C2 4 0 5 0
0

0101000
+47 3 -47 5 *
Ed
 1e-07 1 1 0
1  9 0 0 13.488502776348
0

0101000
+52 0 -47 0 *
Wi

0101100
+51 0 -46 0 -45 3 +45 5 *
Fa
0  1e-07 4 0

0111000
+44 0 *
Ve
1.00000000055511e-07
0 5.55111512312578e-17 0
0 0

0101101
*
Ed
 1.00000000055511e-07 1 1 0
1  10 0 0 2.5
0

0101000
+42 3 -42 5 *
Ed
 1e-07 1 1 0
1  11 0 0 7.56471720435114
0

0101000
+47 0 -42 0 *
Wi

0101100
+46 0 -41 0 -40 3 +40 5 *
Fa
0  1e-07 5 0

0111000
+39 0 *
Ve
1.00000000055511e-07
7.5 0.987393731905469 0
0 0

0101101
*
Ed
 1.00000000055511e-07 1 1 0
1  12 0 0 2.5
4 C2 6 0 7 0
0

0101000
+37 3 -37 5 *
Ed
 1e-07 1 1 0
1  13 0 0 7.56471720435115
0

0101000
+37 0 -42 0 *
Wi

0101100
+36 0 -41 0 -35 3 +35 5 *
Fa
0  1e-07 6 0

0111000
+34 0 *
Ve
1.00000000222045e-07
20.8731067652366 2.74799663805177 0
0 0

0101101
*
Ed
 1.00000000222045e-07 1 1 0
1  14 0 0 2.5
0

0101000
+32 3 -32 5 *
Ed
 1e-07 1 1 0
1  15 0 0 13.488502776348
0

0101000
+32 0 -37 0 *
Wi

0101100
+31 0 -36 0 -30 3 +30 5 *
Fa
0  1e-07 7 0

0111000
+29 0 *
Ve
1e-07
41.1768469293037 11.1580811809077 0
0 0

0101101
*
Ed
 1e-07 1 1 0
1  16 0 0 2.5
0

0101000
+27 3 -27 5 *
Ed
 1e-07 1 1 0
1  17 0 0 21.9766099903496
0

0101000
+27 0 -32 0 *
Wi

0101100
+26 0 -31 0 -25 3 +25 5 *
Fa
0  1e-07 8 0

0111000
+24 0 *
Ve
1e-07
39.6461131998433 14.8535993109528 0
0 0

0101101
*
Ed
 1e-07 1 1 0
1  18 0 0 2.5
0

0101000
+22 3 -22 5 *
Ed
 1e-07 1 1 0
1  19 0 0 4
0

0101000
+22 0 -27 0 *
Wi

0101100
+21 0 -26 0 -20 3 +20 5 *
Fa
0  1e-07 9 0

0111000
+19 0 *
Ve
1e-07
19.8288972274762 6.64503968672164 0
0 0

0101101
*
Ed
 1e-07 1 1 0
1  20 0 0 2.5
0

0101000
+17 3 -17 5 *
Ed
 1e-07 1 1 0
1  21 0 0 21.45
0

0101000
+22 0 -17 0 *
Wi

0101100
+21 0 -16 0 -15 3 +15 5 *
Fa
0  1e-07 10 0

0111000
+14 0 *
Ve
1.00000000444089e-07
6.66133814775094e-15 4.03451584232061 0
0 0

0101101
*
Ed
 1.00000000444089e-07 1 1 0
1  22 0 0 2.5
0

0101000
+12 3 -12 5 *
Ed
 1e-07 1 1 0
1  23 0 0 20
0

0101000
+12 0 -17 0 *
Wi

0101100
+11 0 -16 0 -10 3 +10 5 *
Fa
0  1e-07 11 0

0111000
+9 0 *
Ed
 1e-07 1 1 0
1  24 0 0 20
0

0101000
+62 0 -12 0 *
Wi

0101100
+61 0 -11 0 -7 3 +7 5 *
Fa
0  1e-07 12 0

0111000
+6 0 *
Wi

0101100
-60 0 +55 0 -50 0 +45 0 +40 0 -35 0 -30 0 -25 0 -20 0 +15 0 
-10 0 -7 0 *
Fa
0  1e-07 13 0

0111000
+4 3 *
Sh

0101100
-58 0 +53 0 -48 0 +43 0 +38 0 -33 0 -28 0 -23 0 -18 0 +13 0 
-8 0 -5 0 +3 0 -3 4 *
So

1100000
-2 0 *

+1 0 ]]>
      </Part>
      <ElementMap new="1" count="1"><Element key="Dummy" value="Dummy"/></ElementMap>
      <ElementMap2 count="86">
<![CDATA[
6 PostfixCount 11
Edge
Face
Vertex
;:G;XTR;:Heda:7,E
;:G;XTR;:Heda:7,F
;:U;XTR;:Heda:7,E
;:U;XTR;:Heda:7,V
;FAC;:Heda:4,F
;:G0;XTR;:Heda:8,F
;SKT;:Heda,E
;SKT;:Heda,V

MapCount 1

ElementMap 1 6 3

Edge

ChildCount 0

NameCount 37
0
$#cc3.4 0
$#cc4.4 0
;g66.a 0
$#cdd.6 0
$#cc5.4 0
;g57.a 0
$#cde.6 0
$#cc6.4 0
;g58.a 0
$#cdf.6 0
$#cc7.4 0
;g67.a 0
$#ce0.6 0
$#1090.4 0
;g68.a 0
$#1093.6 0
$#cca.4 0
;g59.a 0
$#1094.6 0
$#ccb.4 0
;g69.a 0
$#ce4.6 0
$#ccc.4 0
;g61.a 0
$#ce5.6 0
$#ccd.4 0
;g62.a 0
$#ce6.6 0
$#cce.4 0
;g63.a 0
$#ce7.6 0
$#ccf.4 0
;g64.a 0
$#ce8.6 0
;g65.a 0
$#ce9.6 0

Face

ChildCount 0

NameCount 15
0
$#cd0.5 0
$#cc1.5 0
$#cd1.5 0
$#cd2.5 0
$#1091.5 0
$#1092.5 0
$#cd6.5 0
$#cd7.5 0
$#cd8.5 0
$#cd9.5 0
$#cda.5 0
$#cdb.5 0
$#cc1.8 0
$#cdc.9 0

Vertex

ChildCount 0

NameCount 25
0
;g57v1.b ;g66v1.b 0
$#cea.7 0
;g66v2.b ;g65v1.b 0
$#ceb.7 0
;g57v2.b ;g58v2.b 0
$#cec.7 0
;g58v1.b ;g67v1.b 0
$#ced.7 0
;g67v2.b ;g68v1.b 0
$#cee.7 0
;g68v2.b ;g59v2.b 0
$#1095.7 0
;g69v2.b ;g59v1.b 0
$#cf1.7 0
;g61v2.b ;g69v1.b 0
$#cf2.7 0
;g62v2.b ;g61v1.b 0
$#cf3.7 0
;g63v1.b ;g62v1.b 0
$#cf4.7 0
;g64v2.b ;g63v2.b 0
$#cf5.7 0
;g65v2.b ;g64v1.b 0
$#cf6.7 0

EndMap
]]>
      </ElementMap2>
    </Property>
    <Property name="AddSubType" type="App::PropertyEnumeration">
      <Integer value="0"/>
    </Property>
    <Property name="AllowMultiFace" type="App::PropertyBool">
      <Bool value="true"/>
    </Property>
    <Property name="AlongSketchNormal" type="App::PropertyBool">
      <Bool value="false"/>
    </Property>
    <Property name="AutoTaperInnerAngle" type="App::PropertyBool">
      <Bool value="true"/>
    </Property>
    <Property name="BaseFeature" type="App::PropertyLink" status="8">
      <Link value=""/>
    </Property>
    <Property name="CheckUpToFaceLimits" type="App::PropertyBool">
      <Bool value="true"/>
    </Property>
    <Property name="ClaimChildren" type="App::PropertyBool" status="134217728">
      <Bool value="false"/>
    </Property>
    <Property name="ColoredElements" type="App::PropertyLinkSubHidden" status="218103808">
      <LinkSub value="" count="0">
      </LinkSub>
    </Property>
    <Property name="Direction" type="App::PropertyVector" status="4">
      <PropertyVector valueX="1" valueY="-3.33066907387547e-16" valueZ="3.885780586188048e-16"/>
    </Property>
    <Property name="ExpressionEngine" type="App::PropertyExpressionEngine" status="67108864">
      <ExpressionEngine count="0"></ExpressionEngine>
    </Property>
    <Property name="Fit" type="App::PropertyDistance">
      <Float value="0"/>
    </Property>
    <Property name="FitJoin" type="App::PropertyEnumeration">
      <Integer value="0"/>
    </Property>
    <Property name="FixShape" type="App::PropertyEnumeration">
      <Integer value="0"/>
    </Property>
    <Property name="InnerFit" type="App::PropertyDistance">
      <Float value="0"/>
    </Property>
    <Property name="InnerFitJoin" type="App::PropertyEnumeration">
      <Integer value="0"/>
    </Property>
    <Property name="InvalidShape" type="App::PropertyBool" status="67108864">
      <Bool value="false"/>
    </Property>
    <Property name="Label" type="App::PropertyString" status="134217728">
      <String value="Pad"/>
    </Property>
    <Property name="Label2" type="App::PropertyString" status="128">
      <String value=""/>
    </Property>
    <Property name="Length" type="App::PropertyLength">
      <Float value="2.5"/>
    </Property>
    <Property name="Length2" type="App::PropertyLength" status="4">
      <Float value="10"/>
    </Property>
    <Property name="Linearize" type="App::PropertyBool">
      <Bool value="true"/>
    </Property>
    <Property name="Midplane" type="App::PropertyBool">
      <Bool value="false"/>
    </Property>
    <Property name="NewSolid" type="App::PropertyBool">
      <Bool value="false"/>
    </Property>
    <Property name="Offset" type="App::PropertyLength" status="4">
      <Float value="0"/>
    </Property>
    <Property name="Placement" type="App::PropertyPlacement" status="8388620">
      <PropertyPlacement Px="0" Py="0" Pz="0" Q0="0" Q1="0" Q2="0" Q3="1" A="0" Ox="0" Oy="0" Oz="1"/>
    </Property>
    <Property name="Profile" type="App::PropertyLinkSub">
      <LinkSub value="Sketch001" count="1">
        <Sub value=""/>
      </LinkSub>
    </Property>
    <Property name="ReferenceAxis" type="App::PropertyLinkSub">
      <LinkSub value="Sketch001" count="1">
        <Sub value="N_Axis"/>
      </LinkSub>
    </Property>
    <Property name="Refine" type="App::PropertyBool">
      <Bool value="false"/>
    </Property>
    <Property name="Reversed" type="App::PropertyBool">
      <Bool value="false"/>
    </Property>
    <Property name="Shape" type="Part::PropertyPartShape">
      <Part HasherIndex="0" ElementMap="1.15.70200.4" brep="1">
<![CDATA[

CASCADE Topology V1, (c) Matra-Datavision
Locations 5
1
              1               0               0               0 
              0               1               0               0 
              0               0               1               0 
1
2.22044604925031e-16 -3.33066907387547e-16               1               0 
              1 3.33066907387547e-16 -2.22044604925031e-16               0 
-3.33066907387547e-16               1 3.33066907387547e-16               0 
2  1 1 2 1 0
1
              1               0               0             2.5 
              0               1               0 -8.32667268468867e-16 
              0               0               1 9.71445146547012e-16 
2  1 1 2 1 4 1 0
Curve2ds 0
Curves 24
1 -1.3750447928345122e-14 -39.646113199843299 14.853599310952813 1 -3.3306690738754696e-16 3.8857805861880479e-16 
1 -6.6161424688978917e-15 -19.828897227476201 6.6450396867216428 1 -3.3306690738754696e-16 3.8857805861880479e-16 
1 -39.646113199843306 14.8535993109528 0 0.92387953251128696 -0.38268343236508928 0 
1 -1.2859484299779821e-14 -41.176846929303657 11.158081180907669 1 -3.3306690738754696e-16 3.8857805861880479e-16 
1 -39.646113199843306 14.8535993109528 0 -0.38268343236508973 -0.92387953251128685 0 
1 -5.550027486992241e-15 -20.873106765236621 2.7479966380517711 1 -3.3306690738754696e-16 3.8857805861880479e-16 
1 -20.873106765236621 2.747996638051764 0 -0.92387953251128685 0.38268343236508945 0 
1 -1.9942027135973373e-15 -7.5 0.9873937319054692 1 -3.3306690738754696e-16 3.8857805861880479e-16 
1 -20.873106765236621 2.747996638051764 0 0.99144486137381038 -0.1305261922200513 0 
1 -1.8488927466117461e-32 1.848892746611747e-32 5.5511151231257827e-17 1 -3.3306690738754696e-16 3.8857805861880479e-16 
1 -7.5 0.98739373190546664 0 0.99144486137381049 -0.1305261922200513 0 
1 1.3364663602781315e-15 7.5 0.98739373190546653 1 -3.3306690738754696e-16 3.8857805861880479e-16 
1 7.5 0.98739373190546897 0 -0.99144486137381038 -0.1305261922200516 0 
1 3.7194940034976894e-15 20.873106765236649 2.7479966380517666 1 -3.3306690738754696e-16 3.8857805861880479e-16 
1 20.873106765236649 2.7479966380517742 0 -0.99144486137381049 -0.1305261922200516 0 
1 5.4267091171716224e-15 41.1768469293037 11.158081180907654 1 -3.3306690738754696e-16 3.8857805861880479e-16 
1 41.176846929303693 11.158081180907669 0 -0.92387953251128685 -0.38268343236508962 0 
1 3.8559631561994282e-15 39.646113199843342 14.853599310952807 1 -3.3306690738754696e-16 3.8857805861880479e-16 
1 39.646113199843334 14.85359931095282 0 0.38268343236508928 -0.92387953251128707 0 
1 2.1896568330501133e-15 19.828897227476219 6.6450396867216375 1 -3.3306690738754696e-16 3.8857805861880479e-16 
1 39.646113199843334 14.85359931095282 0 -0.92387953251128685 -0.3826834323650895 0 
1 -1.343763714407788e-15 8.0051018621587292e-15 4.0345158423206104 1 -3.3306690738754696e-16 3.8857805861880479e-16 
1 6.2172489379008766e-15 4.0345158423206104 0 0.99144486137381038 0.13052619222005166 0 
1 -19.828897227476205 6.6450396867216357 0 0.9914448613738106 -0.13052619222005127 0 
Polygon3D 0
PolygonOnTriangulations 0
Surfaces 13
1 -1.3750447928345122e-14 -39.646113199843299 14.853599310952813 -2.3154012781459289e-16 0.38268343236508962 0.92387953251128685 3.3260165312108318e-16 0.92387953251128685 -0.38268343236508962 -1 2.1867728895564754e-16 -3.4119632726962873e-16 
1 -1.3750447928345122e-14 -39.646113199843299 14.853599310952813 4.5641608390619431e-16 0.92387953251128674 -0.38268343236509006 2.2274090714132564e-16 -0.38268343236509006 -0.92387953251128674 -1 3.3643422335693063e-16 -3.8044863873672312e-16 
1 -5.550027486992241e-15 -20.873106765236621 2.7479966380517711 2.3154012781459279e-16 -0.38268343236508978 -0.92387953251128674 -3.3260165312108313e-16 -0.92387953251128674 0.38268343236508978 -1 2.1867728895564749e-16 -3.4119632726962863e-16 
1 -5.550027486992241e-15 -20.873106765236621 2.7479966380517711 -3.4177976428442023e-16 0.13052619222005163 0.99144486137381038 2.6361893772450511e-16 0.99144486137381038 -0.13052619222005163 -1 2.1675242995787094e-16 -3.7326496715961517e-16 
1 -1.9942027135973373e-15 -7.5 0.9873937319054692 -3.4177976428442023e-16 0.13052619222005163 0.99144486137381049 2.6361893772450516e-16 0.99144486137381049 -0.13052619222005163 -1 2.1675242995787099e-16 -3.7326496715961512e-16 
1 1.3364663602781317e-15 7.5 0.98739373190546642 4.2872767463603027e-16 0.1305261922200513 -0.99144486137381049 -1.7667102737289516e-16 -0.99144486137381049 -0.1305261922200513 -1 2.3111977311208683e-16 -4.019996534680467e-16 
1 3.7194940034976894e-15 20.873106765236649 2.7479966380517671 4.2872767463603027e-16 0.13052619222005127 -0.99144486137381049 -1.7667102737289516e-16 -0.99144486137381049 -0.13052619222005127 -1 2.3111977311208683e-16 -4.019996534680467e-16 
1 5.4267091171716224e-15 41.1768469293037 11.158081180907654 4.8645850246717658e-16 0.38268343236508928 -0.92387953251128696 -7.7683278468499437e-17 -0.92387953251128696 -0.38268343236508928 -1 2.5792960042274179e-16 -4.1970095020381742e-16 
1 3.8559631561994282e-15 39.646113199843342 14.853599310952807 1.5901131347818013e-16 0.92387953251128718 0.38268343236508895 3.9268649024304826e-16 0.38268343236508895 -0.92387953251128718 -1 2.9718191188983653e-16 -3.0194401580253448e-16 
1 3.8559631561994282e-15 39.646113199843342 14.853599310952807 4.8645850246717658e-16 0.38268343236508917 -0.92387953251128696 -7.7683278468499437e-17 -0.92387953251128696 -0.38268343236508917 -1 2.5792960042274169e-16 -4.1970095020381742e-16 
1 -1.3437637144077882e-15 7.5610126523086666e-15 4.0345158423206104 -4.2872767463603032e-16 -0.13052619222005135 0.99144486137381049 1.7667102737289506e-16 0.99144486137381049 0.13052619222005135 -1 2.3111977311208673e-16 -4.0199965346804665e-16 
1 -6.6161424688978917e-15 -19.828897227476201 6.6450396867216419 -3.4177976428442023e-16 0.13052619222005157 0.99144486137381038 2.6361893772450511e-16 0.99144486137381038 -0.13052619222005157 -1 2.1675242995787096e-16 -3.7326496715961517e-16 
1 -2.1498935477665431e-15 2.0875091021253748e-14 6.4548398537384362 1 0 3.3306690738754691e-16 -3.3306690738754691e-16 0 1 0 -1 0 
Triangulations 0

TShapes 64
Ve
1e-07
-39.6461131998433 14.8535993109528 0
0 0

0101101
*
Ed
 1e-07 1 1 0
1  1 0 0 2.5
0

0101000
+64 3 -64 5 *
Ve
1.00000000444089e-07
-19.8288972274762 6.64503968672164 0
0 0

0101101
*
Ed
 1.00000000444089e-07 1 1 0
1  2 0 0 2.5
0

0101000
+62 3 -62 5 *
Ed
 1e-07 1 1 0
1  3 0 0 21.45
0

0101000
+64 0 -62 0 *
Wi

0101100
+63 0 -61 0 -60 3 +60 5 *
Fa
0  1e-07 1 0

0111000
+59 0 *
Ve
1e-07
-41.1768469293037 11.1580811809077 0
0 0

0101101
*
Ed
 1e-07 1 1 0
1  4 0 0 2.5
0

0101000
+57 3 -57 5 *
Ed
 1e-07 1 1 0
1  5 0 0 4
0

0101000
+64 0 -57 0 *
Wi

0101100
+63 0 -56 0 -55 3 +55 5 *
Fa
0  1e-07 2 0

0111000
+54 0 *
Ve
1e-07
-20.8731067652366 2.74799663805176 0
0 0

0101101
*
Ed
 1e-07 1 1 0
1  6 0 0 2.5
0

0101000
+52 3 -52 5 *
Ed
 1e-07 1 1 0
1  7 0 0 21.9766099903496
0

0101000
+52 0 -57 0 *
Wi

0101100
+51 0 -56 0 -50 3 +50 5 *
Fa
0  1e-07 3 0

0111000
+49 0 *
Ve
1e-07
-7.5 0.987393731905467 0
0 0

0101101
*
Ed
 1e-07 1 1 0
1  8 0 0 2.5
4 C2 4 0 5 0
0

0101000
+47 3 -47 5 *
Ed
 1e-07 1 1 0
1  9 0 0 13.488502776348
0

0101000
+52 0 -47 0 *
Wi

0101100
+51 0 -46 0 -45 3 +45 5 *
Fa
0  1e-07 4 0

0111000
+44 0 *
Ve
1.00000000055511e-07
0 5.55111512312578e-17 0
0 0

0101101
*
Ed
 1.00000000055511e-07 1 1 0
1  10 0 0 2.5
0

0101000
+42 3 -42 5 *
Ed
 1e-07 1 1 0
1  11 0 0 7.56471720435114
0

0101000
+47 0 -42 0 *
Wi

0101100
+46 0 -41 0 -40 3 +40 5 *
Fa
0  1e-07 5 0

0111000
+39 0 *
Ve
1.00000000055511e-07
7.5 0.987393731905469 0
0 0

0101101
*
Ed
 1.00000000055511e-07 1 1 0
1  12 0 0 2.5
4 C2 6 0 7 0
0

0101000
+37 3 -37 5 *
Ed
 1e-07 1 1 0
1  13 0 0 7.56471720435115
0

0101000
+37 0 -42 0 *
Wi

0101100
+36 0 -41 0 -35 3 +35 5 *
Fa
0  1e-07 6 0

0111000
+34 0 *
Ve
1.00000000222045e-07
20.8731067652366 2.74799663805177 0
0 0

0101101
*
Ed
 1.00000000222045e-07 1 1 0
1  14 0 0 2.5
0

0101000
+32 3 -32 5 *
Ed
 1e-07 1 1 0
1  15 0 0 13.488502776348
0

0101000
+32 0 -37 0 *
Wi

0101100
+31 0 -36 0 -30 3 +30 5 *
Fa
0  1e-07 7 0

0111000
+29 0 *
Ve
1e-07
41.1768469293037 11.1580811809077 0
0 0

0101101
*
Ed
 1e-07 1 1 0
1  16 0 0 2.5
0

0101000
+27 3 -27 5 *
Ed
 1e-07 1 1 0
1  17 0 0 21.9766099903496
0

0101000
+27 0 -32 0 *
Wi

0101100
+26 0 -31 0 -25 3 +25 5 *
Fa
0  1e-07 8 0

0111000
+24 0 *
Ve
1e-07
39.6461131998433 14.8535993109528 0
0 0

0101101
*
Ed
 1e-07 1 1 0
1  18 0 0 2.5
0

0101000
+22 3 -22 5 *
Ed
 1e-07 1 1 0
1  19 0 0 4
0

0101000
+22 0 -27 0 *
Wi

0101100
+21 0 -26 0 -20 3 +20 5 *
Fa
0  1e-07 9 0

0111000
+19 0 *
Ve
1e-07
19.8288972274762 6.64503968672164 0
0 0

0101101
*
Ed
 1e-07 1 1 0
1  20 0 0 2.5
0

0101000
+17 3 -17 5 *
Ed
 1e-07 1 1 0
1  21 0 0 21.45
0

0101000
+22 0 -17 0 *
Wi

0101100
+21 0 -16 0 -15 3 +15 5 *
Fa
0  1e-07 10 0

0111000
+14 0 *
Ve
1.00000000444089e-07
6.66133814775094e-15 4.03451584232061 0
0 0

0101101
*
Ed
 1.00000000444089e-07 1 1 0
1  22 0 0 2.5
0

0101000
+12 3 -12 5 *
Ed
 1e-07 1 1 0
1  23 0 0 20
0

0101000
+12 0 -17 0 *
Wi

0101100
+11 0 -16 0 -10 3 +10 5 *
Fa
0  1e-07 11 0

0111000
+9 0 *
Ed
 1e-07 1 1 0
1  24 0 0 20
0

0101000
+62 0 -12 0 *
Wi

0101100
+61 0 -11 0 -7 3 +7 5 *
Fa
0  1e-07 12 0

0111000
+6 0 *
Wi

0101100
-60 0 +55 0 -50 0 +45 0 +40 0 -35 0 -30 0 -25 0 -20 0 +15 0 
-10 0 -7 0 *
Fa
0  1e-07 13 0

0111000
+4 3 *
Sh

0101100
-58 0 +53 0 -48 0 +43 0 +38 0 -33 0 -28 0 -23 0 -18 0 +13 0 
-8 0 -5 0 +3 0 -3 4 *
So

1100000
-2 0 *

+1 0 ]]>
      </Part>
      <ElementMap new="1" count="1"><Element key="Dummy" value="Dummy"/></ElementMap>
      <ElementMap2 count="86">
<![CDATA[
6 PostfixCount 11
Edge
Face
Vertex
;:G;XTR;:Heda:7,E
;:G;XTR;:Heda:7,F
;:U;XTR;:Heda:7,E
;:U;XTR;:Heda:7,V
;FAC;:Heda:4,F
;:G0;XTR;:Heda:8,F
;SKT;:Heda,E
;SKT;:Heda,V

MapCount 1

ElementMap 1 6 3

Edge

ChildCount 0

NameCount 37
0
$#cc3.4 0
$#cc4.4 0
;g66.a 0
$#cdd.6 0
$#cc5.4 0
;g57.a 0
$#cde.6 0
$#cc6.4 0
;g58.a 0
$#cdf.6 0
$#cc7.4 0
;g67.a 0
$#ce0.6 0
$#1090.4 0
;g68.a 0
$#1093.6 0
$#cca.4 0
;g59.a 0
$#1094.6 0
$#ccb.4 0
;g69.a 0
$#ce4.6 0
$#ccc.4 0
;g61.a 0
$#ce5.6 0
$#ccd.4 0
;g62.a 0
$#ce6.6 0
$#cce.4 0
;g63.a 0
$#ce7.6 0
$#ccf.4 0
;g64.a 0
$#ce8.6 0
;g65.a 0
$#ce9.6 0

Face

ChildCount 0

NameCount 15
0
$#cd0.5 0
$#cc1.5 0
$#cd1.5 0
$#cd2.5 0
$#1091.5 0
$#1092.5 0
$#cd6.5 0
$#cd7.5 0
$#cd8.5 0
$#cd9.5 0
$#cda.5 0
$#cdb.5 0
$#cc1.8 0
$#cdc.9 0

Vertex

ChildCount 0

NameCount 25
0
;g57v1.b ;g66v1.b 0
$#cea.7 0
;g66v2.b ;g65v1.b 0
$#ceb.7 0
;g57v2.b ;g58v2.b 0
$#cec.7 0
;g58v1.b ;g67v1.b 0
$#ced.7 0
;g67v2.b ;g68v1.b 0
$#cee.7 0
;g68v2.b ;g59v2.b 0
$#1095.7 0
;g69v2.b ;g59v1.b 0
$#cf1.7 0
;g61v2.b ;g69v1.b 0
$#cf2.7 0
;g62v2.b ;g61v1.b 0
$#cf3.7 0
;g63v1.b ;g62v1.b 0
$#cf4.7 0
;g64v2.b ;g63v2.b 0
$#cf5.7 0
;g65v2.b ;g64v1.b 0
$#cf6.7 0

EndMap
]]>
      </ElementMap2>
    </Property>
    <Property name="Suppress" type="App::PropertyBool">
      <Bool value="false"/>
    </Property>
    <Property name="SuppressedShape" type="Part::PropertyPartShape">
      <Part ElementMap="0.15.70200.4" brep="1">
<![CDATA[

CASCADE Topology V1, (c) Matra-Datavision
Locations 0
Curve2ds 0
Curves 0
Polygon3D 0
PolygonOnTriangulations 0
Surfaces 0
Triangulations 0

TShapes 0

*]]>
      </Part>
      <ElementMap/>
    </Property>
    <Property name="TaperAngle" type="App::PropertyAngle">
      <Float value="0"/>
    </Property>
    <Property name="TaperAngle2" type="App::PropertyAngle" status="4">
      <Float value="0"/>
    </Property>
    <Property name="TaperAngleRev" type="App::PropertyAngle" status="4">
      <Float value="0"/>
    </Property>
    <Property name="TaperInnerAngle" type="App::PropertyAngle">
      <Float value="0"/>
    </Property>
    <Property name="TaperInnerAngleRev" type="App::PropertyAngle">
      <Float value="0"/>
    </Property>
    <Property name="TreeRank" type="App::PropertyInteger" status="2184">
      <Integer value="15"/>
    </Property>
    <Property name="Type" type="App::PropertyEnumeration">
      <Integer value="0"/>
    </Property>
    <Property name="UpToFace" type="App::PropertyLinkSub" status="4">
      <LinkSub value="" count="0">
      </LinkSub>
    </Property>
    <Property name="UseCustomVector" type="App::PropertyBool">
      <Bool value="false"/>
    </Property>
    <Property name="UsePipeForDraft" type="App::PropertyBool">
      <Bool value="false"/>
    </Property>
    <Property name="ValidateShape" type="App::PropertyBool">
      <Bool value="true"/>
    </Property>
    <Property name="Visibility" type="App::PropertyBool" status="648">
      <Bool value="false"/>
    </Property>
    <Property name="_ProfileBasedVersion" type="App::PropertyInteger" status="67108864">
      <Integer value="1"/>
    </Property>
    <Property name="_Siblings" type="App::PropertyLinkList" status="218103808">
      <LinkList count="0">
      </LinkList>
    </Property>
  </Properties>
</Object>
</Document>
