<?xml version='1.0' encoding='utf-8'?>
<!-- FreeCAD DocumentObject -->
<Document SchemaVersion="4" FileVersion="2">
<Object name="Pad">
  <Properties Count="47" TransientCount="2">
    <_Property name="_Body" type="App::PropertyLinkHidden" status="251658241"/>
    <_Property name="_ElementMapVersion" type="App::PropertyString" status="234881024"/>
    <Property name="AddSubShape" type="Part::PropertyPartShape">
      <Part HasherIndex="0" ElementMap="1.15.70200.4" brep="1">
<![CDATA[

CASCADE Topology V1, (c) Matra-Datavision
Locations 5
1
              1               0               0               0 
              0               1               0               0 
              0               0               1               0 
1
4.44089209850063e-16 -3.33066907387547e-16               1               0 
              1 3.33066907387547e-16 -4.44089209850063e-16               0 
-3.33066907387547e-16               1 3.33066907387547e-16               0 
2  1 1 2 1 0
1
              1               0               0            2.45 
              0               1               0 -8.1601392309949e-16 
              0               0               1 8.1601392309949e-16 
2  1 1 2 1 4 1 0
Curve2ds 0
Curves 24
1 -2.2553653470617403e-14 -39.646113199843292 14.853599310952813 1 -3.3306690738754681e-16 3.3306690738754681e-16 
1 -1.1019042119871897e-14 -19.828897227476197 6.6450396867216464 1 -3.3306690738754681e-16 3.3306690738754681e-16 
1 -39.646113199843313 14.8535993109528 0 0.92387953251128707 -0.38268343236508917 0 
1 -2.2002581008255578e-14 -41.176846929303693 11.158081180907715 1 -3.3306690738754681e-16 3.3306690738754681e-16 
1 -39.646113199843313 14.8535993109528 0 -0.3826834323650864 -0.92387953251128818 0 
1 -1.0184788232237195e-14 -20.873106765236599 2.7479966380517671 1 -3.3306690738754681e-16 3.3306690738754681e-16 
1 -20.873106765236621 2.747996638051764 0 -0.92387953251128696 0.38268343236508945 0 
1 -3.6595372505350733e-15 -7.5 0.98739373190546953 1 -3.3306690738754681e-16 3.3306690738754681e-16 
1 -20.873106765236621 2.747996638051764 0 0.99144486137381049 -0.13052619222005132 0 
1 -1.8488927466117464e-32 1.848892746611747e-32 5.5511151231257802e-17 1 -3.3306690738754681e-16 3.3306690738754681e-16 
1 -7.5 0.98739373190546664 0 0.99144486137381049 -0.1305261922200513 0 
1 3.0018008972158671e-15 7.5 0.98739373190546642 1 -3.3306690738754681e-16 3.3306690738754681e-16 
1 7.5 0.98739373190546897 0 -0.99144486137381038 -0.1305261922200516 0 
1 8.3542547487426405e-15 20.873106765236599 2.7479966380517631 1 -3.3306690738754681e-16 3.3306690738754681e-16 
1 20.873106765236649 2.7479966380517742 0 -0.99144486137381049 -0.1305261922200516 0 
1 1.4569805825647343e-14 41.176846929303707 11.158081180907686 1 -3.3306690738754681e-16 3.3306690738754681e-16 
1 41.176846929303693 11.15808118090767 0 -0.92387953251128685 -0.38268343236508967 0 
1 1.2659168698471702e-14 39.646113199843306 14.853599310952788 1 -3.3306690738754681e-16 3.3306690738754681e-16 
1 39.646113199843327 14.85359931095282 0 0.38268343236509095 -0.92387953251128641 0 
1 6.5925564840241134e-15 19.828897227476205 6.6450396867216339 1 -3.3306690738754681e-16 3.3306690738754681e-16 
1 39.646113199843327 14.85359931095282 0 -0.92387953251128685 -0.38268343236508967 0 
1 -1.3437637144077872e-15 8.0051018621587308e-15 4.0345158423206096 1 -3.3306690738754681e-16 3.3306690738754681e-16 
1 6.2172489379008766e-15 4.0345158423206096 0 0.99144486137381038 0.13052619222005168 0 
1 -19.828897227476201 6.6450396867216357 0 0.99144486137381049 -0.13052619222005132 0 
Polygon3D 0
PolygonOnTriangulations 0
Surfaces 13
1 -2.2553653470617409e-14 -39.646113199843306 14.853599310952813 -1.8025451136589505e-16 0.3826834323650895 0.92387953251128696 5.3774411891587456e-16 0.92387953251128696 -0.3826834323650895 -1 4.2783037008589924e-16 -3.7231921885464121e-16 
1 -2.2553653470617409e-14 -39.646113199843306 14.853599310952813 4.351728860184781e-16 0.92387953251128807 -0.38268343236508673 1.3776811559046642e-16 -0.38268343236508673 -0.92387953251128807 -1 3.493257471517099e-16 -2.9381459592045306e-16 
1 -1.0184788232237206e-14 -20.873106765236621 2.7479966380517711 1.802545113658949e-16 -0.38268343236508978 -0.92387953251128685 -5.3774411891587466e-16 -0.92387953251128685 0.38268343236508978 -1 4.2783037008589924e-16 -3.7231921885464126e-16 
1 -1.0184788232237206e-14 -20.873106765236621 2.7479966380517711 -2.8674351864724506e-16 0.13052619222005166 0.99144486137381049 4.8376392027320549e-16 0.99144486137381049 -0.13052619222005166 -1 4.4219771324011496e-16 -3.4743425054176258e-16 
1 -3.6595372505350733e-15 -7.5 0.9873937319054692 -2.8674351864724506e-16 0.13052619222005163 0.99144486137381049 4.8376392027320549e-16 0.99144486137381049 -0.13052619222005163 -1 4.4219771324011496e-16 -3.4743425054176258e-16 
1 3.0018008972158671e-15 7.5 0.98739373190546642 3.736914289988551e-16 0.1305261922200513 -0.99144486137381049 -3.9681600992159535e-16 -0.99144486137381049 -0.1305261922200513 -1 4.4219771324011491e-16 -3.1869956423333109e-16 
1 8.354254748742661e-15 20.873106765236649 2.7479966380517671 3.7369142899885505e-16 0.13052619222005127 -0.99144486137381049 -3.9681600992159549e-16 -0.99144486137381049 -0.13052619222005127 -1 4.4219771324011505e-16 -3.1869956423333105e-16 
1 1.4569805825647349e-14 41.1768469293037 11.158081180907656 4.351728860184786e-16 0.38268343236508934 -0.92387953251128696 -2.8282574426329077e-16 -0.92387953251128696 -0.38268343236508934 -1 4.2783037008589904e-16 -2.9381459592045247e-16 
1 1.2659168698471708e-14 39.646113199843334 14.853599310952807 1.8025451136589454e-16 0.92387953251128652 0.38268343236509061 4.7765928179391011e-16 0.38268343236509061 -0.92387953251128652 -1 3.4932574715171049e-16 -3.723192188546417e-16 
1 1.2659168698471708e-14 39.646113199843334 14.853599310952807 4.351728860184786e-16 0.38268343236508934 -0.92387953251128696 -2.8282574426329077e-16 -0.92387953251128696 -0.38268343236508934 -1 4.2783037008589904e-16 -2.9381459592045247e-16 
1 -1.3437637144077874e-15 7.5610126523086666e-15 4.0345158423206096 -3.736914289988551e-16 -0.13052619222005138 0.99144486137381049 3.968160099215952e-16 0.99144486137381049 0.13052619222005138 -1 4.4219771324011471e-16 -3.1869956423333105e-16 
1 -1.1019042119871894e-14 -19.828897227476197 6.6450396867216419 -2.8674351864724506e-16 0.13052619222005166 0.99144486137381049 4.8376392027320549e-16 0.99144486137381049 -0.13052619222005166 -1 4.4219771324011496e-16 -3.4743425054176258e-16 
1 -2.1498935477665463e-15 1.0475513590890125e-14 6.4548398537384388 1 -4.4408920985006271e-16 3.3306690738754726e-16 4.4408920985006271e-16 1 0 -3.3306690738754726e-16 1.4791141972893989e-31 1 
Triangulations 0

TShapes 64
Ve
1e-07
-39.6461131998433 14.8535993109528 0
0 0

0101101
*
Ed
 1e-07 1 1 0
1  1 0 0 2.45
0

0101000
+64 3 -64 5 *
Ve
1.00000000444089e-07
-19.8288972274762 6.64503968672164 0
0 0

0101101
*
Ed
 1.00000000444089e-07 1 1 0
1  2 0 0 2.45
0

0101000
+62 3 -62 5 *
Ed
 1e-07 1 1 0
1  3 0 0 21.45
0

0101000
+64 0 -62 0 *
Wi

0101100
+63 0 -61 0 -60 3 +60 5 *
Fa
0  1e-07 1 0

0111000
+59 0 *
Ve
1e-07
-41.1768469293037 11.1580811809077 0
0 0

0101101
*
Ed
 1e-07 1 1 0
1  4 0 0 2.45
0

0101000
+57 3 -57 5 *
Ed
 1e-07 1 1 0
1  5 0 0 4
0

0101000
+64 0 -57 0 *
Wi

0101100
+63 0 -56 0 -55 3 +55 5 *
Fa
0  1e-07 2 0

0111000
+54 0 *
Ve
1e-07
-20.8731067652366 2.74799663805176 0
0 0

0101101
*
Ed
 1e-07 1 1 0
1  6 0 0 2.45
0

0101000
+52 3 -52 5 *
Ed
 1e-07 1 1 0
1  7 0 0 21.9766099903496
0

0101000
+52 0 -57 0 *
Wi

0101100
+51 0 -56 0 -50 3 +50 5 *
Fa
0  1e-07 3 0

0111000
+49 0 *
Ve
1e-07
-7.5 0.987393731905467 0
0 0

0101101
*
Ed
 1e-07 1 1 0
1  8 0 0 2.45
4 C2 4 0 5 0
0

0101000
+47 3 -47 5 *
Ed
 1e-07 1 1 0
1  9 0 0 13.488502776348
0

0101000
+52 0 -47 0 *
Wi

0101100
+51 0 -46 0 -45 3 +45 5 *
Fa
0  1e-07 4 0

0111000
+44 0 *
Ve
1.00000000055511e-07
0 5.55111512312578e-17 0
0 0

0101101
*
Ed
 1.00000000055511e-07 1 1 0
1  10 0 0 2.45
0

0101000
+42 3 -42 5 *
Ed
 1e-07 1 1 0
1  11 0 0 7.56471720435114
0

0101000
+47 0 -42 0 *
Wi

0101100
+46 0 -41 0 -40 3 +40 5 *
Fa
0  1e-07 5 0

0111000
+39 0 *
Ve
1.00000000055511e-07
7.5 0.987393731905469 0
0 0

0101101
*
Ed
 1.00000000055511e-07 1 1 0
1  12 0 0 2.45
4 C2 6 0 7 0
0

0101000
+37 3 -37 5 *
Ed
 1e-07 1 1 0
1  13 0 0 7.56471720435115
0

0101000
+37 0 -42 0 *
Wi

0101100
+36 0 -41 0 -35 3 +35 5 *
Fa
0  1e-07 6 0

0111000
+34 0 *
Ve
1.00000000222045e-07
20.8731067652366 2.74799663805177 0
0 0

0101101
*
Ed
 1.00000000222045e-07 1 1 0
1  14 0 0 2.45
0

0101000
+32 3 -32 5 *
Ed
 1e-07 1 1 0
1  15 0 0 13.488502776348
0

0101000
+32 0 -37 0 *
Wi

0101100
+31 0 -36 0 -30 3 +30 5 *
Fa
0  1e-07 7 0

0111000
+29 0 *
Ve
1e-07
41.1768469293037 11.1580811809077 0
0 0

0101101
*
Ed
 1e-07 1 1 0
1  16 0 0 2.45
0

0101000
+27 3 -27 5 *
Ed
 1e-07 1 1 0
1  17 0 0 21.9766099903496
0

0101000
+27 0 -32 0 *
Wi

0101100
+26 0 -31 0 -25 3 +25 5 *
Fa
0  1e-07 8 0

0111000
+24 0 *
Ve
1e-07
39.6461131998433 14.8535993109528 0
0 0

0101101
*
Ed
 1e-07 1 1 0
1  18 0 0 2.45
0

0101000
+22 3 -22 5 *
Ed
 1e-07 1 1 0
1  19 0 0 4
0

0101000
+22 0 -27 0 *
Wi

0101100
+21 0 -26 0 -20 3 +20 5 *
Fa
0  1e-07 9 0

0111000
+19 0 *
Ve
1e-07
19.8288972274762 6.64503968672164 0
0 0

0101101
*
Ed
 1e-07 1 1 0
1  20 0 0 2.45
0

0101000
+17 3 -17 5 *
Ed
 1e-07 1 1 0
1  21 0 0 21.45
0

0101000
+22 0 -17 0 *
Wi

0101100
+21 0 -16 0 -15 3 +15 5 *
Fa
0  1e-07 10 0

0111000
+14 0 *
Ve
1.00000000444089e-07
6.66133814775094e-15 4.03451584232061 0
0 0

0101101
*
Ed
 1.00000000444089e-07 1 1 0
1  22 0 0 2.45
0

0101000
+12 3 -12 5 *
Ed
 1e-07 1 1 0
1  23 0 0 20
0

0101000
+12 0 -17 0 *
Wi

0101100
+11 0 -16 0 -10 3 +10 5 *
Fa
0  1e-07 11 0

0111000
+9 0 *
Ed
 1e-07 1 1 0
1  24 0 0 20
0

0101000
+62 0 -12 0 *
Wi

0101100
+61 0 -11 0 -7 3 +7 5 *
Fa
0  1e-07 12 0

0111000
+6 0 *
Wi

0101100
-60 0 +55 0 -50 0 +45 0 +40 0 -35 0 -30 0 -25 0 -20 0 +15 0 
-10 0 -7 0 *
Fa
0  1e-07 13 0

0111000
+4 3 *
Sh

0101100
-58 0 +53 0 -48 0 +43 0 +38 0 -33 0 -28 0 -23 0 -18 0 +13 0 
-8 0 -5 0 +3 0 -3 4 *
So

1100000
-2 0 *

+1 0 ]]>
      </Part>
      <ElementMap new="1" count="1"><Element key="Dummy" value="Dummy"/></ElementMap>
      <ElementMap2 count="86">
<![CDATA[
6 PostfixCount 11
Edge
Face
Vertex
;:G;XTR;:Heda:7,E
;:G;XTR;:Heda:7,F
;:U;XTR;:Heda:7,E
;:U;XTR;:Heda:7,V
;FAC;:Heda:4,F
;:G0;XTR;:Heda:8,F
;SKT;:Heda,E
;SKT;:Heda,V

MapCount 1

ElementMap 1 6 3

Edge

ChildCount 0

NameCount 37
0
$#cc3.4 0
$#cc4.4 0
;g66.a 0
$#cdd.6 0
$#cc5.4 0
;g57.a 0
$#cde.6 0
$#cc6.4 0
;g58.a 0
$#cdf.6 0
$#cc7.4 0
;g67.a 0
$#ce0.6 0
$#1090.4 0
;g68.a 0
$#1093.6 0
$#cca.4 0
;g59.a 0
$#1094.6 0
$#ccb.4 0
;g69.a 0
$#ce4.6 0
$#ccc.4 0
;g61.a 0
$#ce5.6 0
$#ccd.4 0
;g62.a 0
$#ce6.6 0
$#cce.4 0
;g63.a 0
$#ce7.6 0
$#ccf.4 0
;g64.a 0
$#ce8.6 0
;g65.a 0
$#ce9.6 0

Face

ChildCount 0

NameCount 15
0
$#cd0.5 0
$#cc1.5 0
$#cd1.5 0
$#cd2.5 0
$#1091.5 0
$#1092.5 0
$#cd6.5 0
$#cd7.5 0
$#cd8.5 0
$#cd9.5 0
$#cda.5 0
$#cdb.5 0
$#cc1.8 0
$#cdc.9 0

Vertex

ChildCount 0

NameCount 25
0
;g57v1.b ;g66v1.b 0
$#cea.7 0
;g66v2.b ;g65v1.b 0
$#ceb.7 0
;g57v2.b ;g58v2.b 0
$#cec.7 0
;g58v1.b ;g67v1.b 0
$#ced.7 0
;g67v2.b ;g68v1.b 0
$#cee.7 0
;g68v2.b ;g59v2.b 0
$#1095.7 0
;g69v2.b ;g59v1.b 0
$#cf1.7 0
;g61v2.b ;g69v1.b 0
$#cf2.7 0
;g62v2.b ;g61v1.b 0
$#cf3.7 0
;g63v1.b ;g62v1.b 0
$#cf4.7 0
;g64v2.b ;g63v2.b 0
$#cf5.7 0
;g65v2.b ;g64v1.b 0
$#cf6.7 0

EndMap
]]>
      </ElementMap2>
    </Property>
    <Property name="AddSubType" type="App::PropertyEnumeration">
      <Integer value="0"/>
    </Property>
    <Property name="AllowMultiFace" type="App::PropertyBool">
      <Bool value="true"/>
    </Property>
    <Property name="AlongSketchNormal" type="App::PropertyBool">
      <Bool value="false"/>
    </Property>
    <Property name="AutoTaperInnerAngle" type="App::PropertyBool">
      <Bool value="true"/>
    </Property>
    <Property name="BaseFeature" type="App::PropertyLink" status="8">
      <Link value=""/>
    </Property>
    <Property name="CheckUpToFaceLimits" type="App::PropertyBool">
      <Bool value="true"/>
    </Property>
    <Property name="ClaimChildren" type="App::PropertyBool" status="134217728">
      <Bool value="false"/>
    </Property>
    <Property name="ColoredElements" type="App::PropertyLinkSubHidden" status="218103808">
      <LinkSub value="" count="0">
      </LinkSub>
    </Property>
    <Property name="Direction" type="App::PropertyVector" status="4">
      <PropertyVector valueX="1" valueY="-3.33066907387547e-16" valueZ="3.33066907387547e-16"/>
    </Property>
    <Property name="ExpressionEngine" type="App::PropertyExpressionEngine" status="67108864">
      <ExpressionEngine count="0"></ExpressionEngine>
    </Property>
    <Property name="Fit" type="App::PropertyDistance">
      <Float value="0"/>
    </Property>
    <Property name="FitJoin" type="App::PropertyEnumeration">
      <Integer value="0"/>
    </Property>
    <Property name="FixShape" type="App::PropertyEnumeration">
      <Integer value="0"/>
    </Property>
    <Property name="InnerFit" type="App::PropertyDistance">
      <Float value="0"/>
    </Property>
    <Property name="InnerFitJoin" type="App::PropertyEnumeration">
      <Integer value="0"/>
    </Property>
    <Property name="InvalidShape" type="App::PropertyBool" status="67108864">
      <Bool value="false"/>
    </Property>
    <Property name="Label" type="App::PropertyString" status="134217728">
      <String value="Pad"/>
    </Property>
    <Property name="Label2" type="App::PropertyString" status="128">
      <String value=""/>
    </Property>
    <Property name="Length" type="App::PropertyLength">
      <Float value="2.45"/>
    </Property>
    <Property name="Length2" type="App::PropertyLength" status="4">
      <Float value="10"/>
    </Property>
    <Property name="Linearize" type="App::PropertyBool">
      <Bool value="true"/>
    </Property>
    <Property name="Midplane" type="App::PropertyBool">
      <Bool value="false"/>
    </Property>
    <Property name="NewSolid" type="App::PropertyBool">
      <Bool value="false"/>
    </Property>
    <Property name="Offset" type="App::PropertyLength" status="4">
      <Float value="0"/>
    </Property>
    <Property name="Placement" type="App::PropertyPlacement" status="8388620">
      <PropertyPlacement Px="0" Py="0" Pz="0" Q0="0" Q1="0" Q2="0" Q3="1" A="0" Ox="0" Oy="0" Oz="1"/>
    </Property>
    <Property name="Profile" type="App::PropertyLinkSub">
      <LinkSub value="Sketch001" count="1">
        <Sub value=""/>
      </LinkSub>
    </Property>
    <Property name="ReferenceAxis" type="App::PropertyLinkSub">
      <LinkSub value="Sketch001" count="1">
        <Sub value="N_Axis"/>
      </LinkSub>
    </Property>
    <Property name="Refine" type="App::PropertyBool">
      <Bool value="false"/>
    </Property>
    <Property name="Reversed" type="App::PropertyBool">
      <Bool value="false"/>
    </Property>
    <Property name="Shape" type="Part::PropertyPartShape">
      <Part HasherIndex="0" ElementMap="1.15.70200.4" brep="1">
<![CDATA[

CASCADE Topology V1, (c) Matra-Datavision
Locations 6
1
              1               0               0               0 
              0               1               0               0 
              0               0               1               0 
1
              1               0               0               0 
              0               1               0               0 
              0               0               1               0 
1
4.44089209850063e-16 -3.33066907387547e-16               1               0 
              1 3.33066907387547e-16 -4.44089209850063e-16               0 
-3.33066907387547e-16               1 3.33066907387547e-16               0 
2  2 1 3 1 0
1
              1               0               0            2.45 
              0               1               0 -8.1601392309949e-16 
              0               0               1 8.1601392309949e-16 
2  2 1 3 1 5 1 0
Curve2ds 0
Curves 24
1 -2.2553653470617403e-14 -39.646113199843292 14.853599310952813 1 -3.3306690738754681e-16 3.3306690738754681e-16 
1 -1.1019042119871897e-14 -19.828897227476197 6.6450396867216464 1 -3.3306690738754681e-16 3.3306690738754681e-16 
1 -39.646113199843313 14.8535993109528 0 0.92387953251128707 -0.38268343236508917 0 
1 -2.2002581008255578e-14 -41.176846929303693 11.158081180907715 1 -3.3306690738754681e-16 3.3306690738754681e-16 
1 -39.646113199843313 14.8535993109528 0 -0.3826834323650864 -0.92387953251128818 0 
1 -1.0184788232237195e-14 -20.873106765236599 2.7479966380517671 1 -3.3306690738754681e-16 3.3306690738754681e-16 
1 -20.873106765236621 2.747996638051764 0 -0.92387953251128696 0.38268343236508945 0 
1 -3.6595372505350733e-15 -7.5 0.98739373190546953 1 -3.3306690738754681e-16 3.3306690738754681e-16 
1 -20.873106765236621 2.747996638051764 0 0.99144486137381049 -0.13052619222005132 0 
1 -1.8488927466117464e-32 1.848892746611747e-32 5.5511151231257802e-17 1 -3.3306690738754681e-16 3.3306690738754681e-16 
1 -7.5 0.98739373190546664 0 0.99144486137381049 -0.1305261922200513 0 
1 3.0018008972158671e-15 7.5 0.98739373190546642 1 -3.3306690738754681e-16 3.3306690738754681e-16 
1 7.5 0.98739373190546897 0 -0.99144486137381038 -0.1305261922200516 0 
1 8.3542547487426405e-15 20.873106765236599 2.7479966380517631 1 -3.3306690738754681e-16 3.3306690738754681e-16 
1 20.873106765236649 2.7479966380517742 0 -0.99144486137381049 -0.1305261922200516 0 
1 1.4569805825647343e-14 41.176846929303707 11.158081180907686 1 -3.3306690738754681e-16 3.3306690738754681e-16 
1 41.176846929303693 11.15808118090767 0 -0.92387953251128685 -0.38268343236508967 0 
1 1.2659168698471702e-14 39.646113199843306 14.853599310952788 1 -3.3306690738754681e-16 3.3306690738754681e-16 
1 39.646113199843327 14.85359931095282 0 0.38268343236509095 -0.92387953251128641 0 
1 6.5925564840241134e-15 19.828897227476205 6.6450396867216339 1 -3.3306690738754681e-16 3.3306690738754681e-16 
1 39.646113199843327 14.85359931095282 0 -0.92387953251128685 -0.38268343236508967 0 
1 -1.3437637144077872e-15 8.0051018621587308e-15 4.0345158423206096 1 -3.3306690738754681e-16 3.3306690738754681e-16 
1 6.2172489379008766e-15 4.0345158423206096 0 0.99144486137381038 0.13052619222005168 0 
1 -19.828897227476201 6.6450396867216357 0 0.99144486137381049 -0.13052619222005132 0 
Polygon3D 0
PolygonOnTriangulations 0
Surfaces 13
1 -2.2553653470617409e-14 -39.646113199843306 14.853599310952813 -1.8025451136589505e-16 0.3826834323650895 0.92387953251128696 5.3774411891587456e-16 0.92387953251128696 -0.3826834323650895 -1 4.2783037008589924e-16 -3.7231921885464121e-16 
1 -2.2553653470617409e-14 -39.646113199843306 14.853599310952813 4.351728860184781e-16 0.92387953251128807 -0.38268343236508673 1.3776811559046642e-16 -0.38268343236508673 -0.92387953251128807 -1 3.493257471517099e-16 -2.9381459592045306e-16 
1 -1.0184788232237206e-14 -20.873106765236621 2.7479966380517711 1.802545113658949e-16 -0.38268343236508978 -0.92387953251128685 -5.3774411891587466e-16 -0.92387953251128685 0.38268343236508978 -1 4.2783037008589924e-16 -3.7231921885464126e-16 
1 -1.0184788232237206e-14 -20.873106765236621 2.7479966380517711 -2.8674351864724506e-16 0.13052619222005166 0.99144486137381049 4.8376392027320549e-16 0.99144486137381049 -0.13052619222005166 -1 4.4219771324011496e-16 -3.4743425054176258e-16 
1 -3.6595372505350733e-15 -7.5 0.9873937319054692 -2.8674351864724506e-16 0.13052619222005163 0.99144486137381049 4.8376392027320549e-16 0.99144486137381049 -0.13052619222005163 -1 4.4219771324011496e-16 -3.4743425054176258e-16 
1 3.0018008972158671e-15 7.5 0.98739373190546642 3.736914289988551e-16 0.1305261922200513 -0.99144486137381049 -3.9681600992159535e-16 -0.99144486137381049 -0.1305261922200513 -1 4.4219771324011491e-16 -3.1869956423333109e-16 
1 8.354254748742661e-15 20.873106765236649 2.7479966380517671 3.7369142899885505e-16 0.13052619222005127 -0.99144486137381049 -3.9681600992159549e-16 -0.99144486137381049 -0.13052619222005127 -1 4.4219771324011505e-16 -3.1869956423333105e-16 
1 1.4569805825647349e-14 41.1768469293037 11.158081180907656 4.351728860184786e-16 0.38268343236508934 -0.92387953251128696 -2.8282574426329077e-16 -0.92387953251128696 -0.38268343236508934 -1 4.2783037008589904e-16 -2.9381459592045247e-16 
1 1.2659168698471708e-14 39.646113199843334 14.853599310952807 1.8025451136589454e-16 0.92387953251128652 0.38268343236509061 4.7765928179391011e-16 0.38268343236509061 -0.92387953251128652 -1 3.4932574715171049e-16 -3.723192188546417e-16 
1 1.2659168698471708e-14 39.646113199843334 14.853599310952807 4.351728860184786e-16 0.38268343236508934 -0.92387953251128696 -2.8282574426329077e-16 -0.92387953251128696 -0.38268343236508934 -1 4.2783037008589904e-16 -2.9381459592045247e-16 
1 -1.3437637144077874e-15 7.5610126523086666e-15 4.0345158423206096 -3.736914289988551e-16 -0.13052619222005138 0.99144486137381049 3.968160099215952e-16 0.99144486137381049 0.13052619222005138 -1 4.4219771324011471e-16 -3.1869956423333105e-16 
1 -1.1019042119871894e-14 -19.828897227476197 6.6450396867216419 -2.8674351864724506e-16 0.13052619222005166 0.99144486137381049 4.8376392027320549e-16 0.99144486137381049 -0.13052619222005166 -1 4.4219771324011496e-16 -3.4743425054176258e-16 
1 -2.1498935477665463e-15 1.0475513590890125e-14 6.4548398537384388 1 -4.4408920985006271e-16 3.3306690738754726e-16 4.4408920985006271e-16 1 0 -3.3306690738754726e-16 1.4791141972893989e-31 1 
Triangulations 0

TShapes 64
Ve
1e-07
-39.6461131998433 14.8535993109528 0
0 0

0101101
*
Ed
 1e-07 1 1 0
1  1 0 0 2.45
0

0101000
+64 4 -64 6 *
Ve
1.00000000444089e-07
-19.8288972274762 6.64503968672164 0
0 0

0101101
*
Ed
 1.00000000444089e-07 1 1 0
1  2 0 0 2.45
0

0101000
+62 4 -62 6 *
Ed
 1e-07 1 1 0
1  3 0 0 21.45
0

0101000
+64 0 -62 0 *
Wi

0101100
+63 0 -61 0 -60 4 +60 6 *
Fa
0  1e-07 1 0

0101000
+59 0 *
Ve
1e-07
-41.1768469293037 11.1580811809077 0
0 0

0101101
*
Ed
 1e-07 1 1 0
1  4 0 0 2.45
0

0101000
+57 4 -57 6 *
Ed
 1e-07 1 1 0
1  5 0 0 4
0

0101000
+64 0 -57 0 *
Wi

0101100
+63 0 -56 0 -55 4 +55 6 *
Fa
0  1e-07 2 0

0101000
+54 0 *
Ve
1e-07
-20.8731067652366 2.74799663805176 0
0 0

0101101
*
Ed
 1e-07 1 1 0
1  6 0 0 2.45
0

0101000
+52 4 -52 6 *
Ed
 1e-07 1 1 0
1  7 0 0 21.9766099903496
0

0101000
+52 0 -57 0 *
Wi

0101100
+51 0 -56 0 -50 4 +50 6 *
Fa
0  1e-07 3 0

0101000
+49 0 *
Ve
1e-07
-7.5 0.987393731905467 0
0 0

0101101
*
Ed
 1e-07 1 1 0
1  8 0 0 2.45
4 C2 4 0 5 0
0

0101000
+47 4 -47 6 *
Ed
 1e-07 1 1 0
1  9 0 0 13.488502776348
0

0101000
+52 0 -47 0 *
Wi

0101100
+51 0 -46 0 -45 4 +45 6 *
Fa
0  1e-07 4 0

0101000
+44 0 *
Ve
1.00000000055511e-07
0 5.55111512312578e-17 0
0 0

0101101
*
Ed
 1.00000000055511e-07 1 1 0
1  10 0 0 2.45
0

0101000
+42 4 -42 6 *
Ed
 1e-07 1 1 0
1  11 0 0 7.56471720435114
0

0101000
+47 0 -42 0 *
Wi

0101100
+46 0 -41 0 -40 4 +40 6 *
Fa
0  1e-07 5 0

0101000
+39 0 *
Ve
1.00000000055511e-07
7.5 0.987393731905469 0
0 0

0101101
*
Ed
 1.00000000055511e-07 1 1 0
1  12 0 0 2.45
4 C2 6 0 7 0
0

0101000
+37 4 -37 6 *
Ed
 1e-07 1 1 0
1  13 0 0 7.56471720435115
0

0101000
+37 0 -42 0 *
Wi

0101100
+36 0 -41 0 -35 4 +35 6 *
Fa
0  1e-07 6 0

0101000
+34 0 *
Ve
1.00000000222045e-07
20.8731067652366 2.74799663805177 0
0 0

0101101
*
Ed
 1.00000000222045e-07 1 1 0
1  14 0 0 2.45
0

0101000
+32 4 -32 6 *
Ed
 1e-07 1 1 0
1  15 0 0 13.488502776348
0

0101000
+32 0 -37 0 *
Wi

0101100
+31 0 -36 0 -30 4 +30 6 *
Fa
0  1e-07 7 0

0101000
+29 0 *
Ve
1e-07
41.1768469293037 11.1580811809077 0
0 0

0101101
*
Ed
 1e-07 1 1 0
1  16 0 0 2.45
0

0101000
+27 4 -27 6 *
Ed
 1e-07 1 1 0
1  17 0 0 21.9766099903496
0

0101000
+27 0 -32 0 *
Wi

0101100
+26 0 -31 0 -25 4 +25 6 *
Fa
0  1e-07 8 0

0101000
+24 0 *
Ve
1e-07
39.6461131998433 14.8535993109528 0
0 0

0101101
*
Ed
 1e-07 1 1 0
1  18 0 0 2.45
0

0101000
+22 4 -22 6 *
Ed
 1e-07 1 1 0
1  19 0 0 4
0

0101000
+22 0 -27 0 *
Wi

0101100
+21 0 -26 0 -20 4 +20 6 *
Fa
0  1e-07 9 0

0101000
+19 0 *
Ve
1e-07
19.8288972274762 6.64503968672164 0
0 0

0101101
*
Ed
 1e-07 1 1 0
1  20 0 0 2.45
0

0101000
+17 4 -17 6 *
Ed
 1e-07 1 1 0
1  21 0 0 21.45
0

0101000
+22 0 -17 0 *
Wi

0101100
+21 0 -16 0 -15 4 +15 6 *
Fa
0  1e-07 10 0

0101000
+14 0 *
Ve
1.00000000444089e-07
6.66133814775094e-15 4.03451584232061 0
0 0

0101101
*
Ed
 1.00000000444089e-07 1 1 0
1  22 0 0 2.45
0

0101000
+12 4 -12 6 *
Ed
 1e-07 1 1 0
1  23 0 0 20
0

0101000
+12 0 -17 0 *
Wi

0101100
+11 0 -16 0 -10 4 +10 6 *
Fa
0  1e-07 11 0

0101000
+9 0 *
Ed
 1e-07 1 1 0
1  24 0 0 20
0

0101000
+62 0 -12 0 *
Wi

0101100
+61 0 -11 0 -7 4 +7 6 *
Fa
0  1e-07 12 0

0101000
+6 0 *
Wi

0101100
-60 0 +55 0 -50 0 +45 0 +40 0 -35 0 -30 0 -25 0 -20 0 +15 0 
-10 0 -7 0 *
Fa
0  1e-07 13 0

0101000
+4 4 *
Sh

0101100
-58 0 +53 0 -48 0 +43 0 +38 0 -33 0 -28 0 -23 0 -18 0 +13 0 
-8 0 -5 0 +3 0 -3 5 *
So

1100000
-2 0 *

+1 1 ]]>
      </Part>
      <ElementMap new="1" count="1"><Element key="Dummy" value="Dummy"/></ElementMap>
      <ElementMap2 count="86">
<![CDATA[
6 PostfixCount 11
Edge
Face
Vertex
;:G;XTR;:Heda:7,E
;:G;XTR;:Heda:7,F
;:U;XTR;:Heda:7,E
;:U;XTR;:Heda:7,V
;FAC;:Heda:4,F
;:G0;XTR;:Heda:8,F
;SKT;:Heda,E
;SKT;:Heda,V

MapCount 1

ElementMap 1 6 3

Edge

ChildCount 0

NameCount 37
0
$#cc3.4 0
$#cc4.4 0
;g66.a 0
$#cdd.6 0
$#cc5.4 0
;g57.a 0
$#cde.6 0
$#cc6.4 0
;g58.a 0
$#cdf.6 0
$#cc7.4 0
;g67.a 0
$#ce0.6 0
$#1090.4 0
;g68.a 0
$#1093.6 0
$#cca.4 0
;g59.a 0
$#1094.6 0
$#ccb.4 0
;g69.a 0
$#ce4.6 0
$#ccc.4 0
;g61.a 0
$#ce5.6 0
$#ccd.4 0
;g62.a 0
$#ce6.6 0
$#cce.4 0
;g63.a 0
$#ce7.6 0
$#ccf.4 0
;g64.a 0
$#ce8.6 0
;g65.a 0
$#ce9.6 0

Face

ChildCount 0

NameCount 15
0
$#cd0.5 0
$#cc1.5 0
$#cd1.5 0
$#cd2.5 0
$#1091.5 0
$#1092.5 0
$#cd6.5 0
$#cd7.5 0
$#cd8.5 0
$#cd9.5 0
$#cda.5 0
$#cdb.5 0
$#cc1.8 0
$#cdc.9 0

Vertex

ChildCount 0

NameCount 25
0
;g57v1.b ;g66v1.b 0
$#cea.7 0
;g66v2.b ;g65v1.b 0
$#ceb.7 0
;g57v2.b ;g58v2.b 0
$#cec.7 0
;g58v1.b ;g67v1.b 0
$#ced.7 0
;g67v2.b ;g68v1.b 0
$#cee.7 0
;g68v2.b ;g59v2.b 0
$#1095.7 0
;g69v2.b ;g59v1.b 0
$#cf1.7 0
;g61v2.b ;g69v1.b 0
$#cf2.7 0
;g62v2.b ;g61v1.b 0
$#cf3.7 0
;g63v1.b ;g62v1.b 0
$#cf4.7 0
;g64v2.b ;g63v2.b 0
$#cf5.7 0
;g65v2.b ;g64v1.b 0
$#cf6.7 0

EndMap
]]>
      </ElementMap2>
    </Property>
    <Property name="Suppress" type="App::PropertyBool">
      <Bool value="false"/>
    </Property>
    <Property name="SuppressedShape" type="Part::PropertyPartShape">
      <Part ElementMap="0.15.70200.4" brep="1">
<![CDATA[

CASCADE Topology V1, (c) Matra-Datavision
Locations 0
Curve2ds 0
Curves 0
Polygon3D 0
PolygonOnTriangulations 0
Surfaces 0
Triangulations 0

TShapes 0

*]]>
      </Part>
      <ElementMap/>
    </Property>
    <Property name="TaperAngle" type="App::PropertyAngle" status="4">
      <Float value="0"/>
    </Property>
    <Property name="TaperAngle2" type="App::PropertyAngle" status="4">
      <Float value="0"/>
    </Property>
    <Property name="TaperAngleRev" type="App::PropertyAngle" status="4">
      <Float value="0"/>
    </Property>
    <Property name="TaperInnerAngle" type="App::PropertyAngle">
      <Float value="0"/>
    </Property>
    <Property name="TaperInnerAngleRev" type="App::PropertyAngle">
      <Float value="0"/>
    </Property>
    <Property name="TreeRank" type="App::PropertyInteger" status="2184">
      <Integer value="15"/>
    </Property>
    <Property name="Type" type="App::PropertyEnumeration">
      <Integer value="0"/>
    </Property>
    <Property name="UpToFace" type="App::PropertyLinkSub" status="4">
      <LinkSub value="" count="0">
      </LinkSub>
    </Property>
    <Property name="UseCustomVector" type="App::PropertyBool">
      <Bool value="false"/>
    </Property>
    <Property name="UsePipeForDraft" type="App::PropertyBool">
      <Bool value="false"/>
    </Property>
    <Property name="ValidateShape" type="App::PropertyBool">
      <Bool value="true"/>
    </Property>
    <Property name="Visibility" type="App::PropertyBool" status="648">
      <Bool value="false"/>
    </Property>
    <Property name="_ProfileBasedVersion" type="App::PropertyInteger" status="67108864">
      <Integer value="1"/>
    </Property>
    <Property name="_Siblings" type="App::PropertyLinkList" status="218103808">
      <LinkList count="0">
      </LinkList>
    </Property>
  </Properties>
</Object>
</Document>
