<?xml version='1.0' encoding='utf-8'?>
<!-- FreeCAD DocumentObject -->
<Document SchemaVersion="4" FileVersion="2">
<Object name="Pad003">
  <Properties Count="47" TransientCount="2">
    <_Property name="_Body" type="App::PropertyLinkHidden" status="251658240"/>
    <_Property name="_ElementMapVersion" type="App::PropertyString" status="234881024"/>
    <Property name="AddSubShape" type="Part::PropertyPartShape">
      <Part HasherIndex="0" ElementMap="1.15.70200.4" brep="1">
<![CDATA[

CASCADE Topology V1, (c) Matra-Datavision
Locations 5
1
              1               0               0               0 
              0               1               0               0 
              0               0               1               0 
1
4.44089209850063e-16 -3.33066907387547e-16               1               0 
              1 3.33066907387547e-16 -4.44089209850063e-16               0 
-3.33066907387547e-16               1 3.33066907387547e-16               0 
2  1 1 2 1 0
1
              1               0               0             1.5 
              0               1               0 -4.9960036108132e-16 
              0               0               1 4.9960036108132e-16 
2  1 1 2 1 4 1 0
Curve2ds 0
Curves 64
1 -2.1493499112745821e-14 -38.72279692475459 12.901680497027312 1 -3.3306690738754681e-16 3.3306690738754681e-16 
1 -2.1170852641396316e-14 -38.168469205247895 12.672070437608213 1 -3.3306690738754681e-16 3.3306690738754681e-16 
1 -38.722796924754626 12.901680497027302 0 0.92387953251128707 -0.38268343236508906 0 
1 -2.0950423656451572e-14 -38.780762697031996 11.193863185590212 1 -3.3306690738754681e-16 3.3306690738754681e-16 
1 -38.780762697031996 11.193863185590191 0 0.38268343236508995 0.92387953251128674 0 
1 -2.127307012780109e-14 -39.33509041653879 11.423473245009212 1 -3.3306690738754681e-16 3.3306690738754681e-16 
1 -39.335090416538769 11.423473245009243 0 0.92387953251128818 -0.38268343236508651 0 
1 -39.335090416538769 11.423473245009243 0 0.38268343236508962 0.92387953251128696 0 
1 -1.1222586441452608e-14 -21.076697853788996 5.5924269388540973 1 -3.3306690738754681e-16 3.3306690738754681e-16 
1 -1.0899939970103116e-14 -20.522370134282298 5.362816879435047 1 -3.3306690738754681e-16 3.3306690738754681e-16 
1 -21.076697853789042 5.5924269388540928 0 0.92387953251128674 -0.38268343236508989 0 
1 -1.0679510985158353e-14 -21.134663626066398 3.884609627416987 1 -3.3306690738754681e-16 3.3306690738754681e-16 
1 -20.522370134282273 5.3628168794350399 0 -0.38268343236508945 -0.92387953251128685 0 
1 -1.100215745650789e-14 -21.6889913455732 4.1142196868360372 1 -3.3306690738754681e-16 3.3306690738754681e-16 
1 -21.134663626066416 3.8846096274169803 0 -0.92387953251128896 0.38268343236508462 0 
1 -21.688991345573189 4.114219686836031 0 0.38268343236509084 0.92387953251128629 0 
1 1.2899253466251593e-14 38.722796924754604 12.901680497027288 1 -3.3306690738754681e-16 3.3306690738754681e-16 
1 1.2729558019693623e-14 38.16846920524781 12.672070437608188 1 -3.3306690738754681e-16 3.3306690738754681e-16 
1 38.72279692475464 12.901680497027305 0 -0.92387953251128807 -0.38268343236508662 0 
1 1.3493812870563885e-14 38.78076269703201 11.193863185590187 1 -3.3306690738754681e-16 3.3306690738754681e-16 
1 38.168469205247845 12.672070437608244 0 0.38268343236508962 -0.92387953251128696 0 
1 1.3663508317121886e-14 39.335090416538804 11.423473245009188 1 -3.3306690738754681e-16 3.3306690738754681e-16 
1 38.780762697031989 11.193863185590185 0 0.92387953251128707 0.38268343236508912 0 
1 39.335090416538783 11.423473245009248 0 -0.38268343236508995 0.92387953251128674 0 
1 7.3275863042647882e-15 20.522370134282305 5.3628168794350328 1 -3.3306690738754681e-16 3.3306690738754681e-16 
1 8.0918411551350222e-15 21.134663626066398 3.8846096274169728 1 -3.3306690738754681e-16 3.3306690738754681e-16 
1 20.522370134282291 5.3628168794350399 0 0.38268343236508767 -0.92387953251128763 0 
1 8.261536601693011e-15 21.6889913455732 4.114219686836023 1 -3.3306690738754681e-16 3.3306690738754681e-16 
1 21.13466362606643 3.8846096274169808 0 0.92387953251128918 0.38268343236508401 0 
1 7.4972817508227739e-15 21.076697853789103 5.592426938854083 1 -3.3306690738754681e-16 3.3306690738754681e-16 
1 21.688991345573204 4.114219686836031 0 -0.38268343236508856 0.92387953251128729 0 
1 21.07669785378906 5.5924269388540946 0 -0.92387953251128563 -0.38268343236509239 0 
1 -1.0551711841460716e-14 -19.869443476989201 5.1878657088966165 1 -3.3306690738754681e-16 3.3306690738754681e-16 
1 -1.0261453489296785e-14 -19.274576560164899 5.1095499935645865 1 -3.3306690738754681e-16 3.3306690738754681e-16 
1 -19.869443476989204 5.1878657088966085 0 0.99144486137381083 -0.13052619222004885 0 
1 -9.8258499688882963e-15 -19.483418467717001 3.5232382153664865 1 -3.3306690738754681e-16 3.3306690738754681e-16 
1 -19.274576560164899 5.1095499935645767 0 -0.13052619222005285 -0.99144486137381038 0 
1 -1.0116108321052224e-14 -20.078285384541299 3.6015539306985165 1 -3.3306690738754681e-16 3.3306690738754681e-16 
1 -20.078285384541285 3.601553930698512 0 0.99144486137381049 -0.13052619222005105 0 
1 -19.869443476989204 5.1878657088966085 0 -0.13052619222005071 -0.99144486137381049 0 
1 -1.3118209642425014e-15 -0.93284662474944213 2.6948154374936304 1 -3.3306690738754681e-16 3.3306690738754681e-16 
1 -1.0215626120785665e-15 -0.3379797079251371 2.6164997221615902 1 -3.3306690738754681e-16 3.3306690738754681e-16 
1 -0.93284662474944313 2.6948154374936277 0 0.99144486137381038 -0.13052619222005168 0 
1 -5.8595909167007211e-16 -0.54682161547721964 1.0301879439635002 1 -3.3306690738754681e-16 3.3306690738754681e-16 
1 -0.33797970792513782 2.6164997221615942 0 -0.13052619222005155 -0.99144486137381049 0 
1 -8.7621744383400554e-16 -1.1416885323015296 1.1085036592955304 1 -3.3306690738754681e-16 3.3306690738754681e-16 
1 -0.5468216154772203 1.0301879439634973 0 -0.99144486137381038 0.13052619222005166 0 
1 -0.93284662474944313 2.6948154374936277 0 -0.13052619222005166 -0.99144486137381049 0 
1 7.095899066252518e-15 19.869443476989201 5.187865708896604 1 -3.3306690738754681e-16 3.3306690738754681e-16 
1 6.8578094602995536e-15 19.274576560164899 5.1095499935645741 1 -3.3306690738754681e-16 3.3306690738754681e-16 
1 19.869443476989222 5.187865708896612 0 -0.99144486137381038 -0.13052619222005168 0 
1 7.4789018561248286e-15 19.483418467717001 3.5232382153664732 1 -3.3306690738754681e-16 3.3306690738754681e-16 
1 19.27457656016491 5.1095499935645776 0 0.13052619222005299 -0.99144486137381027 0 
1 7.7169914620777915e-15 20.078285384541299 3.6015539306985032 1 -3.3306690738754681e-16 3.3306690738754681e-16 
1 19.483418467716994 3.5232382153664821 0 0.99144486137381072 0.13052619222004955 0 
1 20.078285384541303 3.6015539306985147 0 -0.13052619222005066 0.9914448613738106 0 
1 -7.2137632920290099e-16 0.33797970792515386 2.6164997221615902 1 -3.3306690738754681e-16 3.3306690738754681e-16 
1 -4.8328672324993753e-16 0.9328466247494609 2.6948154374936295 1 -3.3306690738754681e-16 3.3306690738754681e-16 
1 0.33797970792515269 2.6164997221615947 0 0.99144486137381038 0.1305261922200521 0 
1 1.3780567257532735e-16 1.1416885323015404 1.1085036592955295 1 -3.3306690738754681e-16 3.3306690738754681e-16 
1 0.93284662474945945 2.6948154374936286 0 0.13052619222005157 -0.99144486137381049 0 
1 -1.0028393337763853e-16 0.54682161547723529 1.0301879439634998 1 -3.3306690738754681e-16 3.3306690738754681e-16 
1 1.141688532301542 1.1085036592955317 0 -0.99144486137381038 -0.1305261922200521 0 
1 0.54682161547723518 1.0301879439634978 0 -0.13052619222005155 0.99144486137381049 0 
Polygon3D 0
PolygonOnTriangulations 0
Surfaces 40
1 -2.1493499112745834e-14 -38.722796924754618 12.901680497027314 -1.8025451136589508e-16 0.38268343236508939 0.92387953251128696 5.3774411891587456e-16 0.92387953251128696 -0.38268343236508939 -1 4.2783037008589933e-16 -3.7231921885464126e-16 
1 -2.0950423656451566e-14 -38.780762697031989 11.193863185590203 -4.3517288601847879e-16 -0.92387953251128663 0.38268343236509028 -1.3776811559046435e-16 0.38268343236509028 0.92387953251128663 -1 3.493257471517101e-16 -2.9381459592045271e-16 
1 -2.1273070127801093e-14 -39.335090416538762 11.423473245009255 -1.8025451136589633e-16 0.38268343236508684 0.92387953251128807 5.3774411891587416e-16 0.92387953251128807 -0.38268343236508684 -1 4.2783037008589943e-16 -3.7231921885464101e-16 
1 -2.1273070127801093e-14 -39.335090416538762 11.423473245009255 -4.3517288601847869e-16 -0.92387953251128674 0.38268343236508989 -1.3776811559046454e-16 0.38268343236508989 0.92387953251128674 -1 3.4932574715171014e-16 -2.9381459592045276e-16 
1 -1.9154964095966557e-15 6.6499835940899587e-14 5.7510859443260918 1 -4.4408920985006242e-16 3.3306690738754795e-16 4.4408920985006242e-16 1 0 -3.3306690738754795e-16 1.4791141972894009e-31 1 
1 -1.1222586441452627e-14 -21.076697853789039 5.5924269388540999 -1.8025451136589471e-16 0.38268343236509023 0.92387953251128663 5.3774411891587485e-16 0.92387953251128663 -0.38268343236509023 -1 4.2783037008589943e-16 -3.7231921885464146e-16 
1 -1.0899939970103104e-14 -20.522370134282269 5.362816879435047 4.3517288601847869e-16 0.92387953251128674 -0.38268343236508978 1.3776811559046457e-16 -0.38268343236508978 -0.92387953251128674 -1 3.4932574715171014e-16 -2.9381459592045276e-16 
1 -1.0679510985158361e-14 -21.134663626066416 3.8846096274169875 1.802545113658972e-16 -0.38268343236508495 -0.92387953251128885 -5.3774411891587397e-16 -0.92387953251128885 0.38268343236508495 -1 4.2783037008589973e-16 -3.7231921885464087e-16 
1 -1.1002157456507885e-14 -21.688991345573189 4.1142196868360381 -4.3517288601847899e-16 -0.92387953251128618 0.38268343236509117 -1.3776811559046378e-16 0.38268343236509117 0.92387953251128618 -1 3.4932574715171029e-16 -2.9381459592045266e-16 
1 -1.9154964095966557e-15 6.6499835940899587e-14 5.7510859443260918 1 -4.4408920985006242e-16 3.3306690738754795e-16 4.4408920985006242e-16 1 0 -3.3306690738754795e-16 1.4791141972894009e-31 1 
1 1.2899253466251608e-14 38.722796924754647 12.901680497027293 4.35172886018478e-16 0.38268343236508628 -0.92387953251128818 -2.8282574426329225e-16 -0.92387953251128818 -0.38268343236508628 -1 4.2783037008589919e-16 -2.9381459592045276e-16 
1 1.2729558019693627e-14 38.168469205247852 12.672070437608232 1.8025451136589518e-16 0.92387953251128707 0.38268343236508928 4.7765928179390972e-16 0.38268343236508928 -0.92387953251128707 -1 3.4932574715171039e-16 -3.7231921885464161e-16 
1 1.3493812870563882e-14 38.780762697031996 11.193863185590173 -4.351728860184785e-16 -0.38268343236508878 0.92387953251128718 2.8282574426329106e-16 0.92387953251128718 0.38268343236508878 -1 4.2783037008589909e-16 -2.9381459592045252e-16 
1 1.3663508317121864e-14 39.33509041653879 11.423473245009236 -1.8025451136589495e-16 -0.92387953251128685 -0.38268343236508962 -4.7765928179390982e-16 -0.38268343236508962 0.92387953251128685 -1 3.4932574715171044e-16 -3.7231921885464166e-16 
1 -1.9154964095966557e-15 6.6499835940899587e-14 5.7510859443260918 1 -4.4408920985006242e-16 3.3306690738754795e-16 4.4408920985006242e-16 1 0 -3.3306690738754795e-16 1.4791141972894009e-31 1 
1 7.3275863042647819e-15 20.522370134282294 5.3628168794350328 1.8025451136589601e-16 0.92387953251128774 0.38268343236508734 4.7765928179390903e-16 0.38268343236508734 -0.92387953251128774 -1 3.4932574715171019e-16 -3.7231921885464136e-16 
1 8.0918411551350364e-15 21.13466362606643 3.8846096274169737 -4.3517288601847751e-16 -0.38268343236508368 0.92387953251128929 2.8282574426329363e-16 0.92387953251128929 0.38268343236508368 -1 4.2783037008589948e-16 -2.9381459592045301e-16 
1 8.2615366016930126e-15 21.688991345573204 4.1142196868360239 -1.8025451136589562e-16 -0.9238795325112874 -0.38268343236508823 -4.7765928179390933e-16 -0.38268343236508823 0.9238795325112874 -1 3.4932574715171029e-16 -3.7231921885464151e-16 
1 7.497281750822755e-15 21.076697853789064 5.5924269388540875 4.3517288601847919e-16 0.38268343236509211 -0.92387953251128585 -2.8282574426328939e-16 -0.92387953251128585 -0.38268343236509211 -1 4.2783037008589889e-16 -2.9381459592045227e-16 
1 -1.9154964095966557e-15 6.6499835940899587e-14 5.7510859443260918 1 -4.4408920985006242e-16 3.3306690738754795e-16 4.4408920985006242e-16 1 0 -3.3306690738754795e-16 1.4791141972894009e-31 1 
1 -1.0551711841460716e-14 -19.869443476989204 5.1878657088966147 -2.8674351864724599e-16 0.13052619222004919 0.99144486137381083 4.837639202732048e-16 0.99144486137381083 -0.13052619222004919 -1 4.4219771324011505e-16 -3.4743425054176234e-16 
1 -1.0261453489296785e-14 -19.274576560164899 5.1095499935645829 3.7369142899885564e-16 0.99144486137381027 -0.13052619222005318 2.7225220025530969e-16 -0.13052619222005318 -0.99144486137381027 -1 3.3495840399749443e-16 -3.1869956423333129e-16 
1 -1.0116108321052219e-14 -20.078285384541285 3.6015539306985187 -2.8674351864724516e-16 0.13052619222005138 0.99144486137381049 4.8376392027320529e-16 0.99144486137381049 -0.13052619222005138 -1 4.4219771324011481e-16 -3.4743425054176253e-16 
1 -1.0551711841460716e-14 -19.869443476989204 5.1878657088966147 3.73691428998855e-16 0.99144486137381049 -0.13052619222005105 2.7225220025531072e-16 -0.13052619222005105 -0.99144486137381049 -1 3.3495840399749443e-16 -3.1869956423333154e-16 
1 -1.9154964095966557e-15 6.6499835940899587e-14 5.7510859443260918 1 -4.4408920985006242e-16 3.3306690738754795e-16 4.4408920985006242e-16 1 0 -3.3306690738754795e-16 1.4791141972894009e-31 1 
1 -1.3118209642425006e-15 -0.93284662474944224 2.6948154374936282 -2.8674351864724486e-16 0.13052619222005202 0.99144486137381038 4.8376392027320559e-16 0.99144486137381038 -0.13052619222005202 -1 4.4219771324011501e-16 -3.4743425054176263e-16 
1 -1.0215626120785679e-15 -0.33797970792513693 2.6164997221615942 3.736914289988553e-16 0.99144486137381049 -0.13052619222005188 2.7225220025531033e-16 -0.13052619222005188 -0.99144486137381049 -1 3.3495840399749447e-16 -3.1869956423333144e-16 
1 -5.8595909167007132e-16 -0.54682161547721997 1.0301879439634976 2.8674351864724491e-16 -0.13052619222005199 -0.99144486137381038 -4.8376392027320549e-16 -0.99144486137381038 0.13052619222005199 -1 4.4219771324011491e-16 -3.4743425054176268e-16 
1 -1.3118209642425006e-15 -0.93284662474944224 2.6948154374936282 3.736914289988553e-16 0.99144486137381049 -0.13052619222005199 2.7225220025531033e-16 -0.13052619222005199 -0.99144486137381049 -1 3.3495840399749443e-16 -3.1869956423333149e-16 
1 -1.9154964095966557e-15 6.6499835940899587e-14 5.7510859443260918 1 -4.4408920985006242e-16 3.3306690738754795e-16 4.4408920985006242e-16 1 0 -3.3306690738754795e-16 1.4791141972894009e-31 1 
1 7.0958990662525267e-15 19.869443476989222 5.1878657088966058 3.736914289988551e-16 0.13052619222005138 -0.99144486137381049 -3.968160099215953e-16 -0.99144486137381049 -0.13052619222005138 -1 4.4219771324011481e-16 -3.1869956423333105e-16 
1 6.8578094602995591e-15 19.27457656016491 5.1095499935645714 2.8674351864724466e-16 0.99144486137381027 0.13052619222005266 3.8818274739079106e-16 0.13052619222005266 -0.99144486137381027 -1 3.3495840399749462e-16 -3.4743425054176313e-16 
1 7.4789018561248239e-15 19.483418467716994 3.5232382153664754 -3.7369142899885451e-16 -0.13052619222004921 0.99144486137381072 3.9681600992159609e-16 0.99144486137381072 0.13052619222004921 -1 4.4219771324011486e-16 -3.1869956423333134e-16 
1 7.7169914620777915e-15 20.078285384541303 3.601553930698508 -2.8674351864724555e-16 -0.9914448613738106 -0.13052619222005032 -3.8818274739079022e-16 -0.13052619222005032 0.9914448613738106 -1 3.3495840399749452e-16 -3.4743425054176298e-16 
1 -1.9154964095966557e-15 6.6499835940899587e-14 5.7510859443260918 1 -4.4408920985006242e-16 3.3306690738754795e-16 4.4408920985006242e-16 1 0 -3.3306690738754795e-16 1.4791141972894009e-31 1 
1 -7.2137632920290257e-16 0.33797970792515358 2.6164997221615947 -3.736914289988552e-16 -0.13052619222005177 0.99144486137381038 3.9681600992159515e-16 0.99144486137381038 0.13052619222005177 -1 4.4219771324011486e-16 -3.18699564233331e-16 
1 -4.8328672324993714e-16 0.93284662474946034 2.6948154374936282 2.8674351864724521e-16 0.99144486137381049 0.13052619222005124 3.8818274739079052e-16 0.13052619222005124 -0.99144486137381049 -1 3.3495840399749457e-16 -3.4743425054176303e-16 
1 1.3780567257532764e-16 1.1416885323015424 1.1085036592955313 3.736914289988552e-16 0.13052619222005177 -0.99144486137381038 -3.9681600992159515e-16 -0.99144486137381038 -0.13052619222005177 -1 4.4219771324011486e-16 -3.18699564233331e-16 
1 -1.0028393337763769e-16 0.54682161547723551 1.0301879439634976 -2.8674351864724521e-16 -0.99144486137381049 -0.13052619222005121 -3.8818274739079052e-16 -0.13052619222005121 0.99144486137381049 -1 3.3495840399749457e-16 -3.4743425054176303e-16 
1 -1.9154964095966557e-15 6.6499835940899587e-14 5.7510859443260918 1 -4.4408920985006242e-16 3.3306690738754795e-16 4.4408920985006242e-16 1 0 -3.3306690738754795e-16 1.4791141972894009e-31 1 
Triangulations 0

TShapes 193
Ve
1e-07
-38.7227969247546 12.9016804970273 0
0 0

0101101
*
Ed
 1e-07 1 1 0
1  1 0 0 1.5
0

0101000
+193 3 -193 5 *
Ve
1e-07
-38.1684692052479 12.6720704376082 0
0 0

0101101
*
Ed
 1e-07 1 1 0
1  2 0 0 1.5
0

0101000
+191 3 -191 5 *
Ed
 1e-07 1 1 0
1  3 0 0 0.600000000000001
0

0101000
+193 0 -191 0 *
Wi

0101100
+192 0 -190 0 -189 3 +189 5 *
Fa
0  1e-07 1 0

0101000
+188 0 *
Ve
1e-07
-38.780762697032 11.1938631855902 0
0 0

0101101
*
Ed
 1e-07 1 1 0
1  4 0 0 1.5
0

0101000
+186 3 -186 5 *
Ed
 1e-07 1 1 0
1  5 0 0 1.6
0

0101000
+186 0 -191 0 *
Wi

0101100
+185 0 -190 0 -184 3 +184 5 *
Fa
0  1e-07 2 0

0101000
+183 0 *
Ve
1e-07
-39.3350904165388 11.4234732450092 0
0 0

0101101
*
Ed
 1e-07 1 1 0
1  6 0 0 1.5
0

0101000
+181 3 -181 5 *
Ed
 1e-07 1 1 0
1  7 0 0 0.6
0

0101000
+181 0 -186 0 *
Wi

0101100
+180 0 -185 0 -179 3 +179 5 *
Fa
0  1e-07 3 0

0101000
+178 0 *
Ed
 1e-07 1 1 0
1  8 0 0 1.6
0

0101000
+181 0 -193 0 *
Wi

0101100
+180 0 -192 0 -176 3 +176 5 *
Fa
0  1e-07 4 0

0101000
+175 0 *
Wi

0101100
+189 0 -184 0 -179 0 +176 0 *
Fa
0  1e-07 5 0

0101000
-173 3 *
Sh

0101100
-187 0 +182 0 +177 0 -174 0 +172 0 -172 4 *
So

0100000
-171 0 *
Ve
1e-07
-21.076697853789 5.59242693885409 0
0 0

0101101
*
Ed
 1e-07 1 1 0
1  9 0 0 1.5
0

0101000
+169 3 -169 5 *
Ve
1e-07
-20.5223701342823 5.36281687943504 0
0 0

0101101
*
Ed
 1e-07 1 1 0
1  10 0 0 1.5
0

0101000
+167 3 -167 5 *
Ed
 1e-07 1 1 0
1  11 0 0 0.599999999999997
0

0101000
+169 0 -167 0 *
Wi

0101100
+168 0 -166 0 -165 3 +165 5 *
Fa
0  1e-07 6 0

0101000
+164 0 *
Ve
1e-07
-21.1346636260664 3.88460962741698 0
0 0

0101101
*
Ed
 1e-07 1 1 0
1  12 0 0 1.5
0

0101000
+162 3 -162 5 *
Ed
 1e-07 1 1 0
1  13 0 0 1.6
0

0101000
+167 0 -162 0 *
Wi

0101100
+166 0 -161 0 -160 3 +160 5 *
Fa
0  1e-07 7 0

0101000
+159 0 *
Ve
1e-07
-21.6889913455732 4.11421968683603 0
0 0

0101101
*
Ed
 1e-07 1 1 0
1  14 0 0 1.5
0

0101000
+157 3 -157 5 *
Ed
 1e-07 1 1 0
1  15 0 0 0.6
0

0101000
+162 0 -157 0 *
Wi

0101100
+161 0 -156 0 -155 3 +155 5 *
Fa
0  1e-07 8 0

0101000
+154 0 *
Ed
 1e-07 1 1 0
1  16 0 0 1.6
0

0101000
+157 0 -169 0 *
Wi

0101100
+156 0 -168 0 -152 3 +152 5 *
Fa
0  1e-07 9 0

0101000
+151 0 *
Wi

0101100
+165 0 +160 0 +155 0 +152 0 *
Fa
0  1e-07 10 0

0101000
-149 3 *
Sh

0101100
-163 0 -158 0 -153 0 -150 0 +148 0 -148 4 *
So

0100000
-147 0 *
Ve
1e-07
38.7227969247546 12.9016804970273 0
0 0

0101101
*
Ed
 1e-07 1 1 0
1  17 0 0 1.5
0

0101000
+145 3 -145 5 *
Ve
1e-07
38.1684692052478 12.6720704376082 0
0 0

0101101
*
Ed
 1e-07 1 1 0
1  18 0 0 1.5
0

0101000
+143 3 -143 5 *
Ed
 1e-07 1 1 0
1  19 0 0 0.600000000000023
0

0101000
+145 0 -143 0 *
Wi

0101100
+144 0 -142 0 -141 3 +141 5 *
Fa
0  1e-07 11 0

0101000
+140 0 *
Ve
1e-07
38.780762697032 11.1938631855902 0
0 0

0101101
*
Ed
 1e-07 1 1 0
1  20 0 0 1.5
0

0101000
+138 3 -138 5 *
Ed
 1e-07 1 1 0
1  21 0 0 1.6
0

0101000
+143 0 -138 0 *
Wi

0101100
+142 0 -137 0 -136 3 +136 5 *
Fa
0  1e-07 12 0

0101000
+135 0 *
Ve
1e-07
39.3350904165388 11.4234732450092 0
0 0

0101101
*
Ed
 1e-07 1 1 0
1  22 0 0 1.5
0

0101000
+133 3 -133 5 *
Ed
 1e-07 1 1 0
1  23 0 0 0.600000000000024
0

0101000
+138 0 -133 0 *
Wi

0101100
+137 0 -132 0 -131 3 +131 5 *
Fa
0  1e-07 13 0

0101000
+130 0 *
Ed
 1e-07 1 1 0
1  24 0 0 1.6
0

0101000
+133 0 -145 0 *
Wi

0101100
+132 0 -144 0 -128 3 +128 5 *
Fa
0  1e-07 14 0

0101000
+127 0 *
Wi

0101100
+141 0 +136 0 +131 0 +128 0 *
Fa
0  1e-07 15 0

0101000
+125 3 *
Sh

0101100
+139 0 +134 0 +129 0 +126 0 +124 0 -124 4 *
So

0100000
-123 0 *
Ve
1e-07
20.5223701342823 5.36281687943504 0
0 0

0101101
*
Ed
 1e-07 1 1 0
1  25 0 0 1.5
0

0101000
+121 3 -121 5 *
Ve
1e-07
21.1346636260664 3.88460962741698 0
0 0

0101101
*
Ed
 1e-07 1 1 0
1  26 0 0 1.5
0

0101000
+119 3 -119 5 *
Ed
 1e-07 1 1 0
1  27 0 0 1.6
0

0101000
+121 0 -119 0 *
Wi

0101100
+120 0 -118 0 -117 3 +117 5 *
Fa
0  1e-07 16 0

0101000
+116 0 *
Ve
1e-07
21.6889913455732 4.11421968683603 0
0 0

0101101
*
Ed
 1e-07 1 1 0
1  28 0 0 1.5
0

0101000
+114 3 -114 5 *
Ed
 1e-07 1 1 0
1  29 0 0 0.6
0

0101000
+119 0 -114 0 *
Wi

0101100
+118 0 -113 0 -112 3 +112 5 *
Fa
0  1e-07 17 0

0101000
+111 0 *
Ve
1e-07
21.0766978537891 5.59242693885409 0
0 0

0101101
*
Ed
 1e-07 1 1 0
1  30 0 0 1.5
0

0101000
+109 3 -109 5 *
Ed
 1e-07 1 1 0
1  31 0 0 1.6
0

0101000
+114 0 -109 0 *
Wi

0101100
+113 0 -108 0 -107 3 +107 5 *
Fa
0  1e-07 18 0

0101000
+106 0 *
Ed
 1e-07 1 1 0
1  32 0 0 0.599999999999998
0

0101000
+109 0 -121 0 *
Wi

0101100
+108 0 -120 0 -104 3 +104 5 *
Fa
0  1e-07 19 0

0101000
+103 0 *
Wi

0101100
+117 0 +112 0 +107 0 +104 0 *
Fa
0  1e-07 20 0

0101000
+101 3 *
Sh

0101100
+115 0 +110 0 +105 0 +102 0 +100 0 -100 4 *
So

0100000
-99 0 *
Ve
1e-07
-19.8694434769892 5.18786570889661 0
0 0

0101101
*
Ed
 1e-07 1 1 0
1  33 0 0 1.5
0

0101000
+97 3 -97 5 *
Ve
1e-07
-19.2745765601649 5.10954999356458 0
0 0

0101101
*
Ed
 1e-07 1 1 0
1  34 0 0 1.5
0

0101000
+95 3 -95 5 *
Ed
 1e-07 1 1 0
1  35 0 0 0.600000000000019
0

0101000
+97 0 -95 0 *
Wi

0101100
+96 0 -94 0 -93 3 +93 5 *
Fa
0  1e-07 21 0

0101000
+92 0 *
Ve
1e-07
-19.483418467717 3.52323821536648 0
0 0

0101101
*
Ed
 1e-07 1 1 0
1  36 0 0 1.5
0

0101000
+90 3 -90 5 *
Ed
 1e-07 1 1 0
1  37 0 0 1.6
0

0101000
+95 0 -90 0 *
Wi

0101100
+94 0 -89 0 -88 3 +88 5 *
Fa
0  1e-07 22 0

0101000
+87 0 *
Ve
1e-07
-20.0782853845413 3.60155393069851 0
0 0

0101101
*
Ed
 1e-07 1 1 0
1  38 0 0 1.5
0

0101000
+85 3 -85 5 *
Ed
 1e-07 1 1 0
1  39 0 0 0.600000000000015
0

0101000
+85 0 -90 0 *
Wi

0101100
+84 0 -89 0 -83 3 +83 5 *
Fa
0  1e-07 23 0

0101000
+82 0 *
Ed
 1e-07 1 1 0
1  40 0 0 1.6
0

0101000
+97 0 -85 0 *
Wi

0101100
+96 0 -84 0 -80 3 +80 5 *
Fa
0  1e-07 24 0

0101000
+79 0 *
Wi

0101100
+93 0 +88 0 -83 0 -80 0 *
Fa
0  1e-07 25 0

0101000
-77 3 *
Sh

0101100
-91 0 -86 0 +81 0 +78 0 +76 0 -76 4 *
So

0100000
-75 0 *
Ve
1e-07
-0.932846624749443 2.69481543749363 0
0 0

0101101
*
Ed
 1e-07 1 1 0
1  41 0 0 1.5
0

0101000
+73 3 -73 5 *
Ve
1.00000000027756e-07
-0.337979707925138 2.61649972216159 0
0 0

0101101
*
Ed
 1.00000000027756e-07 1 1 0
1  42 0 0 1.5
0

0101000
+71 3 -71 5 *
Ed
 1e-07 1 1 0
1  43 0 0 0.600000000000019
0

0101000
+73 0 -71 0 *
Wi

0101100
+72 0 -70 0 -69 3 +69 5 *
Fa
0  1e-07 26 0

0101000
+68 0 *
Ve
1e-07
-0.54682161547722 1.0301879439635 0
0 0

0101101
*
Ed
 1e-07 1 1 0
1  44 0 0 1.5
0

0101000
+66 3 -66 5 *
Ed
 1e-07 1 1 0
1  45 0 0 1.6
0

0101000
+71 0 -66 0 *
Wi

0101100
+70 0 -65 0 -64 3 +64 5 *
Fa
0  1e-07 27 0

0101000
+63 0 *
Ve
1e-07
-1.14168853230153 1.10850365929553 0
0 0

0101101
*
Ed
 1e-07 1 1 0
1  46 0 0 1.5
0

0101000
+61 3 -61 5 *
Ed
 1e-07 1 1 0
1  47 0 0 0.600000000000019
0

0101000
+66 0 -61 0 *
Wi

0101100
+65 0 -60 0 -59 3 +59 5 *
Fa
0  1e-07 28 0

0101000
+58 0 *
Ed
 1e-07 1 1 0
1  48 0 0 1.6
0

0101000
+73 0 -61 0 *
Wi

0101100
+72 0 -60 0 -56 3 +56 5 *
Fa
0  1e-07 29 0

0101000
+55 0 *
Wi

0101100
+69 0 +64 0 +59 0 -56 0 *
Fa
0  1e-07 30 0

0101000
-53 3 *
Sh

0101100
-67 0 -62 0 -57 0 +54 0 +52 0 -52 4 *
So

0100000
-51 0 *
Ve
1e-07
19.8694434769892 5.18786570889661 0
0 0

0101101
*
Ed
 1e-07 1 1 0
1  49 0 0 1.5
0

0101000
+49 3 -49 5 *
Ve
1e-07
19.2745765601649 5.10954999356458 0
0 0

0101101
*
Ed
 1e-07 1 1 0
1  50 0 0 1.5
0

0101000
+47 3 -47 5 *
Ed
 1e-07 1 1 0
1  51 0 0 0.600000000000026
0

0101000
+49 0 -47 0 *
Wi

0101100
+48 0 -46 0 -45 3 +45 5 *
Fa
0  1e-07 31 0

0101000
+44 0 *
Ve
1e-07
19.483418467717 3.52323821536648 0
0 0

0101101
*
Ed
 1e-07 1 1 0
1  52 0 0 1.5
0

0101000
+42 3 -42 5 *
Ed
 1e-07 1 1 0
1  53 0 0 1.6
0

0101000
+47 0 -42 0 *
Wi

0101100
+46 0 -41 0 -40 3 +40 5 *
Fa
0  1e-07 32 0

0101000
+39 0 *
Ve
1e-07
20.0782853845413 3.60155393069851 0
0 0

0101101
*
Ed
 1e-07 1 1 0
1  54 0 0 1.5
0

0101000
+37 3 -37 5 *
Ed
 1e-07 1 1 0
1  55 0 0 0.600000000000022
0

0101000
+42 0 -37 0 *
Wi

0101100
+41 0 -36 0 -35 3 +35 5 *
Fa
0  1e-07 33 0

0101000
+34 0 *
Ed
 1e-07 1 1 0
1  56 0 0 1.6
0

0101000
+37 0 -49 0 *
Wi

0101100
+36 0 -48 0 -32 3 +32 5 *
Fa
0  1e-07 34 0

0101000
+31 0 *
Wi

0101100
+45 0 +40 0 +35 0 +32 0 *
Fa
0  1e-07 35 0

0101000
+29 3 *
Sh

0101100
+43 0 +38 0 +33 0 +30 0 +28 0 -28 4 *
So

0100000
-27 0 *
Ve
1e-07
0.337979707925153 2.61649972216159 0
0 0

0101101
*
Ed
 1e-07 1 1 0
1  57 0 0 1.5
0

0101000
+25 3 -25 5 *
Ve
1.00000000055511e-07
0.93284662474946 2.69481543749363 0
0 0

0101101
*
Ed
 1.00000000055511e-07 1 1 0
1  58 0 0 1.5
0

0101000
+23 3 -23 5 *
Ed
 1e-07 1 1 0
1  59 0 0 0.600000000000021
0

0101000
+25 0 -23 0 *
Wi

0101100
+24 0 -22 0 -21 3 +21 5 *
Fa
0  1e-07 36 0

0101000
+20 0 *
Ve
1e-07
1.14168853230154 1.10850365929553 0
0 0

0101101
*
Ed
 1e-07 1 1 0
1  60 0 0 1.5
0

0101000
+18 3 -18 5 *
Ed
 1e-07 1 1 0
1  61 0 0 1.6
0

0101000
+23 0 -18 0 *
Wi

0101100
+22 0 -17 0 -16 3 +16 5 *
Fa
0  1e-07 37 0

0101000
+15 0 *
Ve
1e-07
0.546821615477235 1.0301879439635 0
0 0

0101101
*
Ed
 1e-07 1 1 0
1  62 0 0 1.5
0

0101000
+13 3 -13 5 *
Ed
 1e-07 1 1 0
1  63 0 0 0.600000000000021
0

0101000
+18 0 -13 0 *
Wi

0101100
+17 0 -12 0 -11 3 +11 5 *
Fa
0  1e-07 38 0

0101000
+10 0 *
Ed
 1e-07 1 1 0
1  64 0 0 1.6
0

0101000
+13 0 -25 0 *
Wi

0101100
+12 0 -24 0 -8 3 +8 5 *
Fa
0  1e-07 39 0

0101000
+7 0 *
Wi

0101100
+21 0 +16 0 +11 0 +8 0 *
Fa
0  1e-07 40 0

0101000
-5 3 *
Sh

0101100
-19 0 -14 0 -9 0 -6 0 +4 0 -4 4 *
So

0100000
-3 0 *
Co

1100000
+170 0 +146 0 +122 0 +98 0 +74 0 +50 0 +26 0 +2 0 *

+1 0 ]]>
      </Part>
      <ElementMap new="1" count="1"><Element key="Dummy" value="Dummy"/></ElementMap>
      <ElementMap2 count="208">
<![CDATA[
11 PostfixCount 11
Edge
Face
Vertex
;:G;XTR;:Hee0:7,F
;FAC;:Hee0:4,F
;:G;XTR;:Hee0:7,E
;:G0;XTR;:Hee0:8,F
;:U;XTR;:Hee0:7,E
;:U;XTR;:Hee0:7,V
;SKT;:Hee0,E
;SKT;:Hee0,V

MapCount 1

ElementMap 1 11 3

Edge

ChildCount 0

NameCount 97
0
$#404.6 0
$#405.6 0
;g82.a 0
$#426.8 0
$#406.6 0
;g83.a 0
$#427.8 0
$#407.6 0
;g84.a 0
$#428.8 0
;g85.a 0
$#429.8 0
$#408.6 0
$#409.6 0
;g86.a 0
$#42a.8 0
$#40a.6 0
;g87.a 0
$#42b.8 0
$#40b.6 0
;g88.a 0
$#42c.8 0
;g89.a 0
$#42d.8 0
$#72b.6 0
$#72c.6 0
;g114.a 0
$#74b.8 0
$#72d.6 0
;g115.a 0
$#74c.8 0
$#72e.6 0
;g116.a 0
$#74d.8 0
;g117.a 0
$#74e.8 0
$#72f.6 0
$#730.6 0
;g118.a 0
$#74f.8 0
$#731.6 0
;g119.a 0
$#750.8 0
$#732.6 0
;g120.a 0
$#751.8 0
;g121.a 0
$#752.8 0
$#40c.6 0
$#40d.6 0
;g90.a 0
$#42e.8 0
$#40e.6 0
;g91.a 0
$#42f.8 0
$#40f.6 0
;g92.a 0
$#430.8 0
;g93.a 0
$#431.8 0
$#410.6 0
$#411.6 0
;g94.a 0
$#432.8 0
$#412.6 0
;g95.a 0
$#433.8 0
$#413.6 0
;g96.a 0
$#434.8 0
;g97.a 0
$#435.8 0
$#733.6 0
$#734.6 0
;g122.a 0
$#753.8 0
$#735.6 0
;g123.a 0
$#754.8 0
$#736.6 0
;g124.a 0
$#755.8 0
;g125.a 0
$#756.8 0
$#737.6 0
$#738.6 0
;g126.a 0
$#757.8 0
$#739.6 0
;g127.a 0
$#758.8 0
$#73a.6 0
;g128.a 0
$#759.8 0
;g129.a 0
$#75a.8 0

Face

ChildCount 0

NameCount 49
0
$#3ff.4 0
$#414.4 0
$#415.4 0
$#416.4 0
$#3ff.5 0
$#418.7 0
$#400.4 0
$#419.4 0
$#41a.4 0
$#41b.4 0
$#400.5 0
$#41c.7 0
$#727.4 0
$#73b.4 0
$#73c.4 0
$#73d.4 0
$#727.5 0
$#73e.7 0
$#728.4 0
$#73f.4 0
$#740.4 0
$#741.4 0
$#728.5 0
$#742.7 0
$#401.4 0
$#41d.4 0
$#41e.4 0
$#41f.4 0
$#401.5 0
$#420.7 0
$#402.4 0
$#421.4 0
$#422.4 0
$#423.4 0
$#402.5 0
$#424.7 0
$#729.4 0
$#743.4 0
$#744.4 0
$#745.4 0
$#729.5 0
$#746.7 0
$#72a.4 0
$#747.4 0
$#748.4 0
$#749.4 0
$#72a.5 0
$#74a.7 0

Vertex

ChildCount 0

NameCount 65
0
;g82v1.b 0
$#437.9 0
;g82v2.b 0
$#438.9 0
;g83v1.b 0
$#439.9 0
;g84v1.b 0
$#43a.9 0
;g86v1.b 0
$#43b.9 0
;g86v2.b 0
$#43c.9 0
;g87v2.b 0
$#43d.9 0
;g88v2.b 0
$#43e.9 0
;g114v1.b 0
$#75b.9 0
;g114v2.b 0
$#75c.9 0
;g115v2.b 0
$#75d.9 0
;g116v2.b 0
$#75e.9 0
;g118v1.b 0
$#75f.9 0
;g118v2.b 0
$#760.9 0
;g119v2.b 0
$#761.9 0
;g120v2.b 0
$#762.9 0
;g90v1.b 0
$#43f.9 0
;g90v2.b 0
$#440.9 0
;g91v2.b 0
$#441.9 0
;g92v1.b 0
$#442.9 0
;g94v1.b 0
$#443.9 0
;g94v2.b 0
$#444.9 0
;g95v2.b 0
$#445.9 0
;g96v2.b 0
$#446.9 0
;g122v1.b 0
$#763.9 0
;g122v2.b 0
$#764.9 0
;g123v2.b 0
$#765.9 0
;g124v2.b 0
$#766.9 0
;g126v1.b 0
$#767.9 0
;g126v2.b 0
$#768.9 0
;g127v2.b 0
$#769.9 0
;g128v2.b 0
$#76a.9 0

EndMap
]]>
      </ElementMap2>
    </Property>
    <Property name="AddSubType" type="App::PropertyEnumeration">
      <Integer value="0"/>
    </Property>
    <Property name="AllowMultiFace" type="App::PropertyBool">
      <Bool value="true"/>
    </Property>
    <Property name="AlongSketchNormal" type="App::PropertyBool">
      <Bool value="false"/>
    </Property>
    <Property name="AutoTaperInnerAngle" type="App::PropertyBool">
      <Bool value="true"/>
    </Property>
    <Property name="BaseFeature" type="App::PropertyLink" status="8">
      <Link value="Pad001"/>
    </Property>
    <Property name="CheckUpToFaceLimits" type="App::PropertyBool">
      <Bool value="true"/>
    </Property>
    <Property name="ClaimChildren" type="App::PropertyBool" status="134217728">
      <Bool value="false"/>
    </Property>
    <Property name="ColoredElements" type="App::PropertyLinkSubHidden" status="218103808">
      <LinkSub value="" count="0">
      </LinkSub>
    </Property>
    <Property name="Direction" type="App::PropertyVector" status="4">
      <PropertyVector valueX="1" valueY="-3.33066907387547e-16" valueZ="3.33066907387547e-16"/>
    </Property>
    <Property name="ExpressionEngine" type="App::PropertyExpressionEngine" status="67108864">
      <ExpressionEngine count="0"></ExpressionEngine>
    </Property>
    <Property name="Fit" type="App::PropertyDistance">
      <Float value="0"/>
    </Property>
    <Property name="FitJoin" type="App::PropertyEnumeration">
      <Integer value="0"/>
    </Property>
    <Property name="FixShape" type="App::PropertyEnumeration">
      <Integer value="0"/>
    </Property>
    <Property name="InnerFit" type="App::PropertyDistance">
      <Float value="0"/>
    </Property>
    <Property name="InnerFitJoin" type="App::PropertyEnumeration">
      <Integer value="0"/>
    </Property>
    <Property name="InvalidShape" type="App::PropertyBool" status="67108864">
      <Bool value="false"/>
    </Property>
    <Property name="Label" type="App::PropertyString" status="134217728">
      <String value="Pad003"/>
    </Property>
    <Property name="Label2" type="App::PropertyString" status="128">
      <String value=""/>
    </Property>
    <Property name="Length" type="App::PropertyLength">
      <Float value="1.5"/>
    </Property>
    <Property name="Length2" type="App::PropertyLength" status="4">
      <Float value="10"/>
    </Property>
    <Property name="Linearize" type="App::PropertyBool">
      <Bool value="true"/>
    </Property>
    <Property name="Midplane" type="App::PropertyBool">
      <Bool value="false"/>
    </Property>
    <Property name="NewSolid" type="App::PropertyBool">
      <Bool value="false"/>
    </Property>
    <Property name="Offset" type="App::PropertyLength" status="4">
      <Float value="0"/>
    </Property>
    <Property name="Placement" type="App::PropertyPlacement" status="8388620">
      <PropertyPlacement Px="0" Py="0" Pz="0" Q0="0" Q1="0" Q2="0" Q3="1" A="0" Ox="0" Oy="0" Oz="1"/>
    </Property>
    <Property name="Profile" type="App::PropertyLinkSub">
      <LinkSub value="Sketch004" count="1">
        <Sub value=""/>
      </LinkSub>
    </Property>
    <Property name="ReferenceAxis" type="App::PropertyLinkSub">
      <LinkSub value="Sketch004" count="1">
        <Sub value="N_Axis"/>
      </LinkSub>
    </Property>
    <Property name="Refine" type="App::PropertyBool">
      <Bool value="false"/>
    </Property>
    <Property name="Reversed" type="App::PropertyBool">
      <Bool value="false"/>
    </Property>
    <Property name="Shape" type="Part::PropertyPartShape">
      <Part HasherIndex="0" ElementMap="1.15.70200.4" brep="1">
<![CDATA[

CASCADE Topology V1, (c) Matra-Datavision
Locations 12
1
              1               0               0               0 
              0               1               0               0 
              0               0               1               0 
1
4.44089209850063e-16 -3.33066907387547e-16               1               0 
              1 3.33066907387547e-16 -4.44089209850063e-16               0 
-3.33066907387547e-16               1 3.33066907387547e-16               0 
2  1 1 2 1 0
1
              1               0               0            2.45 
              0               1               0 -8.1601392309949e-16 
              0               0               1 8.1601392309949e-16 
2  1 1 2 1 4 1 0
1
              1               0               0               0 
              0               1               0               0 
              0               0               1               0 
1
4.44089209850063e-16 -3.33066907387547e-16               1               0 
              1 3.33066907387547e-16 -4.44089209850063e-16               0 
-3.33066907387547e-16               1 3.33066907387547e-16               0 
1
              1               0               0             1.5 
              0               1               0 -4.9960036108132e-16 
              0               0               1 4.9960036108132e-16 
2  6 1 7 1 8 1 0
2  8 -1 7 -1 6 -1 0
2  6 1 7 1 0
2  7 -1 6 -1 0
Curve2ds 128
8 -3.5248089019899287 -1.9248089019899255
1 -4.0525211766923865 -1.4078934676921593 0.1305261922200516 0.99144486137381049 
8 -3.5248089019899287 -1.9248089019899255
1 -1.9248089019899257 -3.2000000000000006 -1 -4.9303806576313227e-32 
8 -3.9170421614254352 0.082957838574565609
1 -0.6290697382426611 -5.4138237389909989 0.99144486137381049 -0.13052619222005188 
8 -3.9170421614254352 0.082957838574565609
1 0.082957838574564749 -3.2000000000000002 -1 -9.2444637330587299e-32 
8 -3.5248089019899274 -1.9248089019899268
1 -0.086741731197143374 -1.9299982365723656 0.13052619222005188 0.99144486137381049 
8 -3.5248089019899274 -1.9248089019899268
1 -1.9248089019899268 -3.2000000000000006 -1 -4.9303806576313227e-32 
8 -3.9170421614254365 0.08295783857456572
1 -0.42022783069057795 -3.8275119607929016 0.99144486137381049 -0.1305261922200518 
8 -3.9170421614254365 0.08295783857456572
1 0.082957838574564527 -3.2000000000000006 -1 -2.2186712959340953e-31 
8 7.2711493128281752 11.271149312828179
1 -13.804704106326822 -3.8745713505755432 -0.92387953251128685 0.38268343236508973 
8 7.2711493128281752 11.271149312828179
1 11.271149312828179 -3.2000000000000002 -1 1.7256332301709629e-31 
8 -6.0312343591224904 -4.4312343591224685
1 -22.522128290164318 4.5326374833109933 0.38268343236508989 0.92387953251128674 
8 -6.0312343591224904 -4.4312343591224685
1 -4.4312343591224792 -3.2000000000000002 -1 -4.9303806576313238e-32 
8 7.2711493128281601 11.271149312828207
1 -14.416997598110967 -5.3527786025936033 -0.92387953251128685 0.38268343236508984 
8 7.2711493128281601 11.271149312828207
1 11.271149312828173 -3.2000000000000006 -1 1.4791141972893971e-31 
8 -6.0312343591224788 -4.4312343591224783
1 -18.82661016011917 3.0019037538506348 0.38268343236508978 0.92387953251128674 
8 -6.0312343591224788 -4.4312343591224783
1 -4.4312343591224792 -3.2000000000000006 -1 0 
8 1.1248089019899292 2.7248089019899293
1 -15.756847008542014 -0.67389290781659739 -0.13052619222005213 -0.99144486137381049 
8 1.1248089019899292 2.7248089019899293
1 2.7248089019899293 -3.2000000000000006 -1 9.8607613152626454e-32 
8 5.7670421614254366 9.7670421614254401
1 -10.18595971522261 -2.5418289674253902 -0.99144486137381049 0.13052619222005168 
8 5.7670421614254366 9.7670421614254401
1 9.7670421614254401 -3.2000000000000006 -1 1.1093356479670476e-31 
8 1.1248089019899172 2.7248089019899222
1 -19.722626454037254 -0.15178813893640086 -0.13052619222005105 -0.99144486137381049 
8 1.1248089019899172 2.7248089019899222
1 2.7248089019899182 -3.2000000000000002 -1 0 
8 5.7670421614253939 9.7670421614254543
1 -10.394801622774693 -4.1281407456234875 -0.99144486137381049 0.13052619222005185 
8 5.7670421614253939 9.7670421614254543
1 9.7670421614254401 -3.2000000000000006 -1 1.9721522630525291e-31 
8 -3.9170421614254347 0.082957838574566359
1 0.4202278306905744 -3.8275119607929007 -0.99144486137381049 -0.13052619222005138 
8 -3.9170421614254347 0.082957838574566359
1 0.082957838574566081 -3.2000000000000006 -1 1.9721522630525291e-31 
8 -3.5248089019899265 -1.9248089019899259
1 0.086741731197140279 -1.9299982365723656 -0.13052619222005121 0.99144486137381049 
8 -3.5248089019899265 -1.9248089019899259
1 -1.9248089019899259 -3.2000000000000002 -1 0 
8 -3.9170421614254369 0.082957838574565915
1 0.62906973824265622 -5.4138237389909971 -0.99144486137381049 -0.13052619222005124 
8 -3.9170421614254369 0.082957838574565915
1 0.082957838574565915 -3.2000000000000002 -1 -4.3140830754274083e-32 
8 -3.5248089019899318 -1.9248089019899259
1 4.0525211766923812 -1.4078934676921602 -0.13052619222005141 0.99144486137381049 
8 -3.5248089019899318 -1.9248089019899259
1 -1.9248089019899259 -3.2000000000000002 -1 1.9721522630525291e-31 
8 1.1248089019899354 2.7248089019899377
1 15.756847008542003 -0.67389290781660005 0.13052619222005252 -0.99144486137381027 
8 1.1248089019899354 2.7248089019899377
1 2.7248089019899355 -3.2000000000000002 -1 0 
8 -11.767042161425438 -7.7670421614254348
1 8.4119119000270697 -4.389193130063596 -0.99144486137381049 -0.13052619222005143 
8 -11.767042161425438 -7.7670421614254348
1 -7.7670421614254348 -3.2000000000000006 -1 1.6640034719505713e-31 
8 1.1248089019899141 2.7248089019899204
1 19.722626454037254 -0.1517881389364133 0.13052619222005032 -0.9914448613738106 
8 1.1248089019899141 2.7248089019899204
1 2.724808901989916 -3.2000000000000002 -1 4.9303806576313238e-32 
8 5.7670421614254348 9.7670421614254384
1 10.185959715222609 -2.5418289674253955 0.99144486137381049 0.13052619222005141 
8 5.7670421614254348 9.7670421614254384
1 9.7670421614254348 -3.2000000000000006 -1 -1.6640034719505713e-31 
8 -13.271149312828197 -9.2711493128281415
1 12.56923853308839 -6.1181454673237905 -0.92387953251128696 -0.38268343236508945 
8 -13.271149312828197 -9.2711493128281415
1 -9.2711493128281717 -3.2000000000000006 -1 1.7256332301709629e-31 
8 3.6312343591224616 5.2312343591224835
1 22.828275036056393 3.7935338573019477 0.38268343236508906 -0.92387953251128707 
8 3.6312343591224616 5.2312343591224835
1 5.2312343591224755 -3.2000000000000002 -1 -4.9303806576313238e-32 
8 7.2711493128281699 11.271149312828173
1 13.804704106326826 -3.8745713505755552 0.92387953251128674 0.38268343236508995 
8 7.2711493128281699 11.271149312828173
1 11.27114931282817 -3.2000000000000002 -1 -4.9303806576313238e-32 
8 -6.0312343591224602 -4.4312343591224597
1 18.826610160119191 3.0019037538506081 -0.38268343236508734 0.92387953251128774 
8 -6.0312343591224602 -4.4312343591224597
1 -4.4312343591224597 -3.1999999999999997 -1 1.4791141972893971e-31 
8 15.121149312828173 19.121149312828177
1 -21.057158436540416 -0.87050640650957956 -0.92387953251128707 0.38268343236508923 
8 15.121149312828173 19.121149312828177
1 19.121149312828177 -3.2000000000000002 -1 -2.4651903288156613e-32 
8 -6.0312343591225321 -4.4312343591224721
