<?xml version='1.0' encoding='utf-8'?>
<!-- FreeCAD DocumentObject -->
<Document SchemaVersion="4" FileVersion="2">
<Object name="Pad003">
  <Properties Count="47" TransientCount="2">
    <_Property name="_Body" type="App::PropertyLinkHidden" status="251658241"/>
    <_Property name="_ElementMapVersion" type="App::PropertyString" status="234881024"/>
    <Property name="AddSubShape" type="Part::PropertyPartShape">
      <Part HasherIndex="0" ElementMap="1.15.70200.4" brep="1">
<![CDATA[

CASCADE Topology V1, (c) Matra-Datavision
Locations 5
1
              1               0               0               0 
              0               1               0               0 
              0               0               1               0 
1
2.22044604925031e-16 -3.33066907387547e-16               1               0 
              1 3.33066907387547e-16 -2.22044604925031e-16               0 
-3.33066907387547e-16               1 3.33066907387547e-16               0 
2  1 1 2 1 0
1
              1               0               0             1.5 
              0               1               0 -4.9960036108132e-16 
              0               0               1 5.82867087928207e-16 
2  1 1 2 1 4 1 0
Curve2ds 0
Curves 64
1 -1.2878680885340415e-14 -38.676602948129059 12.882546325409052 1 -3.3306690738754696e-16 3.8857805861880479e-16 
1 -1.2679119893467765e-14 -38.122275228622286 12.652936265989998 1 -3.3306690738754696e-16 3.8857805861880479e-16 
1 -38.676602948129066 12.88254632540904 0 0.92387953251128707 -0.38268343236508906 0 
1 -1.2322734442041641e-14 -38.734568720406429 11.17472901397193 1 -3.3306690738754696e-16 3.8857805861880479e-16 
1 -38.734568720406436 11.174729013971918 0 0.38268343236508756 0.92387953251128763 0 
1 -1.2522295433914293e-14 -39.288896439913202 11.404339073390991 1 -3.3306690738754696e-16 3.8857805861880479e-16 
1 -39.288896439913209 11.404339073390979 0 0.92387953251128296 -0.38268343236509916 0 
1 -39.288896439913209 11.404339073390979 0 0.38268343236508917 0.92387953251128696 0 
1 -6.559249476039835e-15 -21.122891830414609 5.6115611104723486 1 -3.3306690738754696e-16 3.8857805861880479e-16 
1 -6.3596884841671854e-15 -20.568564110907836 5.3819510510532949 1 -3.3306690738754696e-16 3.8857805861880479e-16 
1 -21.122891830414613 5.6115611104723415 0 0.92387953251128707 -0.38268343236508906 0 
1 -6.0033030327410643e-15 -21.180857602691983 3.9037437990352357 1 -3.3306690738754696e-16 3.8857805861880479e-16 
1 -20.56856411090784 5.3819510510532877 0 -0.38268343236508962 -0.92387953251128696 0 
1 -6.2028640246137146e-15 -21.735185322198756 4.1333538584542895 1 -3.3306690738754696e-16 3.8857805861880479e-16 
1 -21.180857602691983 3.9037437990352286 0 -0.92387953251128707 0.38268343236508906 0 
1 -21.735185322198756 4.1333538584542824 0 0.38268343236508962 0.92387953251128696 0 
1 4.2971811575788225e-15 38.67660294812908 12.882546325409036 1 -3.3306690738754696e-16 3.8857805861880479e-16 
1 4.2505711904977244e-15 38.122275228622321 12.652936265989988 1 -3.3306690738754696e-16 3.8857805861880479e-16 
1 38.676602948129073 12.882546325409049 0 -0.92387953251128674 -0.38268343236508989 0 
1 4.8788695748866017e-15 38.734568720406465 11.174729013971927 1 -3.3306690738754696e-16 3.8857805861880479e-16 
1 38.122275228622314 12.65293626599 0 0.38268343236508917 -0.92387953251128696 0 
1 4.9254795419676989e-15 39.288896439913223 11.404339073390979 1 -3.3306690738754696e-16 3.8857805861880479e-16 
1 38.734568720406457 11.174729013971939 0 0.92387953251128463 0.38268343236509489 0 
1 39.288896439913216 11.404339073390991 0 -0.38268343236508995 0.92387953251128674 0 
1 2.7745888995962328e-15 20.568564110907854 5.3819510510532877 1 -3.3306690738754696e-16 3.8857805861880479e-16 
1 3.40288728398511e-15 21.180857602691994 3.9037437990352291 1 -3.3306690738754696e-16 3.8857805861880479e-16 
1 20.56856411090785 5.3819510510532949 0 0.38268343236508973 -0.92387953251128685 0 
1 3.4494972510662089e-15 21.73518532219876 4.1333538584542806 1 -3.3306690738754696e-16 3.8857805861880479e-16 
1 21.180857602691994 3.9037437990352362 0 0.92387953251128663 0.38268343236509011 0 
1 2.821198866677332e-15 21.12289183041462 5.6115611104723389 1 -3.3306690738754696e-16 3.8857805861880479e-16 
1 21.73518532219876 4.1333538584542877 0 -0.38268343236508973 0.92387953251128674 0 
1 21.122891830414616 5.611561110472346 0 -0.92387953251128685 -0.38268343236508945 0 
1 -6.1266281676461789e-15 -19.819871233920516 5.1813393992856067 1 -3.3306690738754696e-16 3.8857805861880479e-16 
1 -5.9684568050114753e-15 -19.225004317096229 5.1030236839535759 1 -3.3306690738754696e-16 3.8857805861880479e-16 
1 -19.819871233920516 5.1813393992856005 0 0.99144486137381049 -0.13052619222005121 0 
1 -5.4864810657487873e-15 -19.43384622464831 3.5167119057554821 1 -3.3306690738754696e-16 3.8857805861880479e-16 
1 -19.225004317096229 5.1030236839535696 0 -0.13052619222005091 -0.99144486137381049 0 
1 -5.644652428383491e-15 -20.028713141472601 3.5950276210875107 1 -3.3306690738754696e-16 3.8857805861880479e-16 
1 -20.028713141472601 3.5950276210875041 0 0.99144486137381116 -0.1305261922200468 0 
1 -19.819871233920516 5.1813393992856005 0 -0.13052619222005291 -0.99144486137381027 0 
1 -1.1178683508805795e-15 -0.98241886781811028 2.7013417471046259 1 -3.3306690738754696e-16 3.8857805861880479e-16 
1 -9.5969698824587799e-16 -0.38755195099382977 2.6230260317725955 1 -3.3306690738754696e-16 3.8857805861880479e-16 
1 -0.98241886781811116 2.7013417471046255 0 0.99144486137381049 -0.13052619222005124 0 
1 -4.7772124898318962e-16 -0.59639385854591231 1.0367142535744991 1 -3.3306690738754696e-16 3.8857805861880479e-16 
1 -0.38755195099383066 2.6230260317725955 0 -0.13052619222005127 -0.99144486137381049 0 
1 -6.3589261161789119e-16 -1.1912607753701929 1.1150299689065293 1 -3.3306690738754696e-16 3.8857805861880479e-16 
1 -0.59639385854591265 1.0367142535744989 0 -0.99144486137381049 0.13052619222005118 0 
1 -0.98241886781811116 2.7013417471046255 0 -0.13052619222005141 -0.99144486137381049 0 
1 2.6751627879555693e-15 19.81987123392053 5.1813393992856023 1 -3.3306690738754696e-16 3.8857805861880479e-16 
1 2.5691601715318327e-15 19.225004317096246 5.1030236839535714 1 -3.3306690738754696e-16 3.8857805861880479e-16 
1 19.81987123392053 5.1813393992856085 0 -0.99144486137381038 -0.13052619222005199 0 
1 3.1438803485029046e-15 19.433846224648327 3.5167119057554745 1 -3.3306690738754696e-16 3.8857805861880479e-16 
1 19.225004317096246 5.1030236839535776 0 0.13052619222005071 -0.99144486137381049 0 
1 3.2498829649266416e-15 20.028713141472611 3.595027621087505 1 -3.3306690738754696e-16 3.8857805861880479e-16 
1 19.433846224648327 3.5167119057554812 0 0.99144486137381049 0.13052619222005124 0 
1 20.028713141472611 3.5950276210875116 0 -0.13052619222005071 0.9914448613738106 0 
1 -7.8758934855317542e-16 0.38755195099384132 2.6230260317725955 1 -3.3306690738754696e-16 3.8857805861880479e-16 
1 -6.8158673212943899e-16 0.98241886781812404 2.7013417471046259 1 -3.3306690738754696e-16 3.8857805861880479e-16 
1 0.38755195099384043 2.6230260317725955 0 0.99144486137381038 0.13052619222005221 0 
1 -1.0686655515836676e-16 1.191260775370206 1.1150299689065295 1 -3.3306690738754696e-16 3.8857805861880479e-16 
1 0.98241886781812315 2.7013417471046264 0 0.13052619222005155 -0.99144486137381049 0 
1 -2.1286917158210307e-16 0.59639385854592319 1.0367142535744989 1 -3.3306690738754696e-16 3.8857805861880479e-16 
1 1.1912607753702056 1.1150299689065299 0 -0.99144486137381038 -0.13052619222005221 0 
1 0.59639385854592286 1.0367142535744991 0 -0.13052619222005155 0.99144486137381049 0 
Polygon3D 0
PolygonOnTriangulations 0
Surfaces 40
1 -1.2878680885340415e-14 -38.676602948129059 12.882546325409052 -2.3154012781459298e-16 0.38268343236508939 0.92387953251128696 3.3260165312108303e-16 0.92387953251128696 -0.38268343236508939 -1 2.1867728895564744e-16 -3.4119632726962873e-16 
1 -1.2322734442041641e-14 -38.734568720406429 11.17472901397193 -4.5641608390619371e-16 -0.92387953251128752 0.38268343236508789 -2.2274090714132633e-16 0.38268343236508789 0.92387953251128752 -1 3.3643422335693073e-16 -3.8044863873672283e-16 
1 -1.2522295433914293e-14 -39.288896439913202 11.404339073390991 -2.3154012781458805e-16 0.3826834323650995 0.92387953251128285 3.3260165312108564e-16 0.92387953251128285 -0.3826834323650995 -1 2.1867728895564803e-16 -3.4119632726962744e-16 
1 -1.2522295433914293e-14 -39.288896439913202 11.404339073390991 -4.5641608390619411e-16 -0.92387953251128685 0.3826834323650895 -2.2274090714132583e-16 0.3826834323650895 0.92387953251128685 -1 3.3643422335693063e-16 -3.8044863873672312e-16 
1 -1.9154964095966948e-15 -5.1891887251833559e-14 5.7510859443260953 1 0 3.3306690738754686e-16 -3.3306690738754686e-16 0 1 0 -1 0 
1 -6.559249476039835e-15 -21.122891830414609 5.6115611104723486 -2.3154012781459298e-16 0.38268343236508939 0.92387953251128696 3.3260165312108303e-16 0.92387953251128696 -0.38268343236508939 -1 2.1867728895564744e-16 -3.4119632726962873e-16 
1 -6.3596884841671854e-15 -20.568564110907836 5.3819510510532949 4.5641608390619421e-16 0.92387953251128674 -0.38268343236508989 2.2274090714132578e-16 -0.38268343236508989 -0.92387953251128674 -1 3.3643422335693058e-16 -3.8044863873672327e-16 
1 -6.0033030327410643e-15 -21.180857602691983 3.9037437990352357 2.3154012781459298e-16 -0.38268343236508939 -0.92387953251128696 -3.3260165312108303e-16 -0.92387953251128696 0.38268343236508939 -1 2.1867728895564744e-16 -3.4119632726962873e-16 
1 -6.2028640246137146e-15 -21.735185322198756 4.1333538584542895 -4.5641608390619421e-16 -0.92387953251128674 0.38268343236508989 -2.2274090714132578e-16 0.38268343236508989 0.92387953251128674 -1 3.3643422335693058e-16 -3.8044863873672327e-16 
1 -1.9154964095966948e-15 -5.1891887251833559e-14 5.7510859443260953 1 0 3.3306690738754686e-16 -3.3306690738754686e-16 0 1 0 -1 0 
1 4.2971811575788225e-15 38.67660294812908 12.882546325409036 4.8645850246717667e-16 0.38268343236508956 -0.92387953251128685 -7.7683278468499387e-17 -0.92387953251128685 -0.38268343236508956 -1 2.5792960042274189e-16 -4.1970095020381742e-16 
1 4.2505711904977244e-15 38.122275228622321 12.652936265989988 1.5901131347818016e-16 0.92387953251128718 0.38268343236508889 3.9268649024304841e-16 0.38268343236508889 -0.92387953251128718 -1 2.9718191188983658e-16 -3.0194401580253462e-16 
1 4.8788695748866017e-15 38.734568720406465 11.174729013971927 -4.8645850246717756e-16 -0.38268343236509456 0.92387953251128474 7.7683278468497243e-17 0.92387953251128474 0.38268343236509456 -1 2.5792960042274248e-16 -4.1970095020381767e-16 
1 4.9254795419676989e-15 39.288896439913223 11.404339073390979 -1.5901131347817974e-16 -0.92387953251128685 -0.38268343236508962 -3.9268649024304836e-16 -0.38268343236508962 0.92387953251128685 -1 2.9718191188983638e-16 -3.0194401580253448e-16 
1 -1.9154964095966948e-15 -5.1891887251833559e-14 5.7510859443260953 1 0 3.3306690738754686e-16 -3.3306690738754686e-16 0 1 0 -1 0 
1 2.7745888995962328e-15 20.568564110907854 5.3819510510532877 1.5901131347817988e-16 0.92387953251128696 0.38268343236508939 3.9268649024304816e-16 0.38268343236508939 -0.92387953251128696 -1 2.9718191188983638e-16 -3.0194401580253428e-16 
1 3.40288728398511e-15 21.180857602691994 3.9037437990352291 -4.8645850246717667e-16 -0.38268343236508978 0.92387953251128674 7.7683278468499141e-17 0.92387953251128674 0.38268343236508978 -1 2.5792960042274174e-16 -4.1970095020381752e-16 
1 3.4494972510662089e-15 21.73518532219876 4.1333538584542806 -1.5901131347817986e-16 -0.92387953251128696 -0.38268343236508945 -3.9268649024304796e-16 -0.38268343236508945 0.92387953251128696 -1 2.9718191188983624e-16 -3.0194401580253408e-16 
1 2.821198866677332e-15 21.12289183041462 5.6115611104723389 4.8645850246717658e-16 0.38268343236508917 -0.92387953251128707 -7.7683278468499498e-17 -0.92387953251128707 -0.38268343236508917 -1 2.5792960042274174e-16 -4.1970095020381742e-16 
1 -1.9154964095966948e-15 -5.1891887251833559e-14 5.7510859443260953 1 0 3.3306690738754686e-16 -3.3306690738754686e-16 0 1 0 -1 0 
1 -6.1266281676461789e-15 -19.819871233920516 5.1813393992856067 -3.4177976428442023e-16 0.13052619222005155 0.99144486137381049 2.6361893772450511e-16 0.99144486137381049 -0.13052619222005155 -1 2.1675242995787096e-16 -3.7326496715961512e-16 
1 -5.9684568050114753e-15 -19.225004317096229 5.1030236839535759 3.8093708819482273e-16 0.99144486137381049 -0.13052619222005124 3.0123483703918033e-16 -0.13052619222005124 -0.99144486137381049 -1 3.3835908235470721e-16 -3.4837999884673659e-16 
1 -5.644652428383491e-15 -20.028713141472601 3.5950276210875107 -3.4177976428442195e-16 0.13052619222004713 0.99144486137381105 2.6361893772450368e-16 0.99144486137381105 -0.13052619222004713 -1 2.1675242995787096e-16 -3.7326496715961561e-16 
1 -6.1266281676461789e-15 -19.819871233920516 5.1813393992856067 3.8093708819482347e-16 0.99144486137381027 -0.13052619222005324 3.0123483703917983e-16 -0.13052619222005324 -0.99144486137381027 -1 3.3835908235470721e-16 -3.4837999884673678e-16 
1 -1.9154964095966948e-15 -5.1891887251833559e-14 5.7510859443260953 1 0 3.3306690738754686e-16 -3.3306690738754686e-16 0 1 0 -1 0 
1 -1.1178683508805795e-15 -0.98241886781811028 2.7013417471046259 -3.4177976428442023e-16 0.13052619222005155 0.99144486137381038 2.6361893772450511e-16 0.99144486137381038 -0.13052619222005155 -1 2.1675242995787096e-16 -3.7326496715961517e-16 
1 -9.5969698824587799e-16 -0.38755195099382977 2.6230260317725955 3.8093708819482283e-16 0.99144486137381038 -0.13052619222005157 3.0123483703918018e-16 -0.13052619222005157 -0.99144486137381038 -1 3.3835908235470716e-16 -3.4837999884673654e-16 
1 -4.7772124898318962e-16 -0.59639385854591231 1.0367142535744991 3.4177976428442023e-16 -0.13052619222005152 -0.99144486137381049 -2.6361893772450516e-16 -0.99144486137381049 0.13052619222005152 -1 2.1675242995787101e-16 -3.7326496715961512e-16 
1 -1.1178683508805795e-15 -0.98241886781811028 2.7013417471046259 3.8093708819482288e-16 0.99144486137381038 -0.13052619222005171 3.0123483703918018e-16 -0.13052619222005171 -0.99144486137381038 -1 3.3835908235470716e-16 -3.4837999884673659e-16 
1 -1.9154964095966948e-15 -5.1891887251833559e-14 5.7510859443260953 1 0 3.3306690738754686e-16 -3.3306690738754686e-16 0 1 0 -1 0 
1 2.6751627879555693e-15 19.81987123392053 5.1813393992856023 4.2872767463603042e-16 0.13052619222005166 -0.99144486137381038 -1.7667102737289497e-16 -0.99144486137381038 -0.13052619222005166 -1 2.3111977311208678e-16 -4.0199965346804675e-16 
1 2.5691601715318327e-15 19.225004317096246 5.1030236839535714 2.7949785945127821e-16 0.9914448613738106 0.13052619222005041 3.5920011060692013e-16 0.13052619222005041 -0.9914448613738106 -1 3.2399173920049154e-16 -3.196453125383052e-16 
1 3.1438803485029046e-15 19.433846224648327 3.5167119057554745 -4.2872767463603012e-16 -0.13052619222005091 0.99144486137381049 1.7667102737289526e-16 0.99144486137381049 0.13052619222005091 -1 2.3111977311208673e-16 -4.0199965346804661e-16 
1 3.2498829649266416e-15 20.028713141472611 3.595027621087505 -2.7949785945127821e-16 -0.9914448613738106 -0.13052619222005038 -3.5920011060692013e-16 -0.13052619222005038 0.9914448613738106 -1 3.2399173920049154e-16 -3.196453125383052e-16 
1 -1.9154964095966948e-15 -5.1891887251833559e-14 5.7510859443260953 1 0 3.3306690738754686e-16 -3.3306690738754686e-16 0 1 0 -1 0 
1 -7.8758934855317542e-16 0.38755195099384132 2.6230260317725955 -4.2872767463603047e-16 -0.13052619222005188 0.99144486137381038 1.7667102737289487e-16 0.99144486137381038 0.13052619222005188 -1 2.3111977311208678e-16 -4.019996534680468e-16 
1 -6.8158673212943899e-16 0.98241886781812404 2.7013417471046259 2.7949785945127782e-16 0.99144486137381049 0.13052619222005121 3.5920011060692042e-16 0.13052619222005121 -0.99144486137381049 -1 3.2399173920049149e-16 -3.1964531253830529e-16 
1 -1.0686655515836676e-16 1.191260775370206 1.1150299689065295 4.2872767463603047e-16 0.13052619222005188 -0.99144486137381038 -1.7667102737289487e-16 -0.99144486137381038 -0.13052619222005188 -1 2.3111977311208678e-16 -4.019996534680468e-16 
1 -2.1286917158210307e-16 0.59639385854592319 1.0367142535744989 -2.7949785945127782e-16 -0.99144486137381049 -0.13052619222005121 -3.5920011060692042e-16 -0.13052619222005121 0.99144486137381049 -1 3.2399173920049149e-16 -3.1964531253830529e-16 
1 -1.9154964095966948e-15 -5.1891887251833559e-14 5.7510859443260953 1 0 3.3306690738754686e-16 -3.3306690738754686e-16 0 1 0 -1 0 
Triangulations 0

TShapes 193
Ve
1e-07
-38.6766029481291 12.882546325409 0
0 0

0101101
*
Ed
 1e-07 1 1 0
1  1 0 0 1.5
0

0101000
+193 3 -193 5 *
Ve
1e-07
-38.1222752286223 12.65293626599 0
0 0

0101101
*
Ed
 1e-07 1 1 0
1  2 0 0 1.5
0

0101000
+191 3 -191 5 *
Ed
 1e-07 1 1 0
1  3 0 0 0.600000000000001
0

0101000
+193 0 -191 0 *
Wi

0101100
+192 0 -190 0 -189 3 +189 5 *
Fa
0  1e-07 1 0

0111000
+188 0 *
Ve
1e-07
-38.7345687204064 11.1747290139719 0
0 0

0101101
*
Ed
 1e-07 1 1 0
1  4 0 0 1.5
0

0101000
+186 3 -186 5 *
Ed
 1e-07 1 1 0
1  5 0 0 1.60000000000001
0

0101000
+186 0 -191 0 *
Wi

0101100
+185 0 -190 0 -184 3 +184 5 *
Fa
0  1e-07 2 0

0111000
+183 0 *
Ve
1e-07
-39.2888964399132 11.404339073391 0
0 0

0101101
*
Ed
 1e-07 1 1 0
1  6 0 0 1.5
0

0101000
+181 3 -181 5 *
Ed
 1e-07 1 1 0
1  7 0 0 0.600000000000004
0

0101000
+181 0 -186 0 *
Wi

0101100
+180 0 -185 0 -179 3 +179 5 *
Fa
0  1e-07 3 0

0111000
+178 0 *
Ed
 1e-07 1 1 0
1  8 0 0 1.6
0

0101000
+181 0 -193 0 *
Wi

0101100
+180 0 -192 0 -176 3 +176 5 *
Fa
0  1e-07 4 0

0111000
+175 0 *
Wi

0101100
+189 0 -184 0 -179 0 +176 0 *
Fa
0  1e-07 5 0

0111000
-173 3 *
Sh

0101100
-187 0 +182 0 +177 0 -174 0 +172 0 -172 4 *
So

0100000
-171 0 *
Ve
1e-07
-21.1228918304146 5.61156111047234 0
0 0

0101101
*
Ed
 1e-07 1 1 0
1  9 0 0 1.5
0

0101000
+169 3 -169 5 *
Ve
1e-07
-20.5685641109078 5.38195105105329 0
0 0

0101101
*
Ed
 1e-07 1 1 0
1  10 0 0 1.5
0

0101000
+167 3 -167 5 *
Ed
 1e-07 1 1 0
1  11 0 0 0.600000000000001
0

0101000
+169 0 -167 0 *
Wi

0101100
+168 0 -166 0 -165 3 +165 5 *
Fa
0  1e-07 6 0

0111000
+164 0 *
Ve
1e-07
-21.180857602692 3.90374379903523 0
0 0

0101101
*
Ed
 1e-07 1 1 0
1  12 0 0 1.5
0

0101000
+162 3 -162 5 *
Ed
 1e-07 1 1 0
1  13 0 0 1.6
0

0101000
+167 0 -162 0 *
Wi

0101100
+166 0 -161 0 -160 3 +160 5 *
Fa
0  1e-07 7 0

0111000
+159 0 *
Ve
1e-07
-21.7351853221988 4.13335385845428 0
0 0

0101101
*
Ed
 1e-07 1 1 0
1  14 0 0 1.5
0

0101000
+157 3 -157 5 *
Ed
 1e-07 1 1 0
1  15 0 0 0.600000000000001
0

0101000
+162 0 -157 0 *
Wi

0101100
+161 0 -156 0 -155 3 +155 5 *
Fa
0  1e-07 8 0

0111000
+154 0 *
Ed
 1e-07 1 1 0
1  16 0 0 1.6
0

0101000
+157 0 -169 0 *
Wi

0101100
+156 0 -168 0 -152 3 +152 5 *
Fa
0  1e-07 9 0

0111000
+151 0 *
Wi

0101100
+165 0 +160 0 +155 0 +152 0 *
Fa
0  1e-07 10 0

0111000
-149 3 *
Sh

0101100
-163 0 -158 0 -153 0 -150 0 +148 0 -148 4 *
So

0100000
-147 0 *
Ve
1e-07
38.6766029481291 12.882546325409 0
0 0

0101101
*
Ed
 1e-07 1 1 0
1  17 0 0 1.5
0

0101000
+145 3 -145 5 *
Ve
1e-07
38.1222752286223 12.65293626599 0
0 0

0101101
*
Ed
 1e-07 1 1 0
1  18 0 0 1.5
0

0101000
+143 3 -143 5 *
Ed
 1e-07 1 1 0
1  19 0 0 0.599999999999986
0

0101000
+145 0 -143 0 *
Wi

0101100
+144 0 -142 0 -141 3 +141 5 *
Fa
0  1e-07 11 0

0111000
+140 0 *
Ve
1e-07
38.7345687204065 11.1747290139719 0
0 0

0101101
*
Ed
 1e-07 1 1 0
1  20 0 0 1.5
0

0101000
+138 3 -138 5 *
Ed
 1e-07 1 1 0
1  21 0 0 1.6
0

0101000
+143 0 -138 0 *
Wi

0101100
+142 0 -137 0 -136 3 +136 5 *
Fa
0  1e-07 12 0

0111000
+135 0 *
Ve
1e-07
39.2888964399132 11.404339073391 0
0 0

0101101
*
Ed
 1e-07 1 1 0
1  22 0 0 1.5
0

0101000
+133 3 -133 5 *
Ed
 1e-07 1 1 0
1  23 0 0 0.599999999999987
0

0101000
+138 0 -133 0 *
Wi

0101100
+137 0 -132 0 -131 3 +131 5 *
Fa
0  1e-07 13 0

0111000
+130 0 *
Ed
 1e-07 1 1 0
1  24 0 0 1.6
0

0101000
+133 0 -145 0 *
Wi

0101100
+132 0 -144 0 -128 3 +128 5 *
Fa
0  1e-07 14 0

0111000
+127 0 *
Wi

0101100
+141 0 +136 0 +131 0 +128 0 *
Fa
0  1e-07 15 0

0111000
+125 3 *
Sh

0101100
+139 0 +134 0 +129 0 +126 0 +124 0 -124 4 *
So

0100000
-123 0 *
Ve
1e-07
20.5685641109079 5.38195105105329 0
0 0

0101101
*
Ed
 1e-07 1 1 0
1  25 0 0 1.5
0

0101000
+121 3 -121 5 *
Ve
1e-07
21.180857602692 3.90374379903524 0
0 0

0101101
*
Ed
 1e-07 1 1 0
1  26 0 0 1.5
0

0101000
+119 3 -119 5 *
Ed
 1e-07 1 1 0
1  27 0 0 1.6
0

0101000
+121 0 -119 0 *
Wi

0101100
+120 0 -118 0 -117 3 +117 5 *
Fa
0  1e-07 16 0

0111000
+116 0 *
Ve
1e-07
21.7351853221988 4.13335385845429 0
0 0

0101101
*
Ed
 1e-07 1 1 0
1  28 0 0 1.5
0

0101000
+114 3 -114 5 *
Ed
 1e-07 1 1 0
1  29 0 0 0.599999999999994
0

0101000
+119 0 -114 0 *
Wi

0101100
+118 0 -113 0 -112 3 +112 5 *
Fa
0  1e-07 17 0

0111000
+111 0 *
Ve
1e-07
21.1228918304146 5.61156111047235 0
0 0

0101101
*
Ed
 1e-07 1 1 0
1  30 0 0 1.5
0

0101000
+109 3 -109 5 *
Ed
 1e-07 1 1 0
1  31 0 0 1.6
0

0101000
+114 0 -109 0 *
Wi

0101100
+113 0 -108 0 -107 3 +107 5 *
Fa
0  1e-07 18 0

0111000
+106 0 *
Ed
 1e-07 1 1 0
1  32 0 0 0.599999999999993
0

0101000
+109 0 -121 0 *
Wi

0101100
+108 0 -120 0 -104 3 +104 5 *
Fa
0  1e-07 19 0

0111000
+103 0 *
Wi

0101100
+117 0 +112 0 +107 0 +104 0 *
Fa
0  1e-07 20 0

0111000
+101 3 *
Sh

0101100
+115 0 +110 0 +105 0 +102 0 +100 0 -100 4 *
So

0100000
-99 0 *
Ve
1e-07
-19.8198712339205 5.1813393992856 0
0 0

0101101
*
Ed
 1e-07 1 1 0
1  33 0 0 1.5
0

0101000
+97 3 -97 5 *
Ve
1e-07
-19.2250043170962 5.10302368395357 0
0 0

0101101
*
Ed
 1e-07 1 1 0
1  34 0 0 1.5
0

0101000
+95 3 -95 5 *
Ed
 1e-07 1 1 0
1  35 0 0 0.600000000000001
0

0101000
+97 0 -95 0 *
Wi

0101100
+96 0 -94 0 -93 3 +93 5 *
Fa
0  1e-07 21 0

0111000
+92 0 *
Ve
1e-07
-19.4338462246483 3.51671190575548 0
0 0

0101101
*
Ed
 1e-07 1 1 0
1  36 0 0 1.5
0

0101000
+90 3 -90 5 *
Ed
 1e-07 1 1 0
1  37 0 0 1.6
0

0101000
+95 0 -90 0 *
Wi

0101100
+94 0 -89 0 -88 3 +88 5 *
Fa
0  1e-07 22 0

0111000
+87 0 *
Ve
1e-07
-20.0287131414726 3.5950276210875 0
0 0

0101101
*
Ed
 1e-07 1 1 0
1  38 0 0 1.5
0

0101000
+85 3 -85 5 *
Ed
 1e-07 1 1 0
1  39 0 0 0.600000000000004
0

0101000
+85 0 -90 0 *
Wi

0101100
+84 0 -89 0 -83 3 +83 5 *
Fa
0  1e-07 23 0

0111000
+82 0 *
Ed
 1e-07 1 1 0
1  40 0 0 1.6
0

0101000
+97 0 -85 0 *
Wi

0101100
+96 0 -84 0 -80 3 +80 5 *
Fa
0  1e-07 24 0

0111000
+79 0 *
Wi

0101100
+93 0 +88 0 -83 0 -80 0 *
Fa
0  1e-07 25 0

0111000
-77 3 *
Sh

0101100
-91 0 -86 0 +81 0 +78 0 +76 0 -76 4 *
So

0100000
-75 0 *
Ve
1e-07
-0.982418867818111 2.70134174710463 0
0 0

0101101
*
Ed
 1e-07 1 1 0
1  41 0 0 1.5
0

0101000
+73 3 -73 5 *
Ve
1e-07
-0.387551950993831 2.6230260317726 0
0 0

0101101
*
Ed
 1e-07 1 1 0
1  42 0 0 1.5
0

0101000
+71 3 -71 5 *
Ed
 1e-07 1 1 0
1  43 0 0 0.599999999999994
0

0101000
+73 0 -71 0 *
Wi

0101100
+72 0 -70 0 -69 3 +69 5 *
Fa
0  1e-07 26 0

0111000
+68 0 *
Ve
1e-07
-0.596393858545913 1.0367142535745 0
0 0

0101101
*
Ed
 1e-07 1 1 0
1  44 0 0 1.5
0

0101000
+66 3 -66 5 *
Ed
 1e-07 1 1 0
1  45 0 0 1.6
0

0101000
+71 0 -66 0 *
Wi

0101100
+70 0 -65 0 -64 3 +64 5 *
Fa
0  1e-07 27 0

0111000
+63 0 *
Ve
1e-07
-1.19126077537019 1.11502996890653 0
0 0

0101101
*
Ed
 1e-07 1 1 0
1  46 0 0 1.5
0

0101000
+61 3 -61 5 *
Ed
 1e-07 1 1 0
1  47 0 0 0.599999999999994
0

0101000
+66 0 -61 0 *
Wi

0101100
+65 0 -60 0 -59 3 +59 5 *
Fa
0  1e-07 28 0

0111000
+58 0 *
Ed
 1e-07 1 1 0
1  48 0 0 1.6
0

0101000
+73 0 -61 0 *
Wi

0101100
+72 0 -60 0 -56 3 +56 5 *
Fa
0  1e-07 29 0

0111000
+55 0 *
Wi

0101100
+69 0 +64 0 +59 0 -56 0 *
Fa
0  1e-07 30 0

0111000
-53 3 *
Sh

0101100
-67 0 -62 0 -57 0 +54 0 +52 0 -52 4 *
So

0100000
-51 0 *
Ve
1e-07
19.8198712339205 5.18133939928561 0
0 0

0101101
*
Ed
 1e-07 1 1 0
1  49 0 0 1.5
0

0101000
+49 3 -49 5 *
Ve
1e-07
19.2250043170962 5.10302368395358 0
0 0

0101101
*
Ed
 1e-07 1 1 0
1  50 0 0 1.5
0

0101000
+47 3 -47 5 *
Ed
 1e-07 1 1 0
1  51 0 0 0.599999999999998
0

0101000
+49 0 -47 0 *
Wi

0101100
+48 0 -46 0 -45 3 +45 5 *
Fa
0  1e-07 31 0

0111000
+44 0 *
Ve
1e-07
19.4338462246483 3.51671190575548 0
0 0

0101101
*
Ed
 1e-07 1 1 0
1  52 0 0 1.5
0

0101000
+42 3 -42 5 *
Ed
 1e-07 1 1 0
1  53 0 0 1.6
0

0101000
+47 0 -42 0 *
Wi

0101100
+46 0 -41 0 -40 3 +40 5 *
Fa
0  1e-07 32 0

0111000
+39 0 *
Ve
1e-07
20.0287131414726 3.59502762108751 0
0 0

0101101
*
Ed
 1e-07 1 1 0
1  54 0 0 1.5
0

0101000
+37 3 -37 5 *
Ed
 1e-07 1 1 0
1  55 0 0 0.599999999999997
0

0101000
+42 0 -37 0 *
Wi

0101100
+41 0 -36 0 -35 3 +35 5 *
Fa
0  1e-07 33 0

0111000
+34 0 *
Ed
 1e-07 1 1 0
1  56 0 0 1.6
0

0101000
+37 0 -49 0 *
Wi

0101100
+36 0 -48 0 -32 3 +32 5 *
Fa
0  1e-07 34 0

0111000
+31 0 *
Wi

0101100
+45 0 +40 0 +35 0 +32 0 *
Fa
0  1e-07 35 0

0111000
+29 3 *
Sh

0101100
+43 0 +38 0 +33 0 +30 0 +28 0 -28 4 *
So

0100000
-27 0 *
Ve
1e-07
0.38755195099384 2.6230260317726 0
0 0

0101101
*
Ed
 1e-07 1 1 0
1  57 0 0 1.5
0

0101000
+25 3 -25 5 *
Ve
1e-07
0.982418867818123 2.70134174710463 0
0 0

0101101
*
Ed
 1e-07 1 1 0
1  58 0 0 1.5
0

0101000
+23 3 -23 5 *
Ed
 1e-07 1 1 0
1  59 0 0 0.599999999999997
0

0101000
+25 0 -23 0 *
Wi

0101100
+24 0 -22 0 -21 3 +21 5 *
Fa
0  1e-07 36 0

0111000
+20 0 *
Ve
1e-07
1.19126077537021 1.11502996890653 0
0 0

0101101
*
Ed
 1e-07 1 1 0
1  60 0 0 1.5
0

0101000
+18 3 -18 5 *
Ed
 1e-07 1 1 0
1  61 0 0 1.6
0

0101000
+23 0 -18 0 *
Wi

0101100
+22 0 -17 0 -16 3 +16 5 *
Fa
0  1e-07 37 0

0111000
+15 0 *
Ve
1e-07
0.596393858545923 1.0367142535745 0
0 0

0101101
*
Ed
 1e-07 1 1 0
1  62 0 0 1.5
0

0101000
+13 3 -13 5 *
Ed
 1e-07 1 1 0
1  63 0 0 0.599999999999997
0

0101000
+18 0 -13 0 *
Wi

0101100
+17 0 -12 0 -11 3 +11 5 *
Fa
0  1e-07 38 0

0111000
+10 0 *
Ed
 1e-07 1 1 0
1  64 0 0 1.6
0

0101000
+13 0 -25 0 *
Wi

0101100
+12 0 -24 0 -8 3 +8 5 *
Fa
0  1e-07 39 0

0111000
+7 0 *
Wi

0101100
+21 0 +16 0 +11 0 +8 0 *
Fa
0  1e-07 40 0

0111000
-5 3 *
Sh

0101100
-19 0 -14 0 -9 0 -6 0 +4 0 -4 4 *
So

0100000
-3 0 *
Co

1100000
+170 0 +146 0 +122 0 +98 0 +74 0 +50 0 +26 0 +2 0 *

+1 0 ]]>
      </Part>
      <ElementMap new="1" count="1"><Element key="Dummy" value="Dummy"/></ElementMap>
      <ElementMap2 count="208">
<![CDATA[
11 PostfixCount 11
Edge
Face
Vertex
;:G;XTR;:Hee0:7,F
;FAC;:Hee0:4,F
;:G;XTR;:Hee0:7,E
;:G0;XTR;:Hee0:8,F
;:U;XTR;:Hee0:7,E
;:U;XTR;:Hee0:7,V
;SKT;:Hee0,E
;SKT;:Hee0,V

MapCount 1

ElementMap 1 11 3

Edge

ChildCount 0

NameCount 97
0
$#404.6 0
$#405.6 0
;g82.a 0
$#426.8 0
$#406.6 0
;g83.a 0
$#427.8 0
$#407.6 0
;g84.a 0
$#428.8 0
;g85.a 0
$#429.8 0
$#408.6 0
$#409.6 0
;g86.a 0
$#42a.8 0
$#40a.6 0
;g87.a 0
$#42b.8 0
$#40b.6 0
;g88.a 0
$#42c.8 0
;g89.a 0
$#42d.8 0
$#72b.6 0
$#72c.6 0
;g114.a 0
$#74b.8 0
$#72d.6 0
;g115.a 0
$#74c.8 0
$#72e.6 0
;g116.a 0
$#74d.8 0
;g117.a 0
$#74e.8 0
$#72f.6 0
$#730.6 0
;g118.a 0
$#74f.8 0
$#731.6 0
;g119.a 0
$#750.8 0
$#732.6 0
;g120.a 0
$#751.8 0
;g121.a 0
$#752.8 0
$#40c.6 0
$#40d.6 0
;g90.a 0
$#42e.8 0
$#40e.6 0
;g91.a 0
$#42f.8 0
$#40f.6 0
;g92.a 0
$#430.8 0
;g93.a 0
$#431.8 0
$#410.6 0
$#411.6 0
;g94.a 0
$#432.8 0
$#412.6 0
;g95.a 0
$#433.8 0
$#413.6 0
;g96.a 0
$#434.8 0
;g97.a 0
$#435.8 0
$#733.6 0
$#734.6 0
;g122.a 0
$#753.8 0
$#735.6 0
;g123.a 0
$#754.8 0
$#736.6 0
;g124.a 0
$#755.8 0
;g125.a 0
$#756.8 0
$#737.6 0
$#738.6 0
;g126.a 0
$#757.8 0
$#739.6 0
;g127.a 0
$#758.8 0
$#73a.6 0
;g128.a 0
$#759.8 0
;g129.a 0
$#75a.8 0

Face

ChildCount 0

NameCount 49
0
$#3ff.4 0
$#414.4 0
$#415.4 0
$#416.4 0
$#3ff.5 0
$#418.7 0
$#400.4 0
$#419.4 0
$#41a.4 0
$#41b.4 0
$#400.5 0
$#41c.7 0
$#727.4 0
$#73b.4 0
$#73c.4 0
$#73d.4 0
$#727.5 0
$#73e.7 0
$#728.4 0
$#73f.4 0
$#740.4 0
$#741.4 0
$#728.5 0
$#742.7 0
$#401.4 0
$#41d.4 0
$#41e.4 0
$#41f.4 0
$#401.5 0
$#420.7 0
$#402.4 0
$#421.4 0
$#422.4 0
$#423.4 0
$#402.5 0
$#424.7 0
$#729.4 0
$#743.4 0
$#744.4 0
$#745.4 0
$#729.5 0
$#746.7 0
$#72a.4 0
$#747.4 0
$#748.4 0
$#749.4 0
$#72a.5 0
$#74a.7 0

Vertex

ChildCount 0

NameCount 65
0
;g82v1.b 0
$#437.9 0
;g82v2.b 0
$#438.9 0
;g83v1.b 0
$#439.9 0
;g84v1.b 0
$#43a.9 0
;g86v1.b 0
$#43b.9 0
;g86v2.b 0
$#43c.9 0
;g87v2.b 0
$#43d.9 0
;g88v2.b 0
$#43e.9 0
;g114v1.b 0
$#75b.9 0
;g114v2.b 0
$#75c.9 0
;g115v2.b 0
$#75d.9 0
;g116v2.b 0
$#75e.9 0
;g118v1.b 0
$#75f.9 0
;g118v2.b 0
$#760.9 0
;g119v2.b 0
$#761.9 0
;g120v2.b 0
$#762.9 0
;g90v1.b 0
$#43f.9 0
;g90v2.b 0
$#440.9 0
;g91v2.b 0
$#441.9 0
;g92v1.b 0
$#442.9 0
;g94v1.b 0
$#443.9 0
;g94v2.b 0
$#444.9 0
;g95v2.b 0
$#445.9 0
;g96v2.b 0
$#446.9 0
;g122v1.b 0
$#763.9 0
;g122v2.b 0
$#764.9 0
;g123v2.b 0
$#765.9 0
;g124v2.b 0
$#766.9 0
;g126v1.b 0
$#767.9 0
;g126v2.b 0
$#768.9 0
;g127v2.b 0
$#769.9 0
;g128v2.b 0
$#76a.9 0

EndMap
]]>
      </ElementMap2>
    </Property>
    <Property name="AddSubType" type="App::PropertyEnumeration">
      <Integer value="0"/>
    </Property>
    <Property name="AllowMultiFace" type="App::PropertyBool">
      <Bool value="true"/>
    </Property>
    <Property name="AlongSketchNormal" type="App::PropertyBool">
      <Bool value="false"/>
    </Property>
    <Property name="AutoTaperInnerAngle" type="App::PropertyBool">
      <Bool value="true"/>
    </Property>
    <Property name="BaseFeature" type="App::PropertyLink" status="8">
      <Link value="Pad001"/>
    </Property>
    <Property name="CheckUpToFaceLimits" type="App::PropertyBool">
      <Bool value="true"/>
    </Property>
    <Property name="ClaimChildren" type="App::PropertyBool" status="134217728">
      <Bool value="false"/>
    </Property>
    <Property name="ColoredElements" type="App::PropertyLinkSubHidden" status="218103808">
      <LinkSub value="" count="0">
      </LinkSub>
    </Property>
    <Property name="Direction" type="App::PropertyVector" status="4">
      <PropertyVector valueX="1" valueY="-3.33066907387547e-16" valueZ="3.885780586188048e-16"/>
    </Property>
    <Property name="ExpressionEngine" type="App::PropertyExpressionEngine" status="67108864">
      <ExpressionEngine count="0"></ExpressionEngine>
    </Property>
    <Property name="Fit" type="App::PropertyDistance">
      <Float value="0"/>
    </Property>
    <Property name="FitJoin" type="App::PropertyEnumeration">
      <Integer value="0"/>
    </Property>
    <Property name="FixShape" type="App::PropertyEnumeration">
      <Integer value="0"/>
    </Property>
    <Property name="InnerFit" type="App::PropertyDistance">
      <Float value="0"/>
    </Property>
    <Property name="InnerFitJoin" type="App::PropertyEnumeration">
      <Integer value="0"/>
    </Property>
    <Property name="InvalidShape" type="App::PropertyBool" status="67108864">
      <Bool value="false"/>
    </Property>
    <Property name="Label" type="App::PropertyString" status="134217728">
      <String value="Pad003"/>
    </Property>
    <Property name="Label2" type="App::PropertyString" status="128">
      <String value=""/>
    </Property>
    <Property name="Length" type="App::PropertyLength">
      <Float value="1.5"/>
    </Property>
    <Property name="Length2" type="App::PropertyLength" status="4">
      <Float value="10"/>
    </Property>
    <Property name="Linearize" type="App::PropertyBool">
      <Bool value="true"/>
    </Property>
    <Property name="Midplane" type="App::PropertyBool">
      <Bool value="false"/>
    </Property>
    <Property name="NewSolid" type="App::PropertyBool">
      <Bool value="false"/>
    </Property>
    <Property name="Offset" type="App::PropertyLength" status="4">
      <Float value="0"/>
    </Property>
    <Property name="Placement" type="App::PropertyPlacement" status="8388620">
      <PropertyPlacement Px="0" Py="0" Pz="0" Q0="0" Q1="0" Q2="0" Q3="1" A="0" Ox="0" Oy="0" Oz="1"/>
    </Property>
    <Property name="Profile" type="App::PropertyLinkSub">
      <LinkSub value="Sketch004" count="1">
        <Sub value=""/>
      </LinkSub>
    </Property>
    <Property name="ReferenceAxis" type="App::PropertyLinkSub">
      <LinkSub value="Sketch004" count="1">
        <Sub value="N_Axis"/>
      </LinkSub>
    </Property>
    <Property name="Refine" type="App::PropertyBool">
      <Bool value="false"/>
    </Property>
    <Property name="Reversed" type="App::PropertyBool">
      <Bool value="false"/>
    </Property>
    <Property name="Shape" type="Part::PropertyPartShape">
      <Part HasherIndex="0" ElementMap="1.15.70200.4" brep="1">
<![CDATA[

CASCADE Topology V1, (c) Matra-Datavision
Locations 13
1
              1               0               0               0 
              0               1               0               0 
              0               0               1               0 
1
              1               0               0               0 
              0               1               0               0 
              0               0               1               0 
1
2.22044604925031e-16 -3.33066907387547e-16               1               0 
              1 3.33066907387547e-16 -2.22044604925031e-16               0 
-3.33066907387547e-16               1 3.33066907387547e-16               0 
2  2 1 3 1 0
1
              1               0               0             2.5 
              0               1               0 -8.32667268468867e-16 
              0               0               1 9.71445146547012e-16 
2  2 1 3 1 5 1 0
1
              1               0               0               0 
              0               1               0               0 
              0               0               1               0 
1
2.22044604925031e-16 -3.33066907387547e-16               1               0 
              1 3.33066907387547e-16 -2.22044604925031e-16               0 
-3.33066907387547e-16               1 3.33066907387547e-16               0 
1
              1               0               0             1.5 
              0               1               0 -4.9960036108132e-16 
              0               0               1 5.82867087928207e-16 
2  7 1 8 1 9 1 0
2  9 -1 8 -1 7 -1 0
2  7 1 8 1 0
2  8 -1 7 -1 0
Curve2ds 128
8 -13.296149312828172 -9.2961493128281685
1 -6.1085783815146568 -12.592335521401163 -0.38268343236508934 0.92387953251128696 
8 -13.296149312828172 -9.2961493128281685
1 -9.2961493128281685 -3.1999999999999975 -1 -2.0514246579479121e-16 
8 3.6312343591224749 5.2312343591224755
1 3.8126680289202053 -22.874469012681946 -0.92387953251128696 -0.38268343236508945 
8 3.6312343591224749 5.2312343591224755
1 5.2312343591224755 -3.1999999999999953 -1 8.4972791550861115e-17 
8 7.2961493128281685 11.296149312828172
1 -3.8650042647664189 -13.827801094639595 0.38268343236508928 -0.92387953251128707 
8 7.2961493128281685 11.296149312828172
1 11.29614931282817 -3.1999999999999975 -1 2.0514246579479128e-16 
8 -6.0312343591224771 -4.4312343591224765
1 3.0210379254688782 -18.872804136744726 0.92387953251128696 0.38268343236508939 
8 -6.0312343591224771 -4.4312343591224765
1 -4.4312343591224774 -3.1999999999999962 -1 -8.4972791550861189e-17 
8 -3.9420421614254271 0.057957838574573588
1 -3.8242488059873976 -0.4450139522249138 -0.13052619222005146 0.99144486137381049 
8 -3.9420421614254271 0.057957838574573588
1 0.057957838574572783 -3.2000000000000006 -1 -2.2014498254870001e-16 
8 -3.5248089019899247 -1.9248089019899239
1 -1.9234719269613638 -0.13631397426581793 0.99144486137381049 0.13052619222005121 
8 -3.5248089019899247 -1.9248089019899239
1 -1.9248089019899246 -3.2000000000000002 -1 -2.8982636783870145e-17 
8 -3.9420421614254284 0.0579578385745734
1 -5.410560584185494 -0.65385585977699545 -0.1305261922200513 0.99144486137381049 
8 -3.9420421614254284 0.0579578385745734
1 0.05795783857457254 -3.1999999999999997 -1 -2.2014498254870018e-16 
8 -3.5248089019899256 -1.9248089019899244
1 -1.4013671580811575 -4.1020934197610597 0.99144486137381049 0.13052619222005143 
8 -3.5248089019899256 -1.9248089019899244
1 -1.924808901989925 -3.1999999999999993 -1 -2.8982636783870139e-17 
8 1.1248089019899328 2.7248089019899342
1 -0.6804192174276027 -15.707274765473301 -0.99144486137381027 -0.13052619222005252 
8 1.1248089019899328 2.7248089019899342
1 2.7248089019899342 -3.1999999999999966 -1 2.8982636783870343e-17 
8 -11.742042161425429 -7.7420421614254273
1 -4.3924562848690965 -8.3871257784927202 -0.13052619222005155 0.99144486137381049 
8 -11.742042161425429 -7.7420421614254273
1 -7.7420421614254282 -3.1999999999999988 -1 -2.2014498254870009e-16 
8 1.1248089019899137 2.7248089019899151
1 -0.15831444854741505 -19.673054210968552 -0.9914448613738106 -0.13052619222005038 
8 1.1248089019899137 2.7248089019899151
1 2.7248089019899151 -3.1999999999999957 -1 2.898263678386985e-17 
8 5.7420421614254273 9.7420421614254309
1 -2.5450921222308942 -10.161173593688257 0.13052619222005141 -0.99144486137381049 
8 5.7420421614254273 9.7420421614254309
1 9.7420421614254291 -3.1999999999999984 -1 2.2014498254870004e-16 
8 -6.0312343591224815 -4.431234359122481
1 10.521633199824629 -36.980842973965949 0.92387953251128685 0.38268343236508962 
8 -6.0312343591224815 -4.431234359122481
1 -4.4312343591224819 -3.1999999999999917 -1 -8.497279155086146e-17 
8 -21.096149312828167 -17.096149312828167
1 -1.6454403570489102 -19.186302383205067 -0.38268343236508956 0.92387953251128685 
8 -21.096149312828167 -17.096149312828167
1 -17.096149312828167 -3.1999999999999957 -1 -2.0514246579479116e-16 
8 3.6312343591224812 5.2312343591224817
1 8.2517958443552413 -33.591471589812869 -0.92387953251128685 -0.38268343236508962 
8 3.6312343591224812 5.2312343591224817
1 5.2312343591224799 -3.1999999999999926 -1 8.497279155086146e-17 
8 15.096149312828162 19.096149312828171
1 -2.3582807443367866 -21.646354940011783 0.38268343236508956 -0.92387953251128685 
8 15.096149312828162 19.096149312828171
1 19.096149312828167 -3.1999999999999953 -1 2.0514246579479116e-16 
8 -3.5248089019899282 -1.9248089019899279
1 -1.401367158081154 4.1020934197610881 0.99144486137381049 -0.13052619222005216 
8 -3.5248089019899282 -1.9248089019899279
1 -1.9248089019899284 -3.2000000000000015 -1 2.8982636783870047e-17 
8 -3.9420421614254439 0.057957838574557823
1 -5.4105605841854967 0.65385585977701099 -0.1305261922200516 -0.99144486137381049 
8 -3.9420421614254439 0.057957838574557823
1 0.057957838574557823 -3.2000000000000006 -1 2.2014498254870004e-16 
8 -3.5248089019899265 -1.9248089019899259
1 -1.923471926961362 0.13631397426584704 0.99144486137381038 -0.13052619222005157 
8 -3.5248089019899265 -1.9248089019899259
1 -1.9248089019899264 -3.2000000000000002 -1 2.8982636783869998e-17 
8 -3.9420421614254439 0.057957838574557718
1 -3.8242488059873994 0.44501395222492834 -0.13052619222005157 -0.99144486137381049 
8 -3.9420421614254439 0.057957838574557718
1 0.057957838574557718 -3.2000000000000006 -1 2.2014498254870004e-16 
8 1.1248089019899215 2.7248089019899222
1 -0.68041921742760891 15.707274765473336 -0.99144486137381049 0.13052619222005102 
8 1.1248089019899215 2.7248089019899222
1 2.7248089019899222 -3.2000000000000037 -1 -2.898263678386985e-17 
8 5.7420421614254407 9.7420421614254451
1 -2.5450921222308933 10.161173593688272 0.13052619222005152 0.99144486137381049 
8 5.7420421614254407 9.7420421614254451
1 9.7420421614254433 -3.2000000000000028 -1 -2.2014498254869999e-16 
8 1.1248089019899419 2.7248089019899426
1 -0.15831444854738308 19.673054210968573 -0.99144486137381027 0.13052619222005324 
8 1.1248089019899419 2.7248089019899426
1 2.7248089019899426 -3.2000000000000051 -1 -2.8982636783870386e-17 
8 5.7420421614254398 9.7420421614254451
1 -4.1314039004289898 10.370015501240356 0.13052619222005152 0.99144486137381049 
8 5.7420421614254398 9.7420421614254451
1 9.7420421614254433 -3.2000000000000028 -1 -2.2014498254869999e-16 
8 7.2961493128281809 11.296149312828184
1 -3.8650042647664193 13.827801094639611 0.3826834323650895 0.92387953251128685 
8 7.2961493128281809 11.296149312828184
1 11.296149312828183 -3.2000000000000033 -1 -2.0514246579479116e-16 
8 -6.031234359122486 -4.4312343591224863
1 4.5517716549292491 22.568322266789892 0.92387953251128663 -0.38268343236509006 
8 -6.031234359122486 -4.4312343591224863
1 -4.4312343591224863 -3.2000000000000055 -1 8.4972791550861214e-17 
8 7.2961493128281809 11.296149312828184
