<?xml version='1.0' encoding='utf-8'?>
<!-- FreeCAD DocumentObject -->
<Document SchemaVersion="4" FileVersion="2">
<Object name="Pad001">
  <Properties Count="47" TransientCount="2">
    <_Property name="_Body" type="App::PropertyLinkHidden" status="251658241"/>
    <_Property name="_ElementMapVersion" type="App::PropertyString" status="234881024"/>
    <Property name="AddSubShape" type="Part::PropertyPartShape">
      <Part HasherIndex="0" ElementMap="1.15.70200.4" brep="1">
<![CDATA[

CASCADE Topology V1, (c) Matra-Datavision
Locations 8
1
              1               0               0               0 
              0               1               0               0 
              0               0               1               0 
1
4.44089209850063e-16 -3.33066907387547e-16               1               0 
              1 3.33066907387547e-16 -4.44089209850063e-16               0 
-3.33066907387547e-16               1 3.33066907387547e-16               0 
1
              1               0               0            -3.2 
              0               1               0 1.06581410364015e-15 
              0               0               1 -1.06581410364015e-15 
2  1 1 2 1 3 1 0
1
              1               0               0             7.8 
              0               1               0 -2.59792187762286e-15 
              0               0               1 2.59792187762286e-15 
2  1 1 2 1 3 1 5 1 0
2  1 1 2 1 0
2  3 1 5 1 0
Curve2ds 0
Curves 64
1 -3.2000000000000215 -38.72279692475459 12.901680497027311 1 -3.3306690738754681e-16 3.3306690738754681e-16 
1 -3.2000000000000197 -35.027278794709495 11.370946767566911 1 -3.3306690738754681e-16 3.3306690738754681e-16 
1 -38.722796924754626 12.901680497027302 0 0.92387953251128718 -0.38268343236508889 0 
1 -3.2000000000000193 -35.639572286493603 9.8927395155489002 1 -3.3306690738754681e-16 3.3306690738754681e-16 
1 -35.639572286493618 9.892739515548886 0 0.38268343236508962 0.92387953251128696 0 
1 -3.2000000000000215 -39.33509041653879 11.423473245009211 1 -3.3306690738754681e-16 3.3306690738754681e-16 
1 -39.335090416538769 11.423473245009243 0 0.92387953251128718 -0.38268343236508889 0 
1 -38.722796924754626 12.901680497027302 0 -0.38268343236508962 -0.92387953251128696 0 
1 -3.2000000000000131 -24.217888264327396 6.8935506088954073 1 -3.3306690738754681e-16 3.3306690738754681e-16 
1 -3.2000000000000113 -20.522370134282298 5.3628168794350461 1 -3.3306690738754681e-16 3.3306690738754681e-16 
1 -24.217888264327421 6.8935506088953975 0 0.92387953251128696 -0.38268343236508939 0 
1 -3.2000000000000108 -21.134663626066398 3.8846096274169861 1 -3.3306690738754681e-16 3.3306690738754681e-16 
1 -20.522370134282273 5.3628168794350399 0 -0.38268343236508945 -0.92387953251128685 0 
1 -3.2000000000000131 -24.830181756111596 5.4153433568773472 1 -3.3306690738754681e-16 3.3306690738754681e-16 
1 -24.830181756111564 5.4153433568773384 0 0.92387953251128696 -0.3826834323650895 0 
1 -24.217888264327421 6.8935506088953975 0 -0.38268343236508962 -0.92387953251128696 0 
1 -3.1999999999999926 20.522370134282305 5.3628168794350319 1 -3.3306690738754681e-16 3.3306690738754681e-16 
1 -3.1999999999999922 21.134663626066398 3.8846096274169719 1 -3.3306690738754681e-16 3.3306690738754681e-16 
1 20.522370134282291 5.3628168794350399 0 0.38268343236508767 -0.92387953251128763 0 
1 -3.1999999999999909 24.830181756111603 5.4153433568773313 1 -3.3306690738754681e-16 3.3306690738754681e-16 
1 21.13466362606643 3.8846096274169808 0 0.92387953251128674 0.38268343236508973 0 
1 -3.1999999999999917 24.217888264327403 6.8935506088953913 1 -3.3306690738754681e-16 3.3306690738754681e-16 
1 24.830181756111578 5.4153433568773401 0 -0.38268343236508939 0.92387953251128696 0 
1 24.217888264327435 6.8935506088954002 0 -0.92387953251128663 -0.38268343236509028 0 
1 -3.1999999999999873 38.722796924754604 12.901680497027286 1 -3.3306690738754681e-16 3.3306690738754681e-16 
1 -3.1999999999999864 39.335090416538804 11.423473245009186 1 -3.3306690738754681e-16 3.3306690738754681e-16 
1 38.72279692475464 12.901680497027305 0 0.38268343236508995 -0.92387953251128674 0 
1 -3.1999999999999877 35.639572286493603 9.8927395155488753 1 -3.3306690738754681e-16 3.3306690738754681e-16 
1 39.335090416538783 11.423473245009248 0 -0.92387953251128663 -0.38268343236509028 0 
1 -3.1999999999999886 35.02727879470951 11.370946767566886 1 -3.3306690738754681e-16 3.3306690738754681e-16 
1 35.639572286493639 9.8927395155488878 0 -0.38268343236508917 0.92387953251128696 0 
1 35.027278794709495 11.370946767566949 0 0.92387953251128685 0.3826834323650895 0 
1 -3.2000000000000104 -20.078285384541299 3.6015539306985156 1 -3.3306690738754681e-16 3.3306690738754681e-16 
1 -3.2000000000000082 -16.112505939045999 3.0794491618183146 1 -3.3306690738754681e-16 3.3306690738754681e-16 
1 -20.078285384541285 3.601553930698512 0 0.99144486137381049 -0.13052619222005152 0 
1 -3.2000000000000086 -15.903664031493996 4.6657609400164048 1 -3.3306690738754681e-16 3.3306690738754681e-16 
1 -16.112505939046045 3.0794491618183062 0 0.1305261922200518 0.99144486137381049 0 
1 -3.2000000000000108 -19.869443476989201 5.1878657088966156 1 -3.3306690738754681e-16 3.3306690738754681e-16 
1 -19.869443476989204 5.1878657088966085 0 0.99144486137381049 -0.13052619222005135 0 
1 -20.078285384541285 3.601553930698512 0 0.13052619222005071 0.99144486137381049 0 
1 -3.2000000000000011 -0.33797970792513604 2.6164997221615893 1 -3.3306690738754681e-16 3.3306690738754681e-16 
1 -3.2000000000000033 -4.3037591534203781 3.1386044910418005 1 -3.3306690738754681e-16 3.3306690738754681e-16 
1 -0.33797970792513782 2.6164997221615942 0 -0.99144486137381049 0.13052619222005146 0 
1 -3.2000000000000028 -4.5126010609724583 1.5522927128437005 1 -3.3306690738754681e-16 3.3306690738754681e-16 
1 -4.3037591534203798 3.1386044910418001 0 -0.13052619222005127 -0.99144486137381049 0 
1 -3.2000000000000006 -0.54682161547721853 1.0301879439634991 1 -3.3306690738754681e-16 3.3306690738754681e-16 
1 -0.5468216154772203 1.0301879439634973 0 -0.99144486137381049 0.13052619222005155 0 
1 -0.33797970792513782 2.6164997221615942 0 -0.13052619222005155 -0.99144486137381049 0 
1 -3.2000000000000011 0.33797970792515492 2.6164997221615893 1 -3.3306690738754681e-16 3.3306690738754681e-16 
1 -3.1999999999999993 4.3037591534203914 3.1386044910417978 1 -3.3306690738754681e-16 3.3306690738754681e-16 
1 0.33797970792515269 2.6164997221615947 0 0.99144486137381038 0.13052619222005168 0 
1 -3.1999999999999988 4.5126010609724814 1.5522927128436974 1 -3.3306690738754681e-16 3.3306690738754681e-16 
1 4.3037591534203941 3.1386044910418014 0 0.13052619222005174 -0.99144486137381049 0 
1 -3.2000000000000002 0.5468216154772364 1.0301879439634987 1 -3.3306690738754681e-16 3.3306690738754681e-16 
1 0.54682161547723518 1.0301879439634978 0 0.99144486137381049 0.13052619222005157 0 
1 0.33797970792515269 2.6164997221615947 0 0.13052619222005155 -0.99144486137381049 0 
1 -3.1999999999999931 19.869443476989201 5.1878657088966031 1 -3.3306690738754681e-16 3.3306690738754681e-16 
1 -3.1999999999999948 15.903664031494003 4.6657609400163942 1 -3.3306690738754681e-16 3.3306690738754681e-16 
1 19.869443476989222 5.187865708896612 0 -0.99144486137381049 -0.13052619222005174 0 
1 -3.199999999999994 16.112505939046098 3.079449161818304 1 -3.3306690738754681e-16 3.3306690738754681e-16 
1 16.112505939046063 3.079449161818308 0 -0.13052619222005285 0.99144486137381027 0 
1 -3.1999999999999926 20.078285384541299 3.6015539306985023 1 -3.3306690738754681e-16 3.3306690738754681e-16 
1 16.112505939046063 3.079449161818308 0 0.99144486137381038 0.13052619222005174 0 
1 20.078285384541303 3.6015539306985147 0 -0.13052619222005066 0.9914448613738106 0 
Polygon3D 0
PolygonOnTriangulations 0
Surfaces 40
1 -3.2000000000000215 -38.722796924754618 12.901680497027312 -1.802545113658952e-16 0.38268343236508923 0.92387953251128707 5.3774411891587466e-16 0.92387953251128707 -0.38268343236508923 -1 4.2783037008589943e-16 -3.7231921885464126e-16 
1 -3.2000000000000193 -35.639572286493618 9.8927395155488966 -4.3517288601847869e-16 -0.92387953251128674 0.38268343236508989 -1.3776811559046454e-16 0.38268343236508989 0.92387953251128674 -1 3.4932574715171014e-16 -2.9381459592045276e-16 
1 -3.2000000000000215 -39.335090416538762 11.423473245009253 -1.802545113658952e-16 0.38268343236508923 0.92387953251128707 5.3774411891587466e-16 0.92387953251128707 -0.38268343236508923 -1 4.2783037008589943e-16 -3.7231921885464126e-16 
1 -3.2000000000000215 -38.722796924754618 12.901680497027312 4.3517288601847869e-16 0.92387953251128674 -0.38268343236508989 1.3776811559046454e-16 -0.38268343236508989 -0.92387953251128674 -1 3.4932574715171014e-16 -2.9381459592045276e-16 
1 -1.9154964095966814e-15 1.0309213800090744e-14 5.7510859443261015 1 -4.4408920985006232e-16 3.3306690738754741e-16 4.4408920985006232e-16 1 0 -3.3306690738754741e-16 1.479114197289398e-31 1 
1 -3.2000000000000131 -24.217888264327417 6.8935506088954046 -1.8025451136589493e-16 0.38268343236508973 0.92387953251128685 5.3774411891587466e-16 0.92387953251128685 -0.38268343236508973 -1 4.2783037008589924e-16 -3.7231921885464126e-16 
1 -3.2000000000000113 -20.522370134282269 5.3628168794350461 4.3517288601847869e-16 0.92387953251128674 -0.38268343236508978 1.3776811559046457e-16 -0.38268343236508978 -0.92387953251128674 -1 3.4932574715171014e-16 -2.9381459592045276e-16 
1 -3.2000000000000131 -24.830181756111561 5.4153433568773455 -1.8025451136589488e-16 0.38268343236508984 0.92387953251128685 5.3774411891587456e-16 0.92387953251128663 -0.38268343236508978 -1 4.2783037008589924e-16 -3.7231921885464126e-16 
1 -3.2000000000000131 -24.217888264327417 6.8935506088954046 4.3517288601847869e-16 0.92387953251128674 -0.38268343236508989 1.3776811559046454e-16 -0.38268343236508989 -0.92387953251128674 -1 3.4932574715171014e-16 -2.9381459592045276e-16 
1 -1.9154964095966814e-15 1.0309213800090744e-14 5.7510859443261015 1 -4.4408920985006232e-16 3.3306690738754741e-16 4.4408920985006232e-16 1 0 -3.3306690738754741e-16 1.479114197289398e-31 1 
1 -3.1999999999999926 20.522370134282294 5.3628168794350319 1.8025451136589601e-16 0.92387953251128774 0.38268343236508734 4.7765928179390903e-16 0.38268343236508734 -0.92387953251128774 -1 3.4932574715171019e-16 -3.7231921885464136e-16 
1 -3.1999999999999922 21.13466362606643 3.8846096274169728 -4.351728860184786e-16 -0.38268343236508945 0.92387953251128696 2.8282574426329067e-16 0.92387953251128696 0.38268343236508945 -1 4.2783037008589894e-16 -2.9381459592045242e-16 
1 -3.1999999999999909 24.830181756111582 5.4153433568773313 -1.8025451136589525e-16 -0.92387953251128707 -0.38268343236508906 -4.7765928179390962e-16 -0.38268343236508906 0.92387953251128707 -1 3.4932574715171039e-16 -3.7231921885464161e-16 
1 -3.1999999999999917 24.217888264327438 6.8935506088953913 4.3517288601847874e-16 0.38268343236508995 -0.92387953251128674 -2.8282574426329052e-16 -0.92387953251128674 -0.38268343236508995 -1 4.2783037008589909e-16 -2.9381459592045247e-16 
1 -1.9154964095966814e-15 1.0309213800090744e-14 5.7510859443261015 1 -4.4408920985006232e-16 3.3306690738754741e-16 4.4408920985006232e-16 1 0 -3.3306690738754741e-16 1.479114197289398e-31 1 
1 -3.1999999999999873 38.722796924754647 12.901680497027291 1.8025451136589495e-16 0.92387953251128685 0.38268343236508962 4.7765928179390982e-16 0.38268343236508962 -0.92387953251128685 -1 3.4932574715171044e-16 -3.7231921885464166e-16 
1 -3.1999999999999864 39.33509041653879 11.423473245009234 4.3517288601847874e-16 0.38268343236508995 -0.92387953251128674 -2.8282574426329052e-16 -0.92387953251128674 -0.38268343236508995 -1 4.2783037008589909e-16 -2.9381459592045247e-16 
1 -3.1999999999999877 35.639572286493639 9.8927395155488735 -1.8025451136589535e-16 -0.92387953251128718 -0.38268343236508889 -4.7765928179390962e-16 -0.38268343236508889 0.92387953251128718 -1 3.4932574715171044e-16 -3.7231921885464166e-16 
1 -3.1999999999999886 35.027278794709503 11.370946767566934 -4.3517288601847855e-16 -0.38268343236508917 0.92387953251128696 2.8282574426329067e-16 0.92387953251128696 0.38268343236508917 -1 4.2783037008589889e-16 -2.9381459592045252e-16 
1 -1.9154964095966814e-15 1.0309213800090744e-14 5.7510859443261015 1 -4.4408920985006232e-16 3.3306690738754741e-16 4.4408920985006232e-16 1 0 -3.3306690738754741e-16 1.479114197289398e-31 1 
1 -3.2000000000000104 -20.078285384541285 3.6015539306985178 -2.8674351864724501e-16 0.13052619222005185 0.99144486137381049 4.8376392027320549e-16 0.99144486137381049 -0.13052619222005185 -1 4.4219771324011491e-16 -3.4743425054176263e-16 
1 -3.2000000000000082 -16.112505939046045 3.0794491618183106 -3.7369142899885535e-16 -0.99144486137381049 0.13052619222005213 -2.7225220025531038e-16 0.13052619222005213 0.99144486137381049 -1 3.3495840399749443e-16 -3.1869956423333159e-16 
1 -3.2000000000000108 -19.869443476989204 5.1878657088966138 -2.8674351864724506e-16 0.13052619222005168 0.99144486137381049 4.8376392027320549e-16 0.99144486137381049 -0.13052619222005168 -1 4.4219771324011496e-16 -3.4743425054176258e-16 
1 -3.2000000000000104 -20.078285384541285 3.6015539306985178 -3.73691428998855e-16 -0.99144486137381049 0.13052619222005105 -2.7225220025531072e-16 0.13052619222005105 0.99144486137381049 -1 3.3495840399749443e-16 -3.1869956423333154e-16 
1 -1.9154964095966814e-15 1.0309213800090744e-14 5.7510859443261015 1 -4.4408920985006232e-16 3.3306690738754741e-16 4.4408920985006232e-16 1 0 -3.3306690738754741e-16 1.479114197289398e-31 1 
1 -3.2000000000000011 -0.33797970792513587 2.6164997221615933 2.8674351864724501e-16 -0.1305261922200518 -0.99144486137381049 -4.8376392027320549e-16 -0.99144486137381049 0.1305261922200518 -1 4.4219771324011491e-16 -3.4743425054176258e-16 
1 -3.2000000000000033 -4.3037591534203781 3.1386044910418005 3.736914289988552e-16 0.99144486137381049 -0.1305261922200516 2.7225220025531043e-16 -0.1305261922200516 -0.99144486137381049 -1 3.3495840399749443e-16 -3.1869956423333144e-16 
1 -3.2000000000000006 -0.54682161547721886 1.0301879439634964 2.8674351864724496e-16 -0.13052619222005188 -0.99144486137381049 -4.8376392027320559e-16 -0.99144486137381049 0.13052619222005188 -1 4.4219771324011501e-16 -3.4743425054176258e-16 
1 -3.2000000000000011 -0.33797970792513587 2.6164997221615933 3.736914289988553e-16 0.99144486137381049 -0.13052619222005188 2.7225220025531033e-16 -0.13052619222005188 -0.99144486137381049 -1 3.3495840399749447e-16 -3.1869956423333144e-16 
1 -1.9154964095966814e-15 1.0309213800090744e-14 5.7510859443261015 1 -4.4408920985006232e-16 3.3306690738754741e-16 4.4408920985006232e-16 1 0 -3.3306690738754741e-16 1.479114197289398e-31 1 
1 -3.2000000000000011 0.33797970792515464 2.6164997221615938 -3.736914289988551e-16 -0.13052619222005138 0.99144486137381049 3.968160099215952e-16 0.99144486137381049 0.13052619222005138 -1 4.4219771324011471e-16 -3.1869956423333105e-16 
1 -3.1999999999999993 4.3037591534203958 3.1386044910417992 2.8674351864724511e-16 0.99144486137381049 0.13052619222005141 3.8818274739079032e-16 0.13052619222005141 -0.99144486137381049 -1 3.3495840399749443e-16 -3.4743425054176268e-16 
1 -3.2000000000000002 0.54682161547723662 1.0301879439634964 -3.7369142899885505e-16 -0.13052619222005124 0.99144486137381049 3.9681600992159554e-16 0.99144486137381049 0.13052619222005124 -1 4.421977132401151e-16 -3.1869956423333105e-16 
1 -3.2000000000000011 0.33797970792515464 2.6164997221615938 2.8674351864724521e-16 0.99144486137381049 0.13052619222005121 3.8818274739079052e-16 0.13052619222005121 -0.99144486137381049 -1 3.3495840399749457e-16 -3.4743425054176303e-16 
1 -1.9154964095966814e-15 1.0309213800090744e-14 5.7510859443261015 1 -4.4408920985006232e-16 3.3306690738754741e-16 4.4408920985006232e-16 1 0 -3.3306690738754741e-16 1.479114197289398e-31 1 
1 -3.1999999999999931 19.869443476989222 5.1878657088966049 3.7369142899885515e-16 0.13052619222005141 -0.99144486137381049 -3.9681600992159515e-16 -0.99144486137381049 -0.13052619222005141 -1 4.4219771324011466e-16 -3.1869956423333109e-16 
1 -3.199999999999994 16.112505939046063 3.0794491618183018 -2.8674351864724471e-16 -0.99144486137381027 -0.13052619222005252 -3.8818274739079101e-16 -0.13052619222005252 0.99144486137381027 -1 3.3495840399749462e-16 -3.4743425054176313e-16 
1 -3.199999999999994 16.112505939046063 3.0794491618183018 -3.7369142899885515e-16 -0.13052619222005143 0.99144486137381049 3.9681600992159525e-16 0.99144486137381049 0.13052619222005143 -1 4.4219771324011481e-16 -3.1869956423333105e-16 
1 -3.1999999999999926 20.078285384541303 3.6015539306985072 -2.8674351864724555e-16 -0.9914448613738106 -0.13052619222005032 -3.8818274739079022e-16 -0.13052619222005032 0.9914448613738106 -1 3.3495840399749452e-16 -3.4743425054176298e-16 
1 -1.9154964095966814e-15 1.0309213800090744e-14 5.7510859443261015 1 -4.4408920985006232e-16 3.3306690738754741e-16 4.4408920985006232e-16 1 0 -3.3306690738754741e-16 1.479114197289398e-31 1 
Triangulations 0

TShapes 193
Ve
1e-07
-38.7227969247546 12.9016804970273 0
0 0

0101101
*
Ed
 1e-07 1 1 0
1  1 0 0 7.8
0

0101000
+193 4 -193 6 *
Ve
1e-07
-35.0272787947095 11.3709467675669 0
0 0

0101101
*
Ed
 1e-07 1 1 0
1  2 0 0 7.8
0

0101000
+191 4 -191 6 *
Ed
 1e-07 1 1 0
1  3 0 0 4
0

0101000
+193 0 -191 0 *
Wi

0101100
+192 0 -190 0 -189 4 +189 6 *
Fa
0  1e-07 1 0

0111000
+188 0 *
Ve
1e-07
-35.6395722864936 9.89273951554889 0
0 0

0101101
*
Ed
 1e-07 1 1 0
1  4 0 0 7.8
0

0101000
+186 4 -186 6 *
Ed
 1e-07 1 1 0
1  5 0 0 1.6
0

0101000
+186 0 -191 0 *
Wi

0101100
+185 0 -190 0 -184 4 +184 6 *
Fa
0  1e-07 2 0

0111000
+183 0 *
Ve
1e-07
-39.3350904165388 11.4234732450092 0
0 0

0101101
*
Ed
 1e-07 1 1 0
1  6 0 0 7.8
0

0101000
+181 4 -181 6 *
Ed
 1e-07 1 1 0
1  7 0 0 4
0

0101000
+181 0 -186 0 *
Wi

0101100
+180 0 -185 0 -179 4 +179 6 *
Fa
0  1e-07 3 0

0111000
+178 0 *
Ed
 1e-07 1 1 0
1  8 0 0 1.6
0

0101000
+193 0 -181 0 *
Wi

0101100
+192 0 -180 0 -176 4 +176 6 *
Fa
0  1e-07 4 0

0111000
+175 0 *
Wi

0101100
+189 0 -184 0 -179 0 -176 0 *
Fa
0  1e-07 5 0

0111000
-173 7 *
Sh

0101100
-187 0 +182 0 +177 0 +174 0 +172 3 -172 8 *
So

0100000
-171 0 *
Ve
1e-07
-24.2178882643274 6.8935506088954 0
0 0

0101101
*
Ed
 1e-07 1 1 0
1  9 0 0 7.8
0

0101000
+169 4 -169 6 *
Ve
1e-07
-20.5223701342823 5.36281687943504 0
0 0

0101101
*
Ed
 1e-07 1 1 0
1  10 0 0 7.8
0

0101000
+167 4 -167 6 *
Ed
 1e-07 1 1 0
1  11 0 0 4
0

0101000
+169 0 -167 0 *
Wi

0101100
+168 0 -166 0 -165 4 +165 6 *
Fa
0  1e-07 6 0

0111000
+164 0 *
Ve
1e-07
-21.1346636260664 3.88460962741698 0
0 0

0101101
*
Ed
 1e-07 1 1 0
1  12 0 0 7.8
0

0101000
+162 4 -162 6 *
Ed
 1e-07 1 1 0
1  13 0 0 1.6
0

0101000
+167 0 -162 0 *
Wi

0101100
+166 0 -161 0 -160 4 +160 6 *
Fa
0  1e-07 7 0

0111000
+159 0 *
Ve
1e-07
-24.8301817561116 5.41534335687734 0
0 0

0101101
*
Ed
 1e-07 1 1 0
1  14 0 0 7.8
0

0101000
+157 4 -157 6 *
Ed
 1e-07 1 1 0
1  15 0 0 4
0

0101000
+157 0 -162 0 *
Wi

0101100
+156 0 -161 0 -155 4 +155 6 *
Fa
0  1e-07 8 0

0111000
+154 0 *
Ed
 1e-07 1 1 0
1  16 0 0 1.6
0

0101000
+169 0 -157 0 *
Wi

0101100
+168 0 -156 0 -152 4 +152 6 *
Fa
0  1e-07 9 0

0111000
+151 0 *
Wi

0101100
+165 0 +160 0 -155 0 -152 0 *
Fa
0  1e-07 10 0

0111000
-149 7 *
Sh

0101100
-163 0 -158 0 +153 0 +150 0 +148 3 -148 8 *
So

0100000
-147 0 *
Ve
1e-07
20.5223701342823 5.36281687943504 0
0 0

0101101
*
Ed
 1e-07 1 1 0
1  17 0 0 7.8
0

0101000
+145 4 -145 6 *
Ve
1e-07
21.1346636260664 3.88460962741698 0
0 0

0101101
*
Ed
 1e-07 1 1 0
1  18 0 0 7.8
0

0101000
+143 4 -143 6 *
Ed
 1e-07 1 1 0
1  19 0 0 1.6
0

0101000
+145 0 -143 0 *
Wi

0101100
+144 0 -142 0 -141 4 +141 6 *
Fa
0  1e-07 11 0

0111000
+140 0 *
Ve
1e-07
24.8301817561116 5.41534335687734 0
0 0

0101101
*
Ed
 1e-07 1 1 0
1  20 0 0 7.8
0

0101000
+138 4 -138 6 *
Ed
 1e-07 1 1 0
1  21 0 0 4
0

0101000
+143 0 -138 0 *
Wi

0101100
+142 0 -137 0 -136 4 +136 6 *
Fa
0  1e-07 12 0

0111000
+135 0 *
Ve
1e-07
24.2178882643274 6.8935506088954 0
0 0

0101101
*
Ed
 1e-07 1 1 0
1  22 0 0 7.8
0

0101000
+133 4 -133 6 *
Ed
 1e-07 1 1 0
1  23 0 0 1.6
0

0101000
+138 0 -133 0 *
Wi

0101100
+137 0 -132 0 -131 4 +131 6 *
Fa
0  1e-07 13 0

0111000
+130 0 *
Ed
 1e-07 1 1 0
1  24 0 0 4
0

0101000
+133 0 -145 0 *
Wi

0101100
+132 0 -144 0 -128 4 +128 6 *
Fa
0  1e-07 14 0

0111000
+127 0 *
Wi

0101100
+141 0 +136 0 +131 0 +128 0 *
Fa
0  1e-07 15 0

0111000
+125 7 *
Sh

0101100
+139 0 +134 0 +129 0 +126 0 +124 3 -124 8 *
So

0100000
-123 0 *
Ve
1e-07
38.7227969247546 12.9016804970273 0
0 0

0101101
*
Ed
 1e-07 1 1 0
1  25 0 0 7.8
0

0101000
+121 4 -121 6 *
Ve
1e-07
39.3350904165388 11.4234732450092 0
0 0

0101101
*
Ed
 1e-07 1 1 0
1  26 0 0 7.8
0

0101000
+119 4 -119 6 *
Ed
 1e-07 1 1 0
1  27 0 0 1.6
0

0101000
+121 0 -119 0 *
Wi

0101100
+120 0 -118 0 -117 4 +117 6 *
Fa
0  1e-07 16 0

0111000
+116 0 *
Ve
1e-07
35.6395722864936 9.89273951554889 0
0 0

0101101
*
Ed
 1e-07 1 1 0
1  28 0 0 7.8
0

0101000
+114 4 -114 6 *
Ed
 1e-07 1 1 0
1  29 0 0 4
0

0101000
+119 0 -114 0 *
Wi

0101100
+118 0 -113 0 -112 4 +112 6 *
Fa
0  1e-07 17 0

0111000
+111 0 *
Ve
1e-07
35.0272787947095 11.3709467675669 0
0 0

0101101
*
Ed
 1e-07 1 1 0
1  30 0 0 7.8
0

0101000
+109 4 -109 6 *
Ed
 1e-07 1 1 0
1  31 0 0 1.6
0

0101000
+114 0 -109 0 *
Wi

0101100
+113 0 -108 0 -107 4 +107 6 *
Fa
0  1e-07 18 0

0111000
+106 0 *
Ed
 1e-07 1 1 0
1  32 0 0 4
0

0101000
+109 0 -121 0 *
Wi

0101100
+108 0 -120 0 -104 4 +104 6 *
Fa
0  1e-07 19 0

0111000
+103 0 *
Wi

0101100
+117 0 +112 0 +107 0 +104 0 *
Fa
0  1e-07 20 0

0111000
-101 7 *
Sh

0101100
-115 0 -110 0 -105 0 -102 0 +100 3 -100 8 *
So

0100000
-99 0 *
Ve
1e-07
-20.0782853845413 3.60155393069851 0
0 0

0101101
*
Ed
 1e-07 1 1 0
1  33 0 0 7.8
0

0101000
+97 4 -97 6 *
Ve
1e-07
-16.112505939046 3.07944916181831 0
0 0

0101101
*
Ed
 1e-07 1 1 0
1  34 0 0 7.8
0

0101000
+95 4 -95 6 *
Ed
 1e-07 1 1 0
1  35 0 0 4
0

0101000
+97 0 -95 0 *
Wi

0101100
+96 0 -94 0 -93 4 +93 6 *
Fa
0  1e-07 21 0

0111000
+92 0 *
Ve
1e-07
-15.903664031494 4.6657609400164 0
0 0

0101101
*
Ed
 1e-07 1 1 0
1  36 0 0 7.8
0

0101000
+90 4 -90 6 *
Ed
 1e-07 1 1 0
1  37 0 0 1.6
0

0101000
+95 0 -90 0 *
Wi

0101100
+94 0 -89 0 -88 4 +88 6 *
Fa
0  1e-07 22 0

0111000
+87 0 *
Ve
1e-07
-19.8694434769892 5.18786570889661 0
0 0

0101101
*
Ed
 1e-07 1 1 0
1  38 0 0 7.8
0

0101000
+85 4 -85 6 *
Ed
 1e-07 1 1 0
1  39 0 0 4
0

0101000
+85 0 -90 0 *
Wi

0101100
+84 0 -89 0 -83 4 +83 6 *
Fa
0  1e-07 23 0

0111000
+82 0 *
Ed
 1e-07 1 1 0
1  40 0 0 1.6
0

0101000
+97 0 -85 0 *
Wi

0101100
+96 0 -84 0 -80 4 +80 6 *
Fa
0  1e-07 24 0

0111000
+79 0 *
Wi

0101100
+93 0 +88 0 -83 0 -80 0 *
Fa
0  1e-07 25 0

0111000
+77 7 *
Sh

0101100
+91 0 +86 0 -81 0 -78 0 +76 3 -76 8 *
So

0100000
-75 0 *
Ve
1e-07
-0.337979707925138 2.61649972216159 0
0 0

0101101
*
Ed
 1e-07 1 1 0
1  41 0 0 7.8
0

0101000
+73 4 -73 6 *
Ve
1e-07
-4.30375915342038 3.1386044910418 0
0 0

0101101
*
Ed
 1e-07 1 1 0
1  42 0 0 7.8
0

0101000
+71 4 -71 6 *
Ed
 1e-07 1 1 0
1  43 0 0 4
0

0101000
+73 0 -71 0 *
Wi

0101100
+72 0 -70 0 -69 4 +69 6 *
Fa
0  1e-07 26 0

0111000
+68 0 *
Ve
1e-07
-4.51260106097246 1.5522927128437 0
0 0

0101101
*
Ed
 1e-07 1 1 0
1  44 0 0 7.8
0

0101000
+66 4 -66 6 *
Ed
 1e-07 1 1 0
1  45 0 0 1.6
0

0101000
+71 0 -66 0 *
Wi

0101100
+70 0 -65 0 -64 4 +64 6 *
Fa
0  1e-07 27 0

0111000
+63 0 *
Ve
1e-07
-0.54682161547722 1.0301879439635 0
0 0

0101101
*
Ed
 1e-07 1 1 0
1  46 0 0 7.8
0

0101000
+61 4 -61 6 *
Ed
 1e-07 1 1 0
1  47 0 0 4
0

0101000
+61 0 -66 0 *
Wi

0101100
+60 0 -65 0 -59 4 +59 6 *
Fa
0  1e-07 28 0

0111000
+58 0 *
Ed
 1e-07 1 1 0
1  48 0 0 1.6
0

0101000
+73 0 -61 0 *
Wi

0101100
+72 0 -60 0 -56 4 +56 6 *
Fa
0  1e-07 29 0

0111000
+55 0 *
Wi

0101100
+69 0 +64 0 -59 0 -56 0 *
Fa
0  1e-07 30 0

0111000
+53 7 *
Sh

0101100
+67 0 +62 0 -57 0 -54 0 +52 3 -52 8 *
So

0100000
-51 0 *
Ve
1e-07
0.337979707925153 2.61649972216159 0
0 0

0101101
*
Ed
 1e-07 1 1 0
1  49 0 0 7.8
0

0101000
+49 4 -49 6 *
Ve
1e-07
4.30375915342039 3.1386044910418 0
0 0

0101101
*
Ed
 1e-07 1 1 0
1  50 0 0 7.8
0

0101000
+47 4 -47 6 *
Ed
 1e-07 1 1 0
1  51 0 0 4
0

0101000
+49 0 -47 0 *
Wi

0101100
+48 0 -46 0 -45 4 +45 6 *
Fa
0  1e-07 31 0

0111000
+44 0 *
Ve
1e-07
4.51260106097248 1.5522927128437 0
0 0

0101101
*
Ed
 1e-07 1 1 0
1  52 0 0 7.8
0

0101000
+42 4 -42 6 *
Ed
 1e-07 1 1 0
1  53 0 0 1.6
0

0101000
+47 0 -42 0 *
Wi

0101100
+46 0 -41 0 -40 4 +40 6 *
Fa
0  1e-07 32 0

0111000
+39 0 *
Ve
1e-07
0.546821615477235 1.0301879439635 0
0 0

0101101
*
Ed
 1e-07 1 1 0
1  54 0 0 7.8
0

0101000
+37 4 -37 6 *
Ed
 1e-07 1 1 0
1  55 0 0 4
0

0101000
+37 0 -42 0 *
Wi

0101100
+36 0 -41 0 -35 4 +35 6 *
Fa
0  1e-07 33 0

0111000
+34 0 *
Ed
 1e-07 1 1 0
1  56 0 0 1.6
0

0101000
+49 0 -37 0 *
Wi

0101100
+48 0 -36 0 -32 4 +32 6 *
Fa
0  1e-07 34 0

0111000
+31 0 *
Wi

0101100
+45 0 +40 0 -35 0 -32 0 *
Fa
0  1e-07 35 0

0111000
-29 7 *
Sh

0101100
-43 0 -38 0 +33 0 +30 0 +28 3 -28 8 *
So

0100000
-27 0 *
Ve
1e-07
19.8694434769892 5.18786570889661 0
0 0

0101101
*
Ed
 1e-07 1 1 0
1  57 0 0 7.8
0

0101000
+25 4 -25 6 *
Ve
1e-07
15.903664031494 4.6657609400164 0
0 0

0101101
*
Ed
 1e-07 1 1 0
1  58 0 0 7.8
0

0101000
+23 4 -23 6 *
Ed
 1e-07 1 1 0
1  59 0 0 4
0

0101000
+25 0 -23 0 *
Wi

0101100
+24 0 -22 0 -21 4 +21 6 *
Fa
0  1e-07 36 0

0111000
+20 0 *
Ve
1e-07
16.1125059390461 3.07944916181831 0
0 0

0101101
*
Ed
 1e-07 1 1 0
1  60 0 0 7.8
0

0101000
+18 4 -18 6 *
Ed
 1e-07 1 1 0
1  61 0 0 1.6
0

0101000
+18 0 -23 0 *
Wi

0101100
+17 0 -22 0 -16 4 +16 6 *
Fa
0  1e-07 37 0

0111000
+15 0 *
Ve
1e-07
20.0782853845413 3.60155393069851 0
0 0

0101101
*
Ed
 1e-07 1 1 0
1  62 0 0 7.8
0

0101000
+13 4 -13 6 *
Ed
 1e-07 1 1 0
1  63 0 0 4
0

0101000
+18 0 -13 0 *
Wi

0101100
+17 0 -12 0 -11 4 +11 6 *
Fa
0  1e-07 38 0

0111000
+10 0 *
Ed
 1e-07 1 1 0
1  64 0 0 1.6
0

0101000
+13 0 -25 0 *
Wi

0101100
+12 0 -24 0 -8 4 +8 6 *
Fa
0  1e-07 39 0

0111000
+7 0 *
Wi

0101100
+21 0 -16 0 +11 0 +8 0 *
Fa
0  1e-07 40 0

0111000
+5 7 *
Sh

0101100
+19 0 -14 0 +9 0 +6 0 +4 3 -4 8 *
So

0100000
-3 0 *
Co

1100000
+170 0 +146 0 +122 0 +98 0 +74 0 +50 0 +26 0 +2 0 *

+1 0 ]]>
      </Part>
      <ElementMap new="1" count="1"><Element key="Dummy" value="Dummy"/></ElementMap>
      <ElementMap2 count="208">
<![CDATA[
8 PostfixCount 11
Edge
Face
Vertex
;:G;XTR;:Hedc:7,F
;FAC;:Hedc:4,F
;:G;XTR;:Hedc:7,E
;:G0;XTR;:Hedc:8,F
;:U;XTR;:Hedc:7,E
;:U;XTR;:Hedc:7,V
;SKT;:Hedc,E
;SKT;:Hedc,V

MapCount 1

ElementMap 1 8 3

Edge

ChildCount 0

NameCount 97
0
$#214.6 0
$#215.6 0
;g72.a 0
$#234.8 0
$#216.6 0
;g73.a 0
$#235.8 0
$#217.6 0
;g74.a 0
$#236.8 0
;g75.a 0
$#237.8 0
$#218.6 0
$#219.6 0
;g76.a 0
$#238.8 0
$#21a.6 0
;g77.a 0
$#239.8 0
$#21b.6 0
;g79.a 0
$#23a.8 0
;g78.a 0
$#23b.8 0
$#567.6 0
$#568.6 0
;g109.a 0
$#587.8 0
$#569.6 0
;g110.a 0
$#588.8 0
$#56a.6 0
;g111.a 0
$#589.8 0
;g112.a 0
$#58a.8 0
$#56b.6 0
$#56c.6 0
;g117.a 0
$#58b.8 0
$#56d.6 0
;g118.a 0
$#58c.8 0
$#56e.6 0
;g119.a 0
$#58d.8 0
;g120.a 0
$#58e.8 0
$#21c.6 0
$#21d.6 0
;g80.a 0
$#23c.8 0
$#21e.6 0
;g81.a 0
$#23d.8 0
$#21f.6 0
;g84.a 0
$#23e.8 0
;g83.a 0
$#23f.8 0
$#220.6 0
$#221.6 0
;g85.a 0
$#240.8 0
$#222.6 0
;g86.a 0
$#241.8 0
$#223.6 0
;g87.a 0
$#242.8 0
;g88.a 0
$#243.8 0
$#56f.6 0
$#570.6 0
;g105.a 0
$#58f.8 0
$#571.6 0
;g106.a 0
$#590.8 0
$#572.6 0
;g107.a 0
$#591.8 0
;g108.a 0
$#592.8 0
$#573.6 0
$#574.6 0
;g113.a 0
$#593.8 0
$#575.6 0
;g114.a 0
$#594.8 0
$#576.6 0
;g115.a 0
$#595.8 0
;g116.a 0
$#596.8 0

Face

ChildCount 0

NameCount 49
0
$#210.4 0
$#224.4 0
$#225.4 0
$#226.4 0
$#210.5 0
$#227.7 0
$#211.4 0
$#228.4 0
$#229.4 0
$#22a.4 0
$#211.5 0
$#22b.7 0
$#563.4 0
$#577.4 0
$#578.4 0
$#579.4 0
$#563.5 0
$#57a.7 0
$#564.4 0
$#57b.4 0
$#57c.4 0
$#57d.4 0
$#564.5 0
$#57e.7 0
$#212.4 0
$#22c.4 0
$#22d.4 0
$#22e.4 0
$#212.5 0
$#22f.7 0
$#213.4 0
$#230.4 0
$#231.4 0
$#232.4 0
$#213.5 0
$#233.7 0
$#565.4 0
$#57f.4 0
$#580.4 0
$#581.4 0
$#565.5 0
$#582.7 0
$#566.4 0
$#583.4 0
$#584.4 0
$#585.4 0
$#566.5 0
$#586.7 0

Vertex

ChildCount 0

NameCount 65
0
;g72v1.b 0
$#244.9 0
;g72v2.b 0
$#245.9 0
;g73v1.b 0
$#246.9 0
;g74v1.b 0
$#247.9 0
;g76v1.b 0
$#248.9 0
;g76v2.b 0
$#249.9 0
;g77v2.b 0
$#24a.9 0
;g78v2.b 0
$#24b.9 0
;g109v1.b 0
$#597.9 0
;g109v2.b 0
$#598.9 0
;g110v2.b 0
$#599.9 0
;g111v2.b 0
$#59a.9 0
;g117v1.b 0
$#59b.9 0
;g117v2.b 0
$#59c.9 0
;g118v2.b 0
$#59d.9 0
;g119v2.b 0
$#59e.9 0
;g80v1.b 0
$#24c.9 0
;g80v2.b 0
$#24d.9 0
;g81v2.b 0
$#24e.9 0
;g83v2.b 0
$#24f.9 0
;g85v1.b 0
$#250.9 0
;g85v2.b 0
$#251.9 0
;g86v2.b 0
$#252.9 0
;g87v1.b 0
$#253.9 0
;g105v1.b 0
$#59f.9 0
;g105v2.b 0
$#5a0.9 0
;g106v2.b 0
$#5a1.9 0
;g107v1.b 0
$#5a2.9 0
;g113v1.b 0
$#5a3.9 0
;g113v2.b 0
$#5a4.9 0
;g114v1.b 0
$#5a5.9 0
;g115v2.b 0
$#5a6.9 0

EndMap
]]>
      </ElementMap2>
    </Property>
    <Property name="AddSubType" type="App::PropertyEnumeration">
      <Integer value="1"/>
    </Property>
    <Property name="AllowMultiFace" type="App::PropertyBool">
      <Bool value="true"/>
    </Property>
    <Property name="AlongSketchNormal" type="App::PropertyBool">
      <Bool value="false"/>
    </Property>
    <Property name="AutoTaperInnerAngle" type="App::PropertyBool">
      <Bool value="true"/>
    </Property>
    <Property name="BaseFeature" type="App::PropertyLink" status="8">
      <Link value="Pad"/>
    </Property>
    <Property name="CheckUpToFaceLimits" type="App::PropertyBool">
      <Bool value="true"/>
    </Property>
    <Property name="ClaimChildren" type="App::PropertyBool" status="134217728">
      <Bool value="false"/>
    </Property>
    <Property name="ColoredElements" type="App::PropertyLinkSubHidden" status="218103808">
      <LinkSub value="" count="0">
      </LinkSub>
    </Property>
    <Property name="Direction" type="App::PropertyVector" status="4">
      <PropertyVector valueX="1" valueY="-3.33066907387547e-16" valueZ="3.33066907387547e-16"/>
    </Property>
    <Property name="ExpressionEngine" type="App::PropertyExpressionEngine" status="67108864">
      <ExpressionEngine count="0"></ExpressionEngine>
    </Property>
    <Property name="Fit" type="App::PropertyDistance">
      <Float value="0"/>
    </Property>
    <Property name="FitJoin" type="App::PropertyEnumeration">
      <Integer value="0"/>
    </Property>
    <Property name="FixShape" type="App::PropertyEnumeration">
      <Integer value="0"/>
    </Property>
    <Property name="InnerFit" type="App::PropertyDistance">
      <Float value="0"/>
    </Property>
    <Property name="InnerFitJoin" type="App::PropertyEnumeration">
      <Integer value="0"/>
    </Property>
    <Property name="InvalidShape" type="App::PropertyBool" status="67108864">
      <Bool value="false"/>
    </Property>
    <Property name="Label" type="App::PropertyString" status="134217728">
      <String value="Pad001"/>
    </Property>
    <Property name="Label2" type="App::PropertyString" status="128">
      <String value=""/>
    </Property>
    <Property name="Length" type="App::PropertyLength">
      <Float value="4.6"/>
    </Property>
    <Property name="Length2" type="App::PropertyLength">
      <Float value="3.2"/>
    </Property>
    <Property name="Linearize" type="App::PropertyBool">
      <Bool value="true"/>
    </Property>
    <Property name="Midplane" type="App::PropertyBool" status="4">
      <Bool value="false"/>
    </Property>
    <Property name="NewSolid" type="App::PropertyBool">
      <Bool value="false"/>
    </Property>
    <Property name="Offset" type="App::PropertyLength" status="4">
      <Float value="0"/>
    </Property>
    <Property name="Placement" type="App::PropertyPlacement" status="8388620">
      <PropertyPlacement Px="0" Py="0" Pz="0" Q0="0" Q1="0" Q2="0" Q3="1" A="0" Ox="0" Oy="0" Oz="1"/>
    </Property>
    <Property name="Profile" type="App::PropertyLinkSub">
      <LinkSub value="Sketch002" count="1">
        <Sub value=""/>
      </LinkSub>
    </Property>
    <Property name="ReferenceAxis" type="App::PropertyLinkSub">
      <LinkSub value="Sketch002" count="1">
        <Sub value="N_Axis"/>
      </LinkSub>
    </Property>
    <Property name="Refine" type="App::PropertyBool">
      <Bool value="false"/>
    </Property>
    <Property name="Reversed" type="App::PropertyBool">
      <Bool value="false"/>
    </Property>
    <Property name="Shape" type="Part::PropertyPartShape">
      <Part HasherIndex="0" ElementMap="1.15.70200.4" brep="1">
<![CDATA[

CASCADE Topology V1, (c) Matra-Datavision
Locations 6
1
              1               0               0               0 
              0               1               0               0 
              0               0               1               0 
1
              1               0               0               0 
              0               1               0               0 
              0               0               1               0 
1
4.44089209850063e-16 -3.33066907387547e-16               1               0 
              1 3.33066907387547e-16 -4.44089209850063e-16               0 
-3.33066907387547e-16               1 3.33066907387547e-16               0 
2  2 1 3 1 0
1
              1               0               0            2.45 
              0               1               0 -8.1601392309949e-16 
              0               0               1 8.1601392309949e-16 
2  2 1 3 1 5 1 0
Curve2ds 128
8 -3.5248089019899287 -1.9248089019899255
1 -4.0525211766923865 -1.4078934676921593 0.1305261922200516 0.99144486137381049 
8 -3.5248089019899287 -1.9248089019899255
1 -1.9248089019899257 -3.2000000000000006 -1 -4.9303806576313227e-32 
8 -3.9170421614254352 0.082957838574565609
1 -0.6290697382426611 -5.4138237389909989 0.99144486137381049 -0.13052619222005188 
8 -3.9170421614254352 0.082957838574565609
1 0.082957838574564749 -3.2000000000000002 -1 -9.2444637330587299e-32 
8 -3.5248089019899274 -1.9248089019899268
1 -0.086741731197143374 -1.9299982365723656 0.13052619222005188 0.99144486137381049 
8 -3.5248089019899274 -1.9248089019899268
1 -1.9248089019899268 -3.2000000000000006 -1 -4.9303806576313227e-32 
8 -3.9170421614254365 0.08295783857456572
1 -0.42022783069057795 -3.8275119607929016 0.99144486137381049 -0.1305261922200518 
8 -3.9170421614254365 0.08295783857456572
1 0.082957838574564527 -3.2000000000000006 -1 -2.2186712959340953e-31 
8 7.2711493128281752 11.271149312828179
1 -13.804704106326822 -3.8745713505755432 -0.92387953251128685 0.38268343236508973 
8 7.2711493128281752 11.271149312828179
1 11.271149312828179 -3.2000000000000002 -1 1.7256332301709629e-31 
8 -6.0312343591224904 -4.4312343591224685
1 -22.522128290164318 4.5326374833109933 0.38268343236508989 0.92387953251128674 
8 -6.0312343591224904 -4.4312343591224685
1 -4.4312343591224792 -3.2000000000000002 -1 -4.9303806576313238e-32 
8 7.2711493128281601 11.271149312828207
1 -14.416997598110967 -5.3527786025936033 -0.92387953251128685 0.38268343236508984 
8 7.2711493128281601 11.271149312828207
1 11.271149312828173 -3.2000000000000006 -1 1.4791141972893971e-31 
8 -6.0312343591224788 -4.4312343591224783
1 -18.82661016011917 3.0019037538506348 0.38268343236508978 0.92387953251128674 
8 -6.0312343591224788 -4.4312343591224783
1 -4.4312343591224792 -3.2000000000000006 -1 0 
8 1.1248089019899292 2.7248089019899293
1 -15.756847008542014 -0.67389290781659739 -0.13052619222005213 -0.99144486137381049 
8 1.1248089019899292 2.7248089019899293
1 2.7248089019899293 -3.2000000000000006 -1 9.8607613152626454e-32 
8 5.7670421614254366 9.7670421614254401
1 -10.18595971522261 -2.5418289674253902 -0.99144486137381049 0.13052619222005168 
8 5.7670421614254366 9.7670421614254401
1 9.7670421614254401 -3.2000000000000006 -1 1.1093356479670476e-31 
8 1.1248089019899172 2.7248089019899222
1 -19.722626454037254 -0.15178813893640086 -0.13052619222005105 -0.99144486137381049 
8 1.1248089019899172 2.7248089019899222
1 2.7248089019899182 -3.2000000000000002 -1 0 
8 5.7670421614253939 9.7670421614254543
1 -10.394801622774693 -4.1281407456234875 -0.99144486137381049 0.13052619222005185 
8 5.7670421614253939 9.7670421614254543
1 9.7670421614254401 -3.2000000000000006 -1 1.9721522630525291e-31 
8 -3.9170421614254347 0.082957838574566359
1 0.4202278306905744 -3.8275119607929007 -0.99144486137381049 -0.13052619222005138 
8 -3.9170421614254347 0.082957838574566359
1 0.082957838574566081 -3.2000000000000006 -1 1.9721522630525291e-31 
8 -3.5248089019899265 -1.9248089019899259
1 0.086741731197140279 -1.9299982365723656 -0.13052619222005121 0.99144486137381049 
8 -3.5248089019899265 -1.9248089019899259
1 -1.9248089019899259 -3.2000000000000002 -1 0 
8 -3.9170421614254369 0.082957838574565915
1 0.62906973824265622 -5.4138237389909971 -0.99144486137381049 -0.13052619222005124 
8 -3.9170421614254369 0.082957838574565915
1 0.082957838574565915 -3.2000000000000002 -1 -4.3140830754274083e-32 
8 -3.5248089019899318 -1.9248089019899259
1 4.0525211766923812 -1.4078934676921602 -0.13052619222005141 0.99144486137381049 
8 -3.5248089019899318 -1.9248089019899259
1 -1.9248089019899259 -3.2000000000000002 -1 1.9721522630525291e-31 
8 1.1248089019899354 2.7248089019899377
1 15.756847008542003 -0.67389290781660005 0.13052619222005252 -0.99144486137381027 
8 1.1248089019899354 2.7248089019899377
1 2.7248089019899355 -3.2000000000000002 -1 0 
8 -11.767042161425438 -7.7670421614254348
1 8.4119119000270697 -4.389193130063596 -0.99144486137381049 -0.13052619222005143 
8 -11.767042161425438 -7.7670421614254348
1 -7.7670421614254348 -3.2000000000000006 -1 1.6640034719505713e-31 
8 1.1248089019899141 2.7248089019899204
1 19.722626454037254 -0.1517881389364133 0.13052619222005032 -0.9914448613738106 
8 1.1248089019899141 2.7248089019899204
1 2.724808901989916 -3.2000000000000002 -1 4.9303806576313238e-32 
8 5.7670421614254348 9.7670421614254384
1 10.185959715222609 -2.5418289674253955 0.99144486137381049 0.13052619222005141 
8 5.7670421614254348 9.7670421614254384
1 9.7670421614254348 -3.2000000000000006 -1 -1.6640034719505713e-31 
8 -13.271149312828197 -9.2711493128281415
1 12.56923853308839 -6.1181454673237905 -0.92387953251128696 -0.38268343236508945 
8 -13.271149312828197 -9.2711493128281415
1 -9.2711493128281717 -3.2000000000000006 -1 1.7256332301709629e-31 
8 3.6312343591224616 5.2312343591224835
1 22.828275036056393 3.7935338573019477 0.38268343236508906 -0.92387953251128707 
8 3.6312343591224616 5.2312343591224835
1 5.2312343591224755 -3.2000000000000002 -1 -4.9303806576313238e-32 
8 7.2711493128281699 11.271149312828173
1 13.804704106326826 -3.8745713505755552 0.92387953251128674 0.38268343236508995 
8 7.2711493128281699 11.271149312828173
1 11.27114931282817 -3.2000000000000002 -1 -4.9303806576313238e-32 
8 -6.0312343591224602 -4.4312343591224597
1 18.826610160119191 3.0019037538506081 -0.38268343236508734 0.92387953251128774 
8 -6.0312343591224602 -4.4312343591224597
1 -4.4312343591224597 -3.1999999999999997 -1 1.4791141972893971e-31 
8 15.121149312828173 19.121149312828177
1 -21.057158436540416 -0.87050640650957956 -0.92387953251128707 0.38268343236508923 
8 15.121149312828173 19.121149312828177
1 19.121149312828177 -3.2000000000000002 -1 -2.4651903288156613e-32 
8 -6.0312343591225321 -4.4312343591224721
1 -37.027036950591516 10.540767371442904 0.38268343236508989 0.92387953251128674 
8 -6.0312343591225321 -4.4312343591224721
1 -4.431234359122481 -3.2000000000000002 -1 -4.9303806576313238e-32 
8 15.121149312828164 19.121149312828184
1 -21.669451928324559 -2.3487136585276387 -0.92387953251128707 0.38268343236508923 
8 15.121149312828164 19.121149312828184
1 19.121149312828177 -3.2000000000000006 -1 -2.4651903288156613e-32 
8 3.6312343591224812 5.2312343591224835
1 -33.637665566438443 8.2709300159735193 -0.38268343236508989 -0.92387953251128674 
8 3.6312343591224812 5.2312343591224835
1 5.2312343591224835 -3.1999999999999997 -1 4.9303806576313238e-32 
8 -6.0312343591225357 -4.4312343591224739
1 37.02703695059153 10.54076737144289 -0.38268343236508962 0.92387953251128685 
8 -6.0312343591225357 -4.4312343591224739
