<?xml version='1.0' encoding='utf-8'?>
<!-- FreeCAD DocumentObject -->
<Document SchemaVersion="4" FileVersion="2">
<Object name="Pad001">
  <Properties Count="47" TransientCount="2">
    <_Property name="_Body" type="App::PropertyLinkHidden" status="251658240"/>
    <_Property name="_ElementMapVersion" type="App::PropertyString" status="234881024"/>
    <Property name="AddSubShape" type="Part::PropertyPartShape">
      <Part HasherIndex="0" ElementMap="1.15.70200.4" brep="1">
<![CDATA[

CASCADE Topology V1, (c) Matra-Datavision
Locations 8
1
              1               0               0               0 
              0               1               0               0 
              0               0               1               0 
1
2.22044604925031e-16 -3.33066907387547e-16               1               0 
              1 3.33066907387547e-16 -2.22044604925031e-16               0 
-3.33066907387547e-16               1 3.33066907387547e-16               0 
1
              1               0               0            -3.2 
              0               1               0 1.06581410364015e-15 
              0               0               1 -1.24344978758018e-15 
2  1 1 2 1 3 1 0
1
              1               0               0             7.8 
              0               1               0 -2.59792187762287e-15 
              0               0               1 3.03090885722668e-15 
2  1 1 2 1 3 1 5 1 0
2  1 1 2 1 0
2  3 1 5 1 0
Curve2ds 0
Curves 64
1 -3.199999999999998 20.268914598465905 6.2528858786108037 1 -3.3306690738754696e-16 3.8857805861880479e-16 
1 -3.1999999999999971 20.94510381725102 4.802793419352164 1 -3.3306690738754696e-16 3.8857805861880479e-16 
1 20.268914598465901 6.2528858786108117 0 0.42261826174069939 -0.90630778703665005 0 
1 -3.1999999999999971 24.570334965397624 6.4932664663149611 1 -3.3306690738754696e-16 3.8857805861880479e-16 
1 20.94510381725102 4.802793419352172 0 0.90630778703665005 0.4226182617406995 0 
1 -3.1999999999999975 23.894145746612505 7.9433589255735999 1 -3.3306690738754696e-16 3.8857805861880479e-16 
1 24.57033496539762 6.49326646631497 0 -0.42261826174069955 0.90630778703664983 0 
1 23.894145746612502 7.9433589255736088 0 -0.90630778703665005 -0.42261826174069927 0 
1 -3.1999999999999966 38.123178003087915 14.578465634902573 1 -3.3306690738754696e-16 3.8857805861880479e-16 
1 -3.1999999999999957 38.799367221873034 13.128373175643931 1 -3.3306690738754696e-16 3.8857805861880479e-16 
1 38.123178003087908 14.578465634902587 0 0.42261826174069889 -0.90630778703665016 0 
1 -3.1999999999999962 35.17413607372643 11.437900128681134 1 -3.3306690738754696e-16 3.8857805861880479e-16 
1 38.799367221873027 13.128373175643945 0 -0.90630778703665038 -0.422618261740699 0 
1 -3.1999999999999966 34.497946854941318 12.887992587939777 1 -3.3306690738754696e-16 3.8857805861880479e-16 
1 35.174136073726423 11.437900128681148 0 -0.42261826174069528 0.90630778703665194 0 
1 34.497946854941311 12.88799258793979 0 0.90630778703664983 0.42261826174069961 0 
1 -3.2000000000000126 -39.248704801615176 11.200336277042355 1 -3.3306690738754696e-16 3.8857805861880479e-16 
1 -3.2000000000000113 -35.489934318471548 9.8322557037396852 1 -3.3306690738754696e-16 3.8857805861880479e-16 
1 -39.248704801615183 11.200336277042345 0 0.93969262078590887 -0.34202014332566755 0 
1 -3.2000000000000108 -36.037166547792623 8.3287475104822306 1 -3.3306690738754696e-16 3.8857805861880479e-16 
1 -36.037166547792623 8.32874751048222 0 0.34202014332567138 0.93969262078590743 0 
1 -3.2000000000000122 -39.795937030936251 9.6968280837849026 1 -3.3306690738754696e-16 3.8857805861880479e-16 
1 -39.795937030936251 9.6968280837848919 0 0.93969262078590843 -0.34202014332566849 0 
1 -39.248704801615183 11.200336277042345 0 -0.34202014332566782 -0.93969262078590876 0 
1 -3.2000000000000077 -24.495530655276418 5.8306200268293606 1 -3.3306690738754696e-16 3.8857805861880479e-16 
1 -3.2000000000000064 -20.736760172132787 4.4625394535266878 1 -3.3306690738754696e-16 3.8857805861880479e-16 
1 -24.495530655276422 5.8306200268293535 0 0.93969262078590865 -0.34202014332566794 0 
1 -3.200000000000006 -21.283992401453855 2.9590312602692328 1 -3.3306690738754696e-16 3.8857805861880479e-16 
1 -20.736760172132787 4.4625394535266816 0 -0.34202014332566744 -0.93969262078590876 0 
1 -3.2000000000000073 -25.04276288459749 4.327111833571907 1 -3.3306690738754696e-16 3.8857805861880479e-16 
1 -25.04276288459749 4.3271118335718999 0 0.93969262078590865 -0.34202014332566816 0 
1 -24.495530655276422 5.8306200268293535 0 -0.3420201433256676 -0.93969262078590876 0 
1 -3.2000000000000011 0.22352791121111004 2.6287518619965797 1 -3.3306690738754696e-16 3.8857805861880479e-16 
1 -3.2000000000000002 4.1627589232599433 3.3233445726643001 1 -3.3306690738754696e-16 3.8857805861880479e-16 
1 0.2235279112111081 2.6287518619965811 0 0.98480775301220813 0.17364817766693039 0 
1 -3.1999999999999997 4.4405960075270317 1.747652167844767 1 -3.3306690738754696e-16 3.8857805861880479e-16 
1 4.1627589232599416 3.3233445726643027 0 0.17364817766693022 -0.98480775301220813 0 
1 -3.2000000000000006 0.50136499547819813 1.0530594571770464 1 -3.3306690738754696e-16 3.8857805861880479e-16 
1 0.50136499547819668 1.053059457177048 0 0.98480775301220813 0.17364817766693044 0 
1 0.2235279112111081 2.6287518619965811 0 0.17364817766693033 -0.98480775301220802 0 
1 -3.199999999999998 19.624240645551613 6.0496209620351031 1 -3.3306690738754696e-16 3.8857805861880479e-16 
1 -3.1999999999999984 15.685009633502778 5.355028251367381 1 -3.3306690738754696e-16 3.8857805861880479e-16 
1 19.624240645551609 6.0496209620351102 0 -0.98480775301220813 -0.17364817766693066 0 
1 -3.199999999999998 15.962846717769867 3.7793358465478484 1 -3.3306690738754696e-16 3.8857805861880479e-16 
1 15.962846717769864 3.779335846547855 0 -0.1736481776669308 0.98480775301220802 0 
1 -3.1999999999999971 19.902077729818696 4.4739285572155705 1 -3.3306690738754696e-16 3.8857805861880479e-16 
1 15.962846717769864 3.779335846547855 0 0.98480775301220813 0.17364817766693064 0 
1 19.902077729818696 4.4739285572155776 0 -0.17364817766692967 0.98480775301220813 0 
1 -3.2000000000000055 -20.216272881859275 2.7223235415754301 1 -3.3306690738754696e-16 3.8857805861880479e-16 
1 -3.2000000000000046 -16.231494089492291 2.373700570584798 1 -3.3306690738754696e-16 3.8857805861880479e-16 
1 -20.216272881859275 2.7223235415754248 0 0.99619469809174555 -0.087155742747657639 0 
1 -3.2000000000000051 -16.092044901096038 3.9676120875315912 1 -3.3306690738754696e-16 3.8857805861880479e-16 
1 -16.231494089492291 2.373700570584794 0 0.08715574274765768 0.99619469809174555 0 
1 -3.200000000000006 -20.076823693463023 4.3162350585222242 1 -3.3306690738754696e-16 3.8857805861880479e-16 
1 -20.076823693463023 4.316235058522218 0 0.99619469809174555 -0.087155742747657639 0 
1 -20.216272881859275 2.7223235415754248 0 0.08715574274765768 0.99619469809174555 0 
1 -3.2000000000000011 -0.45178814105563619 2.5992669263933594 1 -3.3306690738754696e-16 3.8857805861880479e-16 
1 -3.200000000000002 -4.4365669334226192 2.9478898973839915 1 -3.3306690738754696e-16 3.8857805861880479e-16 
1 -0.45178814105563814 2.5992669263933608 0 -0.99619469809174555 0.08715574274765768 0 
1 -3.2000000000000015 -4.5760161218188724 1.3539783804371992 1 -3.3306690738754696e-16 3.8857805861880479e-16 
1 -4.436566933422621 2.9478898973839915 0 -0.087155742747658263 -0.99619469809174555 0 
1 -3.2000000000000006 -0.59123732945188923 1.0053554094465669 1 -3.3306690738754696e-16 3.8857805861880479e-16 
1 -0.59123732945189067 1.005355409446568 0 -0.99619469809174566 0.087155742747657736 0 
1 -0.45178814105563814 2.5992669263933608 0 -0.087155742747657847 -0.99619469809174555 0 
Polygon3D 0
PolygonOnTriangulations 0
Surfaces 40
1 -3.199999999999998 20.268914598465905 6.2528858786108037 1.3764094808549385e-16 0.90630778703665016 0.42261826174069911 3.957012367318655e-16 0.42261826174069911 -0.90630778703665016 -1 2.9197563190125616e-16 -3.0045753396588939e-16 
1 -3.1999999999999971 20.94510381725102 4.802793419352164 -4.9293147784128227e-16 -0.42261826174069922 0.90630778703665016 6.0480597069556792e-17 0.90630778703665016 0.42261826174069922 -1 2.6313588041132201e-16 -4.2118743204046226e-16 
1 -3.1999999999999971 24.570334965397624 6.4932664663149611 -1.376409480854937e-16 -0.90630778703665005 -0.42261826174069933 -3.9570123673186565e-16 -0.42261826174069933 0.90630778703665005 -1 2.9197563190125626e-16 -3.0045753396588954e-16 
1 -3.1999999999999975 23.894145746612505 7.9433589255735999 4.9293147784128217e-16 0.422618261740699 -0.90630778703665016 -6.0480597069556853e-17 -0.90630778703665016 -0.422618261740699 -1 2.6313588041132196e-16 -4.2118743204046221e-16 
1 -1.969375134712075e-15 -0.25085884557689964 5.745612184843413 1 0 3.3306690738754726e-16 -3.3306690738754726e-16 0 1 0 -1 0 
1 -3.1999999999999966 38.123178003087915 14.578465634902573 1.3764094808549407e-16 0.90630778703665038 0.42261826174069866 3.957012367318656e-16 0.42261826174069866 -0.90630778703665038 -1 2.9197563190125636e-16 -3.0045753396588954e-16 
1 -3.1999999999999957 38.799367221873034 13.128373175643931 4.9293147784128217e-16 0.42261826174069866 -0.90630778703665038 -6.0480597069557001e-17 -0.90630778703665038 -0.42261826174069866 -1 2.6313588041132191e-16 -4.2118743204046231e-16 
1 -3.1999999999999962 35.17413607372643 11.437900128681134 -1.3764094808549607e-16 -0.90630778703665205 -0.422618261740695 -3.9570123673186531e-16 -0.422618261740695 0.90630778703665205 -1 2.919756319012568e-16 -3.0045753396588964e-16 
1 -3.1999999999999966 34.497946854941318 12.887992587939777 -4.9293147784128227e-16 -0.42261826174069939 0.90630778703665005 6.0480597069556644e-17 0.90630778703665005 0.42261826174069939 -1 2.6313588041132191e-16 -4.2118743204046231e-16 
1 -1.969375134712075e-15 -0.25085884557689964 5.745612184843413 1 0 3.3306690738754726e-16 -3.3306690738754726e-16 0 1 0 -1 0 
1 -3.2000000000000126 -39.248704801615176 11.200336277042355 -2.512283428816794e-16 0.34202014332566788 0.93969262078590876 3.225692681351e-16 0.93969262078590876 -0.34202014332566788 -1 2.1719080711900255e-16 -3.4640260725820885e-16 
1 -3.2000000000000108 -36.037166547792623 8.3287475104822306 -4.4588203840207594e-16 -0.93969262078590732 0.34202014332567171 -2.3703678749890978e-16 0.34202014332567171 0.93969262078590732 -1 3.3792070519357537e-16 -3.7524235874814339e-16 
1 -3.2000000000000122 -39.795937030936251 9.6968280837849026 -2.5122834288167891e-16 0.34202014332566888 0.93969262078590843 3.2256926813510035e-16 0.93969262078590843 -0.34202014332566888 -1 2.1719080711900275e-16 -3.464026072582087e-16 
1 -3.2000000000000126 -39.248704801615176 11.200336277042355 4.4588203840207496e-16 0.93969262078590865 -0.34202014332566816 2.3703678749891106e-16 -0.34202014332566816 -0.93969262078590865 -1 3.3792070519357547e-16 -3.75242358748143e-16 
1 -1.969375134712075e-15 -0.25085884557689964 5.745612184843413 1 0 3.3306690738754726e-16 -3.3306690738754726e-16 0 1 0 -1 0 
1 -3.2000000000000077 -24.495530655276418 5.8306200268293606 -2.5122834288167915e-16 0.34202014332566827 0.93969262078590854 3.225692681351001e-16 0.93969262078590854 -0.34202014332566827 -1 2.1719080711900265e-16 -3.464026072582088e-16 
1 -3.2000000000000064 -20.736760172132787 4.4625394535266878 4.4588203840207496e-16 0.93969262078590876 -0.34202014332566782 2.3703678749891111e-16 -0.34202014332566782 -0.93969262078590876 -1 3.3792070519357562e-16 -3.752423587481429e-16 
1 -3.2000000000000073 -25.04276288459749 4.327111833571907 -2.5122834288167905e-16 0.34202014332566849 0.93969262078590854 3.225692681351002e-16 0.93969262078590854 -0.34202014332566849 -1 2.1719080711900268e-16 -3.464026072582088e-16 
1 -3.2000000000000077 -24.495530655276418 5.8306200268293606 4.4588203840207496e-16 0.93969262078590865 -0.34202014332566794 2.3703678749891106e-16 -0.34202014332566794 -0.93969262078590865 -1 3.3792070519357557e-16 -3.752423587481429e-16 
1 -1.969375134712075e-15 -0.25085884557689964 5.745612184843413 1 0 3.3306690738754726e-16 -3.3306690738754726e-16 0 1 0 -1 0 
1 -3.2000000000000011 0.22352791121111004 2.6287518619965797 -4.4051114628723899e-16 -0.17364817766693005 0.98480775301220824 1.6083478693569576e-16 0.98480775301220824 0.17364817766693005 -1 2.3488530292308924e-16 -4.0589012449513533e-16 
1 -3.2000000000000002 4.1627589232599433 3.3233445726643001 2.6053100090654646e-16 0.98480775301220824 0.17364817766692989 3.6656451367306048e-16 0.17364817766692989 -0.98480775301220824 -1 3.2022620938948893e-16 -3.1575484151121652e-16 
1 -3.2000000000000006 0.50136499547819813 1.0530594571770464 -4.4051114628723899e-16 -0.17364817766693011 0.98480775301220824 1.6083478693569579e-16 0.98480775301220824 0.17364817766693011 -1 2.3488530292308929e-16 -4.0589012449513533e-16 
1 -3.2000000000000011 0.22352791121111004 2.6287518619965797 2.6053100090654641e-16 0.98480775301220813 0.17364817766693 3.6656451367306043e-16 0.17364817766693 -0.98480775301220813 -1 3.2022620938948893e-16 -3.1575484151121642e-16 
1 -1.969375134712075e-15 -0.25085884557689964 5.745612184843413 1 0 3.3306690738754726e-16 -3.3306690738754726e-16 0 1 0 -1 0 
1 -3.199999999999998 19.624240645551613 6.0496209620351031 4.4051114628723904e-16 0.17364817766693033 -0.98480775301220813 -1.6083478693569569e-16 -0.98480775301220813 -0.17364817766693033 -1 2.3488530292308929e-16 -4.0589012449513528e-16 
1 -3.199999999999998 15.962846717769867 3.7793358465478484 -2.6053100090654621e-16 -0.98480775301220813 -0.17364817766693047 -3.6656451367306048e-16 -0.17364817766693047 0.98480775301220813 -1 3.2022620938948888e-16 -3.1575484151121632e-16 
1 -3.199999999999998 15.962846717769867 3.7793358465478484 -4.4051114628723899e-16 -0.1736481776669303 0.98480775301220813 1.6083478693569574e-16 0.98480775301220813 0.1736481776669303 -1 2.3488530292308934e-16 -4.0589012449513523e-16 
1 -3.1999999999999971 19.902077729818696 4.4739285572155705 -2.6053100090654671e-16 -0.98480775301220824 -0.17364817766692933 -3.6656451367306038e-16 -0.17364817766692933 0.98480775301220824 -1 3.2022620938948898e-16 -3.1575484151121657e-16 
1 -1.969375134712075e-15 -0.25085884557689964 5.745612184843413 1 0 3.3306690738754726e-16 -3.3306690738754726e-16 0 1 0 -1 0 
1 -3.2000000000000055 -20.216272881859275 2.7223235415754301 -3.5807070809280978e-16 0.087155742747657972 0.99619469809174555 2.5022835186421945e-16 0.99619469809174555 -0.087155742747657972 -1 2.1806823891936253e-16 -3.7851697880726256e-16 
1 -3.2000000000000046 -16.231494089492291 2.373700570584798 -3.6566629656365367e-16 -0.99619469809174555 0.087155742747658013 -3.1244702478393738e-16 0.087155742747658013 0.99619469809174555 -1 3.3704327339321567e-16 -3.4312798719908924e-16 
1 -3.200000000000006 -20.076823693463023 4.3162350585222242 -3.5807070809280978e-16 0.087155742747657972 0.99619469809174555 2.5022835186421945e-16 0.99619469809174555 -0.087155742747657972 -1 2.1806823891936253e-16 -3.7851697880726256e-16 
1 -3.2000000000000055 -20.216272881859275 2.7223235415754301 -3.6566629656365367e-16 -0.99619469809174555 0.087155742747658013 -3.1244702478393738e-16 0.087155742747658013 0.99619469809174555 -1 3.3704327339321567e-16 -3.4312798719908924e-16 
1 -1.969375134712075e-15 -0.25085884557689964 5.745612184843413 1 0 3.3306690738754726e-16 -3.3306690738754726e-16 0 1 0 -1 0 
1 -3.2000000000000011 -0.45178814105563619 2.5992669263933594 3.5807070809280978e-16 -0.087155742747658013 -0.99619469809174555 -2.5022835186421945e-16 -0.99619469809174555 0.087155742747658013 -1 2.180682389193625e-16 -3.7851697880726256e-16 
1 -3.200000000000002 -4.4365669334226192 2.9478898973839915 3.6566629656365392e-16 0.99619469809174555 -0.087155742747658596 3.1244702478393728e-16 -0.087155742747658596 -0.99619469809174555 -1 3.3704327339321577e-16 -3.4312798719908939e-16 
1 -3.2000000000000006 -0.59123732945188923 1.0053554094465669 3.5807070809280983e-16 -0.087155742747658069 -0.99619469809174566 -2.502283518642195e-16 -0.99619469809174566 0.087155742747658069 -1 2.180682389193625e-16 -3.7851697880726256e-16 
1 -3.2000000000000011 -0.45178814105563619 2.5992669263933594 3.6566629656365372e-16 0.99619469809174555 -0.08715574274765818 3.1244702478393738e-16 -0.08715574274765818 -0.99619469809174555 -1 3.3704327339321567e-16 -3.4312798719908934e-16 
1 -1.969375134712075e-15 -0.25085884557689964 5.745612184843413 1 0 3.3306690738754726e-16 -3.3306690738754726e-16 0 1 0 -1 0 
Triangulations 0

TShapes 193
Ve
1e-07
20.2689145984659 6.25288587861081 0
0 0

0101101
*
Ed
 1e-07 1 1 0
1  1 0 0 7.8
0

0101000
+193 4 -193 6 *
Ve
1e-07
20.945103817251 4.80279341935217 0
0 0

0101101
*
Ed
 1e-07 1 1 0
1  2 0 0 7.8
0

0101000
+191 4 -191 6 *
Ed
 1e-07 1 1 0
1  3 0 0 1.6
0

0101000
+193 0 -191 0 *
Wi

0101100
+192 0 -190 0 -189 4 +189 6 *
Fa
0  1e-07 1 0

0101000
+188 0 *
Ve
1e-07
24.5703349653976 6.49326646631497 0
0 0

0101101
*
Ed
 1e-07 1 1 0
1  4 0 0 7.8
0

0101000
+186 4 -186 6 *
Ed
 1e-07 1 1 0
1  5 0 0 4
0

0101000
+191 0 -186 0 *
Wi

0101100
+190 0 -185 0 -184 4 +184 6 *
Fa
0  1e-07 2 0

0101000
+183 0 *
Ve
1e-07
23.8941457466125 7.94335892557361 0
0 0

0101101
*
Ed
 1e-07 1 1 0
1  6 0 0 7.8
0

0101000
+181 4 -181 6 *
Ed
 1e-07 1 1 0
1  7 0 0 1.6
0

0101000
+186 0 -181 0 *
Wi

0101100
+185 0 -180 0 -179 4 +179 6 *
Fa
0  1e-07 3 0

0101000
+178 0 *
Ed
 1e-07 1 1 0
1  8 0 0 4
0

0101000
+181 0 -193 0 *
Wi

0101100
+180 0 -192 0 -176 4 +176 6 *
Fa
0  1e-07 4 0

0101000
+175 0 *
Wi

0101100
+189 0 +184 0 +179 0 +176 0 *
Fa
0  1e-07 5 0

0101000
+173 7 *
Sh

0101100
+187 0 +182 0 +177 0 +174 0 +172 3 -172 8 *
So

0100000
-171 0 *
Ve
1e-07
38.1231780030879 14.5784656349026 0
0 0

0101101
*
Ed
 1e-07 1 1 0
1  9 0 0 7.8
0

0101000
+169 4 -169 6 *
Ve
1e-07
38.799367221873 13.1283731756439 0
0 0

0101101
*
Ed
 1e-07 1 1 0
1  10 0 0 7.8
0

0101000
+167 4 -167 6 *
Ed
 1e-07 1 1 0
1  11 0 0 1.6
0

0101000
+169 0 -167 0 *
Wi

0101100
+168 0 -166 0 -165 4 +165 6 *
Fa
0  1e-07 6 0

0101000
+164 0 *
Ve
1e-07
35.1741360737264 11.4379001286811 0
0 0

0101101
*
Ed
 1e-07 1 1 0
1  12 0 0 7.8
0

0101000
+162 4 -162 6 *
Ed
 1e-07 1 1 0
1  13 0 0 4
0

0101000
+167 0 -162 0 *
Wi

0101100
+166 0 -161 0 -160 4 +160 6 *
Fa
0  1e-07 7 0

0101000
+159 0 *
Ve
1e-07
34.4979468549413 12.8879925879398 0
0 0

0101101
*
Ed
 1e-07 1 1 0
1  14 0 0 7.8
0

0101000
+157 4 -157 6 *
Ed
 1e-07 1 1 0
1  15 0 0 1.6
0

0101000
+162 0 -157 0 *
Wi

0101100
+161 0 -156 0 -155 4 +155 6 *
Fa
0  1e-07 8 0

0101000
+154 0 *
Ed
 1e-07 1 1 0
1  16 0 0 4
0

0101000
+157 0 -169 0 *
Wi

0101100
+156 0 -168 0 -152 4 +152 6 *
Fa
0  1e-07 9 0

0101000
+151 0 *
Wi

0101100
+165 0 +160 0 +155 0 +152 0 *
Fa
0  1e-07 10 0

0101000
-149 7 *
Sh

0101100
-163 0 -158 0 -153 0 -150 0 +148 3 -148 8 *
So

0100000
-147 0 *
Ve
1e-07
-39.2487048016152 11.2003362770423 0
0 0

0101101
*
Ed
 1e-07 1 1 0
1  17 0 0 7.8
0

0101000
+145 4 -145 6 *
Ve
1e-07
-35.4899343184715 9.83225570373967 0
0 0

0101101
*
Ed
 1e-07 1 1 0
1  18 0 0 7.8
0

0101000
+143 4 -143 6 *
Ed
 1e-07 1 1 0
1  19 0 0 4
0

0101000
+145 0 -143 0 *
Wi

0101100
+144 0 -142 0 -141 4 +141 6 *
Fa
0  1e-07 11 0

0101000
+140 0 *
Ve
1e-07
-36.0371665477926 8.32874751048222 0
0 0

0101101
*
Ed
 1e-07 1 1 0
1  20 0 0 7.8
0

0101000
+138 4 -138 6 *
Ed
 1e-07 1 1 0
1  21 0 0 1.6
0

0101000
+138 0 -143 0 *
Wi

0101100
+137 0 -142 0 -136 4 +136 6 *
Fa
0  1e-07 12 0

0101000
+135 0 *
Ve
1e-07
-39.7959370309363 9.69682808378489 0
0 0

0101101
*
Ed
 1e-07 1 1 0
1  22 0 0 7.8
0

0101000
+133 4 -133 6 *
Ed
 1e-07 1 1 0
1  23 0 0 3.99999999999999
0

0101000
+133 0 -138 0 *
Wi

0101100
+132 0 -137 0 -131 4 +131 6 *
Fa
0  1e-07 13 0

0101000
+130 0 *
Ed
 1e-07 1 1 0
1  24 0 0 1.6
0

0101000
+145 0 -133 0 *
Wi

0101100
+144 0 -132 0 -128 4 +128 6 *
Fa
0  1e-07 14 0

0101000
+127 0 *
Wi

0101100
+141 0 -136 0 -131 0 -128 0 *
Fa
0  1e-07 15 0

0101000
-125 7 *
Sh

0101100
-139 0 +134 0 +129 0 +126 0 +124 3 -124 8 *
So

0100000
-123 0 *
Ve
1e-07
-24.4955306552764 5.83062002682935 0
0 0

0101101
*
Ed
 1e-07 1 1 0
1  25 0 0 7.8
0

0101000
+121 4 -121 6 *
Ve
1e-07
-20.7367601721328 4.46253945352668 0
0 0

0101101
*
Ed
 1e-07 1 1 0
1  26 0 0 7.8
0

0101000
+119 4 -119 6 *
Ed
 1e-07 1 1 0
1  27 0 0 4
0

0101000
+121 0 -119 0 *
Wi

0101100
+120 0 -118 0 -117 4 +117 6 *
Fa
0  1e-07 16 0

0101000
+116 0 *
Ve
1e-07
-21.2839924014539 2.95903126026923 0
0 0

0101101
*
Ed
 1e-07 1 1 0
1  28 0 0 7.8
0

0101000
+114 4 -114 6 *
Ed
 1e-07 1 1 0
1  29 0 0 1.6
0

0101000
+119 0 -114 0 *
Wi

0101100
+118 0 -113 0 -112 4 +112 6 *
Fa
0  1e-07 17 0

0101000
+111 0 *
Ve
1e-07
-25.0427628845975 4.3271118335719 0
0 0

0101101
*
Ed
 1e-07 1 1 0
1  30 0 0 7.8
0

0101000
+109 4 -109 6 *
Ed
 1e-07 1 1 0
1  31 0 0 4
0

0101000
+109 0 -114 0 *
Wi

0101100
+108 0 -113 0 -107 4 +107 6 *
Fa
0  1e-07 18 0

0101000
+106 0 *
Ed
 1e-07 1 1 0
1  32 0 0 1.6
0

0101000
+121 0 -109 0 *
Wi

0101100
+120 0 -108 0 -104 4 +104 6 *
Fa
0  1e-07 19 0

0101000
+103 0 *
Wi

0101100
+117 0 +112 0 -107 0 -104 0 *
Fa
0  1e-07 20 0

0101000
-101 7 *
Sh

0101100
-115 0 -110 0 +105 0 +102 0 +100 3 -100 8 *
So

0100000
-99 0 *
Ve
1e-07
0.223527911211108 2.62875186199658 0
0 0

0101101
*
Ed
 1e-07 1 1 0
1  33 0 0 7.8
0

0101000
+97 4 -97 6 *
Ve
1e-07
4.16275892325994 3.3233445726643 0
0 0

0101101
*
Ed
 1e-07 1 1 0
1  34 0 0 7.8
0

0101000
+95 4 -95 6 *
Ed
 1e-07 1 1 0
1  35 0 0 4
0

0101000
+97 0 -95 0 *
Wi

0101100
+96 0 -94 0 -93 4 +93 6 *
Fa
0  1e-07 21 0

0101000
+92 0 *
Ve
1e-07
4.44059600752703 1.74765216784477 0
0 0

0101101
*
Ed
 1e-07 1 1 0
1  36 0 0 7.8
0

0101000
+90 4 -90 6 *
Ed
 1e-07 1 1 0
1  37 0 0 1.6
0

0101000
+95 0 -90 0 *
Wi

0101100
+94 0 -89 0 -88 4 +88 6 *
Fa
0  1e-07 22 0

0101000
+87 0 *
Ve
1e-07
0.501364995478197 1.05305945717705 0
0 0

0101101
*
Ed
 1e-07 1 1 0
1  38 0 0 7.8
0

0101000
+85 4 -85 6 *
Ed
 1e-07 1 1 0
1  39 0 0 4
0

0101000
+85 0 -90 0 *
Wi

0101100
+84 0 -89 0 -83 4 +83 6 *
Fa
0  1e-07 23 0

0101000
+82 0 *
Ed
 1e-07 1 1 0
1  40 0 0 1.6
0

0101000
+97 0 -85 0 *
Wi

0101100
+96 0 -84 0 -80 4 +80 6 *
Fa
0  1e-07 24 0

0101000
+79 0 *
Wi

0101100
+93 0 +88 0 -83 0 -80 0 *
Fa
0  1e-07 25 0

0101000
-77 7 *
Sh

0101100
-91 0 -86 0 +81 0 +78 0 +76 3 -76 8 *
So

0100000
-75 0 *
Ve
1e-07
19.6242406455516 6.04962096203511 0
0 0

0101101
*
Ed
 1e-07 1 1 0
1  41 0 0 7.8
0

0101000
+73 4 -73 6 *
Ve
1e-07
15.6850096335028 5.35502825136739 0
0 0

0101101
*
Ed
 1e-07 1 1 0
1  42 0 0 7.8
0

0101000
+71 4 -71 6 *
Ed
 1e-07 1 1 0
1  43 0 0 4
0

0101000
+73 0 -71 0 *
Wi

0101100
+72 0 -70 0 -69 4 +69 6 *
Fa
0  1e-07 26 0

0101000
+68 0 *
Ve
1e-07
15.9628467177699 3.77933584654786 0
0 0

0101101
*
Ed
 1e-07 1 1 0
1  44 0 0 7.8
0

0101000
+66 4 -66 6 *
Ed
 1e-07 1 1 0
1  45 0 0 1.6
0

0101000
+66 0 -71 0 *
Wi

0101100
+65 0 -70 0 -64 4 +64 6 *
Fa
0  1e-07 27 0

0101000
+63 0 *
Ve
1e-07
19.9020777298187 4.47392855721558 0
0 0

0101101
*
Ed
 1e-07 1 1 0
1  46 0 0 7.8
0

0101000
+61 4 -61 6 *
Ed
 1e-07 1 1 0
1  47 0 0 4
0

0101000
+66 0 -61 0 *
Wi

0101100
+65 0 -60 0 -59 4 +59 6 *
Fa
0  1e-07 28 0

0101000
+58 0 *
Ed
 1e-07 1 1 0
1  48 0 0 1.6
0

0101000
+61 0 -73 0 *
Wi

0101100
+60 0 -72 0 -56 4 +56 6 *
Fa
0  1e-07 29 0

0101000
+55 0 *
Wi

0101100
+69 0 -64 0 +59 0 +56 0 *
Fa
0  1e-07 30 0

0101000
+53 7 *
Sh

0101100
+67 0 -62 0 +57 0 +54 0 +52 3 -52 8 *
So

0100000
-51 0 *
Ve
1e-07
-20.2162728818593 2.72232354157542 0
0 0

0101101
*
Ed
 1e-07 1 1 0
1  49 0 0 7.8
0

0101000
+49 4 -49 6 *
Ve
1e-07
-16.2314940894923 2.37370057058479 0
0 0

0101101
*
Ed
 1e-07 1 1 0
1  50 0 0 7.8
0

0101000
+47 4 -47 6 *
Ed
 1e-07 1 1 0
1  51 0 0 4
0

0101000
+49 0 -47 0 *
Wi

0101100
+48 0 -46 0 -45 4 +45 6 *
Fa
0  1e-07 31 0

0101000
+44 0 *
Ve
1e-07
-16.092044901096 3.96761208753159 0
0 0

0101101
*
Ed
 1e-07 1 1 0
1  52 0 0 7.8
0

0101000
+42 4 -42 6 *
Ed
 1e-07 1 1 0
1  53 0 0 1.6
0

0101000
+47 0 -42 0 *
Wi

0101100
+46 0 -41 0 -40 4 +40 6 *
Fa
0  1e-07 32 0

0101000
+39 0 *
Ve
1e-07
-20.076823693463 4.31623505852222 0
0 0

0101101
*
Ed
 1e-07 1 1 0
1  54 0 0 7.8
0

0101000
+37 4 -37 6 *
Ed
 1e-07 1 1 0
1  55 0 0 4
0

0101000
+37 0 -42 0 *
Wi

0101100
+36 0 -41 0 -35 4 +35 6 *
Fa
0  1e-07 33 0

0101000
+34 0 *
Ed
 1e-07 1 1 0
1  56 0 0 1.6
0

0101000
+49 0 -37 0 *
Wi

0101100
+48 0 -36 0 -32 4 +32 6 *
Fa
0  1e-07 34 0

0101000
+31 0 *
Wi

0101100
+45 0 +40 0 -35 0 -32 0 *
Fa
0  1e-07 35 0

0101000
+29 7 *
Sh

0101100
+43 0 +38 0 -33 0 -30 0 +28 3 -28 8 *
So

0100000
-27 0 *
Ve
1e-07
-0.451788141055638 2.59926692639336 0
0 0

0101101
*
Ed
 1e-07 1 1 0
1  57 0 0 7.8
0

0101000
+25 4 -25 6 *
Ve
1e-07
-4.43656693342262 2.94788989738399 0
0 0

0101101
*
Ed
 1e-07 1 1 0
1  58 0 0 7.8
0

0101000
+23 4 -23 6 *
Ed
 1e-07 1 1 0
1  59 0 0 4
0

0101000
+25 0 -23 0 *
Wi

0101100
+24 0 -22 0 -21 4 +21 6 *
Fa
0  1e-07 36 0

0101000
+20 0 *
Ve
1e-07
-4.57601612181887 1.3539783804372 0
0 0

0101101
*
Ed
 1e-07 1 1 0
1  60 0 0 7.8
0

0101000
+18 4 -18 6 *
Ed
 1e-07 1 1 0
1  61 0 0 1.6
0

0101000
+23 0 -18 0 *
Wi

0101100
+22 0 -17 0 -16 4 +16 6 *
Fa
0  1e-07 37 0

0101000
+15 0 *
Ve
1e-07
-0.591237329451891 1.00535540944657 0
0 0

0101101
*
Ed
 1e-07 1 1 0
1  62 0 0 7.8
0

0101000
+13 4 -13 6 *
Ed
 1e-07 1 1 0
1  63 0 0 4
0

0101000
+13 0 -18 0 *
Wi

0101100
+12 0 -17 0 -11 4 +11 6 *
Fa
0  1e-07 38 0

0101000
+10 0 *
Ed
 1e-07 1 1 0
1  64 0 0 1.6
0

0101000
+25 0 -13 0 *
Wi

0101100
+24 0 -12 0 -8 4 +8 6 *
Fa
0  1e-07 39 0

0101000
+7 0 *
Wi

0101100
+21 0 +16 0 -11 0 -8 0 *
Fa
0  1e-07 40 0

0101000
+5 7 *
Sh

0101100
+19 0 +14 0 -9 0 -6 0 +4 3 -4 8 *
So

0100000
-3 0 *
Co

1100000
+170 0 +146 0 +122 0 +98 0 +74 0 +50 0 +26 0 +2 0 *

+1 0 ]]>
      </Part>
      <ElementMap new="1" count="1"><Element key="Dummy" value="Dummy"/></ElementMap>
      <ElementMap2 count="208">
<![CDATA[
8 PostfixCount 11
Edge
Face
Vertex
;:G;XTR;:Hedc:7,F
;FAC;:Hedc:4,F
;:G;XTR;:Hedc:7,E
;:G0;XTR;:Hedc:8,F
;:U;XTR;:Hedc:7,E
;:U;XTR;:Hedc:7,V
;SKT;:Hedc,E
;SKT;:Hedc,V

MapCount 1

ElementMap 1 8 3

Edge

ChildCount 0

NameCount 97
0
$#567.6 0
$#568.6 0
;g109.a 0
$#587.8 0
$#569.6 0
;g110.a 0
$#588.8 0
$#56a.6 0
;g111.a 0
$#589.8 0
;g112.a 0
$#58a.8 0
$#56b.6 0
$#56c.6 0
;g117.a 0
$#58b.8 0
$#56d.6 0
;g118.a 0
$#58c.8 0
$#56e.6 0
;g119.a 0
$#58d.8 0
;g120.a 0
$#58e.8 0
$#214.6 0
$#215.6 0
;g72.a 0
$#234.8 0
$#216.6 0
;g73.a 0
$#235.8 0
$#217.6 0
;g74.a 0
$#236.8 0
;g75.a 0
$#237.8 0
$#218.6 0
$#219.6 0
;g76.a 0
$#238.8 0
$#21a.6 0
;g77.a 0
$#239.8 0
$#21b.6 0
;g79.a 0
$#23a.8 0
;g78.a 0
$#23b.8 0
$#56f.6 0
$#570.6 0
;g105.a 0
$#58f.8 0
$#571.6 0
;g106.a 0
$#590.8 0
$#572.6 0
;g107.a 0
$#591.8 0
;g108.a 0
$#592.8 0
$#573.6 0
$#574.6 0
;g113.a 0
$#593.8 0
$#575.6 0
;g114.a 0
$#594.8 0
$#576.6 0
;g115.a 0
$#595.8 0
;g116.a 0
$#596.8 0
$#21c.6 0
$#21d.6 0
;g80.a 0
$#23c.8 0
$#21e.6 0
;g81.a 0
$#23d.8 0
$#21f.6 0
;g84.a 0
$#23e.8 0
;g83.a 0
$#23f.8 0
$#220.6 0
$#221.6 0
;g85.a 0
$#240.8 0
$#222.6 0
;g86.a 0
$#241.8 0
$#223.6 0
;g87.a 0
$#242.8 0
;g88.a 0
$#243.8 0

Face

ChildCount 0

NameCount 49
0
$#563.4 0
$#577.4 0
$#578.4 0
$#579.4 0
$#563.5 0
$#57a.7 0
$#564.4 0
$#57b.4 0
$#57c.4 0
$#57d.4 0
$#564.5 0
$#57e.7 0
$#210.4 0
$#224.4 0
$#225.4 0
$#226.4 0
$#210.5 0
$#227.7 0
$#211.4 0
$#228.4 0
$#229.4 0
$#22a.4 0
$#211.5 0
$#22b.7 0
$#565.4 0
$#57f.4 0
$#580.4 0
$#581.4 0
$#565.5 0
$#582.7 0
$#566.4 0
$#583.4 0
$#584.4 0
$#585.4 0
$#566.5 0
$#586.7 0
$#212.4 0
$#22c.4 0
$#22d.4 0
$#22e.4 0
$#212.5 0
$#22f.7 0
$#213.4 0
$#230.4 0
$#231.4 0
$#232.4 0
$#213.5 0
$#233.7 0

Vertex

ChildCount 0

NameCount 65
0
;g109v1.b 0
$#597.9 0
;g109v2.b 0
$#598.9 0
;g110v2.b 0
$#599.9 0
;g111v2.b 0
$#59a.9 0
;g117v1.b 0
$#59b.9 0
;g117v2.b 0
$#59c.9 0
;g118v2.b 0
$#59d.9 0
;g119v2.b 0
$#59e.9 0
;g72v1.b 0
$#244.9 0
;g72v2.b 0
$#245.9 0
;g73v1.b 0
$#246.9 0
;g74v1.b 0
$#247.9 0
;g76v1.b 0
$#248.9 0
;g76v2.b 0
$#249.9 0
;g77v2.b 0
$#24a.9 0
;g78v2.b 0
$#24b.9 0
;g105v1.b 0
$#59f.9 0
;g105v2.b 0
$#5a0.9 0
;g106v2.b 0
$#5a1.9 0
;g107v1.b 0
$#5a2.9 0
;g113v1.b 0
$#5a3.9 0
;g113v2.b 0
$#5a4.9 0
;g114v1.b 0
$#5a5.9 0
;g115v2.b 0
$#5a6.9 0
;g80v1.b 0
$#24c.9 0
;g80v2.b 0
$#24d.9 0
;g81v2.b 0
$#24e.9 0
;g83v2.b 0
$#24f.9 0
;g85v1.b 0
$#250.9 0
;g85v2.b 0
$#251.9 0
;g86v2.b 0
$#252.9 0
;g87v1.b 0
$#253.9 0

EndMap
]]>
      </ElementMap2>
    </Property>
    <Property name="AddSubType" type="App::PropertyEnumeration">
      <Integer value="1"/>
    </Property>
    <Property name="AllowMultiFace" type="App::PropertyBool">
      <Bool value="true"/>
    </Property>
    <Property name="AlongSketchNormal" type="App::PropertyBool">
      <Bool value="false"/>
    </Property>
    <Property name="AutoTaperInnerAngle" type="App::PropertyBool">
      <Bool value="true"/>
    </Property>
    <Property name="BaseFeature" type="App::PropertyLink" status="8">
      <Link value="Pad"/>
    </Property>
    <Property name="CheckUpToFaceLimits" type="App::PropertyBool">
      <Bool value="true"/>
    </Property>
    <Property name="ClaimChildren" type="App::PropertyBool" status="134217728">
      <Bool value="false"/>
    </Property>
    <Property name="ColoredElements" type="App::PropertyLinkSubHidden" status="218103808">
      <LinkSub value="" count="0">
      </LinkSub>
    </Property>
    <Property name="Direction" type="App::PropertyVector" status="4">
      <PropertyVector valueX="1" valueY="-3.33066907387547e-16" valueZ="3.885780586188048e-16"/>
    </Property>
    <Property name="ExpressionEngine" type="App::PropertyExpressionEngine" status="67108864">
      <ExpressionEngine count="0"></ExpressionEngine>
    </Property>
    <Property name="Fit" type="App::PropertyDistance">
      <Float value="0"/>
    </Property>
    <Property name="FitJoin" type="App::PropertyEnumeration">
      <Integer value="0"/>
    </Property>
    <Property name="FixShape" type="App::PropertyEnumeration">
      <Integer value="0"/>
    </Property>
    <Property name="InnerFit" type="App::PropertyDistance">
      <Float value="0"/>
    </Property>
    <Property name="InnerFitJoin" type="App::PropertyEnumeration">
      <Integer value="0"/>
    </Property>
    <Property name="InvalidShape" type="App::PropertyBool" status="67108864">
      <Bool value="false"/>
    </Property>
    <Property name="Label" type="App::PropertyString" status="134217728">
      <String value="Pad001"/>
    </Property>
    <Property name="Label2" type="App::PropertyString" status="128">
      <String value=""/>
    </Property>
    <Property name="Length" type="App::PropertyLength">
      <Float value="4.6"/>
    </Property>
    <Property name="Length2" type="App::PropertyLength">
      <Float value="3.2"/>
    </Property>
    <Property name="Linearize" type="App::PropertyBool">
      <Bool value="true"/>
    </Property>
    <Property name="Midplane" type="App::PropertyBool" status="4">
      <Bool value="false"/>
    </Property>
    <Property name="NewSolid" type="App::PropertyBool">
      <Bool value="false"/>
    </Property>
    <Property name="Offset" type="App::PropertyLength" status="4">
      <Float value="0"/>
    </Property>
    <Property name="Placement" type="App::PropertyPlacement" status="8388620">
      <PropertyPlacement Px="0" Py="0" Pz="0" Q0="0" Q1="0" Q2="0" Q3="1" A="0" Ox="0" Oy="0" Oz="1"/>
    </Property>
    <Property name="Profile" type="App::PropertyLinkSub">
      <LinkSub value="Sketch002" count="1">
        <Sub value=""/>
      </LinkSub>
    </Property>
    <Property name="ReferenceAxis" type="App::PropertyLinkSub">
      <LinkSub value="Sketch002" count="1">
        <Sub value="N_Axis"/>
      </LinkSub>
    </Property>
    <Property name="Refine" type="App::PropertyBool">
      <Bool value="false"/>
    </Property>
    <Property name="Reversed" type="App::PropertyBool">
      <Bool value="false"/>
    </Property>
    <Property name="Shape" type="Part::PropertyPartShape">
      <Part HasherIndex="0" ElementMap="1.15.70200.4" brep="1">
<![CDATA[

CASCADE Topology V1, (c) Matra-Datavision
Locations 5
1
              1               0               0               0 
              0               1               0               0 
              0               0               1               0 
1
2.22044604925031e-16 -3.33066907387547e-16               1               0 
              1 3.33066907387547e-16 -2.22044604925031e-16               0 
-3.33066907387547e-16               1 3.33066907387547e-16               0 
2  1 1 2 1 0
1
              1               0               0            2.45 
              0               1               0 -8.1601392309949e-16 
              0               0               1 9.52016243616072e-16 
2  1 1 2 1 4 1 0
Curve2ds 128
8 -13.271149312828177 -9.2711493128281734
1 -5.5640598640468415 -12.824145160216787 -0.42261826174069922 0.90630778703665016 
8 -13.271149312828177 -9.2711493128281734
1 -9.2711493128281734 -3.1999999999999975 -1 -2.0124075451303237e-16 
8 3.631234359122482 5.2312343591224817
1 4.7856786253282593 -22.641075953748484 -0.90630778703665005 -0.42261826174069933 
8 3.631234359122482 5.2312343591224817
1 5.2312343591224817 -3.1999999999999948 -1 9.3840104962317069e-17 
8 7.2711493128281743 11.271149312828177
1 -3.2687308813068015 -13.960571515504968 0.422618261740699 -0.90630778703665016 
8 7.2711493128281743 11.271149312828177
1 11.271149312828175 -3.1999999999999971 -1 2.0124075451303242e-16 
8 -6.0312343591224753 -4.4312343591224748
1 3.8202518079947794 -18.677750196209331 0.90630778703665016 0.42261826174069911 
8 -6.0312343591224753 -4.4312343591224748
1 -4.4312343591224757 -3.1999999999999966 -1 -9.3840104962316798e-17 
8 -3.9170421614254365 0.082957838574566026
1 -3.8055389369848451 -0.58678159377390315 -0.17364817766693005 0.98480775301220824 
8 -3.9170421614254365 0.082957838574566026
1 0.082957838574565249 -3.2000000000000006 -1 -2.1867124844470342e-16 
8 -3.5248089019899238 -1.9248089019899228
1 -1.9243776847299134 -0.17084451298490111 0.98480775301220813 0.17364817766693 
8 -3.5248089019899238 -1.9248089019899228
1 -1.9248089019899235 -3.2000000000000002 -1 -3.8557641006005036e-17 
8 -3.9170421614254365 0.082957838574566151
1 -5.3812313418043782 -0.86461867804099146 -0.17364817766693011 0.98480775301220824 
8 -3.9170421614254365 0.082957838574566151
1 0.082957838574565318 -3.2000000000000006 -1 -2.1867124844470342e-16 
8 -3.5248089019899238 -1.9248089019899228
1 -1.2297849740621931 -4.1100755250337349 0.98480775301220824 0.17364817766692989 
8 -3.5248089019899238 -1.9248089019899228
1 -1.9248089019899235 -3.1999999999999993 -1 -3.8557641006005079e-17 
8 1.1248089019899268 2.7248089019899275
1 0.01405250223112553 -15.771244777410116 -0.98480775301220813 -0.17364817766693047 
8 1.1248089019899268 2.7248089019899275
1 2.7248089019899275 -3.1999999999999971 -1 3.8557641006005079e-17 
8 -11.767042161425437 -7.7670421614254339
1 -4.0180931471189787 -8.5953595391868269 -0.1736481776669303 0.98480775301220813 
8 -11.767042161425437 -7.7670421614254339
1 -7.7670421614254357 -3.1999999999999988 -1 -2.1867124844470352e-16 
8 1.1248089019899159 2.724808901989916
1 0.70864521289883697 -19.710475789458947 -0.98480775301220824 -0.17364817766692933 
8 1.1248089019899159 2.724808901989916
1 2.724808901989916 -3.1999999999999957 -1 3.8557641006004987e-17 
8 5.767042161425433 9.7670421614254384
1 -2.095104386965585 -10.287137960944156 0.17364817766693033 -0.98480775301220813 
8 5.767042161425433 9.7670421614254384
1 9.7670421614254366 -3.199999999999998 -1 2.1867124844470347e-16 
8 -6.0312343591224709 -4.4312343591224668
1 12.145831564286542 -36.532013600831348 0.90630778703665038 0.42261826174069866 
8 -6.0312343591224709 -4.4312343591224668
1 -4.4312343591224677 -3.1999999999999922 -1 -9.3840104962316921e-17 
8 -21.121149312828177 -17.121149312828177
1 -0.79641405012372068 -19.262472069669379 -0.42261826174069939 0.90630778703665005 
8 -21.121149312828177 -17.121149312828177
1 -17.121149312828177 -3.1999999999999962 -1 -2.0124075451303217e-16 
8 3.6312343591223994 5.2312343591224018
1 9.7303122876943711 -33.24487706207735 -0.90630778703665205 -0.422618261740695 
8 3.6312343591223994 5.2312343591224018
1 5.2312343591224 -3.1999999999999926 -1 9.3840104962316083e-17 
8 15.121149312828177 19.121149312828184
1 -1.4012699859009548 -21.751276862527785 0.42261826174069866 -0.90630778703665038 
8 15.121149312828177 19.121149312828184
1 19.12114931282818 -3.1999999999999948 -1 2.0124075451303242e-16 
8 -3.5248089019899256 -1.9248089019899253
1 -1.5833219560869356 3.987252623960956 0.99619469809174555 -0.087155742747658596 
8 -3.5248089019899256 -1.9248089019899253
1 -1.9248089019899257 -3.2000000000000006 -1 1.9352462465351414e-17 
8 -3.9170421614254396 0.082957838574563
1 -5.436110614988813 0.3923233284435938 -0.087155742747658069 -0.99619469809174566 
8 -3.9170421614254396 0.082957838574563
1 0.082957838574563 -3.2000000000000006 -1 2.2119965816619236e-16 
8 -3.5248089019899238 -1.9248089019899237
1 -1.931944927077569 0.0024738315939742961 0.99619469809174555 -0.08715574274765818 
8 -3.5248089019899238 -1.9248089019899237
1 -1.9248089019899242 -3.2000000000000002 -1 1.9352462465351315e-17 
8 -3.9170421614254387 0.082957838574562931
1 -3.8421990980420189 0.2528741400473406 -0.087155742747658013 -0.99619469809174555 
8 -3.9170421614254387 0.082957838574562931
1 0.082957838574562931 -3.2000000000000002 -1 2.2119965816619236e-16 
8 1.1248089019899215 2.7248089019899226
1 -1.3605555244127352 15.712455185832502 -0.99619469809174555 0.087155742747658013 
8 1.1248089019899215 2.7248089019899226
1 2.7248089019899226 -3.2000000000000037 -1 -1.9352462465351365e-17 
8 5.7670421614254339 9.7670421614254401
1 -2.9837150319775856 10.065391916251032 0.087155742747657972 0.99619469809174555 
8 5.7670421614254339 9.7670421614254401
1 9.7670421614254384 -3.200000000000002 -1 -2.2119965816619238e-16 
8 1.1248089019899215 2.7248089019899231
1 -1.0119325534221026 19.697233978199488 -0.99619469809174555 0.087155742747658013 
8 1.1248089019899215 2.7248089019899231
1 2.7248089019899231 -3.2000000000000046 -1 -1.9352462465351365e-17 
8 5.7670421614254321 9.7670421614254384
1 -4.5776265489243793 10.204841104647286 0.087155742747657972 0.99619469809174555 
8 5.7670421614254321 9.7670421614254384
1 9.7670421614254366 -3.2000000000000024 -1 -2.2119965816619238e-16 
8 7.2711493128281761 11.271149312828181
1 -4.4730363530622252 13.622558658274189 0.34202014332566827 0.93969262078590854 
8 7.2711493128281761 11.271149312828181
1 11.271149312828179 -3.2000000000000037 -1 -2.086536767333742e-16 
8 -6.0312343591224709 -4.4312343591224703
1 3.5459219785966347 22.698403084698299 0.93969262078590865 -0.34202014332566794 
8 -6.0312343591224709 -4.4312343591224703
1 -4.4312343591224703 -3.200000000000006 -1 7.5943727601150483e-17 
8 7.2711493128281761 11.271149312828181
1 -5.9765445463196816 14.169790887595262 0.34202014332566849 0.93969262078590854 
8 7.2711493128281761 11.271149312828181
1 11.271149312828179 -3.2000000000000037 -1 -2.0865367673337423e-16 
8 -6.0312343591224709 -4.4312343591224703
1 2.1778414052939628 18.939632601554671 0.93969262078590876 -0.34202014332566782 
8 -6.0312343591224709 -4.4312343591224703
1 -4.4312343591224703 -3.2000000000000051 -1 7.5943727601150483e-17 
8 15.121149312828175 19.121149312828177
1 -1.7881782279557195 20.999145731443566 0.34202014332566788 0.93969262078590876 
8 15.121149312828175 19.121149312828177
1 19.121149312828177 -3.2000000000000055 -1 -2.0865367673337413e-16 
8 -6.0312343591224673 -4.431234359122465
1 8.9156382288096285 37.451577231037064 0.93969262078590865 -0.34202014332566816 
8 -6.0312343591224673 -4.431234359122465
1 -4.4312343591224668 -3.2000000000000091 -1 7.5943727601150483e-17 
8 15.12114931282818 19.121149312828177
1 -3.2916864212131909 21.546377960764648 0.34202014332566888 0.93969262078590843 
8 15.12114931282818 19.121149312828177
1 19.121149312828177 -3.2000000000000055 -1 -2.086536767333742e-16 
8 3.6312343591225327 5.2312343591225368
1 6.795803558878287 33.966422862553927 -0.93969262078590732 0.34202014332567171 
