<?xml version='1.0' encoding='utf-8'?>
<!-- FreeCAD DocumentObject -->
<Document SchemaVersion="4" FileVersion="2">
<Object name="Boolean" Extensions="True">
  <Extensions Count="1">
    <Extension type="App::GeoFeatureGroupExtension" name="GeoFeatureGroupExtension">
    </Extension>
  </Extensions>
  <Properties Count="23" TransientCount="3">
    <_Property name="_Body" type="App::PropertyLinkHidden" status="251658241"/>
    <_Property name="_ElementMapVersion" type="App::PropertyString" status="234881024"/>
    <_Property name="_GroupTouched" type="App::PropertyBool" status="100663297"/>
    <Property name="BaseFeature" type="App::PropertyLink" status="8">
      <Link value=""/>
    </Property>
    <Property name="ClaimAllChildren" type="App::PropertyBool" status="8">
      <Bool value="false"/>
    </Property>
    <Property name="ColoredElements" type="App::PropertyLinkSubHidden" status="218103808">
      <LinkSub value="" count="0">
      </LinkSub>
    </Property>
    <Property name="ExportMode" type="App::PropertyEnumeration" status="8">
      <Integer value="0"/>
    </Property>
    <Property name="ExpressionEngine" type="App::PropertyExpressionEngine" status="67108864">
      <ExpressionEngine count="0"></ExpressionEngine>
    </Property>
    <Property name="FixShape" type="App::PropertyEnumeration">
      <Integer value="0"/>
    </Property>
    <Property name="Group" type="App::PropertyLinkList">
      <LinkList count="1">
        <Link value="Reference"/>
      </LinkList>
    </Property>
    <Property name="InvalidShape" type="App::PropertyBool" status="67108864">
      <Bool value="false"/>
    </Property>
    <Property name="Label" type="App::PropertyString" status="134217728">
      <String value="Boolean"/>
    </Property>
    <Property name="Label2" type="App::PropertyString" status="128">
      <String value=""/>
    </Property>
    <Property name="NewSolid" type="App::PropertyBool">
      <Bool value="false"/>
    </Property>
    <Property name="Placement" type="App::PropertyPlacement" status="8388616">
      <PropertyPlacement Px="0" Py="0" Pz="0" Q0="0" Q1="0" Q2="0" Q3="1" A="0" Ox="0" Oy="0" Oz="1"/>
    </Property>
    <Property name="Refine" type="App::PropertyBool">
      <Bool value="false"/>
    </Property>
    <Property name="Shape" type="Part::PropertyPartShape">
      <Part HasherIndex="0" ElementMap="1.15.70200.4" brep="1">
<![CDATA[

CASCADE Topology V1, (c) Matra-Datavision
Locations 32
1
              1               0               0               0 
              0               1               0               0 
              0               0               1               0 
1
              1               0               0               0 
              0               1               0               0 
              0               0               1               0 
1
              1               0               0               0 
              0               1               0              42 
              0               0               1              -5 
2  2 1 3 1 0
1
              1               0               0               0 
              0               1               0               0 
              0               0               1               0 
1
              1               0               0               0 
              0               1               0               0 
              0               0               1               0 
1
              1               0               0               0 
              0               1               0               0 
              0               0               1               0 
1
              1               0               0               0 
              0               1               0               0 
              0               0               1               0 
1
              1               0               0               0 
              0               1               0               0 
              0               0               1               0 
1
              1               0               0               0 
              0               1               0               0 
              0               0               1               0 
2  5 1 6 1 7 1 8 1 9 1 10 1 0
1
              1               0               0               0 
              0               1               0               0 
              0               0               1               0 
2  12 -1 0
1
              1               0               0               0 
              0               1               0               0 
              0               0               1               0 
1
2.22044604925031e-16 -3.33066907387547e-16               1               0 
              1 3.33066907387547e-16 -2.22044604925031e-16               0 
-3.33066907387547e-16               1 3.33066907387547e-16               0 
1
              1               0               0             1.5 
              0               1               0 -4.9960036108132e-16 
              0               0               1 5.82867087928207e-16 
2  14 1 15 1 16 1 12 1 0
1
              1               0               0               0 
              0               1               0               0 
              0               0               1               0 
2  18 -1 12 -1 16 -1 15 -1 14 -1 0
2  18 -1 0
2  18 -1 12 -1 0
2  14 1 15 1 16 1 0
2  14 1 15 1 12 1 0
2  18 -1 12 -1 15 -1 14 -1 0
1
              1               0               0            2.45 
              0               1               0 -8.1601392309949e-16 
              0               0               1 9.52016243616072e-16 
1
              1               0               0               0 
              0               1               0               0 
              0               0               1               0 
1
2.22044604925031e-16 -3.33066907387547e-16               1               0 
              1 3.33066907387547e-16 -2.22044604925031e-16               0 
-3.33066907387547e-16               1 3.33066907387547e-16               0 
2  26 1 27 1 25 1 0
2  18 -1 12 -1 25 -1 27 -1 26 -1 0
2  26 1 27 1 0
2  18 -1 12 -1 27 -1 26 -1 0
2  14 1 15 1 0
Curve2ds 0
Curves 228
1 20.94510381725102 4.802793419352172 2.5816833683163565e-31 0.90630778703665149 0.42261826174069628 1.1171105957665368e-32 
8 -1.8667619023324882 -1.0323759005323634
1 0.18000000000000216 22.150493174009764 5.3648757074672941 -0.70710678118654768 0.64085638205578876 0.29883623873011933 
1 -3.1999999999999971 20.94510381725102 4.802793419352164 1 -3.3306690738754696e-16 3.8857805861880479e-16 
1 3.0873841094521126e-15 21.488888489473005 5.05636437639658 1 -3.3306690738754696e-16 3.8857805861880479e-16 
1 2.4500000000000002 12.542589000255358 0.88463641242624513 1.4076015744347557e-16 -0.90630778703665016 -0.42261826174069922 
1 2.9834438451735955e-17 12.54258900025536 0.88463641242624425 1.4076015744347557e-16 -0.90630778703665016 -0.42261826174069922 
1 -3.1999999999999971 24.570334965397624 6.4932664663149611 1 -3.3306690738754696e-16 3.8857805861880479e-16 
1 1.5000000000000031 20.954166895121386 4.8070196019695679 -3.9570123673186565e-16 -0.4226182617407005 0.90630778703664949 
1 20.268914598465901 6.2528858786108117 2.4983366121864319e-31 0.42261826174069939 -0.90630778703665005 5.2091722581202813e-33 
1 20.812699270687883 6.5064568356552286 2.5653632479324231e-31 -0.90630778703664927 -0.42261826174070094 -1.1171105957665341e-32 
1 0.91000000000000314 21.488888489473009 5.0563643763965809 -3.9570123673186565e-16 -0.4226182617407005 0.90630778703664949 
8 -3.2809754647055844 -2.4465894629054592
1 -0.8199999999999994 22.380611742261294 7.2375864284666322 -0.70710678118654768 0.64085638205578888 0.29883623873011922 
1 2.4499999999999971 18.396194036247902 10.268948084467867 -3.0186113176954866e-16 -0.42261826174069911 0.90630778703665016 
1 -3.199999999999998 20.268914598465905 6.2528858786108037 1 -3.3306690738754696e-16 3.8857805861880479e-16 
1 21.488888489473005 5.0563643763965871 2.6487100040623477e-31 -0.42261826174070077 0.90630778703664938 -5.2091722581202984e-33 
1 2.4542621306811267e-15 20.812699270687887 6.5064568356552215 1 -3.3306690738754696e-16 3.8857805861880479e-16 
1 -40.256283787050421 13.110122806502984 -4.9619700732947626e-31 0.93969262078590854 -0.34202014332566832 1.1582605804104304e-32 
1 -40.256283787050421 13.110122806502984 -4.9619700732947626e-31 -0.34202014332566771 -0.93969262078590887 -4.2157237479329055e-33 
1 -20.09987707119268 5.7737907321673978 -2.4775011283143889e-31 0.99619469809174566 -0.087155742747657763 1.2279047676766026e-32 
1 -20.973106122531693 1.8349090246476631 -2.5851349189244794e-31 -0.93969262078590854 0.34202014332566844 -1.1582605804104304e-32 
1 -0.1759831093577725 4.030675877214243 -2.1691592961184452e-33 0.98480775301220813 0.17364817766693044 1.2138692742341871e-32 
1 -20.973106122531693 1.8349090246476631 -2.5851349189244794e-31 0.99619469809174555 -0.08715574274765775 1.2279047676766024e-32 
1 38.960473982822528 16.568801144890845 4.8022491834264066e-31 -0.90630778703665016 -0.42261826174069911 -1.1171105957665352e-32 
1 -7.5 0.65616497644442684 -9.2444637330587157e-32 0.99619469809174555 -0.087155742747657763 1.2279047676766024e-32 
1 38.960473982822528 16.568801144890845 4.8022491834264066e-31 0.4226182617406995 -0.90630778703664994 5.2091722581202827e-33 
1 7.5 1.3224523553134875 9.2444637330587157e-32 -0.98480775301220813 -0.17364817766693044 -1.2138692742341871e-32 
1 40.650947029785328 12.943569996744239 5.0106160737512186e-31 -0.90630778703665005 -0.42261826174069927 -1.117110595766535e-32 
1 20.733374262864071 3.6558532836694178 2.5555856858263987e-31 -0.98480775301220813 -0.17364817766693036 -1.2138692742341871e-32 
1 2.4499999999999966 22.359519793787058 11.234374901801345 3.0186113176954861e-16 0.42261826174069933 -0.90630778703665005 
1 2.4499999999999993 13.679015355543539 3.1799653951662856 -1.4076015744347549e-16 0.90630778703665016 0.422618261740699 
1 2.4499999999999997 0.30522543381247602 2.6431573394882424 5.7836461509007702e-17 -0.98480775301220824 -0.17364817766693005 
1 2.4499999999999984 -0.11071164697652647 4.5243185917431736 -3.280068726670554e-16 -0.17364817766693 0.98480775301220813 
1 2.4500000000000002 0.58306251807956433 1.0674649346687086 5.7836461509007714e-17 -0.98480775301220824 -0.17364817766693011 
1 2.4499999999999993 3.8285193650723075 5.218911302410894 -3.2800687266705545e-16 -0.17364817766692989 0.98480775301220824 
1 2.4499999999999984 15.489688617448689 6.4627487787042126 3.280068726670554e-16 0.17364817766693047 -0.98480775301220813 
1 2.4499999999999997 8.3138033792253996 2.4306031293541084 5.7836461509007788e-17 -0.98480775301220813 -0.1736481776669303 
1 2.4499999999999975 19.428919629497521 7.1573414893719232 3.2800687266705545e-16 0.17364817766692933 -0.98480775301220824 
1 2.4499999999999993 10.005581800982728 4.3535918895075021 -5.7836461509007788e-17 0.98480775301220813 0.17364817766693033 
1 2.449999999999994 36.250457440869923 18.594527840759632 -3.018611317695487e-16 -0.42261826174069866 0.90630778703665038 
1 2.4499999999999984 18.980915909707953 5.6522822263493673 1.4076015744347562e-16 -0.90630778703665005 -0.42261826174069939 
1 2.4499999999999948 32.963320902115925 16.179008564167461 3.0186113176954925e-16 0.422618261740695 -0.90630778703665205 
1 2.4499999999999984 21.469720702566359 5.0474262905721332 -1.4076015744347539e-16 0.90630778703665038 0.42261826174069866 
1 2.4499999999999984 -4.2688087839223838 4.8653743203861506 -3.3179948724928874e-16 0.087155742747658596 0.99619469809174555 
1 2.4500000000000002 -0.67387948840502088 1.0125856614842745 2.9028693698027102e-17 0.99619469809174566 -0.087155742747658069 
1 2.4499999999999984 -0.28402999155540187 4.516751349395518 -3.3179948724928874e-16 0.08715574274765818 0.99619469809174555 
1 2.4499999999999993 -0.53443030000876768 2.6064971784310682 2.9028693698027084e-17 0.99619469809174555 -0.087155742747658013 
1 2.4499999999999984 -15.994011345793931 5.0881407520603528 3.3179948724928874e-16 -0.087155742747658013 -0.99619469809174555 
1 2.4499999999999993 -10.346948076212461 3.4649812444955015 -2.9028693698027072e-17 -0.99619469809174555 0.087155742747657972 
1 2.4499999999999984 -19.978790138160917 5.4367637230509853 3.3179948724928874e-16 -0.087155742747658013 -0.99619469809174555 
1 2.4499999999999993 -10.486397264608714 1.871069727548708 -2.9028693698027072e-17 -0.99619469809174555 0.087155742747657972 
1 2.4499999999999993 -13.904114818235618 1.9756599234108618 -1.139155914017259e-16 -0.93969262078590854 0.34202014332566827 
1 2.4499999999999966 -22.979959244659728 9.9946182550697227 -3.1298051510006155e-16 0.34202014332566794 0.93969262078590865 
1 2.4499999999999997 -14.451347047556689 0.47215173015340506 -1.1391559140172597e-16 -0.93969262078590854 0.34202014332566849 
1 2.4499999999999975 -19.221188761516096 8.6265376817670507 -3.129805151000616e-16 0.34202014332566782 0.93969262078590876 
1 2.4499999999999993 -21.280701891404991 4.6605180485173676 -1.1391559140172577e-16 -0.93969262078590876 0.34202014332566788 
1 2.4499999999999948 -37.733133390998489 15.364334505282716 -3.1298051510006155e-16 0.34202014332566816 0.93969262078590865 
1 2.4499999999999993 -21.827934120726077 3.1570098552598966 -1.1391559140172612e-16 -0.93969262078590843 0.34202014332566888 
1 2.4499999999999957 -34.247979022515352 13.244499835351373 3.129805151000611e-16 -0.34202014332567171 -0.93969262078590732 
1 -40.256283787050421 13.110122806502984 -4.9619700732947626e-31 0.93969262078590854 -0.34202014332566832 1.1582605804104304e-32 
1 -40.256283787050421 13.110122806502984 -4.9619700732947626e-31 -0.34202014332566771 -0.93969262078590887 -4.2157237479329055e-33 
1 -20.09987707119268 5.7737907321673978 -2.4775011283143889e-31 0.99619469809174566 -0.087155742747657763 1.2279047676766026e-32 
1 -20.973106122531693 1.8349090246476631 -2.5851349189244794e-31 -0.93969262078590854 0.34202014332566844 -1.1582605804104304e-32 
1 -0.1759831093577725 4.030675877214243 -2.1691592961184452e-33 0.98480775301220813 0.17364817766693044 1.2138692742341871e-32 
1 -20.973106122531693 1.8349090246476631 -2.5851349189244794e-31 0.99619469809174555 -0.08715574274765775 1.2279047676766024e-32 
1 38.960473982822528 16.568801144890845 4.8022491834264066e-31 -0.90630778703665016 -0.42261826174069911 -1.1171105957665352e-32 
1 -7.5 0.65616497644442684 -9.2444637330587157e-32 0.99619469809174555 -0.087155742747657763 1.2279047676766024e-32 
1 38.960473982822528 16.568801144890845 4.8022491834264066e-31 0.4226182617406995 -0.90630778703664994 5.2091722581202827e-33 
1 7.5 1.3224523553134875 9.2444637330587157e-32 -0.98480775301220813 -0.17364817766693044 -1.2138692742341871e-32 
1 40.650947029785328 12.943569996744239 5.0106160737512186e-31 -0.90630778703665005 -0.42261826174069927 -1.117110595766535e-32 
1 20.733374262864071 3.6558532836694178 2.5555856858263987e-31 -0.98480775301220813 -0.17364817766693036 -1.2138692742341871e-32 
1 2.9834438451735955e-17 12.54258900025536 0.88463641242624425 1.4076015744347557e-16 -0.90630778703665016 -0.42261826174069922 
1 -3.8019344523624347e-15 22.359519793787058 11.234374901801345 3.0186113176954861e-16 0.42261826174069933 -0.90630778703665005 
1 -1.099832886664029e-15 13.679015355543541 3.1799653951662847 -1.4076015744347549e-16 0.90630778703665016 0.422618261740699 
1 -1.099832886664029e-15 13.679015355543541 3.1799653951662847 -1.4076015744347549e-16 0.90630778703665016 0.422618261740699 
1 -3.0763249276254204e-15 18.396194036247906 10.268948084467866 -3.0186113176954866e-16 -0.42261826174069911 0.90630778703665016 
1 -4.7383212747123849e-16 0.30522543381247647 2.6431573394882411 5.7836461509007702e-17 -0.98480775301220824 -0.17364817766693005 
1 -4.7383212747123849e-16 0.30522543381247647 2.6431573394882411 5.7836461509007702e-17 -0.98480775301220824 -0.17364817766693005 
1 -1.5444738979071366e-15 -0.11071164697652564 4.5243185917431727 -3.280068726670554e-16 -0.17364817766693 0.98480775301220813 
1 1.0617975587437237e-17 0.58306251807956466 1.0674649346687075 5.7836461509007714e-17 -0.98480775301220824 -0.17364817766693011 
1 1.0617975587437237e-17 0.58306251807956466 1.0674649346687075 5.7836461509007714e-17 -0.98480775301220824 -0.17364817766693011 
1 -1.2160576110750891e-15 3.8285193650723084 5.2189113024108931 -3.2800687266705545e-16 -0.17364817766692989 0.98480775301220824 
1 -1.7764455158278168e-15 15.489688617448689 6.4627487787042117 3.280068726670554e-16 0.17364817766693047 -0.98480775301220813 
1 -4.3347123426262498e-16 8.3138033792253996 2.4306031293541075 5.7836461509007788e-17 -0.98480775301220813 -0.1736481776669303 
1 -4.3347123426262498e-16 8.3138033792253996 2.4306031293541075 5.7836461509007788e-17 -0.98480775301220813 -0.1736481776669303 
1 -2.3362076486958912e-15 19.428919629497521 7.1573414893719232 3.2800687266705545e-16 0.17364817766692933 -0.98480775301220824 
1 -1.1399659422463317e-15 10.005581800982728 4.3535918895075012 -5.7836461509007788e-17 0.98480775301220813 0.17364817766693033 
1 -1.1399659422463317e-15 10.005581800982728 4.3535918895075012 -5.7836461509007788e-17 0.98480775301220813 0.17364817766693033 
1 -6.2391693178439028e-15 36.250457440869923 18.594527840759628 -3.018611317695487e-16 -0.42261826174069866 0.90630778703665038 
1 -1.543922096514089e-15 18.980915909707953 5.6522822263493655 1.4076015744347562e-16 -0.90630778703665005 -0.42261826174069939 
1 -1.543922096514089e-15 18.980915909707953 5.6522822263493655 1.4076015744347562e-16 -0.90630778703665005 -0.42261826174069939 
1 -5.5135597931068707e-15 32.963320902115925 16.179008564167457 3.0186113176954925e-16 0.422618261740695 -0.90630778703665205 
1 -1.7465224009485159e-15 21.469720702566359 5.0474262905721314 -1.4076015744347539e-16 0.90630778703665038 0.42261826174069866 
1 -1.7465224009485159e-15 21.469720702566359 5.0474262905721314 -1.4076015744347539e-16 0.90630778703665038 0.42261826174069866 
1 -1.604921115454948e-15 -4.2688087839223829 4.8653743203861506 -3.3179948724928874e-16 0.087155742747658596 0.99619469809174555 
1 2.0952125562923537e-17 -0.67387948840502054 1.0125856614842736 2.9028693698027102e-17 0.99619469809174566 -0.087155742747658069 
1 2.0952125562923537e-17 -0.67387948840502054 1.0125856614842736 2.9028693698027102e-17 0.99619469809174566 -0.087155742747658069 
1 -1.5468637280588935e-15 -0.28402999155540104 4.5167513493955171 -3.3179948724928874e-16 0.08715574274765818 0.99619469809174555 
1 -9.1062127901160182e-16 -0.53443030000876734 2.6064971784310673 2.9028693698027084e-17 0.99619469809174555 -0.087155742747658013 
1 -9.1062127901160182e-16 -0.53443030000876734 2.6064971784310673 2.9028693698027084e-17 0.99619469809174555 -0.087155742747658013 
1 -1.7747389735884059e-15 -15.994011345793929 5.088140752060351 3.3179948724928874e-16 -0.087155742747658013 -0.99619469809174555 
1 -1.1326658839366335e-15 -10.34694807621246 3.4649812444955006 -2.9028693698027072e-17 -0.99619469809174555 0.087155742747657972 
1 -1.1326658839366335e-15 -10.34694807621246 3.4649812444955006 -2.9028693698027072e-17 -0.99619469809174555 0.087155742747657972 
1 -1.8327963609844601e-15 -19.978790138160914 5.4367637230509835 3.3179948724928874e-16 -0.087155742747658013 -0.99619469809174555 
1 -6.4518168921217098e-16 -10.486397264608714 1.8710697275487072 -2.9028693698027072e-17 -0.99619469809174555 0.087155742747657972 
1 -6.4518168921217098e-16 -10.486397264608714 1.8710697275487072 -2.9028693698027072e-17 -0.99619469809174555 0.087155742747657972 
1 -6.0647108334754444e-16 -13.904114818235616 1.9756599234108609 -1.139155914017259e-16 -0.93969262078590854 0.34202014332566827 
1 -6.0647108334754444e-16 -13.904114818235616 1.9756599234108609 -1.139155914017259e-16 -0.93969262078590854 0.34202014332566827 
1 -3.2773207353427648e-15 -22.979959244659725 9.9946182550697209 -3.1298051510006155e-16 0.34202014332566794 0.93969262078590865 
1 -1.3404206634246291e-16 -14.451347047556689 0.47215173015340417 -1.1391559140172597e-16 -0.93969262078590854 0.34202014332566849 
1 -1.3404206634246291e-16 -14.451347047556689 0.47215173015340417 -1.1391559140172597e-16 -0.93969262078590854 0.34202014332566849 
1 -2.8274449476142818e-15 -19.221188761516096 8.6265376817670489 -3.129805151000616e-16 0.34202014332566782 0.93969262078590876 
1 -1.0505602931976102e-15 -21.280701891404991 4.6605180485173667 -1.1391559140172577e-16 -0.93969262078590876 0.34202014332566788 
1 -1.0505602931976102e-15 -21.280701891404991 4.6605180485173667 -1.1391559140172577e-16 -0.93969262078590876 0.34202014332566788 
1 -5.0597365475464386e-15 -37.733133390998489 15.364334505282715 -3.1298051510006155e-16 0.34202014332566816 0.93969262078590865 
1 -5.7813127619252355e-16 -21.827934120726074 3.1570098552598953 -1.1391559140172612e-16 -0.93969262078590843 0.34202014332566888 
1 -5.7813127619252355e-16 -21.827934120726074 3.1570098552598953 -1.1391559140172612e-16 -0.93969262078590843 0.34202014332566888 
1 -4.3878161548929424e-15 -34.247979022515352 13.244499835351373 3.129805151000611e-16 -0.34202014332567171 -0.93969262078590732 
1 -3.1999999999999975 23.894145746612505 7.9433589255735999 1 -3.3306690738754696e-16 3.8857805861880479e-16 
1 -1.330523868787845e-14 -40.256283787050414 13.110122806502998 1 -3.3306690738754696e-16 3.8857805861880479e-16 
1 -6.3861278863805499e-15 -20.099877071192676 5.7737907321674049 1 -3.3306690738754696e-16 3.8857805861880479e-16 
1 -1.2357091537882807e-14 -41.624364360353091 9.3513523233593645 1 -3.3306690738754696e-16 3.8857805861880479e-16 
1 -1.381560849096161e-15 -0.17598310935777145 4.030675877214243 1 -3.3306690738754696e-16 3.8857805861880479e-16 
1 -5.2681125372052022e-15 -20.973106122531693 1.83490902464767 1 -3.3306690738754696e-16 3.8857805861880479e-16 
1 1.8351348896177541e-15 19.520171950886393 7.5036394305528455 1 -3.3306690738754696e-16 3.8857805861880479e-16 
1 -1.8838813763781028e-15 -7.5 0.65616497644442939 1 -3.3306690738754696e-16 3.8857805861880479e-16 
1 3.1324436967597493e-15 38.960473982822535 16.568801144890831 1 -3.3306690738754696e-16 3.8857805861880479e-16 
1 5.5466782398352382e-32 -5.5466782398352414e-32 -1.6653345369377348e-16 1 -3.3306690738754696e-16 3.8857805861880479e-16 
1 4.7152486436872137e-15 40.650947029785335 12.943569996744225 1 -3.3306690738754696e-16 3.8857805861880479e-16 
1 1.2248694207860942e-15 7.5 1.3224523553134853 1 -3.3306690738754696e-16 3.8857805861880479e-16 
1 3.3860901499060839e-15 20.733374262864071 3.6558532836694102 1 -3.3306690738754696e-16 3.8857805861880479e-16 
1 0.2235279112111081 2.6287518619965811 2.7551942246899435e-33 0.98480775301220813 0.17364817766693033 1.2138692742341871e-32 
8 -1.866761902332484 -1.0323759005323578
1 0.18000000000000127 1.5333222227173502 2.8597039382935989 -0.70710678118654746 0.6963642403200192 0.12278780396897236 
1 -3.2000000000000011 0.22352791121111004 2.6287518619965797 1 -3.3306690738754696e-16 3.8857805861880479e-16 
1 -7.2941621406845054e-16 0.81441256301843912 2.7329407685967397 1 -3.3306690738754696e-16 3.8857805861880479e-16 
1 -3.2000000000000002 4.1627589232599433 3.3233445726643001 1 -3.3306690738754696e-16 3.8857805861880479e-16 
1 -3.2000000000000006 0.50136499547819813 1.0530594571770464 1 -3.3306690738754696e-16 3.8857805861880479e-16 
1 0.50136499547819668 1.053059457177048 6.1798006902977817e-33 -0.17364817766693036 0.98480775301220813 -2.1403790410048989e-33 
1 1.0922496472855268 1.1572483637772071 1.3463016335702968e-32 -0.98480775301220813 -0.17364817766693033 -1.2138692742341871e-32 
8 -1.8667619023324837 -1.0323759005323576
1 0.18000000000000183 1.8111593069844383 1.2840115334740654 -0.70710678118654746 0.6963642403200192 0.1227878039689724 
1 -1.4291299219155365e-16 1.0922496472855272 1.1572483637772066 1 -3.3306690738754696e-16 3.8857805861880479e-16 
1 -3.1999999999999997 4.4405960075270317 1.747652167844767 1 -3.3306690738754696e-16 3.8857805861880479e-16 
1 -3.1999999999999984 15.685009633502778 5.355028251367381 1 -3.3306690738754696e-16 3.8857805861880479e-16 
1 -3.199999999999998 15.962846717769867 3.7793358465478484 1 -3.3306690738754696e-16 3.8857805861880479e-16 
1 2.8325305661188172e-15 19.311193078011371 4.3697396506154114 1 -3.3306690738754696e-16 3.8857805861880479e-16 
8 2.4465894629054548 3.2809754647055867
1 -0.81999999999999929 17.607475665300257 4.0693283032516234 0.70710678118654746 0.6963642403200192 0.12278780396897315 
1 19.311193078011371 4.3697396506154176 2.3802883206902749e-31 0.98480775301220758 0.17364817766693308 1.2138692742341864e-32 
1 -3.1999999999999971 19.902077729818696 4.4739285572155705 1 -3.3306690738754696e-16 3.8857805861880479e-16 
1 -3.199999999999998 19.624240645551613 6.0496209620351031 1 -3.3306690738754696e-16 3.8857805861880479e-16 
1 19.902077729818696 4.4739285572155776 2.4531204771443263e-31 -0.17364817766692969 0.98480775301220824 -2.1403790410048907e-33 
1 19.624240645551609 6.0496209620351102 2.418874412488248e-31 -0.9848077530122078 -0.17364817766693208 -1.2138692742341867e-32 
8 1.0323759005323578 1.8667619023324873
1 0.18000000000000205 18.314446334045378 5.818668885738087 0.70710678118654746 0.6963642403200192 0.12278780396897317 
1 2.2460273442419201e-15 19.033355993744284 5.945432055434944 1 -3.3306690738754696e-16 3.8857805861880479e-16 
1 -3.1999999999999957 38.799367221873034 13.128373175643931 1 -3.3306690738754696e-16 3.8857805861880479e-16 
1 -3.1999999999999966 38.123178003087915 14.578465634902573 1 -3.3306690738754696e-16 3.8857805861880479e-16 
1 38.799367221873027 13.128373175643945 4.7823912419764303e-31 -0.42261826174069889 0.90630778703665016 -5.2091722581202752e-33 
1 3.57315317646793e-15 37.579393330865926 14.324894677858154 1 -3.3306690738754696e-16 3.8857805861880479e-16 
8 2.4465894629054574 3.2809754647055835
1 -0.81999999999999706 36.011480859292519 13.593765085046746 0.70710678118654779 0.64085638205578832 0.29883623873012005 
1 38.123178003087908 14.578465634902587 4.6990444858465057e-31 -0.90630778703664916 -0.42261826174070133 -1.117110595766534e-32 
1 -3.1999999999999966 34.497946854941318 12.887992587939777 1 -3.3306690738754696e-16 3.8857805861880479e-16 
1 -3.1999999999999962 35.17413607372643 11.437900128681134 1 -3.3306690738754696e-16 3.8857805861880479e-16 
1 38.255582549651038 12.874802218599527 4.7153646062304382e-31 0.90630778703665027 0.42261826174069889 1.1171105957665353e-32 
8 1.0323759005323614 1.8667619023324873
1 0.1800000000000026 37.59397786511429 12.566290887528803 0.70710678118654779 0.64085638205578854 0.29883623873011955 
1 4.2062751552389147e-15 38.255582549651045 12.874802218599514 1 -3.3306690738754696e-16 3.8857805861880479e-16 
1 -3.2000000000000015 -4.5760161218188724 1.3539783804371992 1 -3.3306690738754696e-16 3.8857805861880479e-16 
1 -3.200000000000002 -4.4365669334226192 2.9478898973839915 1 -3.3306690738754696e-16 3.8857805861880479e-16 
1 -0.59123732945189067 1.005355409446568 -7.2875627329979886e-33 -0.99619469809174555 0.087155742747657666 -1.2279047676766024e-32 
8 -1.8667619023324846 -1.0323759005323583
1 0.18000000000000027 -1.9161762779139146 1.1212725473009535 -0.70710678118654779 -0.70441602640275847 0.061628416716218999 
1 -3.2000000000000006 -0.59123732945188923 1.0053554094465669 1 -3.3306690738754696e-16 3.8857805861880479e-16 
1 -6.162686874033173e-16 -1.1889541483069404 1.0576488550951633 1 -3.3306690738754696e-16 3.8857805861880479e-16 
1 -3.2000000000000011 -0.45178814105563619 2.5992669263933594 1 -3.3306690738754696e-16 3.8857805861880479e-16 
1 -0.45178814105563814 2.5992669263933608 -5.5687187800198165e-33 -0.087155742747657847 -0.99619469809174555 -1.0742774706113575e-33 
1 -1.0495049599106883 2.6515603720419558 -1.2936147386079466e-32 0.99619469809174555 -0.087155742747658027 1.2279047676766024e-32 
8 -1.8667619023324848 -1.0323759005323583
1 0.17999999999999905 -1.776727089517661 2.7151840642477461 -0.70710678118654779 -0.70441602640275847 0.061628416716218978 
1 -1.1161839270576171e-15 -1.0495049599106874 2.6515603720419563 1 -3.3306690738754696e-16 3.8857805861880479e-16 
1 -3.2000000000000051 -16.092044901096038 3.9676120875315912 1 -3.3306690738754696e-16 3.8857805861880479e-16 
1 -3.2000000000000046 -16.231494089492291 2.373700570584798 1 -3.3306690738754696e-16 3.8857805861880479e-16 
1 -20.076823693463023 4.316235058522218 -2.4746595801231047e-31 0.99619469809174555 -0.08715574274765836 1.2279047676766024e-32 
8 -1.8667619023324888 -1.0323759005323605
1 0.17999999999999294 -18.751884745001 4.2003179206678407 -0.70710678118654813 0.70441602640275824 -0.061628416716219422 
1 -3.200000000000006 -20.076823693463023 4.3162350585222242 1 -3.3306690738754696e-16 3.8857805861880479e-16 
1 -5.7454084365456758e-15 -19.479106874607975 4.2639416128736292 1 -3.3306690738754696e-16 3.8857805861880479e-16 
1 -3.2000000000000055 -20.216272881859275 2.7223235415754301 1 -3.3306690738754696e-16 3.8857805861880479e-16 
1 -20.076823693463023 4.316235058522218 -2.4746595801231047e-31 -0.08715574274765768 -0.99619469809174555 -1.0742774706113555e-33 
1 -20.216272881859275 2.7223235415754248 -2.4918480196528864e-31 0.99619469809174555 -0.08715574274765836 1.2279047676766024e-32 
8 -1.8667619023324875 -1.0323759005323589
1 0.17999999999999206 -18.891333933397256 2.6064064037210466 -0.70710678118654813 0.70441602640275824 -0.061628416716219422 
1 -5.2454931968913755e-15 -19.618556063004227 2.6700300959268364 1 -3.3306690738754696e-16 3.8857805861880479e-16 
1 -6.2843514956084541e-15 -21.30057574460433 4.6677515395220892 1 -3.3306690738754696e-16 3.8857805861880479e-16 
8 2.4465894629054574 3.2809754647055822
1 -0.82000000000000972 -22.926243978563953 5.259446387475494 0.70710678118654846 0.664463024388674 -0.24184476264797444 
1 -21.30057574460433 4.6677515395220821 -2.6254986661901983e-31 0.93969262078590865 -0.34202014332566832 1.1582605804104306e-32 
1 -3.2000000000000077 -24.495530655276418 5.8306200268293606 1 -3.3306690738754696e-16 3.8857805861880479e-16 
1 -3.2000000000000064 -20.736760172132787 4.4625394535266878 1 -3.3306690738754696e-16 3.8857805861880479e-16 
1 -3.2000000000000073 -25.04276288459749 4.327111833571907 1 -3.3306690738754696e-16 3.8857805861880479e-16 
1 -5.9050926356101967e-15 -21.847807973925402 3.1642433462646342 1 -3.3306690738754696e-16 3.8857805861880479e-16 
8 2.4465894629054552 3.2809754647055791
1 -0.82000000000000872 -23.473476207885021 3.7559381942180403 0.70710678118654857 0.664463024388674 -0.24184476264797461 
1 -21.283992401453855 2.959031260269227 -2.623454611332499e-31 -0.93969262078590954 0.34202014332566577 -1.1582605804104317e-32 
1 -3.200000000000006 -21.283992401453855 2.9590312602692328 1 -3.3306690738754696e-16 3.8857805861880479e-16 
1 -20.736760172132787 4.4625394535266816 -2.5560030313655729e-31 -0.34202014332566749 -0.93969262078590887 -4.2157237479329027e-33 
1 -39.248704801615183 11.200336277042345 -4.8377763747741203e-31 0.93969262078590787 -0.34202014332567021 1.1582605804104296e-32 
8 -1.8667619023324911 -1.0323759005323661
1 0.17999999999998217 -37.998913615969919 10.745449486419218 -0.70710678118654857 0.664463024388674 -0.2418447626479745 
1 -3.2000000000000126 -39.248704801615176 11.200336277042355 1 -3.3306690738754696e-16 3.8857805861880479e-16 
1 -1.2251882956107808e-14 -38.684889229143636 10.995124191046957 1 -3.3306690738754696e-16 3.8857805861880479e-16 
1 -3.2000000000000113 -35.489934318471548 9.8322557037396852 1 -3.3306690738754696e-16 3.8857805861880479e-16 
1 -3.2000000000000122 -39.795937030936251 9.6968280837849026 1 -3.3306690738754696e-16 3.8857805861880479e-16 
1 -39.795937030936251 9.6968280837848919 -4.9052279547410469e-31 0.34202014332566782 0.93969262078590876 4.2157237479329068e-33 
1 -39.795937030936251 9.6968280837848919 -4.9052279547410469e-31 0.9396926207859112 -0.34202014332566116 1.1582605804104337e-32 
8 -1.8667619023324842 -1.0323759005323594
1 0.17999999999998506 -38.546145845290994 9.2419412931617622 -0.70710678118654857 0.66446302438867366 -0.24184476264797516 
1 -1.1872624096109551e-14 -39.232121458464704 9.4916159977895074 1 -3.3306690738754696e-16 3.8857805861880479e-16 
1 -3.2000000000000108 -36.037166547792623 8.3287475104822306 1 -3.3306690738754696e-16 3.8857805861880479e-16 
1 0.81441256301843823 2.7329407685967402 1.0038409870095131e-32 0.17364817766693033 -0.98480775301220813 2.1403790410048985e-33 
1 19.03335599374428 5.9454320554349502 2.3460422560341962e-31 0.17364817766693186 -0.98480775301220791 2.1403790410049173e-33 
1 37.579393330865919 14.324894677858167 4.6320178501005145e-31 0.42261826174069939 -0.90630778703665005 5.2091722581202813e-33 
1 -1.0495049599106883 2.6515603720419558 -1.2936147386079466e-32 -0.087155742747657833 -0.99619469809174555 -1.0742774706113574e-33 
1 -19.479106874607975 4.2639416128736229 -2.4009852940625083e-31 -0.08715574274765768 -0.99619469809174555 -1.0742774706113555e-33 
1 -21.847807973925402 3.1642433462646271 -2.6929502461571253e-31 0.34202014332566938 0.93969262078590821 4.215723747932926e-33 
1 -39.232121458464704 9.4916159977894949 -4.8357323199164206e-31 0.34202014332566461 0.93969262078590987 4.2157237479328672e-33 
1 1.4999999999999996 0.23337598874123611 2.6304883437732509 3.6656451367306048e-16 0.17364817766693 -0.98480775301220824 
1 0.90999999999999959 0.81441256301843912 2.7329407685967397 3.6656451367306048e-16 0.17364817766693 -0.98480775301220824 
1 0.91000000000000247 19.033355993744291 5.9454320554349458 3.6656451367306078e-16 0.17364817766693152 -0.98480775301220802 
1 1.5000000000000024 19.614392568021493 6.0478844802584355 3.6656451367306078e-16 0.17364817766693152 -0.98480775301220802 
1 1.5000000000000038 38.11411492521755 14.574239452285166 3.957012367318656e-16 0.42261826174069911 -0.90630778703665016 
1 0.91000000000000381 37.579393330865926 14.324894677858154 3.957012367318656e-16 0.42261826174069911 -0.90630778703665016 
1 1.4999999999999989 -0.46175008803655793 2.6001384838208383 3.1244702478393733e-16 -0.087155742747658166 -0.99619469809174555 
1 0.9099999999999987 -1.0495049599106876 2.6515603720419567 3.1244702478393733e-16 -0.087155742747658166 -0.99619469809174555 
1 1.499999999999994 -20.066861746482104 4.3153635010947484 3.1244702478393738e-16 -0.087155742747658013 -0.99619469809174555 
1 0.90999999999999426 -19.479106874607975 4.26394161287363 3.1244702478393738e-16 -0.087155742747658013 -0.99619469809174555 
1 0.90999999999999426 -21.847807973925402 3.1642433462646338 -2.3703678749891052e-16 0.34202014332566971 0.93969262078590809 
1 1.4999999999999944 -21.293389327661718 2.9624514617024889 -2.3703678749891052e-16 0.34202014332566971 0.93969262078590809 
1 1.499999999999988 -39.786540104728388 9.6934078823516501 -2.370367874989121e-16 0.34202014332566494 0.93969262078590976 
1 0.90999999999998826 -39.232121458464704 9.4916159977895074 -2.370367874989121e-16 0.34202014332566494 0.93969262078590976 
Polygon3D 0
PolygonOnTriangulations 0
Surfaces 78
1 -3.1999999999999971 20.94510381725102 4.802793419352164 -4.9293147784128227e-16 -0.42261826174069922 0.90630778703665016 6.0480597069556841e-17 0.90630778703665016 0.42261826174069922 -1 2.6313588041132201e-16 -4.2118743204046221e-16 
1 -1.9693751347120722e-15 -0.25085884557690458 5.7456121848434023 1 -2.2204460492503136e-16 3.3306690738754736e-16 -3.3306690738754736e-16 0 1 -2.2204460492503136e-16 -1 -7.3955709864469966e-32 
1 1.2050000000000032 21.221527692297197 4.9316919891830739 -0.70710678118654746 -0.64085638205578821 -0.29883623873012066 -2.4980018054066022e-16 -0.42261826174070038 0.90630778703664949 -0.70710678118654757 0.64085638205578832 0.29883623873012033 
1 -3.199999999999998 20.268914598465905 6.2528858786108037 1.3764094808549385e-16 0.90630778703665016 0.42261826174069911 3.957012367318654e-16 0.42261826174069911 -0.90630778703665016 -1 2.9197563190125616e-16 -3.004575339658893e-16 
1 3.0873841094521126e-15 21.488888489473005 5.05636437639658 -1.3764094808549306e-16 -0.90630778703664949 -0.4226182617407005 -3.9570123673186575e-16 -0.4226182617407005 0.90630778703664949 -1 2.9197563190125611e-16 -3.0045753396588954e-16 
1 -2.2103653517893244e-15 -0.28155615996142674 6.4486962764730862 1 0 3.3306690738754701e-16 -3.3306690738754701e-16 0 1 0 -1 0 
1 -2.2103653517893244e-15 -0.28155615996142674 6.4486962764730862 1 0 3.3306690738754701e-16 -3.3306690738754701e-16 0 1 0 -1 0 
1 -3.1999999999999971 24.570334965397624 6.4932664663149611 -1.376409480854937e-16 -0.90630778703665005 -0.42261826174069933 -3.957012367318657e-16 -0.42261826174069933 0.90630778703665005 -1 2.9197563190125626e-16 -3.0045753396588959e-16 
1 -3.1999999999999975 23.894145746612505 7.9433589255735999 4.9293147784128217e-16 0.422618261740699 -0.90630778703665016 -6.0480597069556903e-17 -0.90630778703665016 -0.422618261740699 -1 2.6313588041132201e-16 -4.2118743204046221e-16 
1 -1.9693751347120722e-15 -0.25085884557690458 5.7456121848434023 1 -2.2204460492503136e-16 3.3306690738754736e-16 -3.3306690738754736e-16 0 1 -2.2204460492503136e-16 -1 -7.3955709864469966e-32 
1 -1.330523868787845e-14 -40.256283787050414 13.110122806502998 -2.5122834288167895e-16 0.34202014332566866 0.93969262078590843 3.2256926813510025e-16 0.93969262078590843 -0.34202014332566866 -1 2.1719080711900273e-16 -3.464026072582087e-16 
1 -1.330523868787845e-14 -40.256283787050414 13.110122806502998 4.4588203840207496e-16 0.93969262078590876 -0.34202014332566805 2.3703678749891106e-16 -0.34202014332566805 -0.93969262078590876 -1 3.3792070519357547e-16 -3.7524235874814285e-16 
1 -6.3861278863805499e-15 -20.099877071192676 5.7737907321674049 -3.5807070809280978e-16 0.087155742747658096 0.99619469809174566 2.502283518642195e-16 0.99619469809174566 -0.087155742747658096 -1 2.1806823891936248e-16 -3.7851697880726251e-16 
1 -5.2681125372052022e-15 -20.973106122531693 1.83490902464767 2.5122834288167895e-16 -0.34202014332566877 -0.93969262078590843 -3.2256926813510039e-16 -0.93969262078590843 0.34202014332566877 -1 2.171908071190028e-16 -3.464026072582088e-16 
1 -1.3815608490961608e-15 -0.17598310935777117 4.030675877214243 -4.4051114628723899e-16 -0.17364817766693011 0.98480775301220824 1.6083478693569579e-16 0.98480775301220824 0.17364817766693011 -1 2.3488530292308929e-16 -4.0589012449513533e-16 
1 -5.2681125372052022e-15 -20.973106122531693 1.83490902464767 -3.5807070809280973e-16 0.087155742747658083 0.99619469809174555 2.5022835186421945e-16 0.99619469809174555 -0.087155742747658083 -1 2.180682389193625e-16 -3.7851697880726251e-16 
1 -1.8838813763781028e-15 -7.5 0.65616497644442939 -3.5807070809280973e-16 0.087155742747658096 0.99619469809174555 2.5022835186421955e-16 0.99619469809174555 -0.087155742747658096 -1 2.180682389193626e-16 -3.7851697880726251e-16 
1 3.1324436967597493e-15 38.960473982822535 16.568801144890831 4.9293147784128217e-16 0.42261826174069883 -0.90630778703665027 -6.0480597069556903e-17 -0.90630778703665027 -0.42261826174069883 -1 2.6313588041132191e-16 -4.2118743204046231e-16 
1 3.1324436967597493e-15 38.960473982822535 16.568801144890831 1.3764094808549375e-16 0.90630778703665005 0.42261826174069922 3.957012367318655e-16 0.42261826174069922 -0.90630778703665005 -1 2.9197563190125621e-16 -3.0045753396588944e-16 
1 1.2248694207860942e-15 7.5 1.322452355313485 4.4051114628723894e-16 0.17364817766693008 -0.98480775301220813 -1.6083478693569576e-16 -0.98480775301220813 -0.17364817766693008 -1 2.3488530292308929e-16 -4.0589012449513538e-16 
1 3.3860901499060835e-15 20.733374262864071 3.6558532836694106 4.4051114628723889e-16 0.17364817766693 -0.98480775301220813 -1.6083478693569576e-16 -0.98480775301220813 -0.17364817766693 -1 2.3488530292308924e-16 -4.0589012449513533e-16 
1 4.7152486436872137e-15 40.650947029785335 12.943569996744225 4.9293147784128217e-16 0.422618261740699 -0.90630778703665016 -6.0480597069556903e-17 -0.90630778703665016 -0.422618261740699 -1 2.6313588041132201e-16 -4.2118743204046221e-16 
