<?xml version='1.0' encoding='utf-8'?>
<!-- FreeCAD DocumentObject -->
<Document SchemaVersion="4" FileVersion="2">
<Object name="Pad">
  <Properties Count="47" TransientCount="2">
    <_Property name="_Body" type="App::PropertyLinkHidden" status="251658240"/>
    <_Property name="_ElementMapVersion" type="App::PropertyString" status="234881024"/>
    <Property name="AddSubShape" type="Part::PropertyPartShape">
      <Part HasherIndex="0" ElementMap="1.15.70200.4" brep="1">
<![CDATA[

CASCADE Topology V1, (c) Matra-Datavision
Locations 8
1
              1               0               0               0 
              0               1               0               0 
              0               0               1               0 
1
4.44089209850063e-16 -3.33066907387547e-16               1               0 
              1 3.33066907387547e-16 -4.44089209850063e-16               0 
-3.33066907387547e-16               1 3.33066907387547e-16               0 
1
              1               0               0            -1.2 
              0               1               0 3.99680288865056e-16 
              0               0               1 -3.99680288865056e-16 
2  1 1 2 1 3 1 0
1
              1               0               0            3.65 
              0               1               0 -1.21569421196455e-15 
              0               0               1 1.21569421196455e-15 
2  1 1 2 1 3 1 5 1 0
2  1 1 2 1 0
2  3 1 5 1 0
Curve2ds 0
Curves 10
1 -1.2 3.996802744907656e-16 -3.9968028886505617e-16 1 -3.3306690738754681e-16 3.3306690738754681e-16 
1 -1.2000000000000048 -10.5617697676708 0.4611368268391231 1 -3.3306690738754681e-16 3.3306690738754681e-16 
1 -1.4374290560569627e-23 0 0 -0.9990482215818578 0.043619387365335861 0 
1 -1.2000000000000046 -10.5617697676708 3.1180957041923487e-15 1 -3.3306690738754681e-16 3.3306690738754681e-16 
1 -10.561769767670759 0.46113682683912022 0 0 -1 0 
1 -10.561769767670759 0 0 1 0 0 
1 -1.1999999999999953 10.3212371830964 -3.8373428378523321e-15 1 -3.3306690738754681e-16 3.3306690738754681e-16 
1 -1.1999999999999962 10.3212371830964 2.2881631953643158 1 -3.3306690738754681e-16 3.3306690738754681e-16 
1 10.321237183096386 2.2881631953643202 0 0 -1 0 
1 -1.4374290560569627e-23 0 0 0.97629600711993347 0.21643961393810288 0 
Polygon3D 0
PolygonOnTriangulations 0
Surfaces 7
1 -1.2 3.996802744907656e-16 -3.9968028886505617e-16 3.1822172704138601e-16 -0.043619387365336194 -0.9990482215818578 -4.5819470977630932e-16 -0.9990482215818578 0.043619387365336194 -1 4.438779731603527e-16 -3.3790502300388462e-16 
1 -1.2000000000000048 -10.561769767670759 0.46113682683912333 3.3306690738754691e-16 1 -3.3306690738754711e-16 3.3306690738754711e-16 -3.3306690738754721e-16 -1 -1 3.3306690738754681e-16 -3.3306690738754721e-16 
1 -1.2000000000000046 -10.561769767670759 3.1180957041923349e-15 -3.3306690738754672e-16 3.3306690738754721e-16 1 4.4408920985006271e-16 1 -3.3306690738754706e-16 -1 4.4408920985006262e-16 -3.3306690738754686e-16 
1 2.0041789612867653e-17 0.33418141531889473 0.38540175627029394 1 -4.4408920985006262e-16 3.3306690738754755e-16 4.4408920985006262e-16 1 0 -3.3306690738754755e-16 1.4791141972893998e-31 1 
1 -1.2 0 -3.9968028886505612e-16 -3.3306690738754672e-16 3.3306690738754721e-16 1 4.4408920985006271e-16 1 -3.3306690738754706e-16 -1 4.4408920985006262e-16 -3.3306690738754686e-16 
1 -1.1999999999999962 10.321237183096386 2.2881631953643162 3.3306690738754691e-16 1 -3.3306690738754711e-16 3.3306690738754711e-16 -3.3306690738754721e-16 -1 -1 3.3306690738754681e-16 -3.3306690738754721e-16 
1 -1.2 3.996802744907656e-16 -3.9968028886505617e-16 -3.9726076463676503e-16 -0.21643961393810254 0.97629600711993358 3.6147364953114389e-16 0.97629600711993358 0.21643961393810254 -1 4.3888824724706278e-16 -3.096068811469676e-16 
Triangulations 0

TShapes 37
Ve
1e-07
-1.43742905605696e-23 0 0
0 0

0101101
*
Ed
 1e-07 1 1 0
1  1 0 0 3.65
0

0101000
+37 4 -37 6 *
Ve
1e-07
-10.5617697676708 0.46113682683912 0
0 0

0101101
*
Ed
 1e-07 1 1 0
1  2 0 0 3.65
0

0101000
+35 4 -35 6 *
Ed
 1e-07 1 1 0
1  3 0 0 10.5718318090268
0

0101000
+37 0 -35 0 *
Wi

0101100
+36 0 -34 0 -33 4 +33 6 *
Fa
0  1e-07 1 0

0111000
+32 0 *
Ve
1e-07
-10.5617697676708 0 0
0 0

0101101
*
Ed
 1e-07 1 1 0
1  4 0 0 3.65
0

0101000
+30 4 -30 6 *
Ed
 1e-07 1 1 0
1  5 0 0 0.46113682683912
0

0101000
+35 0 -30 0 *
Wi

0101100
+34 0 -29 0 -28 4 +28 6 *
Fa
0  1e-07 2 0

0111000
+27 0 *
Ed
 1e-07 1 1 0
1  6 0 0 10.5617697676708
0

0101000
+30 0 -37 0 *
Wi

0101100
+29 0 -36 0 -25 4 +25 6 *
Fa
0  1e-07 3 0

0111000
+24 0 *
Wi

0101100
+33 7 +28 7 +25 7 *
Fa
0  1e-07 4 0

0111000
+22 0 *
Sh

0101100
+31 0 +26 0 +23 0 +21 3 -21 8 *
So

0100000
-20 0 *
Ve
1e-07
10.3212371830964 0 0
0 0

0101101
*
Ed
 1e-07 1 1 0
1  7 0 0 3.65
0

0101000
+18 4 -18 6 *
Ed
 1e-07 1 1 0
1  6 0 10.5617697676708 20.8830069507671
0

0101000
+37 0 -18 0 *
Wi

0101100
+36 0 -17 0 -16 4 +16 6 *
Fa
0  1e-07 5 0

0111000
+15 0 *
Ve
1e-07
10.3212371830964 2.28816319536432 0
0 0

0101101
*
Ed
 1e-07 1 1 0
1  8 0 0 3.65
0

0101000
+13 4 -13 6 *
Ed
 1e-07 1 1 0
1  9 0 0 2.28816319536432
0

0101000
+13 0 -18 0 *
Wi

0101100
+12 0 -17 0 -11 4 +11 6 *
Fa
0  1e-07 6 0

0111000
+10 0 *
Ed
 1e-07 1 1 0
1  10 0 0 10.5718318090268
0

0101000
+37 0 -13 0 *
Wi

0101100
+36 0 -12 0 -8 4 +8 6 *
Fa
0  1e-07 7 0

0111000
+7 0 *
Wi

0101100
+16 7 -11 7 -8 7 *
Fa
0  1e-07 4 0

0111000
+5 0 *
Sh

0101100
+14 0 -9 0 -6 0 +4 3 -4 8 *
So

0100000
-3 0 *
Co

1100000
+19 0 +2 0 *

+1 0 ]]>
      </Part>
      <ElementMap new="1" count="1"><Element key="Dummy" value="Dummy"/></ElementMap>
      <ElementMap2 count="42">
<![CDATA[
6 PostfixCount 14
Edge
Face
Vertex
;:U;XTR;:H1390:7,E
;:U;XTR;:H1390:7,V
;:G;XTR;:H1390:7,F
;:G0;XTR;:H1390:8,F
;:L#221;MAK;:H1390:b,F
;:G;XTR;:H1390:7,E
;:L#21e;MAK;:H1390:b,E
;:L#21f;MAK;:H1390:b,E
;:L#220;MAK;:H1390:b,F
;SKT;:H1390,E
;SKT;:H1390,V

MapCount 1

ElementMap 1 6 3

Edge

ChildCount 0

NameCount 18
0
$#5.9 0
$#9.9 0
;g2.d 0
$#15.4 0
$#8.9 0
;g3.d 0
$#14.4 0
$#5.a.21e 0
$#226.4 0
$#7.9 0
$#5.b.21f 0
$#227.4 0
$#6.9 0
;g4.d 0
$#12.4 0
;g1.d 0
$#11.4 0

Face

ChildCount 0

NameCount 11
0
$#d.6 0
$#c.6 0
$#222.6 0
$#d.c.5.21e.220 0
$#223.7 0
$#224.6 0
$#a.6 0
$#3.6 0
$#3.8.5.21f.221 0
$#225.7 0

Vertex

ChildCount 0

NameCount 11
0
;g1v1.e ;g2v1.e 0
$#17.5 0
;g2v2.e ;g3v1.e 0
$#1b.5 0
;g3v2.e ;g5v1.e 0
$#1a.5 0
;g4v2.e ;g5v2.e 0
$#19.5 0
;g1v2.e ;g4v1.e 0
$#18.5 0

EndMap
]]>
      </ElementMap2>
    </Property>
    <Property name="AddSubType" type="App::PropertyEnumeration">
      <Integer value="0"/>
    </Property>
    <Property name="AllowMultiFace" type="App::PropertyBool">
      <Bool value="true"/>
    </Property>
    <Property name="AlongSketchNormal" type="App::PropertyBool">
      <Bool value="false"/>
    </Property>
    <Property name="AutoTaperInnerAngle" type="App::PropertyBool">
      <Bool value="true"/>
    </Property>
    <Property name="BaseFeature" type="App::PropertyLink" status="8">
      <Link value=""/>
    </Property>
    <Property name="CheckUpToFaceLimits" type="App::PropertyBool">
      <Bool value="true"/>
    </Property>
    <Property name="ClaimChildren" type="App::PropertyBool" status="134217728">
      <Bool value="false"/>
    </Property>
    <Property name="ColoredElements" type="App::PropertyLinkSubHidden" status="218103808">
      <LinkSub value="" count="0">
      </LinkSub>
    </Property>
    <Property name="Direction" type="App::PropertyVector" status="4">
      <PropertyVector valueX="1" valueY="-3.33066907387547e-16" valueZ="3.33066907387547e-16"/>
    </Property>
    <Property name="ExpressionEngine" type="App::PropertyExpressionEngine" status="67108864">
      <ExpressionEngine count="0"></ExpressionEngine>
    </Property>
    <Property name="Fit" type="App::PropertyDistance">
      <Float value="0"/>
    </Property>
    <Property name="FitJoin" type="App::PropertyEnumeration">
      <Integer value="0"/>
    </Property>
    <Property name="FixShape" type="App::PropertyEnumeration">
      <Integer value="0"/>
    </Property>
    <Property name="InnerFit" type="App::PropertyDistance">
      <Float value="0"/>
    </Property>
    <Property name="InnerFitJoin" type="App::PropertyEnumeration">
      <Integer value="0"/>
    </Property>
    <Property name="InvalidShape" type="App::PropertyBool" status="67108864">
      <Bool value="false"/>
    </Property>
    <Property name="Label" type="App::PropertyString" status="134217728">
      <String value="Pad"/>
    </Property>
    <Property name="Label2" type="App::PropertyString" status="128">
      <String value=""/>
    </Property>
    <Property name="Length" type="App::PropertyLength">
      <Float value="2.45"/>
    </Property>
    <Property name="Length2" type="App::PropertyLength">
      <Float value="1.2"/>
    </Property>
    <Property name="Linearize" type="App::PropertyBool">
      <Bool value="true"/>
    </Property>
    <Property name="Midplane" type="App::PropertyBool" status="4">
      <Bool value="false"/>
    </Property>
    <Property name="NewSolid" type="App::PropertyBool">
      <Bool value="false"/>
    </Property>
    <Property name="Offset" type="App::PropertyLength" status="4">
      <Float value="0"/>
    </Property>
    <Property name="Placement" type="App::PropertyPlacement" status="8388620">
      <PropertyPlacement Px="0" Py="0" Pz="0" Q0="0" Q1="0" Q2="0" Q3="1" A="0" Ox="0" Oy="0" Oz="1"/>
    </Property>
    <Property name="Profile" type="App::PropertyLinkSub">
      <LinkSub value="Sketch" count="1">
        <Sub value=""/>
      </LinkSub>
    </Property>
    <Property name="ReferenceAxis" type="App::PropertyLinkSub">
      <LinkSub value="Sketch" count="1">
        <Sub value="N_Axis"/>
      </LinkSub>
    </Property>
    <Property name="Refine" type="App::PropertyBool">
      <Bool value="false"/>
    </Property>
    <Property name="Reversed" type="App::PropertyBool">
      <Bool value="false"/>
    </Property>
    <Property name="Shape" type="Part::PropertyPartShape">
      <Part HasherIndex="0" ElementMap="1.15.70200.4" brep="1">
<![CDATA[

CASCADE Topology V1, (c) Matra-Datavision
Locations 9
1
              1               0               0               0 
              0               1               0               0 
              0               0               1               0 
1
4.44089209850063e-16 -3.33066907387547e-16               1               0 
              1 3.33066907387547e-16 -4.44089209850063e-16               0 
-3.33066907387547e-16               1 3.33066907387547e-16               0 
1
              1               0               0            -1.2 
              0               1               0 3.99680288865056e-16 
              0               0               1 -3.99680288865056e-16 
2  1 1 2 1 3 1 0
1
              1               0               0            3.65 
              0               1               0 -1.21569421196455e-15 
              0               0               1 1.21569421196455e-15 
2  1 1 2 1 3 1 5 1 0
2  3 -1 2 -1 1 -1 0
2  5 -1 3 -1 2 -1 1 -1 0
2  3 1 5 1 0
Curve2ds 0
Curves 10
1 -1.2 3.996802744907656e-16 -3.9968028886505617e-16 1 -3.3306690738754681e-16 3.3306690738754681e-16 
1 -1.2000000000000048 -10.5617697676708 0.4611368268391231 1 -3.3306690738754681e-16 3.3306690738754681e-16 
1 -1.4374290560569627e-23 0 0 -0.9990482215818578 0.043619387365335861 0 
1 -1.2000000000000046 -10.5617697676708 3.1180957041923487e-15 1 -3.3306690738754681e-16 3.3306690738754681e-16 
1 -10.561769767670759 0 0 1 0 0 
1 -10.561769767670759 0.46113682683912022 0 0 -1 0 
1 -1.1999999999999953 10.3212371830964 -3.8373428378523321e-15 1 -3.3306690738754681e-16 3.3306690738754681e-16 
1 -1.1999999999999962 10.3212371830964 2.2881631953643158 1 -3.3306690738754681e-16 3.3306690738754681e-16 
1 -1.4374290560569627e-23 0 0 0.97629600711993347 0.21643961393810288 0 
1 10.321237183096386 2.2881631953643202 0 0 -1 0 
Polygon3D 0
PolygonOnTriangulations 0
Surfaces 7
1 -1.2 3.996802744907656e-16 -3.9968028886505617e-16 3.1822172704138601e-16 -0.043619387365336194 -0.9990482215818578 -4.5819470977630932e-16 -0.9990482215818578 0.043619387365336194 -1 4.438779731603527e-16 -3.3790502300388462e-16 
1 -1.2000000000000046 -10.561769767670759 3.1180957041923349e-15 -3.3306690738754672e-16 3.3306690738754721e-16 1 4.4408920985006271e-16 1 -3.3306690738754706e-16 -1 4.4408920985006262e-16 -3.3306690738754686e-16 
1 -1.2000000000000048 -10.561769767670759 0.46113682683912333 3.3306690738754691e-16 1 -3.3306690738754711e-16 3.3306690738754711e-16 -3.3306690738754721e-16 -1 -1 3.3306690738754681e-16 -3.3306690738754721e-16 
1 2.0041789612867653e-17 0.33418141531889473 0.38540175627029394 1 -4.4408920985006262e-16 3.3306690738754755e-16 4.4408920985006262e-16 1 0 -3.3306690738754755e-16 1.4791141972893998e-31 1 
1 -1.2 0 -3.9968028886505612e-16 -3.3306690738754672e-16 3.3306690738754721e-16 1 4.4408920985006271e-16 1 -3.3306690738754706e-16 -1 4.4408920985006262e-16 -3.3306690738754686e-16 
1 -1.2 3.996802744907656e-16 -3.9968028886505617e-16 -3.9726076463676503e-16 -0.21643961393810254 0.97629600711993358 3.6147364953114389e-16 0.97629600711993358 0.21643961393810254 -1 4.3888824724706278e-16 -3.096068811469676e-16 
1 -1.1999999999999962 10.321237183096386 2.2881631953643162 3.3306690738754691e-16 1 -3.3306690738754711e-16 3.3306690738754711e-16 -3.3306690738754721e-16 -1 -1 3.3306690738754681e-16 -3.3306690738754721e-16 
Triangulations 0

TShapes 46
Ve
1e-07
-1.2 3.99680274490766e-16 -3.99680288865056e-16
0 0

0101101
*
Ve
1e-07
2.45 -8.1601393747378e-16 8.1601392309949e-16
0 0

0101101
*
Ed
 1e-07 1 1 0
1  1 0 0 3.65
0

0101000
+46 0 -45 0 *
Ve
1e-07
-10.5617697676708 0.46113682683912 0
0 0

0101101
*
Ed
 1e-07 1 1 0
1  2 0 0 3.65
0

0101000
+43 4 -43 6 *
Ed
 1e-07 1 1 0
1  3 0 0 10.5718318090268
0

0101000
+46 7 -43 0 *
Ed
 1e-07 1 1 0
1  3 0 0 10.5718318090268
0

0101000
+45 8 -43 0 *
Wi

0101100
+44 0 -42 0 -41 4 +40 6 *
Fa
0  1e-07 1 0

0101000
+39 0 *
Ve
1e-07
-10.5617697676708 0 0
0 0

0101101
*
Ed
 1e-07 1 1 0
1  4 0 0 3.65
0

0101000
+37 4 -37 6 *
Ed
 1e-07 1 1 0
1  5 0 0 10.5617697676708
0

0101000
+37 0 -46 7 *
Ed
 1e-07 1 1 0
1  5 0 0 10.5617697676708
0

0101000
+37 0 -45 8 *
Wi

0101100
+36 0 -44 0 -35 4 +34 6 *
Fa
0  1e-07 2 0

0101000
+33 0 *
Ed
 1e-07 1 1 0
1  6 0 0 0.46113682683912
0

0101000
+43 0 -37 0 *
Wi

0101100
+42 0 -36 0 -31 4 +31 6 *
Fa
0  1e-07 3 0

0111000
+30 0 *
Wi

0101100
+41 4 +31 4 +35 4 *
Fa
0  1e-07 4 3

0101000
+28 0 *
Wi

0101100
+40 6 +31 6 +34 6 *
Fa
0  1e-07 4 9

0101000
+26 0 *
Sh

0101100
-38 0 -32 0 -29 0 -27 0 +25 0 *
So

0100000
+24 0 *
Ve
1e-07
10.3212371830964 0 0
0 0

0101101
*
Ed
 1e-07 1 1 0
1  7 0 0 3.65
0

0101000
+22 4 -22 6 *
Ed
 1e-07 1 1 0
1  5 0 10.5617697676708 20.8830069507671
0

0101000
+46 7 -22 0 *
Ed
 1e-07 1 1 0
1  5 0 10.5617697676708 20.8830069507671
0

0101000
+45 8 -22 0 *
Wi

0101100
+44 0 -21 0 -20 4 +19 6 *
Fa
0  1e-07 5 0

0101000
+18 0 *
Ve
1e-07
10.3212371830964 2.28816319536432 0
0 0

0101101
*
Ed
 1e-07 1 1 0
1  8 0 0 3.65
0

0101000
+16 4 -16 6 *
Ed
 1e-07 1 1 0
1  9 0 0 10.5718318090268
0

0101000
+46 7 -16 0 *
Ed
 1e-07 1 1 0
1  9 0 0 10.5718318090268
0

0101000
+45 8 -16 0 *
Wi

0101100
+44 0 -15 0 -14 4 +13 6 *
Fa
0  1e-07 6 0

0101000
+12 0 *
Ed
 1e-07 1 1 0
1  10 0 0 2.28816319536432
0

0101000
+16 0 -22 0 *
Wi

0101100
+15 0 -21 0 -10 4 +10 6 *
Fa
0  1e-07 7 0

0111000
+9 0 *
Wi

0101100
+20 4 -10 4 -14 4 *
Fa
0  1e-07 4 3

0101000
+7 0 *
Wi

0101100
+19 6 -10 6 -13 6 *
Fa
0  1e-07 4 9

0101000
+5 0 *
Sh

0101100
-17 0 +11 0 +8 0 -6 0 +4 0 *
So

0100000
+3 0 *
Co

1100000
+23 0 +2 0 *

+1 0 ]]>
      </Part>
      <ElementMap new="1" count="1"><Element key="Dummy" value="Dummy"/></ElementMap>
      <ElementMap2 count="41">
<![CDATA[
7 PostfixCount 12
Edge
Face
Vertex
;:M;FUS;:H1390:7,F
;:U;XTR;:H1390:7,E
;:M;FUS;:H1390:7,E
;:U;XTR;:H1390:7,V
;:M;FUS;:H1390:7,V
;:G;XTR;:H1390:7,E
;:G;XTR;:H1390:7,F
;SKT;:H1390,V
;SKT;:H1390,E

MapCount 1

ElementMap 1 7 3

Edge

ChildCount 0

NameCount 18
0
$#17.6 0
$#9.9 0
$#d.6 0
$#29.6 0
$#8.9 0
$#222.6 0
$#228.6 0
;g3.c 0
$#14.5 0
$#7.9 0
$#224.6 0
$#229.6 0
$#6.9 0
$#3.6 0
$#25.6 0
;g4.c 0
$#12.5 0

Face

ChildCount 0

NameCount 11
0
$#15.4 0
$#226.4 0
$#c.a 0
$#223.4 0
$#22a.4 0
$#227.4 0
$#11.4 0
$#a.a 0
$#225.4 0
$#22b.4 0

Vertex

ChildCount 0

NameCount 11
0
$#5.8 0
$#1d.8 0
;g2v2.b ;g3v1.b 0
$#1b.7 0
;g3v2.b ;g5v1.b 0
$#1a.7 0
;g4v2.b ;g5v2.b 0
$#19.7 0
;g1v2.b ;g4v1.b 0
$#18.7 0

EndMap
]]>
      </ElementMap2>
    </Property>
    <Property name="Suppress" type="App::PropertyBool">
      <Bool value="false"/>
    </Property>
    <Property name="SuppressedShape" type="Part::PropertyPartShape">
      <Part ElementMap="0.15.70200.4" brep="1">
<![CDATA[

CASCADE Topology V1, (c) Matra-Datavision
Locations 0
Curve2ds 0
Curves 0
Polygon3D 0
PolygonOnTriangulations 0
Surfaces 0
Triangulations 0

TShapes 0

*]]>
      </Part>
      <ElementMap/>
    </Property>
    <Property name="TaperAngle" type="App::PropertyAngle">
      <Float value="0"/>
    </Property>
    <Property name="TaperAngle2" type="App::PropertyAngle">
      <Float value="0"/>
    </Property>
    <Property name="TaperAngleRev" type="App::PropertyAngle">
      <Float value="0"/>
    </Property>
    <Property name="TaperInnerAngle" type="App::PropertyAngle">
      <Float value="0"/>
    </Property>
    <Property name="TaperInnerAngleRev" type="App::PropertyAngle">
      <Float value="0"/>
    </Property>
    <Property name="TreeRank" type="App::PropertyInteger" status="2184">
      <Integer value="16"/>
    </Property>
    <Property name="Type" type="App::PropertyEnumeration">
      <Integer value="4"/>
    </Property>
    <Property name="UpToFace" type="App::PropertyLinkSub" status="4">
      <LinkSub value="" count="0">
      </LinkSub>
    </Property>
    <Property name="UseCustomVector" type="App::PropertyBool">
      <Bool value="false"/>
    </Property>
    <Property name="UsePipeForDraft" type="App::PropertyBool">
      <Bool value="false"/>
    </Property>
    <Property name="ValidateShape" type="App::PropertyBool">
      <Bool value="true"/>
    </Property>
    <Property name="Visibility" type="App::PropertyBool" status="648">
      <Bool value="false"/>
    </Property>
    <Property name="_ProfileBasedVersion" type="App::PropertyInteger" status="67108864">
      <Integer value="1"/>
    </Property>
    <Property name="_Siblings" type="App::PropertyLinkList" status="218103808">
      <LinkList count="0">
      </LinkList>
    </Property>
  </Properties>
</Object>
</Document>
