<?xml version='1.0' encoding='utf-8'?>
<!-- FreeCAD DocumentObject -->
<Document SchemaVersion="4" FileVersion="2">
<Object name="Pad001">
  <Properties Count="47" TransientCount="2">
    <_Property name="_Body" type="App::PropertyLinkHidden" status="251658241"/>
    <_Property name="_ElementMapVersion" type="App::PropertyString" status="234881024"/>
    <Property name="AddSubShape" type="Part::PropertyPartShape">
      <Part HasherIndex="0" ElementMap="1.15.70200.4" brep="1">
<![CDATA[

CASCADE Topology V1, (c) Matra-Datavision
Locations 8
1
              1               0               0               0 
              0               1               0               0 
              0               0               1               0 
1
2.22044604925031e-16 -3.33066907387547e-16               1               0 
              1 3.33066907387547e-16 -2.22044604925031e-16               0 
-3.33066907387547e-16               1 3.33066907387547e-16               0 
1
              1               0               0            -3.2 
              0               1               0 1.06581410364015e-15 
              0               0               1 -1.24344978758018e-15 
2  1 1 2 1 3 1 0
1
              1               0               0             7.8 
              0               1               0 -2.59792187762287e-15 
              0               0               1 3.03090885722668e-15 
2  1 1 2 1 3 1 5 1 0
2  1 1 2 1 0
2  3 1 5 1 0
Curve2ds 0
Curves 48
1 -3.2000000000000126 -39.248704801615169 11.200336277042357 1 -3.3306690738754696e-16 3.8857805861880479e-16 
1 -3.2000000000000113 -35.489934318471541 9.8322557037396852 1 -3.3306690738754696e-16 3.8857805861880479e-16 
1 -39.248704801615176 11.200336277042346 0 0.93969262078590865 -0.34202014332566794 0 
1 -3.2000000000000108 -36.037166547792616 8.3287475104822306 1 -3.3306690738754696e-16 3.8857805861880479e-16 
1 -36.037166547792616 8.32874751048222 0 0.34202014332567138 0.93969262078590743 0 
1 -3.2000000000000122 -39.795937030936244 9.6968280837849026 1 -3.3306690738754696e-16 3.8857805861880479e-16 
1 -39.795937030936244 9.6968280837848919 0 0.93969262078590854 -0.34202014332566855 0 
1 -39.248704801615176 11.200336277042346 0 -0.34202014332566749 -0.93969262078590887 0 
1 -3.2000000000000077 -24.495530655276411 5.8306200268293633 1 -3.3306690738754696e-16 3.8857805861880479e-16 
1 -3.2000000000000064 -20.736760172132783 4.4625394535266896 1 -3.3306690738754696e-16 3.8857805861880479e-16 
1 -24.495530655276415 5.8306200268293562 0 0.93969262078590854 -0.34202014332566838 0 
1 -3.200000000000006 -21.283992401453851 2.959031260269235 1 -3.3306690738754696e-16 3.8857805861880479e-16 
1 -20.736760172132783 4.4625394535266834 0 -0.3420201433256676 -0.93969262078590887 0 
1 -3.2000000000000073 -25.042762884597483 4.3271118335719096 1 -3.3306690738754696e-16 3.8857805861880479e-16 
1 -25.042762884597483 4.3271118335719025 0 0.93969262078590854 -0.34202014332566849 0 
1 -24.495530655276415 5.8306200268293562 0 -0.3420201433256676 -0.93969262078590876 0 
1 -3.2000000000000011 0.22352791121111587 2.6287518619965766 1 -3.3306690738754696e-16 3.8857805861880479e-16 
1 -3.2000000000000002 4.1627589232599487 3.3233445726642974 1 -3.3306690738754696e-16 3.8857805861880479e-16 
1 0.22352791121111393 2.628751861996578 0 0.98480775301220802 0.1736481776669305 0 
1 -3.1999999999999997 4.440596007527037 1.7476521678447643 1 -3.3306690738754696e-16 3.8857805861880479e-16 
1 4.1627589232599469 3.3233445726643001 0 0.17364817766693022 -0.98480775301220813 0 
1 -3.2000000000000006 0.5013649954782039 1.053059457177044 1 -3.3306690738754696e-16 3.8857805861880479e-16 
1 0.50136499547820246 1.0530594571770455 0 0.98480775301220813 0.17364817766693041 0 
1 0.22352791121111393 2.628751861996578 0 0.17364817766693039 -0.98480775301220813 0 
1 -3.199999999999998 19.62424064555162 6.0496209620351005 1 -3.3306690738754696e-16 3.8857805861880479e-16 
1 -3.1999999999999984 15.685009633502785 5.3550282513673801 1 -3.3306690738754696e-16 3.8857805861880479e-16 
1 19.624240645551616 6.0496209620351076 0 -0.98480775301220813 -0.17364817766693022 0 
1 -3.199999999999998 15.962846717769873 3.7793358465478466 1 -3.3306690738754696e-16 3.8857805861880479e-16 
1 15.962846717769869 3.7793358465478533 0 -0.17364817766692967 0.98480775301220824 0 
1 -3.1999999999999971 19.902077729818703 4.4739285572155687 1 -3.3306690738754696e-16 3.8857805861880479e-16 
1 15.962846717769869 3.7793358465478533 0 0.98480775301220813 0.17364817766693055 0 
1 19.902077729818703 4.4739285572155758 0 -0.1736481776669298 0.98480775301220824 0 
1 -3.2000000000000055 -20.216272881859272 2.722323541575431 1 -3.3306690738754696e-16 3.8857805861880479e-16 
1 -3.2000000000000046 -16.231494089492287 2.373700570584798 1 -3.3306690738754696e-16 3.8857805861880479e-16 
1 -20.216272881859272 2.7223235415754257 0 0.99619469809174555 -0.087155742747657861 0 
1 -3.2000000000000051 -16.092044901096035 3.9676120875315912 1 -3.3306690738754696e-16 3.8857805861880479e-16 
1 -16.231494089492287 2.373700570584794 0 0.08715574274765768 0.99619469809174555 0 
1 -3.200000000000006 -20.07682369346302 4.3162350585222251 1 -3.3306690738754696e-16 3.8857805861880479e-16 
1 -20.07682369346302 4.3162350585222189 0 0.99619469809174555 -0.087155742747657861 0 
1 -20.216272881859272 2.7223235415754257 0 0.08715574274765768 0.99619469809174555 0 
1 -3.2000000000000011 -0.45178814105563092 2.5992669263933563 1 -3.3306690738754696e-16 3.8857805861880479e-16 
1 -3.200000000000002 -4.4365669334226139 2.9478898973839893 1 -3.3306690738754696e-16 3.8857805861880479e-16 
1 -0.45178814105563286 2.5992669263933577 0 -0.99619469809174566 0.087155742747657916 0 
1 -3.2000000000000015 -4.5760161218188671 1.3539783804371965 1 -3.3306690738754696e-16 3.8857805861880479e-16 
1 -4.4365669334226157 2.9478898973839893 0 -0.087155742747658249 -0.99619469809174555 0 
1 -3.2000000000000006 -0.59123732945188434 1.0053554094465633 1 -3.3306690738754696e-16 3.8857805861880479e-16 
1 -0.59123732945188578 1.0053554094465644 0 -0.99619469809174555 0.087155742747657958 0 
1 -0.45178814105563286 2.5992669263933577 0 -0.087155742747658055 -0.99619469809174555 0 
Polygon3D 0
PolygonOnTriangulations 0
Surfaces 30
1 -3.2000000000000126 -39.248704801615169 11.200336277042357 -2.5122834288167915e-16 0.34202014332566827 0.93969262078590854 3.225692681351001e-16 0.93969262078590854 -0.34202014332566827 -1 2.1719080711900265e-16 -3.464026072582088e-16 
1 -3.2000000000000108 -36.037166547792616 8.3287475104822306 -4.4588203840207594e-16 -0.93969262078590732 0.34202014332567171 -2.3703678749890978e-16 0.34202014332567171 0.93969262078590732 -1 3.3792070519357537e-16 -3.7524235874814339e-16 
1 -3.2000000000000122 -39.795937030936244 9.6968280837849026 -2.5122834288167891e-16 0.34202014332566888 0.93969262078590843 3.2256926813510039e-16 0.93969262078590843 -0.34202014332566888 -1 2.1719080711900275e-16 -3.464026072582087e-16 
1 -3.2000000000000126 -39.248704801615169 11.200336277042357 4.4588203840207496e-16 0.93969262078590876 -0.34202014332566782 2.3703678749891111e-16 -0.34202014332566782 -0.93969262078590876 -1 3.3792070519357562e-16 -3.752423587481429e-16 
1 -3.7359230606027722e-15 -10.179192097492352 4.4306064040820887 1 -2.2204460492503136e-16 3.3306690738754637e-16 -3.3306690738754637e-16 0 1 -2.2204460492503136e-16 -1 -7.3955709864469736e-32 
1 -3.2000000000000077 -24.495530655276411 5.8306200268293633 -2.5122834288167895e-16 0.34202014332566871 0.93969262078590843 3.2256926813510025e-16 0.93969262078590843 -0.34202014332566871 -1 2.171908071190027e-16 -3.4640260725820875e-16 
1 -3.2000000000000064 -20.736760172132783 4.4625394535266896 4.4588203840207496e-16 0.93969262078590876 -0.34202014332566794 2.3703678749891111e-16 -0.34202014332566794 -0.93969262078590876 -1 3.3792070519357547e-16 -3.7524235874814285e-16 
1 -3.2000000000000073 -25.042762884597483 4.3271118335719096 -2.5122834288167895e-16 0.34202014332566882 0.93969262078590843 3.2256926813510044e-16 0.93969262078590843 -0.34202014332566882 -1 2.1719080711900283e-16 -3.4640260725820885e-16 
1 -3.2000000000000077 -24.495530655276411 5.8306200268293633 4.4588203840207496e-16 0.93969262078590865 -0.34202014332566794 2.3703678749891106e-16 -0.34202014332566794 -0.93969262078590865 -1 3.3792070519357557e-16 -3.752423587481429e-16 
1 -3.7359230606027722e-15 -10.179192097492352 4.4306064040820887 1 -2.2204460492503136e-16 3.3306690738754637e-16 -3.3306690738754637e-16 0 1 -2.2204460492503136e-16 -1 -7.3955709864469736e-32 
1 -3.2000000000000011 0.22352791121111587 2.6287518619965766 -4.4051114628723899e-16 -0.17364817766693016 0.98480775301220813 1.6083478693569646e-16 0.98480775301220813 0.17364817766693016 -1 2.3488530292309003e-16 -4.0589012449513523e-16 
1 -3.2000000000000002 4.1627589232599487 3.3233445726642974 2.6053100090654646e-16 0.98480775301220824 0.17364817766692989 3.6656451367306048e-16 0.17364817766692989 -0.98480775301220824 -1 3.2022620938948893e-16 -3.1575484151121652e-16 
1 -3.2000000000000006 0.5013649954782039 1.053059457177044 -4.4051114628723899e-16 -0.17364817766693008 0.98480775301220824 1.6083478693569574e-16 0.98480775301220824 0.17364817766693008 -1 2.3488530292308924e-16 -4.0589012449513533e-16 
1 -3.2000000000000011 0.22352791121111587 2.6287518619965766 2.6053100090654641e-16 0.98480775301220824 0.17364817766693005 3.6656451367306048e-16 0.17364817766693005 -0.98480775301220824 -1 3.2022620938948893e-16 -3.1575484151121647e-16 
1 -3.7359230606027722e-15 -10.179192097492352 4.4306064040820887 1 -2.2204460492503136e-16 3.3306690738754637e-16 -3.3306690738754637e-16 0 1 -2.2204460492503136e-16 -1 -7.3955709864469736e-32 
1 -3.199999999999998 19.62424064555162 6.0496209620351005 4.4051114628723894e-16 0.17364817766692989 -0.98480775301220824 -1.6083478693569584e-16 -0.98480775301220824 -0.17364817766692989 -1 2.3488530292308924e-16 -4.0589012449513528e-16 
1 -3.199999999999998 15.962846717769873 3.7793358465478466 -2.6053100090654671e-16 -0.98480775301220824 -0.1736481776669293 -3.6656451367306038e-16 -0.1736481776669293 0.98480775301220824 -1 3.2022620938948898e-16 -3.1575484151121657e-16 
1 -3.199999999999998 15.962846717769873 3.7793358465478466 -4.4051114628723904e-16 -0.17364817766693022 0.98480775301220824 1.6083478693569574e-16 0.98480775301220824 0.17364817766693022 -1 2.3488530292308929e-16 -4.0589012449513538e-16 
1 -3.1999999999999971 19.902077729818703 4.4739285572155687 -2.6053100090654671e-16 -0.98480775301220835 -0.17364817766692947 -3.6656451367306053e-16 -0.17364817766692947 0.98480775301220835 -1 3.2022620938948903e-16 -3.1575484151121662e-16 
1 -3.7359230606027722e-15 -10.179192097492352 4.4306064040820887 1 -2.2204460492503136e-16 3.3306690738754637e-16 -3.3306690738754637e-16 0 1 -2.2204460492503136e-16 -1 -7.3955709864469736e-32 
1 -3.2000000000000055 -20.216272881859272 2.722323541575431 -3.5807070809280973e-16 0.087155742747658194 0.99619469809174555 2.502283518642195e-16 0.99619469809174555 -0.087155742747658194 -1 2.180682389193625e-16 -3.7851697880726256e-16 
1 -3.2000000000000046 -16.231494089492287 2.373700570584798 -3.6566629656365367e-16 -0.99619469809174555 0.087155742747658013 -3.1244702478393738e-16 0.087155742747658013 0.99619469809174555 -1 3.3704327339321567e-16 -3.4312798719908924e-16 
1 -3.200000000000006 -20.07682369346302 4.3162350585222251 -3.5807070809280973e-16 0.087155742747658194 0.99619469809174555 2.502283518642195e-16 0.99619469809174555 -0.087155742747658194 -1 2.180682389193625e-16 -3.7851697880726256e-16 
1 -3.2000000000000055 -20.216272881859272 2.722323541575431 -3.6566629656365367e-16 -0.99619469809174555 0.087155742747658013 -3.1244702478393738e-16 0.087155742747658013 0.99619469809174555 -1 3.3704327339321567e-16 -3.4312798719908924e-16 
1 -3.7359230606027722e-15 -10.179192097492352 4.4306064040820887 1 -2.2204460492503136e-16 3.3306690738754637e-16 -3.3306690738754637e-16 0 1 -2.2204460492503136e-16 -1 -7.3955709864469736e-32 
1 -3.2000000000000011 -0.45178814105563092 2.5992669263933563 3.5807070809280973e-16 -0.087155742747658249 -0.99619469809174566 -2.5022835186421955e-16 -0.99619469809174566 0.087155742747658249 -1 2.1806823891936248e-16 -3.7851697880726251e-16 
1 -3.200000000000002 -4.4365669334226139 2.9478898973839893 3.6566629656365392e-16 0.99619469809174555 -0.087155742747658582 3.1244702478393842e-16 -0.087155742747658582 -0.99619469809174555 -1 3.3704327339321567e-16 -3.4312798719909052e-16 
1 -3.2000000000000006 -0.59123732945188434 1.0053554094465633 3.5807070809280968e-16 -0.087155742747658291 -0.99619469809174555 -2.5022835186422073e-16 -0.99619469809174555 0.087155742747658291 -1 2.1806823891936371e-16 -3.7851697880726261e-16 
1 -3.2000000000000011 -0.45178814105563092 2.5992669263933563 3.6566629656365382e-16 0.99619469809174555 -0.087155742747658388 3.1244702478393728e-16 -0.087155742747658388 -0.99619469809174555 -1 3.3704327339321572e-16 -3.4312798719908929e-16 
1 -3.7359230606027722e-15 -10.179192097492352 4.4306064040820887 1 -2.2204460492503136e-16 3.3306690738754637e-16 -3.3306690738754637e-16 0 1 -2.2204460492503136e-16 -1 -7.3955709864469736e-32 
Triangulations 0

TShapes 145
Ve
1e-07
-39.2487048016152 11.2003362770423 0
0 0

0101101
*
Ed
 1e-07 1 1 0
1  1 0 0 7.8
0

0101000
+145 4 -145 6 *
Ve
1e-07
-35.4899343184715 9.83225570373967 0
0 0

0101101
*
Ed
 1e-07 1 1 0
1  2 0 0 7.8
0

0101000
+143 4 -143 6 *
Ed
 1e-07 1 1 0
1  3 0 0 4
0

0101000
+145 0 -143 0 *
Wi

0101100
+144 0 -142 0 -141 4 +141 6 *
Fa
0  1e-07 1 0

0111000
+140 0 *
Ve
1e-07
-36.0371665477926 8.32874751048222 0
0 0

0101101
*
Ed
 1e-07 1 1 0
1  4 0 0 7.8
0

0101000
+138 4 -138 6 *
Ed
 1e-07 1 1 0
1  5 0 0 1.6
0

0101000
+138 0 -143 0 *
Wi

0101100
+137 0 -142 0 -136 4 +136 6 *
Fa
0  1e-07 2 0

0111000
+135 0 *
Ve
1e-07
-39.7959370309362 9.69682808378489 0
0 0

0101101
*
Ed
 1e-07 1 1 0
1  6 0 0 7.8
0

0101000
+133 4 -133 6 *
Ed
 1e-07 1 1 0
1  7 0 0 3.99999999999999
0

0101000
+133 0 -138 0 *
Wi

0101100
+132 0 -137 0 -131 4 +131 6 *
Fa
0  1e-07 3 0

0111000
+130 0 *
Ed
 1e-07 1 1 0
1  8 0 0 1.6
0

0101000
+145 0 -133 0 *
Wi

0101100
+144 0 -132 0 -128 4 +128 6 *
Fa
0  1e-07 4 0

0111000
+127 0 *
Wi

0101100
+141 0 -136 0 -131 0 -128 0 *
Fa
0  1e-07 5 0

0111000
-125 7 *
Sh

0101100
-139 0 +134 0 +129 0 +126 0 +124 3 -124 8 *
So

0100000
-123 0 *
Ve
1e-07
-24.4955306552764 5.83062002682936 0
0 0

0101101
*
Ed
 1e-07 1 1 0
1  9 0 0 7.8
0

0101000
+121 4 -121 6 *
Ve
1e-07
-20.7367601721328 4.46253945352668 0
0 0

0101101
*
Ed
 1e-07 1 1 0
1  10 0 0 7.8
0

0101000
+119 4 -119 6 *
Ed
 1e-07 1 1 0
1  11 0 0 4
0

0101000
+121 0 -119 0 *
Wi

0101100
+120 0 -118 0 -117 4 +117 6 *
Fa
0  1e-07 6 0

0111000
+116 0 *
Ve
1e-07
-21.2839924014539 2.95903126026923 0
0 0

0101101
*
Ed
 1e-07 1 1 0
1  12 0 0 7.8
0

0101000
+114 4 -114 6 *
Ed
 1e-07 1 1 0
1  13 0 0 1.6
0

0101000
+119 0 -114 0 *
Wi

0101100
+118 0 -113 0 -112 4 +112 6 *
Fa
0  1e-07 7 0

0111000
+111 0 *
Ve
1e-07
-25.0427628845975 4.3271118335719 0
0 0

0101101
*
Ed
 1e-07 1 1 0
1  14 0 0 7.8
0

0101000
+109 4 -109 6 *
Ed
 1e-07 1 1 0
1  15 0 0 4
0

0101000
+109 0 -114 0 *
Wi

0101100
+108 0 -113 0 -107 4 +107 6 *
Fa
0  1e-07 8 0

0111000
+106 0 *
Ed
 1e-07 1 1 0
1  16 0 0 1.6
0

0101000
+121 0 -109 0 *
Wi

0101100
+120 0 -108 0 -104 4 +104 6 *
Fa
0  1e-07 9 0

0111000
+103 0 *
Wi

0101100
+117 0 +112 0 -107 0 -104 0 *
Fa
0  1e-07 10 0

0111000
-101 7 *
Sh

0101100
-115 0 -110 0 +105 0 +102 0 +100 3 -100 8 *
So

0100000
-99 0 *
Ve
1e-07
0.223527911211114 2.62875186199658 0
0 0

0101101
*
Ed
 1e-07 1 1 0
1  17 0 0 7.8
0

0101000
+97 4 -97 6 *
Ve
1e-07
4.16275892325995 3.3233445726643 0
0 0

0101101
*
Ed
 1e-07 1 1 0
1  18 0 0 7.8
0

0101000
+95 4 -95 6 *
Ed
 1e-07 1 1 0
1  19 0 0 4
0

0101000
+97 0 -95 0 *
Wi

0101100
+96 0 -94 0 -93 4 +93 6 *
Fa
0  1e-07 11 0

0111000
+92 0 *
Ve
1e-07
4.44059600752704 1.74765216784477 0
0 0

0101101
*
Ed
 1e-07 1 1 0
1  20 0 0 7.8
0

0101000
+90 4 -90 6 *
Ed
 1e-07 1 1 0
1  21 0 0 1.6
0

0101000
+95 0 -90 0 *
Wi

0101100
+94 0 -89 0 -88 4 +88 6 *
Fa
0  1e-07 12 0

0111000
+87 0 *
Ve
1e-07
0.501364995478202 1.05305945717705 0
0 0

0101101
*
Ed
 1e-07 1 1 0
1  22 0 0 7.8
0

0101000
+85 4 -85 6 *
Ed
 1e-07 1 1 0
1  23 0 0 4
0

0101000
+85 0 -90 0 *
Wi

0101100
+84 0 -89 0 -83 4 +83 6 *
Fa
0  1e-07 13 0

0111000
+82 0 *
Ed
 1e-07 1 1 0
1  24 0 0 1.6
0

0101000
+97 0 -85 0 *
Wi

0101100
+96 0 -84 0 -80 4 +80 6 *
Fa
0  1e-07 14 0

0111000
+79 0 *
Wi

0101100
+93 0 +88 0 -83 0 -80 0 *
Fa
0  1e-07 15 0

0111000
-77 7 *
Sh

0101100
-91 0 -86 0 +81 0 +78 0 +76 3 -76 8 *
So

0100000
-75 0 *
Ve
1e-07
19.6242406455516 6.04962096203511 0
0 0

0101101
*
Ed
 1e-07 1 1 0
1  25 0 0 7.8
0

0101000
+73 4 -73 6 *
Ve
1e-07
15.6850096335028 5.35502825136739 0
0 0

0101101
*
Ed
 1e-07 1 1 0
1  26 0 0 7.8
0

0101000
+71 4 -71 6 *
Ed
 1e-07 1 1 0
1  27 0 0 4
0

0101000
+73 0 -71 0 *
Wi

0101100
+72 0 -70 0 -69 4 +69 6 *
Fa
0  1e-07 16 0

0111000
+68 0 *
Ve
1e-07
15.9628467177699 3.77933584654785 0
0 0

0101101
*
Ed
 1e-07 1 1 0
1  28 0 0 7.8
0

0101000
+66 4 -66 6 *
Ed
 1e-07 1 1 0
1  29 0 0 1.6
0

0101000
+66 0 -71 0 *
Wi

0101100
+65 0 -70 0 -64 4 +64 6 *
Fa
0  1e-07 17 0

0111000
+63 0 *
Ve
1e-07
19.9020777298187 4.47392855721558 0
0 0

0101101
*
Ed
 1e-07 1 1 0
1  30 0 0 7.8
0

0101000
+61 4 -61 6 *
Ed
 1e-07 1 1 0
1  31 0 0 4
0

0101000
+66 0 -61 0 *
Wi

0101100
+65 0 -60 0 -59 4 +59 6 *
Fa
0  1e-07 18 0

0111000
+58 0 *
Ed
 1e-07 1 1 0
1  32 0 0 1.6
0

0101000
+61 0 -73 0 *
Wi

0101100
+60 0 -72 0 -56 4 +56 6 *
Fa
0  1e-07 19 0

0111000
+55 0 *
Wi

0101100
+69 0 -64 0 +59 0 +56 0 *
Fa
0  1e-07 20 0

0111000
+53 7 *
Sh

0101100
+67 0 -62 0 +57 0 +54 0 +52 3 -52 8 *
So

0100000
-51 0 *
Ve
1e-07
-20.2162728818593 2.72232354157543 0
0 0

0101101
*
Ed
 1e-07 1 1 0
1  33 0 0 7.8
0

0101000
+49 4 -49 6 *
Ve
1e-07
-16.2314940894923 2.37370057058479 0
0 0

0101101
*
Ed
 1e-07 1 1 0
1  34 0 0 7.8
0

0101000
+47 4 -47 6 *
Ed
 1e-07 1 1 0
1  35 0 0 4
0

0101000
+49 0 -47 0 *
Wi

0101100
+48 0 -46 0 -45 4 +45 6 *
Fa
0  1e-07 21 0

0111000
+44 0 *
Ve
1e-07
-16.092044901096 3.96761208753159 0
0 0

0101101
*
Ed
 1e-07 1 1 0
1  36 0 0 7.8
0

0101000
+42 4 -42 6 *
Ed
 1e-07 1 1 0
1  37 0 0 1.6
0

0101000
+47 0 -42 0 *
Wi

0101100
+46 0 -41 0 -40 4 +40 6 *
Fa
0  1e-07 22 0

0111000
+39 0 *
Ve
1e-07
-20.076823693463 4.31623505852222 0
0 0

0101101
*
Ed
 1e-07 1 1 0
1  38 0 0 7.8
0

0101000
+37 4 -37 6 *
Ed
 1e-07 1 1 0
1  39 0 0 4
0

0101000
+37 0 -42 0 *
Wi

0101100
+36 0 -41 0 -35 4 +35 6 *
Fa
0  1e-07 23 0

0111000
+34 0 *
Ed
 1e-07 1 1 0
1  40 0 0 1.6
0

0101000
+49 0 -37 0 *
Wi

0101100
+48 0 -36 0 -32 4 +32 6 *
Fa
0  1e-07 24 0

0111000
+31 0 *
Wi

0101100
+45 0 +40 0 -35 0 -32 0 *
Fa
0  1e-07 25 0

0111000
+29 7 *
Sh

0101100
+43 0 +38 0 -33 0 -30 0 +28 3 -28 8 *
So

0100000
-27 0 *
Ve
1e-07
-0.451788141055633 2.59926692639336 0
0 0

0101101
*
Ed
 1e-07 1 1 0
1  41 0 0 7.8
0

0101000
+25 4 -25 6 *
Ve
1e-07
-4.43656693342262 2.94788989738399 0
0 0

0101101
*
Ed
 1e-07 1 1 0
1  42 0 0 7.8
0

0101000
+23 4 -23 6 *
Ed
 1e-07 1 1 0
1  43 0 0 4
0

0101000
+25 0 -23 0 *
Wi

0101100
+24 0 -22 0 -21 4 +21 6 *
Fa
0  1e-07 26 0

0111000
+20 0 *
Ve
1e-07
-4.57601612181887 1.3539783804372 0
0 0

0101101
*
Ed
 1e-07 1 1 0
1  44 0 0 7.8
0

0101000
+18 4 -18 6 *
Ed
 1e-07 1 1 0
1  45 0 0 1.6
0

0101000
+23 0 -18 0 *
Wi

0101100
+22 0 -17 0 -16 4 +16 6 *
Fa
0  1e-07 27 0

0111000
+15 0 *
Ve
1e-07
-0.591237329451886 1.00535540944656 0
0 0

0101101
*
Ed
 1e-07 1 1 0
1  46 0 0 7.8
0

0101000
+13 4 -13 6 *
Ed
 1e-07 1 1 0
1  47 0 0 4
0

0101000
+13 0 -18 0 *
Wi

0101100
+12 0 -17 0 -11 4 +11 6 *
Fa
0  1e-07 28 0

0111000
+10 0 *
Ed
 1e-07 1 1 0
1  48 0 0 1.6
0

0101000
+25 0 -13 0 *
Wi

0101100
+24 0 -12 0 -8 4 +8 6 *
Fa
0  1e-07 29 0

0111000
+7 0 *
Wi

0101100
+21 0 +16 0 -11 0 -8 0 *
Fa
0  1e-07 30 0

0111000
+5 7 *
Sh

0101100
+19 0 +14 0 -9 0 -6 0 +4 3 -4 8 *
So

0100000
-3 0 *
Co

1100000
+122 0 +98 0 +74 0 +50 0 +26 0 +2 0 *

+1 0 ]]>
      </Part>
      <ElementMap new="1" count="1"><Element key="Dummy" value="Dummy"/></ElementMap>
      <ElementMap2 count="156">
<![CDATA[
8 PostfixCount 11
Edge
Face
Vertex
;:G;XTR;:Hedc:7,F
;FAC;:Hedc:4,F
;:G;XTR;:Hedc:7,E
;:G0;XTR;:Hedc:8,F
;:U;XTR;:Hedc:7,E
;:U;XTR;:Hedc:7,V
;SKT;:Hedc,E
;SKT;:Hedc,V

MapCount 1

ElementMap 1 8 3

Edge

ChildCount 0

NameCount 73
0
$#214.6 0
$#215.6 0
;g72.a 0
$#234.8 0
$#216.6 0
;g73.a 0
$#235.8 0
$#217.6 0
;g74.a 0
$#236.8 0
;g75.a 0
$#237.8 0
$#218.6 0
$#219.6 0
;g76.a 0
$#238.8 0
$#21a.6 0
;g77.a 0
$#239.8 0
$#21b.6 0
;g79.a 0
$#23a.8 0
;g78.a 0
$#23b.8 0
$#56f.6 0
$#570.6 0
;g105.a 0
$#58f.8 0
$#571.6 0
;g106.a 0
$#590.8 0
$#572.6 0
;g107.a 0
$#591.8 0
;g108.a 0
$#592.8 0
$#573.6 0
$#574.6 0
;g113.a 0
$#593.8 0
$#575.6 0
;g114.a 0
$#594.8 0
$#576.6 0
;g115.a 0
$#595.8 0
;g116.a 0
$#596.8 0
$#21c.6 0
$#21d.6 0
;g80.a 0
$#23c.8 0
$#21e.6 0
;g81.a 0
$#23d.8 0
$#21f.6 0
;g84.a 0
$#23e.8 0
;g83.a 0
$#23f.8 0
$#220.6 0
$#221.6 0
;g85.a 0
$#240.8 0
$#222.6 0
;g86.a 0
$#241.8 0
$#223.6 0
;g87.a 0
$#242.8 0
;g88.a 0
$#243.8 0

Face

ChildCount 0

NameCount 37
0
$#210.4 0
$#224.4 0
$#225.4 0
$#226.4 0
$#210.5 0
$#227.7 0
$#211.4 0
$#228.4 0
$#229.4 0
$#22a.4 0
$#211.5 0
$#22b.7 0
$#565.4 0
$#57f.4 0
$#580.4 0
$#581.4 0
$#565.5 0
$#582.7 0
$#566.4 0
$#583.4 0
$#584.4 0
$#585.4 0
$#566.5 0
$#586.7 0
$#212.4 0
$#22c.4 0
$#22d.4 0
$#22e.4 0
$#212.5 0
$#22f.7 0
$#213.4 0
$#230.4 0
$#231.4 0
$#232.4 0
$#213.5 0
$#233.7 0

Vertex

ChildCount 0

NameCount 49
0
;g72v1.b 0
$#244.9 0
;g72v2.b 0
$#245.9 0
;g73v1.b 0
$#246.9 0
;g74v1.b 0
$#247.9 0
;g76v1.b 0
$#248.9 0
;g76v2.b 0
$#249.9 0
;g77v2.b 0
$#24a.9 0
;g78v2.b 0
$#24b.9 0
;g105v1.b 0
$#59f.9 0
;g105v2.b 0
$#5a0.9 0
;g106v2.b 0
$#5a1.9 0
;g107v1.b 0
$#5a2.9 0
;g113v1.b 0
$#5a3.9 0
;g113v2.b 0
$#5a4.9 0
;g114v1.b 0
$#5a5.9 0
;g115v2.b 0
$#5a6.9 0
;g80v1.b 0
$#24c.9 0
;g80v2.b 0
$#24d.9 0
;g81v2.b 0
$#24e.9 0
;g83v2.b 0
$#24f.9 0
;g85v1.b 0
$#250.9 0
;g85v2.b 0
$#251.9 0
;g86v2.b 0
$#252.9 0
;g87v1.b 0
$#253.9 0

EndMap
]]>
      </ElementMap2>
    </Property>
    <Property name="AddSubType" type="App::PropertyEnumeration">
      <Integer value="1"/>
    </Property>
    <Property name="AllowMultiFace" type="App::PropertyBool">
      <Bool value="true"/>
    </Property>
    <Property name="AlongSketchNormal" type="App::PropertyBool">
      <Bool value="false"/>
    </Property>
    <Property name="AutoTaperInnerAngle" type="App::PropertyBool">
      <Bool value="true"/>
    </Property>
    <Property name="BaseFeature" type="App::PropertyLink" status="8">
      <Link value="Pad"/>
    </Property>
    <Property name="CheckUpToFaceLimits" type="App::PropertyBool">
      <Bool value="true"/>
    </Property>
    <Property name="ClaimChildren" type="App::PropertyBool" status="134217728">
      <Bool value="false"/>
    </Property>
    <Property name="ColoredElements" type="App::PropertyLinkSubHidden" status="218103808">
      <LinkSub value="" count="0">
      </LinkSub>
    </Property>
    <Property name="Direction" type="App::PropertyVector" status="4">
      <PropertyVector valueX="1" valueY="-3e-16" valueZ="4e-16"/>
    </Property>
    <Property name="ExpressionEngine" type="App::PropertyExpressionEngine" status="67108864">
      <ExpressionEngine count="0"></ExpressionEngine>
    </Property>
    <Property name="Fit" type="App::PropertyDistance">
      <Float value="0"/>
    </Property>
    <Property name="FitJoin" type="App::PropertyEnumeration">
      <Integer value="0"/>
    </Property>
    <Property name="FixShape" type="App::PropertyEnumeration">
      <Integer value="0"/>
    </Property>
    <Property name="InnerFit" type="App::PropertyDistance">
      <Float value="0"/>
    </Property>
    <Property name="InnerFitJoin" type="App::PropertyEnumeration">
      <Integer value="0"/>
    </Property>
    <Property name="InvalidShape" type="App::PropertyBool" status="67108864">
      <Bool value="false"/>
    </Property>
    <Property name="Label" type="App::PropertyString" status="134217728">
      <String value="Pad001"/>
    </Property>
    <Property name="Label2" type="App::PropertyString" status="128">
      <String value=""/>
    </Property>
    <Property name="Length" type="App::PropertyLength">
      <Float value="4.6"/>
    </Property>
    <Property name="Length2" type="App::PropertyLength">
      <Float value="3.2"/>
    </Property>
    <Property name="Linearize" type="App::PropertyBool">
      <Bool value="true"/>
    </Property>
    <Property name="Midplane" type="App::PropertyBool" status="4">
      <Bool value="false"/>
    </Property>
    <Property name="NewSolid" type="App::PropertyBool">
      <Bool value="false"/>
    </Property>
    <Property name="Offset" type="App::PropertyLength" status="4">
      <Float value="0"/>
    </Property>
    <Property name="Placement" type="App::PropertyPlacement" status="8388620">
      <PropertyPlacement Px="0" Py="0" Pz="0" Q0="0" Q1="0" Q2="0" Q3="1" A="0" Ox="0" Oy="0" Oz="1"/>
    </Property>
    <Property name="Profile" type="App::PropertyLinkSub">
      <LinkSub value="Sketch002" count="1">
        <Sub value=""/>
      </LinkSub>
    </Property>
    <Property name="ReferenceAxis" type="App::PropertyLinkSub">
      <LinkSub value="Sketch002" count="1">
        <Sub value="N_Axis"/>
      </LinkSub>
    </Property>
    <Property name="Refine" type="App::PropertyBool">
      <Bool value="false"/>
    </Property>
    <Property name="Reversed" type="App::PropertyBool">
      <Bool value="false"/>
    </Property>
    <Property name="Shape" type="Part::PropertyPartShape">
      <Part HasherIndex="0" ElementMap="1.15.70200.4" brep="1">
<![CDATA[

CASCADE Topology V1, (c) Matra-Datavision
Locations 6
1
              1               0               0               0 
              0               1               0               0 
              0               0               1               0 
1
              1               0               0               0 
              0               1               0               0 
              0               0               1               0 
1
2.22044604925031e-16 -3.33066907387547e-16               1               0 
              1 3.33066907387547e-16 -2.22044604925031e-16               0 
-3.33066907387547e-16               1 3.33066907387547e-16               0 
2  2 1 3 1 0
1
              1               0               0            2.45 
              0               1               0 -8.1601392309949e-16 
              0               0               1 9.52016243616072e-16 
2  2 1 3 1 5 1 0
Curve2ds 96
8 1.2653574611541911 2.8653574611541921
1 1.6035049072383831 -25.594864199039108 -0.98480775301220824 -0.1736481776669293 
8 1.2653574611541911 2.8653574611541921
1 2.8653574611541921 -3.1999999999999944 -1 3.8557641006004888e-17 
8 -16.742233202765121 -12.742233202765117
1 -3.4309869107248572 -13.543778251760207 -0.17364817766693022 0.98480775301220824 
8 -16.742233202765121 -12.742233202765117
1 -12.742233202765119 -3.199999999999998 -1 -2.1867124844470342e-16 
8 1.2653574611541909 2.8653574611541899
1 2.2980976179061035 -29.534095211087944 -0.98480775301220835 -0.17364817766692947 
8 1.2653574611541909 2.8653574611541899
1 2.8653574611541899 -3.199999999999994 -1 3.8557641006005079e-17 
8 10.742233202765121 14.742233202765124
1 -1.507998150571459 -15.235556673517534 0.17364817766692989 -0.98480775301220824 
8 10.742233202765121 14.742233202765124
1 14.742233202765123 -3.1999999999999975 -1 2.1867124844470342e-16 
8 -8.8922332027651194 -4.8922332027651168
1 -3.2184327005907241 -5.5352003063472841 -0.17364817766693016 0.98480775301220813 
8 -8.8922332027651194 -4.8922332027651168
1 -4.8922332027651176 -3.1999999999999993 -1 -2.1867124844470357e-16 
8 -3.6653574611542004 -2.0653574611542003
1 -0.33492527972264519 -9.9944639346138935 0.98480775301220824 0.17364817766693005 
8 -3.6653574611542004 -2.0653574611542003
1 -2.0653574611542007 -3.199999999999998 -1 -3.855764100600503e-17 
8 -8.8922332027651194 -4.8922332027651176
1 -4.7941251054102576 -5.8130373906143715 -0.17364817766693008 0.98480775301220824 
8 -8.8922332027651194 -4.8922332027651176
1 -4.8922332027651185 -3.1999999999999997 -1 -2.1867124844470339e-16 
8 -3.6653574611542004 -2.0653574611541998
1 0.35966743094507514 -13.933694946662728 0.98480775301220824 0.17364817766692989 
8 -3.6653574611542004 -2.0653574611541998
1 -2.0653574611542003 -3.1999999999999971 -1 -3.855764100600503e-17 
8 -2.3728941906122643 -0.77289419061226361
1 -1.2798141899476514 -5.7603768165885505 0.99619469809174555 -0.087155742747658582 
8 -2.3728941906122643 -0.77289419061226361
1 -0.77289419061226405 -3.1999999999999988 -1 1.9352462465351463e-17 
8 0.92499999999999893 4.9250000000000007
1 -3.5630597397267088 -4.6320853652092699 -0.087155742747658291 -0.99619469809174555 
8 0.92499999999999893 4.9250000000000007
1 4.9250000000000007 -3.1999999999999988 -1 2.2119965816619246e-16 
8 -2.3728941906122651 -0.77289419061226394
1 -1.6284371609382839 -9.7451556089555318 0.99619469809174555 -0.087155742747658388 
8 -2.3728941906122651 -0.77289419061226394
1 -0.77289419061226439 -3.199999999999998 -1 1.9352462465351513e-17 
8 0.92499999999999893 4.9250000000000016
1 -1.969148222779916 -4.7715345536055231 -0.087155742747658249 -0.99619469809174566 
8 0.92499999999999893 4.9250000000000016
1 4.9250000000000016 -3.1999999999999993 -1 2.2119965816619233e-16 
8 -0.027105809387736546 1.5728941906122647
1 -1.0570477582734457 5.9648257452829938 -0.99619469809174555 0.087155742747658013 
8 -0.027105809387736546 1.5728941906122647
1 1.5728941906122647 -3.2000000000000015 -1 -1.9352462465351414e-17 
8 0.92499999999999538 4.9250000000000007
1 -1.1106641567154805 5.0409832225981717 0.087155742747658194 0.99619469809174555 
8 0.92499999999999538 4.9250000000000007
1 4.9249999999999998 -3.2000000000000015 -1 -2.2119965816619238e-16 
8 -0.027105809387737656 1.572894190612264
1 -0.70842478728281311 9.9496045376499822 -0.99619469809174555 0.087155742747658013 
8 -0.027105809387737656 1.572894190612264
1 1.572894190612264 -3.2000000000000024 -1 -1.9352462465351414e-17 
8 0.92499999999999538 4.9250000000000007
1 -2.7045756736622746 5.180432410994424 0.087155742747658194 0.99619469809174555 
8 0.92499999999999538 4.9250000000000007
1 4.9249999999999998 -3.2000000000000015 -1 -2.2119965816619238e-16 
8 2.8922332027651163 6.8922332027651168
1 -1.5243197432197837 7.8893683911394028 0.34202014332566871 0.93969262078590843 
8 2.8922332027651163 6.8922332027651168
1 6.8922332027651159 -3.2000000000000024 -1 -2.086536767333742e-16 
8 -3.665357461154195 -2.0653574611541941
1 2.77376401015559 13.659555217630714 0.93969262078590865 -0.34202014332566794 
8 -3.665357461154195 -2.0653574611541941
1 -2.0653574611541945 -3.2000000000000033 -1 7.5943727601150582e-17 
8 2.8922332027651172 6.8922332027651176
1 -3.0278279364772387 8.4366006204604744 0.34202014332566882 0.93969262078590843 
8 2.8922332027651172 6.8922332027651176
1 6.8922332027651168 -3.2000000000000024 -1 -2.0865367673337423e-16 
8 -3.6653574611541968 -2.0653574611541963
1 1.4056834368529181 9.9007847344870861 0.93969262078590876 -0.34202014332566794 
8 -3.6653574611541968 -2.0653574611541963
1 -2.0653574611541967 -3.2000000000000028 -1 7.594372760115057e-17 
8 10.742233202765114 14.742233202765117
1 1.1605383818867185 15.265955464308778 0.34202014332566827 0.93969262078590854 
8 10.742233202765114 14.742233202765117
1 14.742233202765116 -3.2000000000000037 -1 -2.0865367673337418e-16 
8 -3.665357461154191 -2.0653574611541874
1 8.1434802603685785 28.412729363969476 0.93969262078590876 -0.34202014332566782 
8 -3.665357461154191 -2.0653574611541874
1 -2.0653574611541887 -3.2000000000000064 -1 7.5943727601150533e-17 
8 10.742233202765121 14.742233202765119
1 -0.34296981137074578 15.813187693629857 0.34202014332566888 0.93969262078590843 
8 10.742233202765121 14.742233202765119
1 14.742233202765117 -3.2000000000000042 -1 -2.086536767333742e-16 
8 1.2653574611542384 2.8653574611542427
1 6.0236455904372264 24.92757499548636 -0.93969262078590732 0.34202014332567171 
8 1.2653574611542384 2.8653574611542427
1 2.8653574611542427 -3.2000000000000055 -1 -7.5943727601151371e-17 
8 1.2653574611541902 2.8653574611541912
1 1.6035049072383822 -25.594864199039108 -0.98480775301220824 -0.1736481776669293 
8 1.2653574611541902 2.8653574611541912
1 2.8653574611541912 -5.6499999999999941 -1 3.8557641006004888e-17 
8 -16.742233202765121 -12.742233202765116
1 -3.4309869107248572 -13.543778251760207 -0.17364817766693022 0.98480775301220824 
8 -16.742233202765121 -12.742233202765116
1 -12.742233202765117 -5.6499999999999977 -1 -2.1867124844470342e-16 
8 1.2653574611541918 2.8653574611541908
1 2.2980976179061043 -29.534095211087944 -0.98480775301220835 -0.17364817766692947 
8 1.2653574611541918 2.8653574611541908
1 2.8653574611541908 -5.6499999999999941 -1 3.8557641006005079e-17 
8 10.742233202765117 14.742233202765121
1 -1.5079981505714586 -15.235556673517534 0.17364817766692989 -0.98480775301220824 
8 10.742233202765117 14.742233202765121
1 14.742233202765119 -5.6499999999999977 -1 2.1867124844470342e-16 
8 -8.8922332027651176 -4.8922332027651159
1 -3.2184327005907236 -5.5352003063472841 -0.17364817766693016 0.98480775301220813 
8 -8.8922332027651176 -4.8922332027651159
1 -4.8922332027651168 -5.6499999999999995 -1 -2.1867124844470357e-16 
8 -3.6653574611542021 -2.0653574611542016
1 -0.3349252797226443 -9.9944639346138935 0.98480775301220824 0.17364817766693005 
8 -3.6653574611542021 -2.0653574611542016
1 -2.065357461154202 -5.6499999999999995 -1 -3.855764100600503e-17 
8 -8.8922332027651194 -4.8922332027651168
1 -4.7941251054102576 -5.8130373906143715 -0.17364817766693008 0.98480775301220824 
8 -8.8922332027651194 -4.8922332027651168
1 -4.8922332027651176 -5.6499999999999995 -1 -2.1867124844470339e-16 
8 -3.6653574611541995 -2.0653574611541989
1 0.35966743094507425 -13.933694946662726 0.98480775301220824 0.17364817766692989 
8 -3.6653574611541995 -2.0653574611541989
1 -2.0653574611541994 -5.6499999999999977 -1 -3.855764100600503e-17 
8 -2.3728941906122643 -0.77289419061226361
1 -1.2798141899476514 -5.7603768165885487 0.99619469809174555 -0.087155742747658582 
8 -2.3728941906122643 -0.77289419061226361
1 -0.77289419061226405 -5.6499999999999986 -1 1.9352462465351463e-17 
8 0.92499999999999805 4.9249999999999998
1 -3.5630597397267088 -4.6320853652092699 -0.087155742747658291 -0.99619469809174555 
8 0.92499999999999805 4.9249999999999998
1 4.9249999999999998 -5.6499999999999995 -1 2.2119965816619246e-16 
8 -2.3728941906122651 -0.77289419061226394
1 -1.6284371609382839 -9.7451556089555318 0.99619469809174555 -0.087155742747658388 
8 -2.3728941906122651 -0.77289419061226394
1 -0.77289419061226439 -5.6499999999999986 -1 1.9352462465351513e-17 
8 0.92499999999999805 4.9250000000000007
1 -1.969148222779916 -4.7715345536055231 -0.087155742747658249 -0.99619469809174566 
8 0.92499999999999805 4.9250000000000007
1 4.9250000000000007 -5.6499999999999995 -1 2.2119965816619233e-16 
8 -0.02710580938773699 1.5728941906122642
1 -1.0570477582734457 5.9648257452830009 -0.99619469809174555 0.087155742747658013 
8 -0.02710580938773699 1.5728941906122642
1 1.5728941906122642 -5.6500000000000021 -1 -1.9352462465351414e-17 
8 0.92499999999999627 4.9250000000000016
1 -1.1106641567154805 5.0409832225981717 0.087155742747658194 0.99619469809174555 
8 0.92499999999999627 4.9250000000000016
1 4.9250000000000007 -5.6500000000000012 -1 -2.2119965816619238e-16 
8 -0.027105809387737656 1.572894190612264
1 -0.70842478728281311 9.9496045376499822 -0.99619469809174555 0.087155742747658013 
8 -0.027105809387737656 1.572894190612264
1 1.572894190612264 -5.650000000000003 -1 -1.9352462465351414e-17 
8 0.92499999999999627 4.9250000000000016
1 -2.7045756736622746 5.180432410994424 0.087155742747658194 0.99619469809174555 
8 0.92499999999999627 4.9250000000000016
1 4.9250000000000007 -5.6500000000000012 -1 -2.2119965816619238e-16 
8 2.8922332027651172 6.8922332027651176
1 -1.5243197432197837 7.8893683911394028 0.34202014332566871 0.93969262078590843 
8 2.8922332027651172 6.8922332027651176
1 6.8922332027651168 -5.6500000000000012 -1 -2.086536767333742e-16 
8 -3.6653574611541941 -2.0653574611541936
1 2.7737640101555892 13.659555217630714 0.93969262078590865 -0.34202014332566794 
8 -3.6653574611541941 -2.0653574611541936
1 -2.0653574611541941 -5.6500000000000039 -1 7.5943727601150582e-17 
8 2.8922332027651181 6.8922332027651185
1 -3.0278279364772391 8.4366006204604744 0.34202014332566882 0.93969262078590843 
8 2.8922332027651181 6.8922332027651185
1 6.8922332027651176 -5.6500000000000021 -1 -2.0865367673337423e-16 
8 -3.6653574611541977 -2.0653574611541972
1 1.405683436852919 9.9007847344870861 0.93969262078590876 -0.34202014332566794 
8 -3.6653574611541977 -2.0653574611541972
1 -2.0653574611541976 -5.650000000000003 -1 7.594372760115057e-17 
8 10.742233202765114 14.742233202765117
1 1.1605383818867185 15.265955464308778 0.34202014332566827 0.93969262078590854 
8 10.742233202765114 14.742233202765117
1 14.742233202765116 -5.6500000000000048 -1 -2.0865367673337418e-16 
8 -3.6653574611541893 -2.0653574611541856
1 8.1434802603685803 28.412729363969483 0.93969262078590876 -0.34202014332566782 
8 -3.6653574611541893 -2.0653574611541856
1 -2.0653574611541869 -5.6500000000000075 -1 7.5943727601150533e-17 
8 10.742233202765119 14.742233202765117
1 -0.34296981137074578 15.813187693629857 0.34202014332566888 0.93969262078590843 
8 10.742233202765119 14.742233202765117
1 14.742233202765116 -5.6500000000000048 -1 -2.086536767333742e-16 
8 1.265357461154238 2.8653574611542423
1 6.0236455904372255 24.92757499548636 -0.93969262078590732 0.34202014332567171 
8 1.265357461154238 2.8653574611542423
1 2.8653574611542423 -5.6500000000000057 -1 -7.5943727601151371e-17 
Curves 88
1 -1.330523868787845e-14 -40.256283787050407 13.110122806503 1 -3.3306690738754696e-16 3.8857805861880479e-16 
1 -6.3861278863805483e-15 -20.099877071192672 5.7737907321674058 1 -3.3306690738754696e-16 3.8857805861880479e-16 
1 -40.256283787050414 13.110122806502986 0 0.93969262078590854 -0.34202014332566838 0 
1 -1.2357091537882805e-14 -41.624364360353084 9.3513523233593645 1 -3.3306690738754696e-16 3.8857805861880479e-16 
1 -40.256283787050414 13.110122806502986 0 -0.34202014332566755 -0.93969262078590887 0 
1 -1.3815608490961555e-15 -0.17598310935776482 4.0306758772142315 1 -3.3306690738754696e-16 3.8857805861880479e-16 
1 -20.099877071192676 5.7737907321673987 0 0.99619469809174555 -0.08715574274765836 0 
1 -20.973106122531689 1.8349090246476671 0 -0.93969262078590865 0.34202014332566832 0 
1 -0.17598310935776634 4.0306758772142315 0 0.98480775301220802 0.17364817766693078 0 
1 -20.973106122531689 1.8349090246476671 0 0.99619469809174555 -0.087155742747657958 0 
1 20.948143192754099 7.7554292881698972 0 0.17364817766693 -0.98480775301220824 0 
1 0 1.110223024625157e-16 0 0.98480775301220813 0.17364817766693041 0 
1 -4.470209100801186e-15 15.465282616276108 6.6011620894438732 3.280068726670555e-16 0.1736481776669293 -0.98480775301220824 
1 -2.3492972708741973e-15 3.4141966689972048 1.5666702714806326 5.7836461509007764e-17 -0.98480775301220824 -0.17364817766693022 
1 -4.1417928139691387e-15 19.404513628324942 7.2957548001115935 3.280068726670555e-16 0.17364817766692947 -0.98480775301220835 
1 -3.0557919788579061e-15 5.1059750907545318 3.489659031634031 -5.7836461509007653e-17 0.98480775301220824 0.17364817766692989 
1 -2.8337473739328736e-15 -4.5943812764157181 1.7792244816147658 5.7836461509007751e-17 -0.98480775301220813 -0.17364817766693016 
1 -3.3500590631803843e-15 -0.13511764814910851 4.6627319024828449 -3.280068726670555e-16 -0.17364817766693005 0.98480775301220824 
1 -1.9052080610241351e-15 -4.3165441921486307 0.20353207679523266 5.7836461509007714e-17 -0.98480775301220824 -0.17364817766693008 
