<?xml version='1.0' encoding='utf-8'?>
<!-- FreeCAD DocumentObject -->
<Document SchemaVersion="4" FileVersion="2">
<Object name="Pad003">
  <Properties Count="47" TransientCount="2">
    <_Property name="_Body" type="App::PropertyLinkHidden" status="251658241"/>
    <_Property name="_ElementMapVersion" type="App::PropertyString" status="234881024"/>
    <Property name="AddSubShape" type="Part::PropertyPartShape">
      <Part HasherIndex="0" ElementMap="1.15.70200.4" brep="1">
<![CDATA[

CASCADE Topology V1, (c) Matra-Datavision
Locations 5
1
              1               0               0               0 
              0               1               0               0 
              0               0               1               0 
1
2.22044604925031e-16 -3.33066907387547e-16               1               0 
              1 3.33066907387547e-16 -2.22044604925031e-16               0 
-3.33066907387547e-16               1 3.33066907387547e-16               0 
2  1 1 2 1 0
1
              1               0               0             1.5 
              0               1               0 -4.9960036108132e-16 
              0               0               1 5.82867087928207e-16 
2  1 1 2 1 4 1 0
Curve2ds 0
Curves 48
1 -1.2445424516988866e-14 -39.248704801615169 11.200336277042359 1 -3.3306690738754696e-16 3.8857805861880479e-16 
1 -1.2251882956107808e-14 -38.684889229143629 10.99512419104696 1 -3.3306690738754696e-16 3.8857805861880479e-16 
1 -39.248704801615176 11.200336277042346 0 0.93969262078590887 -0.3420201433256676 0 
1 -1.1872624096109548e-14 -39.232121458464704 9.491615997789502 1 -3.3306690738754696e-16 3.8857805861880479e-16 
1 -39.232121458464704 9.4916159977894896 0 0.34202014332566671 0.93969262078590909 0 
1 -1.2066165656990608e-14 -39.795937030936244 9.6968280837849044 1 -3.3306690738754696e-16 3.8857805861880479e-16 
1 -39.795937030936244 9.6968280837848919 0 0.93969262078590687 -0.34202014332567282 0 
1 -39.795937030936244 9.6968280837848919 0 0.34202014332566749 0.93969262078590887 0 
1 -6.2843514956084541e-15 -21.300575744604327 4.667751539522091 1 -3.3306690738754696e-16 3.8857805861880479e-16 
1 -6.0908099347273942e-15 -20.736760172132783 4.4625394535266905 1 -3.3306690738754696e-16 3.8857805861880479e-16 
1 -21.300575744604327 4.6677515395220839 0 0.93969262078590865 -0.34202014332566832 0 
1 -5.711551074729136e-15 -21.283992401453851 2.9590312602692364 1 -3.3306690738754696e-16 3.8857805861880479e-16 
1 -20.736760172132783 4.4625394535266834 0 -0.3420201433256676 -0.93969262078590887 0 
1 -5.9050926356101959e-15 -21.847807973925395 3.1642433462646373 1 -3.3306690738754696e-16 3.8857805861880479e-16 
1 -21.283992401453851 2.9590312602692292 0 -0.93969262078590832 0.34202014332566893 0 
1 -21.847807973925395 3.1642433462646302 0 0.3420201433256676 0.93969262078590876 0 
1 2.3425282164033403e-15 19.62424064555162 6.0496209620351014 1 -3.3306690738754696e-16 3.8857805861880479e-16 
1 2.2460273442419232e-15 19.033355993744298 5.945432055434944 1 -3.3306690738754696e-16 3.8857805861880479e-16 
1 19.624240645551616 6.0496209620351076 0 -0.98480775301220824 -0.1736481776669298 0 
1 2.8325305661188207e-15 19.311193078011385 4.3697396506154105 1 -3.3306690738754696e-16 3.8857805861880479e-16 
1 19.033355993744294 5.9454320554349502 0 0.17364817766693175 -0.98480775301220791 0 
1 2.9290314382802366e-15 19.902077729818703 4.4739285572155696 1 -3.3306690738754696e-16 3.8857805861880479e-16 
1 19.311193078011385 4.3697396506154167 0 0.98480775301220747 0.17364817766693366 0 
1 19.902077729818703 4.4739285572155758 0 -0.1736481776669298 0.98480775301220824 0 
1 -8.2591708622986645e-16 0.22352791121111482 2.628751861996578 1 -3.3306690738754696e-16 3.8857805861880479e-16 
1 -7.2941621406845045e-16 0.81441256301843223 2.7329407685967348 1 -3.3306690738754696e-16 3.8857805861880479e-16 
1 0.22352791121111393 2.628751861996578 0 0.98480775301220802 0.17364817766693108 0 
1 -1.4291299219155355e-16 1.0922496472855203 1.1572483637772017 1 -3.3306690738754696e-16 3.8857805861880479e-16 
1 0.81441256301843135 2.7329407685967353 0 0.17364817766693033 -0.98480775301220813 0 
1 -2.3941386435296985e-16 0.50136499547820279 1.0530594571770453 1 -3.3306690738754696e-16 3.8857805861880479e-16 
1 1.0922496472855199 1.1572483637772022 0 -0.98480775301220813 -0.17364817766692997 0 
1 0.50136499547820246 1.0530594571770455 0 -0.17364817766693039 0.98480775301220813 0 
1 -5.8955454476642075e-15 -20.07682369346302 4.316235058522226 1 -3.3306690738754696e-16 3.8857805861880479e-16 
1 -5.7454084365456742e-15 -19.479106874607968 4.26394161287363 1 -3.3306690738754696e-16 3.8857805861880479e-16 
1 -20.07682369346302 4.3162350585222189 0 0.99619469809174566 -0.087155742747657847 0 
1 -5.2454931968913762e-15 -19.618556063004224 2.6700300959268395 1 -3.3306690738754696e-16 3.8857805861880479e-16 
1 -19.479106874607968 4.2639416128736238 0 -0.087155742747660012 -0.99619469809174543 0 
1 -5.3956302080099071e-15 -20.216272881859272 2.7223235415754323 1 -3.3306690738754696e-16 3.8857805861880479e-16 
1 -20.216272881859272 2.7223235415754257 0 0.99619469809174588 -0.087155742747654683 0 
1 -20.07682369346302 4.3162350585222189 0 -0.08715574274765768 -0.99619469809174555 0 
1 -1.1161839270576127e-15 -1.0495049599106729 2.6515603720419527 1 -3.3306690738754696e-16 3.8857805861880479e-16 
1 -9.6604691593908246e-16 -0.45178814105563192 2.5992669263933577 1 -3.3306690738754696e-16 3.8857805861880479e-16 
1 -1.0495049599106738 2.6515603720419523 0 0.99619469809174555 -0.08715574274765861 0 
1 -4.6613167628478269e-16 -0.59123732945188545 1.0053554094465647 1 -3.3306690738754696e-16 3.8857805861880479e-16 
1 -0.45178814105563286 2.5992669263933577 0 -0.087155742747658055 -0.99619469809174555 0 
1 -6.1626868740331286e-16 -1.1889541483069264 1.057648855095159 1 -3.3306690738754696e-16 3.8857805861880479e-16 
1 -0.59123732945188578 1.0053554094465644 0 -0.99619469809174555 0.087155742747657874 0 
1 -1.0495049599106738 2.6515603720419523 0 -0.087155742747658069 -0.99619469809174555 0 
Polygon3D 0
PolygonOnTriangulations 0
Surfaces 30
1 -1.2445424516988866e-14 -39.248704801615169 11.200336277042359 -2.5122834288167935e-16 0.34202014332566794 0.93969262078590876 3.2256926813510005e-16 0.93969262078590876 -0.34202014332566794 -1 2.1719080711900263e-16 -3.464026072582088e-16 
1 -1.1872624096109548e-14 -39.232121458464704 9.491615997789502 -4.4588203840207476e-16 -0.93969262078590898 0.34202014332566705 -2.3703678749891146e-16 0.34202014332566705 0.93969262078590898 -1 3.3792070519357557e-16 -3.7524235874814285e-16 
1 -1.2066165656990608e-14 -39.795937030936244 9.6968280837849044 -2.5122834288167683e-16 0.34202014332567315 0.93969262078590676 3.2256926813510123e-16 0.93969262078590676 -0.34202014332567315 -1 2.171908071190027e-16 -3.4640260725820811e-16 
1 -1.2066165656990608e-14 -39.795937030936244 9.6968280837849044 -4.4588203840207496e-16 -0.93969262078590876 0.34202014332566782 -2.3703678749891111e-16 0.34202014332566782 0.93969262078590876 -1 3.3792070519357562e-16 -3.752423587481429e-16 
1 -3.7359230606027722e-15 -10.179192097492368 4.4306064040820896 1 0 3.3306690738754696e-16 -3.3306690738754696e-16 0 1 0 -1 0 
1 -6.2843514956084541e-15 -21.300575744604327 4.667751539522091 -2.5122834288167905e-16 0.34202014332566866 0.93969262078590854 3.225692681351003e-16 0.93969262078590854 -0.34202014332566866 -1 2.171908071190027e-16 -3.464026072582088e-16 
1 -6.0908099347273942e-15 -20.736760172132783 4.4625394535266905 4.4588203840207496e-16 0.93969262078590876 -0.34202014332566794 2.3703678749891111e-16 -0.34202014332566794 -0.93969262078590876 -1 3.3792070519357547e-16 -3.7524235874814285e-16 
1 -5.711551074729136e-15 -21.283992401453851 2.9590312602692364 2.5122834288167876e-16 -0.34202014332566927 -0.93969262078590821 -3.2256926813510035e-16 -0.93969262078590821 0.34202014332566927 -1 2.1719080711900265e-16 -3.464026072582087e-16 
1 -5.9050926356101959e-15 -21.847807973925395 3.1642433462646373 -4.4588203840207496e-16 -0.93969262078590865 0.34202014332566794 -2.3703678749891106e-16 0.34202014332566794 0.93969262078590865 -1 3.3792070519357557e-16 -3.752423587481429e-16 
1 -3.7359230606027722e-15 -10.179192097492368 4.4306064040820896 1 0 3.3306690738754696e-16 -3.3306690738754696e-16 0 1 0 -1 0 
1 2.3425282164033403e-15 19.62424064555162 6.0496209620351014 4.4051114628723884e-16 0.17364817766692947 -0.98480775301220835 -1.6083478693569604e-16 -0.98480775301220835 -0.17364817766692947 -1 2.3488530292308924e-16 -4.0589012449513533e-16 
1 2.2460273442419232e-15 19.033355993744298 5.945432055434944 2.6053100090654577e-16 0.98480775301220802 0.17364817766693141 3.6656451367306098e-16 0.17364817766693141 -0.98480775301220802 -1 3.2022620938948883e-16 -3.1575484151121662e-16 
1 2.8325305661188207e-15 19.311193078011385 4.3697396506154105 -4.4051114628723983e-16 -0.17364817766693333 0.98480775301220758 1.6083478693569456e-16 0.98480775301220758 0.17364817766693333 -1 2.3488530292308959e-16 -4.0589012449513568e-16 
1 2.9290314382802366e-15 19.902077729818703 4.4739285572155696 -2.6053100090654671e-16 -0.98480775301220835 -0.17364817766692947 -3.6656451367306053e-16 -0.17364817766692947 0.98480775301220835 -1 3.2022620938948903e-16 -3.1575484151121662e-16 
1 -3.7359230606027722e-15 -10.179192097492368 4.4306064040820896 1 0 3.3306690738754696e-16 -3.3306690738754696e-16 0 1 0 -1 0 
1 -8.2591708622986645e-16 0.22352791121111482 2.628751861996578 -4.4051114628723909e-16 -0.17364817766693072 0.98480775301220802 1.6083478693569547e-16 0.98480775301220802 0.17364817766693072 -1 2.3488530292308929e-16 -4.0589012449513538e-16 
1 -7.2941621406845045e-16 0.81441256301843223 2.7329407685967348 2.6053100090654646e-16 0.98480775301220824 0.17364817766693 3.6656451367306048e-16 0.17364817766693 -0.98480775301220824 -1 3.2022620938948893e-16 -3.1575484151121647e-16 
1 -1.4291299219155355e-16 1.0922496472855203 1.1572483637772017 4.4051114628723884e-16 0.17364817766692964 -0.98480775301220824 -1.6083478693569591e-16 -0.98480775301220824 -0.17364817766692964 -1 2.3488530292308924e-16 -4.0589012449513538e-16 
1 -2.3941386435296985e-16 0.50136499547820279 1.0530594571770453 -2.6053100090654641e-16 -0.98480775301220824 -0.17364817766693005 -3.6656451367306048e-16 -0.17364817766693005 0.98480775301220824 -1 3.2022620938948893e-16 -3.1575484151121647e-16 
1 -3.7359230606027722e-15 -10.179192097492368 4.4306064040820896 1 0 3.3306690738754696e-16 -3.3306690738754696e-16 0 1 0 -1 0 
1 -5.8955454476642075e-15 -20.07682369346302 4.316235058522226 -3.5807070809280978e-16 0.08715574274765818 0.99619469809174566 2.5022835186421955e-16 0.99619469809174566 -0.08715574274765818 -1 2.180682389193625e-16 -3.7851697880726256e-16 
1 -5.7454084365456742e-15 -19.479106874607968 4.26394161287363 3.6566629656365446e-16 0.99619469809174532 -0.087155742747660331 3.1244702478393679e-16 -0.087155742747660331 -0.99619469809174532 -1 3.3704327339321572e-16 -3.4312798719908953e-16 
1 -5.3956302080099071e-15 -20.216272881859272 2.7223235415754323 -3.5807070809281087e-16 0.087155742747655016 0.99619469809174588 2.5022835186421718e-16 0.99619469809174588 -0.087155742747655016 -1 2.1806823891936127e-16 -3.7851697880726271e-16 
1 -5.8955454476642075e-15 -20.07682369346302 4.316235058522226 3.6566629656365367e-16 0.99619469809174555 -0.087155742747658013 3.1244702478393738e-16 -0.087155742747658013 -0.99619469809174555 -1 3.3704327339321567e-16 -3.4312798719908924e-16 
1 -3.7359230606027722e-15 -10.179192097492368 4.4306064040820896 1 0 3.3306690738754696e-16 -3.3306690738754696e-16 0 1 0 -1 0 
1 -1.1161839270576127e-15 -1.0495049599106729 2.6515603720419527 -3.5807070809280944e-16 0.087155742747658943 0.99619469809174555 2.5022835186421975e-16 0.99619469809174555 -0.087155742747658943 -1 2.1806823891936245e-16 -3.7851697880726237e-16 
1 -9.6604691593908246e-16 -0.45178814105563198 2.5992669263933577 3.6566629656365382e-16 0.99619469809174555 -0.087155742747658388 3.1244702478393728e-16 -0.087155742747658388 -0.99619469809174555 -1 3.3704327339321572e-16 -3.4312798719908929e-16 
1 -4.6613167628478269e-16 -0.59123732945188545 1.0053554094465647 3.5807070809280973e-16 -0.087155742747658208 -0.99619469809174555 -2.5022835186421955e-16 -0.99619469809174555 0.087155742747658208 -1 2.1806823891936255e-16 -3.7851697880726256e-16 
1 -1.1161839270576127e-15 -1.0495049599106729 2.6515603720419527 3.6566629656365382e-16 0.99619469809174555 -0.087155742747658402 3.1244702478393856e-16 -0.087155742747658402 -0.99619469809174555 -1 3.3704327339321562e-16 -3.4312798719909062e-16 
1 -3.7359230606027722e-15 -10.179192097492368 4.4306064040820896 1 0 3.3306690738754696e-16 -3.3306690738754696e-16 0 1 0 -1 0 
Triangulations 0

TShapes 145
Ve
1e-07
-39.2487048016152 11.2003362770423 0
0 0

0101101
*
Ed
 1e-07 1 1 0
1  1 0 0 1.5
0

0101000
+145 3 -145 5 *
Ve
1e-07
-38.6848892291436 10.9951241910469 0
0 0

0101101
*
Ed
 1e-07 1 1 0
1  2 0 0 1.5
0

0101000
+143 3 -143 5 *
Ed
 1e-07 1 1 0
1  3 0 0 0.599999999999995
0

0101000
+145 0 -143 0 *
Wi

0101100
+144 0 -142 0 -141 3 +141 5 *
Fa
0  1e-07 1 0

0111000
+140 0 *
Ve
1e-07
-39.2321214584647 9.49161599778949 0
0 0

0101101
*
Ed
 1e-07 1 1 0
1  4 0 0 1.5
0

0101000
+138 3 -138 5 *
Ed
 1e-07 1 1 0
1  5 0 0 1.6
0

0101000
+138 0 -143 0 *
Wi

0101100
+137 0 -142 0 -136 3 +136 5 *
Fa
0  1e-07 2 0

0111000
+135 0 *
Ve
1e-07
-39.7959370309362 9.69682808378489 0
0 0

0101101
*
Ed
 1e-07 1 1 0
1  6 0 0 1.5
0

0101000
+133 3 -133 5 *
Ed
 1e-07 1 1 0
1  7 0 0 0.599999999999996
0

0101000
+133 0 -138 0 *
Wi

0101100
+132 0 -137 0 -131 3 +131 5 *
Fa
0  1e-07 3 0

0111000
+130 0 *
Ed
 1e-07 1 1 0
1  8 0 0 1.6
0

0101000
+133 0 -145 0 *
Wi

0101100
+132 0 -144 0 -128 3 +128 5 *
Fa
0  1e-07 4 0

0111000
+127 0 *
Wi

0101100
+141 0 -136 0 -131 0 +128 0 *
Fa
0  1e-07 5 0

0111000
-125 3 *
Sh

0101100
-139 0 +134 0 +129 0 -126 0 +124 0 -124 4 *
So

0100000
-123 0 *
Ve
1e-07
-21.3005757446043 4.66775153952208 0
0 0

0101101
*
Ed
 1e-07 1 1 0
1  9 0 0 1.5
0

0101000
+121 3 -121 5 *
Ve
1e-07
-20.7367601721328 4.46253945352668 0
0 0

0101101
*
Ed
 1e-07 1 1 0
1  10 0 0 1.5
0

0101000
+119 3 -119 5 *
Ed
 1e-07 1 1 0
1  11 0 0 0.599999999999999
0

0101000
+121 0 -119 0 *
Wi

0101100
+120 0 -118 0 -117 3 +117 5 *
Fa
0  1e-07 6 0

0111000
+116 0 *
Ve
1e-07
-21.2839924014539 2.95903126026923 0
0 0

0101101
*
Ed
 1e-07 1 1 0
1  12 0 0 1.5
0

0101000
+114 3 -114 5 *
Ed
 1e-07 1 1 0
1  13 0 0 1.6
0

0101000
+119 0 -114 0 *
Wi

0101100
+118 0 -113 0 -112 3 +112 5 *
Fa
0  1e-07 7 0

0111000
+111 0 *
Ve
1e-07
-21.8478079739254 3.16424334626463 0
0 0

0101101
*
Ed
 1e-07 1 1 0
1  14 0 0 1.5
0

0101000
+109 3 -109 5 *
Ed
 1e-07 1 1 0
1  15 0 0 0.599999999999999
0

0101000
+114 0 -109 0 *
Wi

0101100
+113 0 -108 0 -107 3 +107 5 *
Fa
0  1e-07 8 0

0111000
+106 0 *
Ed
 1e-07 1 1 0
1  16 0 0 1.6
0

0101000
+109 0 -121 0 *
Wi

0101100
+108 0 -120 0 -104 3 +104 5 *
Fa
0  1e-07 9 0

0111000
+103 0 *
Wi

0101100
+117 0 +112 0 +107 0 +104 0 *
Fa
0  1e-07 10 0

0111000
-101 3 *
Sh

0101100
-115 0 -110 0 -105 0 -102 0 +100 0 -100 4 *
So

0100000
-99 0 *
Ve
1e-07
19.6242406455516 6.04962096203511 0
0 0

0101101
*
Ed
 1e-07 1 1 0
1  17 0 0 1.5
0

0101000
+97 3 -97 5 *
Ve
1e-07
19.0333559937443 5.94543205543495 0
0 0

0101101
*
Ed
 1e-07 1 1 0
1  18 0 0 1.5
0

0101000
+95 3 -95 5 *
Ed
 1e-07 1 1 0
1  19 0 0 0.599999999999997
0

0101000
+97 0 -95 0 *
Wi

0101100
+96 0 -94 0 -93 3 +93 5 *
Fa
0  1e-07 11 0

0111000
+92 0 *
Ve
1e-07
19.3111930780114 4.36973965061542 0
0 0

0101101
*
Ed
 1e-07 1 1 0
1  20 0 0 1.5
0

0101000
+90 3 -90 5 *
Ed
 1e-07 1 1 0
1  21 0 0 1.6
0

0101000
+95 0 -90 0 *
Wi

0101100
+94 0 -89 0 -88 3 +88 5 *
Fa
0  1e-07 12 0

0111000
+87 0 *
Ve
1e-07
19.9020777298187 4.47392855721558 0
0 0

0101101
*
Ed
 1e-07 1 1 0
1  22 0 0 1.5
0

0101000
+85 3 -85 5 *
Ed
 1e-07 1 1 0
1  23 0 0 0.599999999999994
0

0101000
+90 0 -85 0 *
Wi

0101100
+89 0 -84 0 -83 3 +83 5 *
Fa
0  1e-07 13 0

0111000
+82 0 *
Ed
 1e-07 1 1 0
1  24 0 0 1.6
0

0101000
+85 0 -97 0 *
Wi

0101100
+84 0 -96 0 -80 3 +80 5 *
Fa
0  1e-07 14 0

0111000
+79 0 *
Wi

0101100
+93 0 +88 0 +83 0 +80 0 *
Fa
0  1e-07 15 0

0111000
+77 3 *
Sh

0101100
+91 0 +86 0 +81 0 +78 0 +76 0 -76 4 *
So

0100000
-75 0 *
Ve
1e-07
0.223527911211114 2.62875186199658 0
0 0

0101101
*
Ed
 1e-07 1 1 0
1  25 0 0 1.5
0

0101000
+73 3 -73 5 *
Ve
1e-07
0.814412563018431 2.73294076859674 0
0 0

0101101
*
Ed
 1e-07 1 1 0
1  26 0 0 1.5
0

0101000
+71 3 -71 5 *
Ed
 1e-07 1 1 0
1  27 0 0 0.599999999999993
0

0101000
+73 0 -71 0 *
Wi

0101100
+72 0 -70 0 -69 3 +69 5 *
Fa
0  1e-07 16 0

0111000
+68 0 *
Ve
1e-07
1.09224964728552 1.1572483637772 0
0 0

0101101
*
Ed
 1e-07 1 1 0
1  28 0 0 1.5
0

0101000
+66 3 -66 5 *
Ed
 1e-07 1 1 0
1  29 0 0 1.6
0

0101000
+71 0 -66 0 *
Wi

0101100
+70 0 -65 0 -64 3 +64 5 *
Fa
0  1e-07 17 0

0111000
+63 0 *
Ve
1e-07
0.501364995478202 1.05305945717705 0
0 0

0101101
*
Ed
 1e-07 1 1 0
1  30 0 0 1.5
0

0101000
+61 3 -61 5 *
Ed
 1e-07 1 1 0
1  31 0 0 0.599999999999992
0

0101000
+66 0 -61 0 *
Wi

0101100
+65 0 -60 0 -59 3 +59 5 *
Fa
0  1e-07 18 0

0111000
+58 0 *
Ed
 1e-07 1 1 0
1  32 0 0 1.6
0

0101000
+61 0 -73 0 *
Wi

0101100
+60 0 -72 0 -56 3 +56 5 *
Fa
0  1e-07 19 0

0111000
+55 0 *
Wi

0101100
+69 0 +64 0 +59 0 +56 0 *
Fa
0  1e-07 20 0

0111000
-53 3 *
Sh

0101100
-67 0 -62 0 -57 0 -54 0 +52 0 -52 4 *
So

0100000
-51 0 *
Ve
1e-07
-20.076823693463 4.31623505852222 0
0 0

0101101
*
Ed
 1e-07 1 1 0
1  33 0 0 1.5
0

0101000
+49 3 -49 5 *
Ve
1e-07
-19.479106874608 4.26394161287362 0
0 0

0101101
*
Ed
 1e-07 1 1 0
1  34 0 0 1.5
0

0101000
+47 3 -47 5 *
Ed
 1e-07 1 1 0
1  35 0 0 0.600000000000004
0

0101000
+49 0 -47 0 *
Wi

0101100
+48 0 -46 0 -45 3 +45 5 *
Fa
0  1e-07 21 0

0111000
+44 0 *
Ve
1e-07
-19.6185560630042 2.67003009592683 0
0 0

0101101
*
Ed
 1e-07 1 1 0
1  36 0 0 1.5
0

0101000
+42 3 -42 5 *
Ed
 1e-07 1 1 0
1  37 0 0 1.6
0

0101000
+47 0 -42 0 *
Wi

0101100
+46 0 -41 0 -40 3 +40 5 *
Fa
0  1e-07 22 0

0111000
+39 0 *
Ve
1e-07
-20.2162728818593 2.72232354157543 0
0 0

0101101
*
Ed
 1e-07 1 1 0
1  38 0 0 1.5
0

0101000
+37 3 -37 5 *
Ed
 1e-07 1 1 0
1  39 0 0 0.6
0

0101000
+37 0 -42 0 *
Wi

0101100
+36 0 -41 0 -35 3 +35 5 *
Fa
0  1e-07 23 0

0111000
+34 0 *
Ed
 1e-07 1 1 0
1  40 0 0 1.6
0

0101000
+49 0 -37 0 *
Wi

0101100
+48 0 -36 0 -32 3 +32 5 *
Fa
0  1e-07 24 0

0111000
+31 0 *
Wi

0101100
+45 0 +40 0 -35 0 -32 0 *
Fa
0  1e-07 25 0

0111000
-29 3 *
Sh

0101100
-43 0 -38 0 +33 0 +30 0 +28 0 -28 4 *
So

0100000
-27 0 *
Ve
1e-07
-1.04950495991067 2.65156037204195 0
0 0

0101101
*
Ed
 1e-07 1 1 0
1  41 0 0 1.5
0

0101000
+25 3 -25 5 *
Ve
1.00000000027756e-07
-0.451788141055633 2.59926692639336 0
0 0

0101101
*
Ed
 1.00000000027756e-07 1 1 0
1  42 0 0 1.5
0

0101000
+23 3 -23 5 *
Ed
 1e-07 1 1 0
1  43 0 0 0.599999999999994
0

0101000
+25 0 -23 0 *
Wi

0101100
+24 0 -22 0 -21 3 +21 5 *
Fa
0  1e-07 26 0

0111000
+20 0 *
Ve
1e-07
-0.591237329451886 1.00535540944656 0
0 0

0101101
*
Ed
 1e-07 1 1 0
1  44 0 0 1.5
0

0101000
+18 3 -18 5 *
Ed
 1e-07 1 1 0
1  45 0 0 1.6
0

0101000
+23 0 -18 0 *
Wi

0101100
+22 0 -17 0 -16 3 +16 5 *
Fa
0  1e-07 27 0

0111000
+15 0 *
Ve
1e-07
-1.18895414830693 1.05764885509516 0
0 0

0101101
*
Ed
 1e-07 1 1 0
1  46 0 0 1.5
0

0101000
+13 3 -13 5 *
Ed
 1e-07 1 1 0
1  47 0 0 0.599999999999994
0

0101000
+18 0 -13 0 *
Wi

0101100
+17 0 -12 0 -11 3 +11 5 *
Fa
0  1e-07 28 0

0111000
+10 0 *
Ed
 1e-07 1 1 0
1  48 0 0 1.6
0

0101000
+25 0 -13 0 *
Wi

0101100
+24 0 -12 0 -8 3 +8 5 *
Fa
0  1e-07 29 0

0111000
+7 0 *
Wi

0101100
+21 0 +16 0 +11 0 -8 0 *
Fa
0  1e-07 30 0

0111000
-5 3 *
Sh

0101100
-19 0 -14 0 -9 0 +6 0 +4 0 -4 4 *
So

0100000
-3 0 *
Co

1100000
+122 0 +98 0 +74 0 +50 0 +26 0 +2 0 *

+1 0 ]]>
      </Part>
      <ElementMap new="1" count="1"><Element key="Dummy" value="Dummy"/></ElementMap>
      <ElementMap2 count="156">
<![CDATA[
11 PostfixCount 11
Edge
Face
Vertex
;:G;XTR;:Hee0:7,F
;FAC;:Hee0:4,F
;:G;XTR;:Hee0:7,E
;:G0;XTR;:Hee0:8,F
;:U;XTR;:Hee0:7,E
;:U;XTR;:Hee0:7,V
;SKT;:Hee0,E
;SKT;:Hee0,V

MapCount 1

ElementMap 1 11 3

Edge

ChildCount 0

NameCount 73
0
$#404.6 0
$#405.6 0
;g82.a 0
$#426.8 0
$#406.6 0
;g83.a 0
$#427.8 0
$#407.6 0
;g84.a 0
$#428.8 0
;g85.a 0
$#429.8 0
$#408.6 0
$#409.6 0
;g86.a 0
$#42a.8 0
$#40a.6 0
;g87.a 0
$#42b.8 0
$#40b.6 0
;g88.a 0
$#42c.8 0
;g89.a 0
$#42d.8 0
$#733.6 0
$#734.6 0
;g122.a 0
$#753.8 0
$#735.6 0
;g123.a 0
$#754.8 0
$#736.6 0
;g124.a 0
$#755.8 0
;g125.a 0
$#756.8 0
$#737.6 0
$#738.6 0
;g126.a 0
$#757.8 0
$#739.6 0
;g127.a 0
$#758.8 0
$#73a.6 0
;g128.a 0
$#759.8 0
;g129.a 0
$#75a.8 0
$#40c.6 0
$#40d.6 0
;g90.a 0
$#42e.8 0
$#40e.6 0
;g91.a 0
$#42f.8 0
$#40f.6 0
;g92.a 0
$#430.8 0
;g93.a 0
$#431.8 0
$#410.6 0
$#411.6 0
;g94.a 0
$#432.8 0
$#412.6 0
;g95.a 0
$#433.8 0
$#413.6 0
;g96.a 0
$#434.8 0
;g97.a 0
$#435.8 0

Face

ChildCount 0

NameCount 37
0
$#3ff.4 0
$#414.4 0
$#415.4 0
$#416.4 0
$#3ff.5 0
$#418.7 0
$#400.4 0
$#419.4 0
$#41a.4 0
$#41b.4 0
$#400.5 0
$#41c.7 0
$#729.4 0
$#743.4 0
$#744.4 0
$#745.4 0
$#729.5 0
$#746.7 0
$#72a.4 0
$#747.4 0
$#748.4 0
$#749.4 0
$#72a.5 0
$#74a.7 0
$#401.4 0
$#41d.4 0
$#41e.4 0
$#41f.4 0
$#401.5 0
$#420.7 0
$#402.4 0
$#421.4 0
$#422.4 0
$#423.4 0
$#402.5 0
$#424.7 0

Vertex

ChildCount 0

NameCount 49
0
;g82v1.b 0
$#437.9 0
;g82v2.b 0
$#438.9 0
;g83v1.b 0
$#439.9 0
;g84v1.b 0
$#43a.9 0
;g86v1.b 0
$#43b.9 0
;g86v2.b 0
$#43c.9 0
;g87v2.b 0
$#43d.9 0
;g88v2.b 0
$#43e.9 0
;g122v1.b 0
$#763.9 0
;g122v2.b 0
$#764.9 0
;g123v2.b 0
$#765.9 0
;g124v2.b 0
$#766.9 0
;g126v1.b 0
$#767.9 0
;g126v2.b 0
$#768.9 0
;g127v2.b 0
$#769.9 0
;g128v2.b 0
$#76a.9 0
;g90v1.b 0
$#43f.9 0
;g90v2.b 0
$#440.9 0
;g91v2.b 0
$#441.9 0
;g92v1.b 0
$#442.9 0
;g94v1.b 0
$#443.9 0
;g94v2.b 0
$#444.9 0
;g95v2.b 0
$#445.9 0
;g96v2.b 0
$#446.9 0

EndMap
]]>
      </ElementMap2>
    </Property>
    <Property name="AddSubType" type="App::PropertyEnumeration">
      <Integer value="0"/>
    </Property>
    <Property name="AllowMultiFace" type="App::PropertyBool">
      <Bool value="true"/>
    </Property>
    <Property name="AlongSketchNormal" type="App::PropertyBool">
      <Bool value="false"/>
    </Property>
    <Property name="AutoTaperInnerAngle" type="App::PropertyBool">
      <Bool value="true"/>
    </Property>
    <Property name="BaseFeature" type="App::PropertyLink" status="8">
      <Link value="Pad001"/>
    </Property>
    <Property name="CheckUpToFaceLimits" type="App::PropertyBool">
      <Bool value="true"/>
    </Property>
    <Property name="ClaimChildren" type="App::PropertyBool" status="134217728">
      <Bool value="false"/>
    </Property>
    <Property name="ColoredElements" type="App::PropertyLinkSubHidden" status="218103808">
      <LinkSub value="" count="0">
      </LinkSub>
    </Property>
    <Property name="Direction" type="App::PropertyVector" status="4">
      <PropertyVector valueX="1" valueY="-3e-16" valueZ="4e-16"/>
    </Property>
    <Property name="ExpressionEngine" type="App::PropertyExpressionEngine" status="67108864">
      <ExpressionEngine count="0"></ExpressionEngine>
    </Property>
    <Property name="Fit" type="App::PropertyDistance">
      <Float value="0"/>
    </Property>
    <Property name="FitJoin" type="App::PropertyEnumeration">
      <Integer value="0"/>
    </Property>
    <Property name="FixShape" type="App::PropertyEnumeration">
      <Integer value="0"/>
    </Property>
    <Property name="InnerFit" type="App::PropertyDistance">
      <Float value="0"/>
    </Property>
    <Property name="InnerFitJoin" type="App::PropertyEnumeration">
      <Integer value="0"/>
    </Property>
    <Property name="InvalidShape" type="App::PropertyBool" status="67108864">
      <Bool value="false"/>
    </Property>
    <Property name="Label" type="App::PropertyString" status="134217728">
      <String value="Pad003"/>
    </Property>
    <Property name="Label2" type="App::PropertyString" status="128">
      <String value=""/>
    </Property>
    <Property name="Length" type="App::PropertyLength">
      <Float value="1.5"/>
    </Property>
    <Property name="Length2" type="App::PropertyLength" status="4">
      <Float value="10"/>
    </Property>
    <Property name="Linearize" type="App::PropertyBool">
      <Bool value="true"/>
    </Property>
    <Property name="Midplane" type="App::PropertyBool">
      <Bool value="false"/>
    </Property>
    <Property name="NewSolid" type="App::PropertyBool">
      <Bool value="false"/>
    </Property>
    <Property name="Offset" type="App::PropertyLength" status="4">
      <Float value="0"/>
    </Property>
    <Property name="Placement" type="App::PropertyPlacement" status="8388620">
      <PropertyPlacement Px="0" Py="0" Pz="0" Q0="0" Q1="0" Q2="0" Q3="1" A="0" Ox="0" Oy="0" Oz="1"/>
    </Property>
    <Property name="Profile" type="App::PropertyLinkSub">
      <LinkSub value="Sketch004" count="1">
        <Sub value=""/>
      </LinkSub>
    </Property>
    <Property name="ReferenceAxis" type="App::PropertyLinkSub">
      <LinkSub value="Sketch004" count="1">
        <Sub value="N_Axis"/>
      </LinkSub>
    </Property>
    <Property name="Refine" type="App::PropertyBool">
      <Bool value="false"/>
    </Property>
    <Property name="Reversed" type="App::PropertyBool">
      <Bool value="false"/>
    </Property>
    <Property name="Shape" type="Part::PropertyPartShape">
      <Part HasherIndex="0" ElementMap="1.15.70200.4" brep="1">
<![CDATA[

CASCADE Topology V1, (c) Matra-Datavision
Locations 13
1
              1               0               0               0 
              0               1               0               0 
              0               0               1               0 
1
              1               0               0               0 
              0               1               0               0 
              0               0               1               0 
1
2.22044604925031e-16 -3.33066907387547e-16               1               0 
              1 3.33066907387547e-16 -2.22044604925031e-16               0 
-3.33066907387547e-16               1 3.33066907387547e-16               0 
2  2 1 3 1 0
1
              1               0               0            2.45 
              0               1               0 -8.1601392309949e-16 
              0               0               1 9.52016243616072e-16 
2  2 1 3 1 5 1 0
1
              1               0               0               0 
              0               1               0               0 
              0               0               1               0 
1
2.22044604925031e-16 -3.33066907387547e-16               1               0 
              1 3.33066907387547e-16 -2.22044604925031e-16               0 
-3.33066907387547e-16               1 3.33066907387547e-16               0 
2  7 1 8 1 0
2  8 -1 7 -1 0
1
              1               0               0             1.5 
              0               1               0 -4.9960036108132e-16 
              0               0               1 5.82867087928207e-16 
2  7 1 8 1 11 1 0
2  11 -1 8 -1 7 -1 0
Curve2ds 96
8 1.2653574611541911 2.8653574611541921
1 1.6035049072383831 -25.594864199039108 -0.98480775301220824 -0.1736481776669293 
8 1.2653574611541911 2.8653574611541921
1 2.8653574611541921 -3.1999999999999944 -1 3.8557641006004888e-17 
8 -16.742233202765121 -12.742233202765117
1 -3.4309869107248572 -13.543778251760207 -0.17364817766693022 0.98480775301220824 
8 -16.742233202765121 -12.742233202765117
1 -12.742233202765119 -3.199999999999998 -1 -2.1867124844470342e-16 
8 1.2653574611541909 2.8653574611541899
1 2.2980976179061035 -29.534095211087944 -0.98480775301220835 -0.17364817766692947 
8 1.2653574611541909 2.8653574611541899
1 2.8653574611541899 -3.199999999999994 -1 3.8557641006005079e-17 
8 10.742233202765121 14.742233202765124
1 -1.507998150571459 -15.235556673517534 0.17364817766692989 -0.98480775301220824 
8 10.742233202765121 14.742233202765124
1 14.742233202765123 -3.1999999999999975 -1 2.1867124844470342e-16 
8 -8.8922332027651194 -4.8922332027651168
1 -3.2184327005907241 -5.5352003063472841 -0.17364817766693016 0.98480775301220813 
8 -8.8922332027651194 -4.8922332027651168
1 -4.8922332027651176 -3.1999999999999993 -1 -2.1867124844470357e-16 
8 -3.6653574611542004 -2.0653574611542003
1 -0.33492527972264519 -9.9944639346138935 0.98480775301220824 0.17364817766693005 
8 -3.6653574611542004 -2.0653574611542003
1 -2.0653574611542007 -3.199999999999998 -1 -3.855764100600503e-17 
8 -8.8922332027651194 -4.8922332027651176
1 -4.7941251054102576 -5.8130373906143715 -0.17364817766693008 0.98480775301220824 
8 -8.8922332027651194 -4.8922332027651176
1 -4.8922332027651185 -3.1999999999999997 -1 -2.1867124844470339e-16 
8 -3.6653574611542004 -2.0653574611541998
1 0.35966743094507514 -13.933694946662728 0.98480775301220824 0.17364817766692989 
8 -3.6653574611542004 -2.0653574611541998
1 -2.0653574611542003 -3.1999999999999971 -1 -3.855764100600503e-17 
8 -2.3728941906122643 -0.77289419061226361
1 -1.2798141899476514 -5.7603768165885505 0.99619469809174555 -0.087155742747658582 
8 -2.3728941906122643 -0.77289419061226361
1 -0.77289419061226405 -3.1999999999999988 -1 1.9352462465351463e-17 
8 0.92499999999999893 4.9250000000000007
1 -3.5630597397267088 -4.6320853652092699 -0.087155742747658291 -0.99619469809174555 
8 0.92499999999999893 4.9250000000000007
1 4.9250000000000007 -3.1999999999999988 -1 2.2119965816619246e-16 
8 -2.3728941906122651 -0.77289419061226394
1 -1.6284371609382839 -9.7451556089555318 0.99619469809174555 -0.087155742747658388 
8 -2.3728941906122651 -0.77289419061226394
1 -0.77289419061226439 -3.199999999999998 -1 1.9352462465351513e-17 
8 0.92499999999999893 4.9250000000000016
1 -1.969148222779916 -4.7715345536055231 -0.087155742747658249 -0.99619469809174566 
8 0.92499999999999893 4.9250000000000016
1 4.9250000000000016 -3.1999999999999993 -1 2.2119965816619233e-16 
8 -0.027105809387736546 1.5728941906122647
1 -1.0570477582734457 5.9648257452829938 -0.99619469809174555 0.087155742747658013 
8 -0.027105809387736546 1.5728941906122647
1 1.5728941906122647 -3.2000000000000015 -1 -1.9352462465351414e-17 
8 0.92499999999999538 4.9250000000000007
1 -1.1106641567154805 5.0409832225981717 0.087155742747658194 0.99619469809174555 
8 0.92499999999999538 4.9250000000000007
1 4.9249999999999998 -3.2000000000000015 -1 -2.2119965816619238e-16 
8 -0.027105809387737656 1.572894190612264
1 -0.70842478728281311 9.9496045376499822 -0.99619469809174555 0.087155742747658013 
8 -0.027105809387737656 1.572894190612264
1 1.572894190612264 -3.2000000000000024 -1 -1.9352462465351414e-17 
8 0.92499999999999538 4.9250000000000007
1 -2.7045756736622746 5.180432410994424 0.087155742747658194 0.99619469809174555 
8 0.92499999999999538 4.9250000000000007
1 4.9249999999999998 -3.2000000000000015 -1 -2.2119965816619238e-16 
8 2.8922332027651163 6.8922332027651168
1 -1.5243197432197837 7.8893683911394028 0.34202014332566871 0.93969262078590843 
8 2.8922332027651163 6.8922332027651168
1 6.8922332027651159 -3.2000000000000024 -1 -2.086536767333742e-16 
8 -3.665357461154195 -2.0653574611541941
1 2.77376401015559 13.659555217630714 0.93969262078590865 -0.34202014332566794 
8 -3.665357461154195 -2.0653574611541941
1 -2.0653574611541945 -3.2000000000000033 -1 7.5943727601150582e-17 
8 2.8922332027651172 6.8922332027651176
1 -3.0278279364772387 8.4366006204604744 0.34202014332566882 0.93969262078590843 
8 2.8922332027651172 6.8922332027651176
1 6.8922332027651168 -3.2000000000000024 -1 -2.0865367673337423e-16 
8 -3.6653574611541968 -2.0653574611541963
1 1.4056834368529181 9.9007847344870861 0.93969262078590876 -0.34202014332566794 
8 -3.6653574611541968 -2.0653574611541963
1 -2.0653574611541967 -3.2000000000000028 -1 7.594372760115057e-17 
8 10.742233202765114 14.742233202765117
1 1.1605383818867185 15.265955464308778 0.34202014332566827 0.93969262078590854 
8 10.742233202765114 14.742233202765117
1 14.742233202765116 -3.2000000000000037 -1 -2.0865367673337418e-16 
8 -3.665357461154191 -2.0653574611541874
1 8.1434802603685785 28.412729363969476 0.93969262078590876 -0.34202014332566782 
8 -3.665357461154191 -2.0653574611541874
1 -2.0653574611541887 -3.2000000000000064 -1 7.5943727601150533e-17 
8 10.742233202765121 14.742233202765119
1 -0.34296981137074578 15.813187693629857 0.34202014332566888 0.93969262078590843 
8 10.742233202765121 14.742233202765119
1 14.742233202765117 -3.2000000000000042 -1 -2.086536767333742e-16 
8 1.2653574611542384 2.8653574611542427
1 6.0236455904372264 24.92757499548636 -0.93969262078590732 0.34202014332567171 
8 1.2653574611542384 2.8653574611542427
1 2.8653574611542427 -3.2000000000000055 -1 -7.5943727601151371e-17 
8 1.2653574611541902 2.8653574611541912
1 1.6035049072383822 -25.594864199039108 -0.98480775301220824 -0.1736481776669293 
8 1.2653574611541902 2.8653574611541912
1 2.8653574611541912 -5.6499999999999941 -1 3.8557641006004888e-17 
8 -16.742233202765121 -12.742233202765116
1 -3.4309869107248572 -13.543778251760207 -0.17364817766693022 0.98480775301220824 
8 -16.742233202765121 -12.742233202765116
1 -12.742233202765117 -5.6499999999999977 -1 -2.1867124844470342e-16 
8 1.2653574611541918 2.8653574611541908
1 2.2980976179061043 -29.534095211087944 -0.98480775301220835 -0.17364817766692947 
8 1.2653574611541918 2.8653574611541908
1 2.8653574611541908 -5.6499999999999941 -1 3.8557641006005079e-17 
8 10.742233202765117 14.742233202765121
1 -1.5079981505714586 -15.235556673517534 0.17364817766692989 -0.98480775301220824 
8 10.742233202765117 14.742233202765121
1 14.742233202765119 -5.6499999999999977 -1 2.1867124844470342e-16 
8 -8.8922332027651176 -4.8922332027651159
1 -3.2184327005907236 -5.5352003063472841 -0.17364817766693016 0.98480775301220813 
8 -8.8922332027651176 -4.8922332027651159
1 -4.8922332027651168 -5.6499999999999995 -1 -2.1867124844470357e-16 
8 -3.6653574611542021 -2.0653574611542016
1 -0.3349252797226443 -9.9944639346138935 0.98480775301220824 0.17364817766693005 
8 -3.6653574611542021 -2.0653574611542016
1 -2.065357461154202 -5.6499999999999995 -1 -3.855764100600503e-17 
8 -8.8922332027651194 -4.8922332027651168
1 -4.7941251054102576 -5.8130373906143715 -0.17364817766693008 0.98480775301220824 
8 -8.8922332027651194 -4.8922332027651168
1 -4.8922332027651176 -5.6499999999999995 -1 -2.1867124844470339e-16 
8 -3.6653574611541995 -2.0653574611541989
1 0.35966743094507425 -13.933694946662726 0.98480775301220824 0.17364817766692989 
8 -3.6653574611541995 -2.0653574611541989
1 -2.0653574611541994 -5.6499999999999977 -1 -3.855764100600503e-17 
8 -2.3728941906122643 -0.77289419061226361
1 -1.2798141899476514 -5.7603768165885487 0.99619469809174555 -0.087155742747658582 
8 -2.3728941906122643 -0.77289419061226361
1 -0.77289419061226405 -5.6499999999999986 -1 1.9352462465351463e-17 
8 0.92499999999999805 4.9249999999999998
1 -3.5630597397267088 -4.6320853652092699 -0.087155742747658291 -0.99619469809174555 
8 0.92499999999999805 4.9249999999999998
1 4.9249999999999998 -5.6499999999999995 -1 2.2119965816619246e-16 
8 -2.3728941906122651 -0.77289419061226394
1 -1.6284371609382839 -9.7451556089555318 0.99619469809174555 -0.087155742747658388 
8 -2.3728941906122651 -0.77289419061226394
1 -0.77289419061226439 -5.6499999999999986 -1 1.9352462465351513e-17 
8 0.92499999999999805 4.9250000000000007
1 -1.969148222779916 -4.7715345536055231 -0.087155742747658249 -0.99619469809174566 
8 0.92499999999999805 4.9250000000000007
1 4.9250000000000007 -5.6499999999999995 -1 2.2119965816619233e-16 
8 -0.02710580938773699 1.5728941906122642
1 -1.0570477582734457 5.9648257452830009 -0.99619469809174555 0.087155742747658013 
8 -0.02710580938773699 1.5728941906122642
1 1.5728941906122642 -5.6500000000000021 -1 -1.9352462465351414e-17 
8 0.92499999999999627 4.9250000000000016
1 -1.1106641567154805 5.0409832225981717 0.087155742747658194 0.99619469809174555 
8 0.92499999999999627 4.9250000000000016
1 4.9250000000000007 -5.6500000000000012 -1 -2.2119965816619238e-16 
8 -0.027105809387737656 1.572894190612264
1 -0.70842478728281311 9.9496045376499822 -0.99619469809174555 0.087155742747658013 
8 -0.027105809387737656 1.572894190612264
1 1.572894190612264 -5.650000000000003 -1 -1.9352462465351414e-17 
8 0.92499999999999627 4.9250000000000016
1 -2.7045756736622746 5.180432410994424 0.087155742747658194 0.99619469809174555 
8 0.92499999999999627 4.9250000000000016
1 4.9250000000000007 -5.6500000000000012 -1 -2.2119965816619238e-16 
8 2.8922332027651172 6.8922332027651176
1 -1.5243197432197837 7.8893683911394028 0.34202014332566871 0.93969262078590843 
8 2.8922332027651172 6.8922332027651176
1 6.8922332027651168 -5.6500000000000012 -1 -2.086536767333742e-16 
8 -3.6653574611541941 -2.0653574611541936
1 2.7737640101555892 13.659555217630714 0.93969262078590865 -0.34202014332566794 
8 -3.6653574611541941 -2.0653574611541936
1 -2.0653574611541941 -5.6500000000000039 -1 7.5943727601150582e-17 
8 2.8922332027651181 6.8922332027651185
1 -3.0278279364772391 8.4366006204604744 0.34202014332566882 0.93969262078590843 
8 2.8922332027651181 6.8922332027651185
1 6.8922332027651176 -5.6500000000000021 -1 -2.0865367673337423e-16 
8 -3.6653574611541977 -2.0653574611541972
1 1.405683436852919 9.9007847344870861 0.93969262078590876 -0.34202014332566794 
8 -3.6653574611541977 -2.0653574611541972
1 -2.0653574611541976 -5.650000000000003 -1 7.594372760115057e-17 
8 10.742233202765114 14.742233202765117
1 1.1605383818867185 15.265955464308778 0.34202014332566827 0.93969262078590854 
8 10.742233202765114 14.742233202765117
1 14.742233202765116 -5.6500000000000048 -1 -2.0865367673337418e-16 
8 -3.6653574611541893 -2.0653574611541856
1 8.1434802603685803 28.412729363969483 0.93969262078590876 -0.34202014332566782 
8 -3.6653574611541893 -2.0653574611541856
1 -2.0653574611541869 -5.6500000000000075 -1 7.5943727601150533e-17 
8 10.742233202765119 14.742233202765117
1 -0.34296981137074578 15.813187693629857 0.34202014332566888 0.93969262078590843 
8 10.742233202765119 14.742233202765117
1 14.742233202765116 -5.6500000000000048 -1 -2.086536767333742e-16 
8 1.265357461154238 2.8653574611542423
1 6.0236455904372255 24.92757499548636 -0.93969262078590732 0.34202014332567171 
8 1.265357461154238 2.8653574611542423
1 2.8653574611542423 -5.6500000000000057 -1 -7.5943727601151371e-17 
Curves 124
1 -1.330523868787845e-14 -40.256283787050407 13.110122806503 1 -3.3306690738754696e-16 3.8857805861880479e-16 
1 -6.3861278863805483e-15 -20.099877071192672 5.7737907321674058 1 -3.3306690738754696e-16 3.8857805861880479e-16 
1 -40.256283787050414 13.110122806502986 0 0.93969262078590854 -0.34202014332566838 0 
1 -1.2357091537882805e-14 -41.624364360353084 9.3513523233593645 1 -3.3306690738754696e-16 3.8857805861880479e-16 
1 -40.256283787050414 13.110122806502986 0 -0.34202014332566755 -0.93969262078590887 0 
1 -1.3815608490961555e-15 -0.17598310935776482 4.0306758772142315 1 -3.3306690738754696e-16 3.8857805861880479e-16 
1 -20.099877071192676 5.7737907321673987 0 0.99619469809174555 -0.08715574274765836 0 
1 -20.973106122531689 1.8349090246476671 0 -0.93969262078590865 0.34202014332566832 0 
1 -0.17598310935776634 4.0306758772142315 0 0.98480775301220802 0.17364817766693078 0 
1 -20.973106122531689 1.8349090246476671 0 0.99619469809174555 -0.087155742747657958 0 
1 20.948143192754099 7.7554292881698972 0 0.17364817766693 -0.98480775301220824 0 
1 0 1.110223024625157e-16 0 0.98480775301220813 0.17364817766693041 0 
1 -4.470209100801186e-15 15.465282616276108 6.6011620894438732 3.280068726670555e-16 0.1736481776669293 -0.98480775301220824 
1 -2.3492972708741973e-15 3.4141966689972048 1.5666702714806326 5.7836461509007764e-17 -0.98480775301220824 -0.17364817766693022 
1 -4.1417928139691387e-15 19.404513628324942 7.2957548001115935 3.280068726670555e-16 0.17364817766692947 -0.98480775301220835 
1 -3.0557919788579061e-15 5.1059750907545318 3.489659031634031 -5.7836461509007653e-17 0.98480775301220824 0.17364817766692989 
