<?xml version='1.0' encoding='utf-8'?>
<!-- FreeCAD DocumentObject -->
<Document SchemaVersion="4" FileVersion="2">
<Object name="Chamfer">
  <Properties Count="28" TransientCount="2">
    <_Property name="_Body" type="App::PropertyLinkHidden" status="251658241"/>
    <_Property name="_ElementMapVersion" type="App::PropertyString" status="234881024"/>
    <Property name="AddSubShape" type="Part::PropertyPartShape" status="128">
      <Part ElementMap="0.15.70200.4" brep="1">
<![CDATA[

CASCADE Topology V1, (c) Matra-Datavision
Locations 0
Curve2ds 0
Curves 0
Polygon3D 0
PolygonOnTriangulations 0
Surfaces 0
Triangulations 0

TShapes 0

*]]>
      </Part>
      <ElementMap/>
    </Property>
    <Property name="AddSubType" type="App::PropertyEnumeration" status="12">
      <Integer value="0"/>
    </Property>
    <Property name="Angle" type="App::PropertyAngle" status="4">
      <Float value="45"/>
    </Property>
    <Property name="Base" type="App::PropertyLinkSub">
      <LinkSub value="Pad003" count="4">
        <Sub value="Edge102" shadow=";#4e9;:M;FUS;:H-ee1:7,E.Edge102"/>
        <Sub value="Edge101" shadow=";#4f5;:M;FUS;:H-ee1:7,E.Edge101"/>
        <Sub value="Edge99" shadow=";#4fc;:M;FUS;:H-ee1:7,E.Edge99"/>
        <Sub value="Edge100" shadow=";#507;:M;FUS;:H-ee1:7,E.Edge100"/>
      </LinkSub>
    </Property>
    <Property name="BaseFeature" type="App::PropertyLink" status="8">
      <Link value="Pad003"/>
    </Property>
    <Property name="ChamferInfo" type="Part::PropertyChamferEdges">
      <EdgeChamferInfo/>
    </Property>
    <Property name="ChamferType" type="App::PropertyEnumeration">
      <Integer value="0"/>
    </Property>
    <Property name="ColoredElements" type="App::PropertyLinkSubHidden" status="218103808">
      <LinkSub value="" count="0">
      </LinkSub>
    </Property>
    <Property name="ExpressionEngine" type="App::PropertyExpressionEngine" status="67108864">
      <ExpressionEngine count="0"></ExpressionEngine>
    </Property>
    <Property name="FixShape" type="App::PropertyEnumeration">
      <Integer value="0"/>
    </Property>
    <Property name="FlipDirection" type="App::PropertyBool">
      <Bool value="false"/>
    </Property>
    <Property name="InvalidShape" type="App::PropertyBool" status="67108864">
      <Bool value="false"/>
    </Property>
    <Property name="Label" type="App::PropertyString" status="134217728">
      <String value="Chamfer"/>
    </Property>
    <Property name="Label2" type="App::PropertyString" status="128">
      <String value=""/>
    </Property>
    <Property name="NewSolid" type="App::PropertyBool">
      <Bool value="false"/>
    </Property>
    <Property name="Placement" type="App::PropertyPlacement" status="8388620">
      <PropertyPlacement Px="0" Py="0" Pz="0" Q0="0" Q1="0" Q2="0" Q3="1" A="0" Ox="0" Oy="0" Oz="1"/>
    </Property>
    <Property name="Refine" type="App::PropertyBool">
      <Bool value="false"/>
    </Property>
    <Property name="Shape" type="Part::PropertyPartShape">
      <Part HasherIndex="0" ElementMap="1.15.70200.4" brep="1">
<![CDATA[

CASCADE Topology V1, (c) Matra-Datavision
Locations 19
1
              1               0               0               0 
              0               1               0               0 
              0               0               1               0 
1
              1               0               0               0 
              0               1               0               0 
              0               0               1               0 
2  2 -1 0
1
              1               0               0               0 
              0               1               0               0 
              0               0               1               0 
1
2.22044604925031e-16 -3.33066907387547e-16               1               0 
              1 3.33066907387547e-16 -2.22044604925031e-16               0 
-3.33066907387547e-16               1 3.33066907387547e-16               0 
1
              1               0               0             1.5 
              0               1               0 -4.9960036108132e-16 
              0               0               1 5.82867087928207e-16 
2  4 1 5 1 6 1 2 1 0
2  2 -1 6 -1 5 -1 4 -1 0
2  6 -1 5 -1 4 -1 0
1
              1               0               0            2.45 
              0               1               0 -8.1601392309949e-16 
              0               0               1 9.52016243616072e-16 
2  6 1 2 1 0
2  4 1 5 1 6 1 0
2  4 1 5 1 2 1 0
2  5 -1 4 -1 0
1
              1               0               0               0 
              0               1               0               0 
              0               0               1               0 
1
2.22044604925031e-16 -3.33066907387547e-16               1               0 
              1 3.33066907387547e-16 -2.22044604925031e-16               0 
-3.33066907387547e-16               1 3.33066907387547e-16               0 
2  15 1 16 1 10 1 0
2  15 1 16 1 0
2  4 1 5 1 0
Curve2ds 96
1 -8.0491169285323849e-16 1.4495689014324225 1.8041124150158789e-16 1 
1 1.3300000000000007 -3.3800000000000003 0.70710678118654757 0.70710678118654746 
8 -4.1078189242772902 -0.10781892427728861
1 -0.92921822379925345 -0.23108318949156906 -0.13052619222005135 0.99144486137381049 
8 -4.1078189242772902 -0.10781892427728861
1 -0.10781892427728941 -5.6500000000000004 -1 -2.2014498254870006e-16 
8 -4.1078189242772902 -0.10781892427728874
1 -0.92921822379925345 -0.23108318949156867 -0.13052619222005135 0.99144486137381049 
8 -4.1078189242772902 -0.10781892427728874
1 -0.10781892427728955 -3.2000000000000006 -1 -2.2014498254870006e-16 
1 0 -0.41719300090006306 1 0 
1 -0.49122184234625976 -0.34789415653888311 -0.99144486137381049 -0.13052619222005155 
1 0 0.41719300090006328 1 0 
1 0 -0.90999999999999981 1 4.9303806576313227e-32 
1 1.5999999999999999 1.449568901432422 1.8041124150158789e-16 1 
1 1.3300000000000012 -3.3800000000000003 0.70710678118654757 0.70710678118654746 
8 -2.0757155209455345 -0.4757155209455336
1 -0.44349932144686166 -0.2758863723961405 0.99144486137381049 0.13052619222005121 
8 -2.0757155209455345 -0.4757155209455336
1 -0.47571552094553421 -5.6500000000000004 -1 -2.8982636783870096e-17 
8 -4.1078189242772911 -0.10781892427728844
1 -2.5155300019973503 -0.43992509704365113 -0.13052619222005135 0.99144486137381049 
8 -4.1078189242772911 -0.10781892427728844
1 -0.1078189242772893 -5.6500000000000004 -1 -2.2014498254870006e-16 
8 -2.0757155209455349 -0.47571552094553404
1 0.078605447433344189 -4.2416658178913824 0.99144486137381049 0.13052619222005146 
8 -2.0757155209455349 -0.47571552094553404
1 -0.47571552094553465 -5.6499999999999995 -1 -2.8982636783869991e-17 
8 -0.32428447905445723 1.2757155209455442
1 0.8126060073089052 -15.945991649741009 -0.99144486137381027 -0.13052619222005252 
8 -0.32428447905445723 1.2757155209455442
1 1.2757155209455442 -5.6499999999999959 -1 2.8982636783870293e-17 
8 -11.957818924277294 -7.9578189242772917
1 -1.4908993930699488 -8.2227672588280676 -0.13052619222005143 0.99144486137381049 
8 -11.957818924277294 -7.9578189242772917
1 -7.9578189242772925 -5.6499999999999995 -1 -2.2014498254870004e-16 
8 -0.3242844790544781 1.2757155209455238
1 1.3347107761890911 -19.911771095236254 -0.9914448613738106 -0.13052619222005032 
8 -0.3242844790544781 1.2757155209455238
1 1.2757155209455238 -5.649999999999995 -1 2.898263678386985e-17 
8 5.9578189242772908 9.9578189242772943
1 0.35646476956825257 -9.9968150740236048 0.13052619222005141 -0.99144486137381049 
8 5.9578189242772908 9.9578189242772943
1 9.9578189242772925 -5.6499999999999986 -1 2.2014498254870004e-16 
8 -1.8921810757227049 2.1078189242772969
1 -0.66816583935915119 2.2139729122391936 0.13052619222005157 0.99144486137381049 
8 -1.8921810757227049 2.1078189242772969
1 2.107818924277296 -5.6500000000000012 -1 -2.2014498254870004e-16 
8 -2.0757155209455354 -0.47571552094553538
1 0.078605447433346853 4.241665817891394 0.99144486137381049 -0.13052619222005216 
8 -2.0757155209455354 -0.47571552094553538
1 -0.47571552094553576 -5.6500000000000021 -1 2.8982636783870096e-17 
8 -1.8921810757227049 2.1078189242772969
1 -2.2544776175572472 2.4228148197912764 0.13052619222005166 0.99144486137381049 
8 -1.8921810757227049 2.1078189242772969
1 2.107818924277296 -5.6500000000000012 -1 -2.2014498254869999e-16 
8 -2.0757155209455354 -0.47571552094553465
1 -0.44349932144686033 0.27588637239615121 0.99144486137381049 -0.13052619222005163 
8 -2.0757155209455354 -0.47571552094553465
1 -0.47571552094553504 -5.6500000000000004 -1 2.898263678387009e-17 
8 5.9578189242772917 9.9578189242772996
1 0.35646476956825701 9.9968150740236066 0.13052619222005141 0.99144486137381049 
8 5.9578189242772917 9.9578189242772996
1 9.9578189242772979 -5.650000000000003 -1 -2.2014498254870004e-16 
8 -2.0757155209455291 -0.47571552094552788
1 2.1278666652881499 19.807350141460219 0.99144486137381049 -0.13052619222005096 
8 -2.0757155209455291 -0.47571552094552788
1 -0.47571552094552821 -5.6500000000000048 -1 2.8982636783869899e-17 
8 5.9578189242772979 9.9578189242772996
1 -1.2298470086298403 10.205656981575688 0.13052619222005141 0.99144486137381049 
8 5.9578189242772979 9.9578189242772996
1 9.9578189242772979 -5.650000000000003 -1 -2.2014498254870004e-16 
8 -0.32428447905445479 1.2757155209455464
1 0.81260600730891408 15.945991649741019 -0.99144486137381027 0.13052619222005318 
8 -0.32428447905445479 1.2757155209455464
1 1.2757155209455464 -5.6500000000000039 -1 -2.8982636783870336e-17 
8 -2.0757155209455345 -0.47571552094553349
1 -0.44349932144686166 -0.2758863723961405 0.99144486137381049 0.13052619222005121 
8 -2.0757155209455345 -0.47571552094553349
1 -0.4757155209455341 -3.2000000000000002 -1 -2.8982636783870096e-17 
8 -4.1078189242772911 -0.10781892427728854
1 -2.5155300019973503 -0.43992509704365074 -0.13052619222005135 0.99144486137381049 
8 -4.1078189242772911 -0.10781892427728854
1 -0.1078189242772894 -3.2000000000000002 -1 -2.2014498254870006e-16 
8 -2.0757155209455349 -0.47571552094553393
1 0.078605447433344189 -4.2416658178913824 0.99144486137381049 0.13052619222005146 
8 -2.0757155209455349 -0.47571552094553393
1 -0.47571552094553454 -3.1999999999999993 -1 -2.8982636783869991e-17 
8 -0.32428447905445745 1.275715520945544
1 0.8126060073089052 -15.945991649741009 -0.99144486137381027 -0.13052619222005252 
8 -0.32428447905445745 1.275715520945544
1 1.275715520945544 -3.1999999999999966 -1 2.8982636783870293e-17 
8 -11.957818924277294 -7.9578189242772917
1 -1.4908993930699488 -8.2227672588280658 -0.13052619222005143 0.99144486137381049 
8 -11.957818924277294 -7.9578189242772917
1 -7.9578189242772925 -3.1999999999999988 -1 -2.2014498254870004e-16 
8 -0.32428447905447721 1.2757155209455247
1 1.334710776189092 -19.911771095236254 -0.9914448613738106 -0.13052619222005032 
8 -0.32428447905447721 1.2757155209455247
1 1.2757155209455247 -3.1999999999999957 -1 2.898263678386985e-17 
8 5.9578189242772908 9.9578189242772943
1 0.35646476956825257 -9.9968150740236048 0.13052619222005141 -0.99144486137381049 
8 5.9578189242772908 9.9578189242772943
1 9.9578189242772925 -3.1999999999999984 -1 2.2014498254870004e-16 
8 -1.8921810757227053 2.1078189242772964
1 -0.66816583935915119 2.2139729122391945 0.13052619222005157 0.99144486137381049 
8 -1.8921810757227053 2.1078189242772964
1 2.1078189242772956 -3.2000000000000015 -1 -2.2014498254870004e-16 
8 -2.0757155209455354 -0.47571552094553549
1 0.078605447433346853 4.2416658178913931 0.99144486137381049 -0.13052619222005216 
8 -2.0757155209455354 -0.47571552094553549
1 -0.47571552094553587 -3.2000000000000015 -1 2.8982636783870096e-17 
8 -1.8921810757227049 2.1078189242772969
1 -2.2544776175572472 2.4228148197912769 0.13052619222005166 0.99144486137381049 
8 -1.8921810757227049 2.1078189242772969
1 2.107818924277296 -3.2000000000000011 -1 -2.2014498254869999e-16 
8 -2.0757155209455349 -0.4757155209455346
1 -0.44349932144686033 0.27588637239615127 0.99144486137381049 -0.13052619222005163 
8 -2.0757155209455349 -0.4757155209455346
1 -0.47571552094553499 -3.2000000000000006 -1 2.898263678387009e-17 
8 5.9578189242772899 9.9578189242772979
1 0.35646476956825701 9.9968150740236084 0.13052619222005141 0.99144486137381049 
8 5.9578189242772899 9.9578189242772979
1 9.9578189242772961 -3.2000000000000028 -1 -2.2014498254870004e-16 
8 -2.0757155209455287 -0.47571552094552771
1 2.1278666652881499 19.807350141460219 0.99144486137381049 -0.13052619222005096 
8 -2.0757155209455287 -0.47571552094552771
1 -0.47571552094552805 -3.2000000000000046 -1 2.8982636783869899e-17 
8 5.9578189242772961 9.9578189242772979
1 -1.2298470086298403 10.205656981575689 0.13052619222005141 0.99144486137381049 
8 5.9578189242772961 9.9578189242772979
1 9.9578189242772961 -3.2000000000000028 -1 -2.2014498254870004e-16 
8 -0.32428447905445368 1.2757155209455475
1 0.81260600730891497 15.945991649741018 -0.99144486137381027 0.13052619222005318 
8 -0.32428447905445368 1.2757155209455475
1 1.2757155209455475 -3.2000000000000042 -1 -2.8982636783870336e-17 
1 1.5999999999999988 -2.8637824638055154 7.2164496600635155e-16 1 
1 1.6700000000000004 -2.3799999999999986 0.70710678118654813 -0.70710678118654691 
1 -1.6653345369377348e-15 -1.4495689014324191 7.3552275381416601e-16 1 
1 1.330000000000001 -3.3800000000000003 -0.70710678118654813 -0.70710678118654691 
1 1.6000000000000008 -2.8637824638055172 -4.0245584642661925e-16 1 
1 1.6700000000000004 -2.3800000000000008 0.70710678118654757 -0.70710678118654757 
1 1.0547118733938987e-15 -2.863782463805518 -4.5796699765787707e-16 1 
1 1.6700000000000013 -2.3799999999999999 0.70710678118654757 -0.70710678118654757 
1 1.5999999999999999 1.4495689014324242 -3.7470027081099033e-16 1 
1 1.3300000000000025 -3.3800000000000043 0.70710678118654791 0.70710678118654724 
1 -9.4368957093138306e-16 1.4495689014324218 -3.7470027081099033e-16 1 
1 1.329999999999999 -3.3800000000000048 0.70710678118654791 0.70710678118654724 
1 -8.8817841970012523e-16 -0.41719300090006328 1 0 
1 -4.4408920985006262e-16 -0.9099999999999957 1 0 
1 -8.8817841970012523e-16 0.41719300090006683 1 0 
1 2.0775336205443522 -19.85952902837548 -0.99144486137381027 -0.13052619222005252 
1 1.1102230246251565e-16 -0.417193000900063 1 0 
1 3.3306690738754696e-16 -0.91000000000000014 1 0 
1 1.1102230246251565e-16 0.41719300090006289 1 0 
1 -2.0775336205443544 0.55673606409096488 0.99144486137381049 -0.13052619222005099 
1 0 -0.41719300090006328 1 0 
1 0.49122184234626065 20.068370935927554 0.99144486137381049 -0.13052619222005091 
1 0 0.41719300090006151 1 0 
1 0 -0.91000000000000414 1 0 
Curves 100
1 0.33797970792513787 2.6164997221615947 0 0.9914448613738106 0.13052619222005049 0 
8 -1.8667619023324857 -1.0323759005323592
1 0.17999999999999994 1.6566013735523077 2.7900995578142629 -0.70710678118654746 0.70105738464997824 0.092295955641256824 
1 -3.2000000000000011 0.33797970792513976 2.6164997221615933 1 -3.3306690738754696e-16 3.8857805861880479e-16 
1 -6.9042028349808598e-16 0.93284662474942603 2.6948154374936246 1 -3.3306690738754696e-16 3.8857805861880479e-16 
1 2.4499999999999997 0.23108318949156795 2.6024265285264185 4.3473955175804996e-17 -0.99144486137381049 -0.13052619222005135 
1 -4.3104742023923493e-16 0.23108318949156836 2.6024265285264176 4.3473955175804996e-17 -0.99144486137381049 -0.13052619222005135 
1 -3.2000000000000002 4.3037591534203816 3.1386044910417987 1 -3.3306690738754696e-16 3.8857805861880479e-16 
1 1.4999999999999991 0.34789415653887745 2.6178049840837945 3.5920011060692032e-16 0.13052619222005155 -0.99144486137381049 
1 0.33797970792513787 2.6164997221615947 0 0.1305261922200518 -0.99144486137381038 0 
1 0.54682161547722075 1.030187943963498 0 0.99144486137381049 0.13052619222005157 0 
1 0.90999999999999914 0.93284662474942581 2.6948154374936251 3.5920011060692032e-16 0.13052619222005155 -0.99144486137381049 
8 -1.8667619023324855 -1.0323759005323589
1 0.18000000000000071 1.8654432811043899 1.2037877796161656 -0.70710678118654746 0.70105738464997824 0.092295955641256824 
1 -3.2000000000000002 0.54682161547722175 1.0301879439634962 1 -3.3306690738754696e-16 3.8857805861880479e-16 
1 2.4499999999999993 0.27588637239613939 3.0881454308788103 -3.3021747382305028e-16 -0.13052619222005121 0.99144486137381049 
1 0.93284662474942515 2.6948154374936251 0 0.13052619222005185 -0.99144486137381038 0 
1 -1.1570010652701365e-16 1.1416885323015085 1.1085036592955286 1 -3.3306690738754696e-16 3.8857805861880479e-16 
1 -21.266492276468238 6.8343026654407142 0 0.99144486137381049 -0.13052619222005141 0 
1 -21.266492276468238 6.8343026654407142 0 -0.1305261922200511 -0.99144486137381049 0 
1 -6.8833827526759706e-15 4.0345158423206122 0 0.99144486137381049 0.13052619222005157 0 
1 0 0 0 -0.99144486137381049 0.13052619222005138 0 
1 21.266492276468234 6.8343026654407195 0 0.13052619222005024 -0.99144486137381072 0 
1 0 0 0 0.99144486137381038 0.13052619222005166 0 
1 2.4500000000000002 0.43992509704365002 1.0161147503283217 4.3473955175804996e-17 -0.99144486137381049 -0.13052619222005135 
1 2.4499999999999993 4.2416658178913815 3.6102501997590162 -3.3021747382305028e-16 -0.13052619222005146 0.99144486137381049 
1 2.4499999999999984 15.945991649741007 4.3442507596345772 3.3021747382305023e-16 0.13052619222005252 -0.99144486137381027 
1 2.4500000000000002 8.2227672588280658 2.0407453592557232 4.3473955175805021e-17 -0.99144486137381049 -0.13052619222005143 
1 2.4499999999999984 19.911771095236254 4.8663555285147631 3.3021747382305033e-16 0.13052619222005032 -0.9914448613738106 
1 2.4499999999999993 9.996815074023603 3.8881095218939246 -4.3473955175805015e-17 0.99144486137381049 0.13052619222005141 
1 2.4500000000000002 -2.2139729122391949 2.8634789129665208 -4.347395517580507e-17 -0.99144486137381049 0.13052619222005157 
1 2.4499999999999997 -4.2416658178913949 3.6102501997590188 -3.3021747382305028e-16 0.13052619222005216 0.99144486137381049 
1 2.4500000000000002 -2.4228148197912778 1.2771671347684248 -4.3473955175805095e-17 -0.99144486137381049 0.13052619222005166 
1 2.4499999999999993 -0.27588637239615232 3.0881454308788117 -3.3021747382305028e-16 0.13052619222005163 0.99144486137381049 
1 2.4499999999999993 -9.9968150740236084 3.888109521893929 -4.3473955175805015e-17 -0.99144486137381049 0.13052619222005141 
1 2.4499999999999984 -19.807350141460219 5.6595114176138219 -3.3021747382305028e-16 0.13052619222005096 0.99144486137381049 
1 2.4499999999999997 -10.205656981575689 2.3017977436958317 -4.3473955175805015e-17 -0.99144486137381049 0.13052619222005141 
1 2.4499999999999993 -15.945991649741021 4.3442507596345861 3.3021747382305023e-16 -0.13052619222005318 -0.99144486137381027 
1 -1.0369135227554827e-15 0.27588637239614022 3.0881454308788094 -3.3021747382305028e-16 -0.13052619222005121 0.99144486137381049 
1 5.5171163744236587e-17 0.43992509704365046 1.0161147503283208 4.3473955175804996e-17 -0.99144486137381049 -0.13052619222005135 
1 -6.7977222325703007e-16 4.2416658178913824 3.6102501997590153 -3.3021747382305028e-16 -0.13052619222005146 0.99144486137381049 
1 -1.378184070885555e-15 15.945991649741009 4.3442507596345763 3.3021747382305023e-16 0.13052619222005252 -0.99144486137381027 
1 -1.6687344118079438e-16 8.2227672588280658 2.0407453592557223 4.3473955175805021e-17 -0.99144486137381049 -0.13052619222005143 
1 -1.6871765861621899e-15 19.911771095236254 4.8663555285147631 3.3021747382305033e-16 0.13052619222005032 -0.9914448613738106 
1 -8.7513663008929755e-16 9.9968150740236048 3.8881095218939237 -4.3473955175805015e-17 0.99144486137381049 0.13052619222005141 
1 -4.3104742023923473e-16 -2.2139729122391949 2.8634789129665199 -4.347395517580507e-17 -0.99144486137381049 0.13052619222005157 
1 -6.7977222325703085e-16 -4.2416658178913931 3.610250199759018 -3.3021747382305028e-16 0.13052619222005216 0.99144486137381049 
1 5.5171163744236735e-17 -2.4228148197912773 1.2771671347684239 -4.3473955175805095e-17 -0.99144486137381049 0.13052619222005166 
1 -5.9282431290542022e-16 -0.27588637239615155 3.0881454308788108 -3.3021747382305028e-16 0.13052619222005163 0.99144486137381049 
1 -8.7513663008929814e-16 -9.9968150740236084 3.8881095218939281 -4.3473955175805015e-17 -0.99144486137381049 0.13052619222005141 
1 -1.9092211910872236e-15 -19.807350141460219 5.659511417613821 -3.3021747382305028e-16 0.13052619222005096 0.99144486137381049 
1 -3.8891804610582647e-16 -10.205656981575689 2.3017977436958308 -4.3473955175805015e-17 -0.99144486137381049 0.13052619222005141 
1 -9.3409486103549439e-16 -15.945991649741018 4.3442507596345861 3.3021747382305023e-16 -0.13052619222005318 -0.99144486137381027 
1 -3.1999999999999997 4.5126010609724645 1.5522927128437016 1 -3.3306690738754696e-16 3.8857805861880479e-16 
1 -6.9983899285984274e-15 -21.266492276468234 6.8343026654407213 1 -3.3306690738754696e-16 3.8857805861880479e-16 
1 -1.3437637144077918e-15 -5.6506413407306954e-15 4.0345158423206122 1 -3.3306690738754696e-16 3.8857805861880479e-16 
1 -5.7934505804417055e-15 -21.788597045348443 2.8685232199454784 1 -3.3306690738754696e-16 3.8857805861880479e-16 
1 2.4458298227408098e-15 21.266492276468238 6.8343026654407124 1 -3.3306690738754696e-16 3.8857805861880479e-16 
1 0 0 0 1 -3.3306690738754696e-16 3.8857805861880479e-16 
1 3.8826302651684901e-15 21.788597045348435 2.8685232199454695 1 -3.3306690738754696e-16 3.8857805861880479e-16 
1 -3.1999999999999984 15.903664031493971 4.6657609400163995 1 -3.3306690738754696e-16 3.8857805861880479e-16 
1 -3.1999999999999975 16.112505939046052 3.0794491618183022 1 -3.3306690738754696e-16 3.8857805861880479e-16 
1 3.1527138998715474e-15 19.483418467717009 3.5232382153664776 1 -3.3306690738754696e-16 3.8857805861880479e-16 
8 2.4465894629054534 3.2809754647055822
1 -0.8199999999999984 17.768218857540315 3.2974279028257887 0.70710678118654702 0.70105738464997835 0.092295955641257504 
1 20.078285384541292 3.6015539306985156 0 -0.99144486137381027 -0.13052619222005271 0 
1 -3.1999999999999971 20.078285384541292 3.6015539306985076 1 -3.3306690738754696e-16 3.8857805861880479e-16 
1 -3.1999999999999975 19.869443476989211 5.1878657088966058 1 -3.3306690738754696e-16 3.8857805861880479e-16 
1 19.869443476989211 5.1878657088966129 0 0.13052619222005066 -0.9914448613738106 0 
1 19.274576560164924 5.1095499935645812 0 0.99144486137381027 0.13052619222005266 0 
8 1.0323759005323569 1.8667619023324862
1 0.18000000000000238 18.550821811362042 5.0142658732439385 0.70710678118654702 0.70105738464997835 0.092295955641257491 
1 2.5779937229004743e-15 19.274576560164924 5.109549993564575 1 -3.3306690738754696e-16 3.8857805861880479e-16 
1 -1.104687403994359e-15 -0.93284662474943669 2.6948154374936264 1 -3.3306690738754696e-16 3.8857805861880479e-16 
8 2.4465894629054543 3.28097546470558
1 -0.82000000000000117 -2.6480462349261282 2.9206257500343149 0.70710678118654768 0.7010573846499778 -0.092295955641256991 
1 -0.93284662474943758 2.694815437493626 0 0.99144486137381049 -0.13052619222005121 0 
1 -3.2000000000000024 -4.3037591534203914 3.1386044910418001 1 -3.3306690738754696e-16 3.8857805861880479e-16 
1 -3.2000000000000011 -0.33797970792514925 2.6164997221615938 1 -3.3306690738754696e-16 3.8857805861880479e-16 
1 -3.2000000000000015 -4.5126010609724743 1.5522927128437038 1 -3.3306690738754696e-16 3.8857805861880479e-16 
1 -6.2271166473167026e-16 -1.1416885323015182 1.1085036592955293 1 -3.3306690738754696e-16 3.8857805861880479e-16 
8 2.4465894629054552 3.2809754647055804
1 -0.82000000000000117 -2.8568881424782102 1.3343139718362185 0.70710678118654768 0.7010573846499778 -0.092295955641257046 
1 -0.54682161547723318 1.0301879439634982 0 -0.99144486137381049 0.13052619222005124 0 
1 -3.2000000000000006 -0.54682161547723174 1.0301879439634971 1 -3.3306690738754696e-16 3.8857805861880479e-16 
1 -0.33797970792515031 2.6164997221615951 0 -0.1305261922200518 -0.99144486137381049 0 
1 -19.869443476989218 5.1878657088966058 0 0.99144486137381072 -0.13052619222004977 0 
8 -1.8667619023324851 -1.0323759005323605
1 0.17999999999999838 -18.550821811362049 5.0142658732439438 -0.70710678118654702 0.70105738464997835 -0.092295955641257421 
1 -3.2000000000000064 -19.869443476989218 5.1878657088966111 1 -3.3306690738754696e-16 3.8857805861880479e-16 
1 -5.9816377518977046e-15 -19.274576560164931 5.1095499935645821 1 -3.3306690738754696e-16 3.8857805861880479e-16 
1 -3.2000000000000051 -15.903664031493971 4.6657609400164057 1 -3.3306690738754696e-16 3.8857805861880479e-16 
1 -3.200000000000006 -20.078285384541299 3.6015539306985138 1 -3.3306690738754696e-16 3.8857805861880479e-16 
1 -20.078285384541299 3.6015539306985094 0 0.13052619222005071 0.99144486137381049 0 
1 -20.078285384541299 3.6015539306985094 0 0.99144486137381027 -0.13052619222005266 0 
8 -1.8667619023324824 -1.0323759005323605
1 0.17999999999999905 -18.759663718914133 3.4279540950458465 -0.70710678118654702 0.70105738464997835 -0.092295955641257421 
1 -5.4996620126350159e-15 -19.483418467717012 3.5232382153664843 1 -3.3306690738754696e-16 3.8857805861880479e-16 
1 -3.2000000000000046 -16.112505939046059 3.0794491618183084 1 -3.3306690738754696e-16 3.8857805861880479e-16 
1 19.274576560164924 5.1095499935645812 0 0.13052619222005285 -0.99144486137381027 0 
1 -1.1416885323015187 1.1085036592955289 0 0.13052619222005069 0.9914448613738106 0 
1 -19.483418467717012 3.5232382153664776 0 0.1305261922200506 0.9914448613738106 0 
1 0.90999999999999825 19.274576560164924 5.1095499935645758 3.5920011060692052e-16 0.13052619222005252 -0.99144486137381027 
1 1.4999999999999982 19.859529028375473 5.1865604469744069 3.5920011060692052e-16 0.13052619222005252 -0.99144486137381027 
1 0.90999999999999959 -1.1416885323015185 1.10850365929553 -3.0123483703918038e-16 0.13052619222005099 0.99144486137381049 
1 1.4999999999999996 -0.55673606409097054 1.0314932058857 -3.0123483703918038e-16 0.13052619222005099 0.99144486137381049 
1 1.4999999999999987 -20.068370935927561 3.6002486687763149 -3.0123483703918038e-16 0.13052619222005091 0.99144486137381049 
1 0.9099999999999987 -19.483418467717012 3.5232382153664847 -3.0123483703918038e-16 0.13052619222005091 0.99144486137381049 
Polygon3D 0
PolygonOnTriangulations 0
Surfaces 35
1 -3.2000000000000011 0.33797970792513976 2.6164997221615933 -4.2872767463603032e-16 -0.13052619222005135 0.99144486137381049 1.7667102737289506e-16 0.99144486137381049 0.13052619222005135 -1 2.3111977311208673e-16 -4.0199965346804665e-16 
1 1.2049999999999992 0.64037039064415158 2.6563102107887095 0.70710678118654779 0.70105738464997769 0.092295955641257421 3.6082248300317578e-16 0.13052619222005149 -0.99144486137381049 -0.70710678118654746 0.70105738464997824 0.092295955641256977 
1 -1.1762739956485712e-15 -2.996388465904192e-16 3.5316447523256711 1 0 3.3306690738754696e-16 -3.3306690738754696e-16 0 1 0 -1 0 
1 -1.0355139500639786e-15 -5.147397659625723e-15 3.1090268264300538 1 0 3.3306690738754686e-16 -3.3306690738754686e-16 0 1 0 -1 0 
1 -6.9042028349808598e-16 0.93284662474942603 2.6948154374936246 2.7949785945127772e-16 0.99144486137381049 0.13052619222005155 3.5920011060692032e-16 0.13052619222005155 -0.99144486137381049 -1 3.2399173920049144e-16 -3.1964531253830505e-16 
1 -3.2000000000000002 0.54682161547722175 1.0301879439634962 -4.2872767463603032e-16 -0.13052619222005135 0.99144486137381049 1.7667102737289506e-16 0.99144486137381049 0.13052619222005135 -1 2.3111977311208673e-16 -4.0199965346804665e-16 
1 -3.2000000000000011 0.33797970792513976 2.6164997221615933 2.7949785945127782e-16 0.99144486137381049 0.13052619222005121 3.5920011060692042e-16 0.13052619222005121 -0.99144486137381049 -1 3.2399173920049149e-16 -3.1964531253830529e-16 
1 -3.2000000000000002 4.3037591534203816 3.1386044910417987 2.7949785945127772e-16 0.99144486137381049 0.13052619222005146 3.5920011060692017e-16 0.13052619222005146 -0.99144486137381049 -1 3.2399173920049139e-16 -3.196453125383049e-16 
1 -3.1999999999999975 16.112505939046052 3.0794491618183022 -2.7949785945127727e-16 -0.99144486137381027 -0.13052619222005252 -3.5920011060692052e-16 -0.13052619222005252 0.99144486137381027 -1 3.2399173920049134e-16 -3.19645312538305e-16 
1 -3.1999999999999975 16.112505939046052 3.0794491618183022 -4.2872767463603032e-16 -0.13052619222005143 0.99144486137381049 1.7667102737289504e-16 0.99144486137381049 0.13052619222005143 -1 2.3111977311208673e-16 -4.0199965346804665e-16 
1 -3.1999999999999971 20.078285384541292 3.6015539306985076 -2.7949785945127821e-16 -0.9914448613738106 -0.13052619222005032 -3.5920011060692017e-16 -0.13052619222005032 0.9914448613738106 -1 3.2399173920049149e-16 -3.1964531253830524e-16 
1 -3.1999999999999975 19.869443476989211 5.1878657088966058 4.2872767463603032e-16 0.13052619222005141 -0.99144486137381049 -1.7667102737289506e-16 -0.99144486137381049 -0.13052619222005141 -1 2.3111977311208673e-16 -4.0199965346804665e-16 
1 -3.2000000000000024 -4.3037591534203914 3.1386044910418001 -3.4177976428442023e-16 0.13052619222005157 0.99144486137381049 2.6361893772450516e-16 0.99144486137381049 -0.13052619222005157 -1 2.1675242995787101e-16 -3.7326496715961512e-16 
1 -3.2000000000000024 -4.3037591534203914 3.1386044910418001 3.8093708819482308e-16 0.99144486137381049 -0.13052619222005216 3.0123483703918008e-16 -0.13052619222005213 -0.99144486137381027 -1 3.3835908235470721e-16 -3.4837999884673673e-16 
1 -3.2000000000000015 -4.5126010609724743 1.5522927128437038 -3.4177976428442018e-16 0.13052619222005166 0.99144486137381049 2.6361893772450516e-16 0.99144486137381049 -0.13052619222005166 -1 2.1675242995787096e-16 -3.7326496715961507e-16 
1 -3.2000000000000011 -0.33797970792514925 2.6164997221615938 3.8093708819482288e-16 0.99144486137381049 -0.13052619222005163 3.0123483703918023e-16 -0.13052619222005163 -0.99144486137381049 -1 3.3835908235470711e-16 -3.4837999884673654e-16 
1 -3.2000000000000064 -19.869443476989218 5.1878657088966111 -3.4177976428442028e-16 0.13052619222005141 0.99144486137381049 2.6361893772450511e-16 0.99144486137381049 -0.13052619222005141 -1 2.1675242995787101e-16 -3.7326496715961512e-16 
1 -3.2000000000000064 -19.869443476989218 5.1878657088966111 3.8093708819482264e-16 0.99144486137381049 -0.13052619222005096 3.0123483703918038e-16 -0.13052619222005096 -0.99144486137381049 -1 3.3835908235470716e-16 -3.4837999884673654e-16 
1 -3.200000000000006 -20.078285384541299 3.6015539306985138 -3.4177976428442028e-16 0.13052619222005141 0.99144486137381049 2.6361893772450511e-16 0.99144486137381049 -0.13052619222005141 -1 2.1675242995787101e-16 -3.7326496715961512e-16 
1 -3.2000000000000046 -16.112505939046059 3.0794491618183084 -3.8093708819482342e-16 -0.99144486137381027 0.13052619222005318 -3.0123483703917998e-16 0.13052619222005318 0.99144486137381027 -1 3.3835908235470716e-16 -3.4837999884673693e-16 
1 -6.9983899285984274e-15 -21.266492276468234 6.8343026654407213 -3.4177976428442018e-16 0.13052619222005171 0.99144486137381038 2.6361893772450516e-16 0.99144486137381038 -0.13052619222005171 -1 2.1675242995787096e-16 -3.7326496715961517e-16 
1 -6.9983899285984274e-15 -21.266492276468234 6.8343026654407213 3.8093708819482278e-16 0.99144486137381049 -0.13052619222005143 3.0123483703918028e-16 -0.13052619222005143 -0.99144486137381049 -1 3.3835908235470711e-16 -3.4837999884673654e-16 
1 -1.3437637144077918e-15 -5.5396190382681798e-15 4.0345158423206122 -4.2872767463603027e-16 -0.13052619222005124 0.99144486137381049 1.7667102737289516e-16 0.99144486137381049 0.13052619222005124 -1 2.3111977311208678e-16 -4.019996534680467e-16 
1 0 0 0 3.4177976428442018e-16 -0.13052619222005171 -0.99144486137381049 -2.6361893772450525e-16 -0.99144486137381049 0.13052619222005171 -1 2.1675242995787106e-16 -3.7326496715961512e-16 
1 2.4458298227408098e-15 21.266492276468238 6.8343026654407124 2.7949785945127841e-16 0.99144486137381072 0.13052619222004991 3.5920011060691993e-16 0.13052619222004991 -0.99144486137381072 -1 3.2399173920049154e-16 -3.196453125383051e-16 
1 0 0 0 -4.2872767463603032e-16 -0.13052619222005135 0.99144486137381049 1.7667102737289506e-16 0.99144486137381049 0.13052619222005135 -1 2.3111977311208673e-16 -4.0199965346804665e-16 
1 1.2049999999999983 19.567052794270197 5.1480552202694909 -0.70710678118654802 0.70105738464997736 0.092295955641257643 3.1918911957973251e-16 0.13052619222005257 -0.99144486137381038 0.70710678118654713 0.70105738464997835 0.09229595564125824 
1 1.2049999999999996 -0.84921229819624444 1.0699984325906149 0.70710678118654735 -0.70105738464997813 0.09229595564125706 -3.0531133177191805e-16 0.13052619222005096 0.99144486137381049 0.70710678118654768 0.7010573846499778 -0.092295955641256588 
1 1.2049999999999987 -19.775894701822288 3.5617434420713998 -0.70710678118654813 -0.70105738464997758 0.092295955641256436 -3.6082248300317578e-16 0.13052619222005088 0.99144486137381049 -0.70710678118654713 0.70105738464997858 -0.092295955641257088 
1 -1.0355139500639786e-15 -5.147397659625723e-15 3.1090268264300538 1 0 3.3306690738754686e-16 -3.3306690738754686e-16 0 1 0 -1 0 
1 -1.0355139500639786e-15 -5.147397659625723e-15 3.1090268264300538 1 0 3.3306690738754686e-16 -3.3306690738754686e-16 0 1 0 -1 0 
1 -1.0355139500639786e-15 -5.147397659625723e-15 3.1090268264300538 1 0 3.3306690738754686e-16 -3.3306690738754686e-16 0 1 0 -1 0 
1 2.5779937229004743e-15 19.274576560164924 5.109549993564575 2.7949785945127727e-16 0.99144486137381027 0.13052619222005252 3.5920011060692052e-16 0.13052619222005252 -0.99144486137381027 -1 3.2399173920049134e-16 -3.19645312538305e-16 
1 -6.2271166473167026e-16 -1.1416885323015182 1.1085036592955293 -3.8093708819482264e-16 -0.99144486137381049 0.13052619222005099 -3.0123483703918038e-16 0.13052619222005099 0.99144486137381049 -1 3.3835908235470716e-16 -3.4837999884673654e-16 
1 -5.4996620126350159e-15 -19.483418467717012 3.5232382153664843 -3.8093708819482259e-16 -0.99144486137381049 0.13052619222005091 -3.0123483703918038e-16 0.13052619222005091 0.99144486137381049 -1 3.3835908235470711e-16 -3.4837999884673649e-16 
Triangulations 0

TShapes 268
Ve
1.0000000089509e-07
1.5 0.347894156538877 2.6178049840838
0 0

0101101
*
Ve
1.0000000089509e-07
1.5 0.337979707925138 2.6164997221616
0 0

0101101
*
Ed
 1.0000000089509e-07 1 1 0
1  1 0 0 0.0100000000000009
0

0101000
-268 8 +267 9 *
Ve
1.0000000089509e-07
0.909999999999999 0.932846624749426 2.69481543749362
0 0

0101101
*
Ed
 1e-07 1 1 0
1  2 0 -1.86676190233249 -1.03237590053236
2  1 2 0 -1.86676190233249 -1.03237590053236
2  2 1 2 -1.86676190233249 -1.03237590053236
0

0101000
+268 0 -265 0 *
Ve
1.50000000649741e-07
2.45 0.337979707925138 2.6164997221616
0 0

0101101
*
Ed
 1e-07 1 1 0
1  3 0 4.7 5.65
0

0101000
+267 0 -263 0 *
Ve
1.50000000511664e-07
-6.90420283498086e-16 0.932846624749426 2.69481543749362
0 0

0101101
*
Ed
 1.0000000089509e-07 1 1 0
1  4 0 0 0.91
0

0101000
-265 3 +261 0 *
Ve
1.50000002220446e-07
2.45 4.30375915342038 3.1386044910418
0 0

0101101
*
Ed
 1.5e-07 1 1 0
1  5 0 -4.10781892427729 -0.107818924277289
2  3 3 10 -4.10781892427729 -0.107818924277289
2  4 1 0 -4.10781892427729 -0.107818924277289
0

0101000
+259 0 -263 0 *
Ve
1.50000000930833e-07
-8.88178419700125e-16 4.30375915342038 3.1386044910418
0 0

0101101
*
Ed
 1.5e-07 1 1 0
1  6 0 -4.10781892427729 -0.70781892427729
2  5 3 0 -4.10781892427729 -0.70781892427729
2  6 1 0 -4.10781892427729 -0.70781892427729
0

0101000
+257 0 -261 0 *
Ed
 1e-07 1 1 0
1  7 0 3.2 5.65
0

0101000
+257 0 -259 0 *
Wi

0101100
-266 7 -264 0 +262 2 +260 2 -258 2 +256 2 -255 2 *
Fa
0  1e-07 1 0

0101000
+254 3 *
Ve
1.00000000444089e-07
1.5 0.55673606409096 1.0314932058857
0 0

0101101
*
Ed
 1e-07 1 1 0
1  8 0 -1.25897556269017e-15 1.6
2  7 2 0 -1.25897556269017e-15 1.6
2  8 4 11 -1.25897556269017e-15 1.6
0

0101000
+268 0 -252 0 *
Ve
1.00000000628037e-07
1.5 0.546821615477221 1.0301879439635
0 0

0101101
*
Ed
 1.00000000444089e-07 1 1 0
1  9 0 0 1.6
0

0101000
+267 9 -250 9 *
Ed
 1.00000000444089e-07 1 1 0
1  10 0 0 0.010000000000001
0

0101000
-252 8 +250 9 *
Wi

0101100
-266 7 -251 0 +249 7 +248 7 *
Fa
0  1e-07 4 6

0101000
+247 3 *
Ve
1.00000000222045e-07
0.91 1.14168853230151 1.10850365929553
0 0

0101101
*
Ed
 1e-07 1 1 0
1  11 0 -1.44210525212643e-15 1.6
2  9 2 0 -1.44210525212643e-15 1.6
2  10 5 2 -1.44210525212643e-15 1.6
0

0101000
+265 0 -245 0 *
Ed
 1e-07 1 1 0
1  12 0 -1.86676190233249 -1.03237590053236
2  11 2 0 -1.86676190233249 -1.03237590053236
2  12 6 2 -1.86676190233249 -1.03237590053236
0

0101000
+252 0 -245 0 *
Wi

0101100
-264 0 +251 0 -244 0 +243 0 *
Fa
0  0 2 0

0111000
+242 0 *
Ve
1.50000000314018e-07
2.45 0.54682161547722 1.0301879439635
0 0

0101101
*
Ed
 1e-07 1 1 0
1  13 0 4.7 5.65
0

0101000
+250 0 -240 0 *
Ed
 1.5e-07 1 1 0
1  14 0 -2.07571552094553 -0.475715520945534
2  13 3 10 -2.07571552094553 -0.475715520945534
2  14 7 0 -2.07571552094553 -0.475715520945534
0

0101000
+240 0 -263 0 *
Wi

0101100
-239 0 -238 0 +262 0 -249 12 *
Fa
0  1e-07 7 0

0101000
+237 0 *
Ve
1.50000000262548e-07
-1.15700106527014e-16 1.14168853230151 1.10850365929553
0 0

0101101
*
Ed
 1e-07 1 1 0
1  15 0 0 1.6
0

0101000
+261 14 -235 14 *
Ed
 1.00000000222045e-07 1 1 0
1  16 0 0 0.91
0

0101000
-245 3 +235 0 *
Wi

0101100
+260 2 +244 0 -234 13 -233 2 *
Fa
0  1e-07 5 0

0101000
+232 3 *
Ve
1e-07
-21.2664922764682 6.83430266544071 0
0 0

0101101
*
Ve
1.00000000111022e-07
-6.99440505513849e-15 4.03451584232061 0
0 0

0101101
*
Ed
 1e-07 1 1 0
1  17 0 0 21.45
0

0101000
+230 0 -229 0 *
Ve
1e-07
-21.7885970453484 2.86852321994547 0
0 0

0101101
*
Ed
 1e-07 1 1 0
1  18 0 0 4
0

0101000
+230 0 -227 0 *
Ve
1e-07
21.2664922764682 6.83430266544072 0
0 0

0101101
*
Ed
 1e-07 1 1 0
1  19 0 0 21.45
0

0101000
+229 0 -225 0 *
Ve
1e-07
0 0 0
0 0

0101101
*
Ed
 1e-07 1 1 0
1  20 0 0 21.9766099903496
0

0101000
+223 0 -227 0 *
Ve
1e-07
21.7885970453484 2.86852321994548 0
0 0

0101101
*
Ed
 1e-07 1 1 0
1  21 0 0 4
0

0101000
+225 0 -221 0 *
Ed
 1e-07 1 1 0
1  22 0 0 21.9766099903496
0

0101000
+223 0 -221 0 *
Wi

0101100
-228 17 +226 17 -224 17 -222 17 -220 17 +219 17 *
Ve
1.50000002231521e-07
2.45 4.51260106097246 1.5522927128437
0 0

0101101
*
Ed
 1.5e-07 1 1 0
1  23 0 -4.10781892427729 -0.107818924277288
2  15 3 10 -4.10781892427729 -0.107818924277288
2  16 6 0 -4.10781892427729 -0.107818924277288
0

0101000
+217 0 -240 0 *
Ed
 1.5e-07 1 1 0
1  24 0 -2.07571552094553 -0.475715520945534
2  17 3 10 -2.07571552094553 -0.475715520945534
2  18 8 0 -2.07571552094553 -0.475715520945534
0

0101000
+217 0 -259 0 *
Wi

0101100
-258 0 +238 0 +216 0 -215 0 *
Ve
1.50000003662053e-07
2.45 15.903664031494 4.6657609400164
0 0

0101101
*
Ve
1.50000003607798e-07
2.45 16.112505939046 3.0794491618183
0 0

0101101
*
Ed
 1.5e-07 1 1 0
1  25 0 -0.324284479054457 1.27571552094554
2  19 3 10 -0.324284479054457 1.27571552094554
2  20 9 0 -0.324284479054457 1.27571552094554
0

0101000
+213 0 -212 0 *
Ve
1.50000007174481e-07
2.45 20.0782853845413 3.60155393069851
0 0

0101101
*
Ed
 1.5e-07 1 1 0
1  26 0 -11.9578189242773 -7.95781892427729
2  21 3 10 -11.9578189242773 -7.95781892427729
2  22 10 0 -11.9578189242773 -7.95781892427729
0

0101000
+210 0 -212 0 *
Ve
1.50000003688882e-07
2.45 19.8694434769892 5.18786570889661
0 0

0101101
*
Ed
 1.5e-07 1 1 0
1  27 0 -0.324284479054478 1.27571552094552
2  23 3 10 -0.324284479054478 1.27571552094552
2  24 11 0 -0.324284479054478 1.27571552094552
0

0101000
+208 0 -210 0 *
Ed
 1.5e-07 1 1 0
1  28 0 5.95781892427729 9.95781892427729
2  25 3 10 5.95781892427729 9.95781892427729
2  26 12 0 5.95781892427729 9.95781892427729
0

0101000
+213 0 -208 0 *
Wi

0101100
-211 0 +209 0 +207 0 +206 0 *
Ve
1.50000001640164e-07
2.45 -0.337979707925151 2.6164997221616
0 0

0101101
*
Ve
1.50000001831027e-07
2.45 -4.30375915342039 3.1386044910418
0 0

0101101
*
Ed
 1.5e-07 1 1 0
1  29 0 -1.8921810757227 2.1078189242773
2  27 3 10 -1.8921810757227 2.1078189242773
2  28 13 0 -1.8921810757227 2.1078189242773
0

0101000
+204 0 -203 0 *
Ve
1.50000002521942e-07
