<?xml version='1.0' encoding='utf-8'?>
<!-- FreeCAD DocumentObject -->
<Document SchemaVersion="4" FileVersion="2">
<Object name="Pad">
  <Properties Count="47" TransientCount="2">
    <_Property name="_Body" type="App::PropertyLinkHidden" status="251658241"/>
    <_Property name="_ElementMapVersion" type="App::PropertyString" status="234881024"/>
    <Property name="AddSubShape" type="Part::PropertyPartShape">
      <Part HasherIndex="0" ElementMap="1.15.70200.4" brep="1">
<![CDATA[

CASCADE Topology V1, (c) Matra-Datavision
Locations 5
1
              1               0               0               0 
              0               1               0               0 
              0               0               1               0 
1
2.22044604925031e-16 -3.33066907387547e-16               1               0 
              1 3.33066907387547e-16 -2.22044604925031e-16               0 
-3.33066907387547e-16               1 3.33066907387547e-16               0 
2  1 1 2 1 0
1
              1               0               0            2.45 
              0               1               0 -8.1601392309949e-16 
              0               0               1 9.52016243616072e-16 
2  1 1 2 1 4 1 0
Curve2ds 0
Curves 12
1 -6.9983899285984274e-15 -21.266492276468234 6.8343026654407213 1 -3.3306690738754696e-16 3.8857805861880479e-16 
1 -1.3437637144077918e-15 -5.6506413407306954e-15 4.0345158423206122 1 -3.3306690738754696e-16 3.8857805861880479e-16 
1 -21.266492276468238 6.8343026654407142 0 0.99144486137381049 -0.13052619222005141 0 
1 -5.7934505804417055e-15 -21.788597045348443 2.8685232199454784 1 -3.3306690738754696e-16 3.8857805861880479e-16 
1 -21.266492276468238 6.8343026654407142 0 -0.1305261922200511 -0.99144486137381049 0 
1 0 0 0 1 -3.3306690738754696e-16 3.8857805861880479e-16 
1 0 0 0 -0.99144486137381049 0.13052619222005138 0 
1 3.8826302651684901e-15 21.788597045348435 2.8685232199454695 1 -3.3306690738754696e-16 3.8857805861880479e-16 
1 0 0 0 0.99144486137381038 0.13052619222005166 0 
1 2.4458298227408098e-15 21.266492276468238 6.8343026654407124 1 -3.3306690738754696e-16 3.8857805861880479e-16 
1 21.266492276468234 6.8343026654407195 0 0.13052619222005024 -0.99144486137381072 0 
1 -6.8833827526759706e-15 4.0345158423206122 0 0.99144486137381049 0.13052619222005157 0 
Polygon3D 0
PolygonOnTriangulations 0
Surfaces 7
1 -6.9983899285984274e-15 -21.266492276468234 6.8343026654407213 -3.4177976428442018e-16 0.13052619222005171 0.99144486137381038 2.6361893772450516e-16 0.99144486137381038 -0.13052619222005171 -1 2.1675242995787096e-16 -3.7326496715961517e-16 
1 -6.9983899285984274e-15 -21.266492276468234 6.8343026654407213 3.8093708819482278e-16 0.99144486137381049 -0.13052619222005143 3.0123483703918028e-16 -0.13052619222005143 -0.99144486137381049 -1 3.3835908235470711e-16 -3.4837999884673654e-16 
1 0 0 0 3.4177976428442018e-16 -0.13052619222005171 -0.99144486137381049 -2.6361893772450525e-16 -0.99144486137381049 0.13052619222005171 -1 2.1675242995787106e-16 -3.7326496715961512e-16 
1 0 0 0 -4.2872767463603032e-16 -0.13052619222005135 0.99144486137381049 1.7667102737289506e-16 0.99144486137381049 0.13052619222005135 -1 2.3111977311208673e-16 -4.0199965346804665e-16 
1 2.4458298227408098e-15 21.266492276468238 6.8343026654407124 2.7949785945127841e-16 0.99144486137381072 0.13052619222004991 3.5920011060691953e-16 0.13052619222004991 -0.99144486137381072 -1 3.2399173920049149e-16 -3.196453125383047e-16 
1 -1.3437637144077918e-15 -5.5396190382681798e-15 4.0345158423206122 -4.2872767463603027e-16 -0.13052619222005124 0.99144486137381049 1.7667102737289516e-16 0.99144486137381049 0.13052619222005124 -1 2.3111977311208678e-16 -4.019996534680467e-16 
1 -1.1762739956485712e-15 -2.996388465904192e-16 3.5316447523256711 1 0 3.3306690738754696e-16 -3.3306690738754696e-16 0 1 0 -1 0 
Triangulations 0

TShapes 34
Ve
1e-07
-21.2664922764682 6.83430266544071 0
0 0

0101101
*
Ed
 1e-07 1 1 0
1  1 0 0 2.45
0

0101000
+34 3 -34 5 *
Ve
1.00000000111022e-07
-6.99440505513849e-15 4.03451584232061 0
0 0

0101101
*
Ed
 1.00000000111022e-07 1 1 0
1  2 0 0 2.45
0

0101000
+32 3 -32 5 *
Ed
 1e-07 1 1 0
1  3 0 0 21.45
0

0101000
+34 0 -32 0 *
Wi

0101100
+33 0 -31 0 -30 3 +30 5 *
Fa
0  1e-07 1 0

0111000
+29 0 *
Ve
1e-07
-21.7885970453484 2.86852321994547 0
0 0

0101101
*
Ed
 1e-07 1 1 0
1  4 0 0 2.45
0

0101000
+27 3 -27 5 *
Ed
 1e-07 1 1 0
1  5 0 0 4
0

0101000
+34 0 -27 0 *
Wi

0101100
+33 0 -26 0 -25 3 +25 5 *
Fa
0  1e-07 2 0

0111000
+24 0 *
Ve
1e-07
0 0 0
0 0

0101101
*
Ed
 1e-07 1 1 0
1  6 0 0 2.45
0

0101000
+22 3 -22 5 *
Ed
 1e-07 1 1 0
1  7 0 0 21.9766099903496
0

0101000
+22 0 -27 0 *
Wi

0101100
+21 0 -26 0 -20 3 +20 5 *
Fa
0  1e-07 3 0

0111000
+19 0 *
Ve
1e-07
21.7885970453484 2.86852321994548 0
0 0

0101101
*
Ed
 1e-07 1 1 0
1  8 0 0 2.45
0

0101000
+17 3 -17 5 *
Ed
 1e-07 1 1 0
1  9 0 0 21.9766099903496
0

0101000
+22 0 -17 0 *
Wi

0101100
+21 0 -16 0 -15 3 +15 5 *
Fa
0  1e-07 4 0

0111000
+14 0 *
Ve
1e-07
21.2664922764682 6.83430266544072 0
0 0

0101101
*
Ed
 1e-07 1 1 0
1  10 0 0 2.45
0

0101000
+12 3 -12 5 *
Ed
 1e-07 1 1 0
1  11 0 0 4
0

0101000
+12 0 -17 0 *
Wi

0101100
+11 0 -16 0 -10 3 +10 5 *
Fa
0  1e-07 5 0

0111000
+9 0 *
Ed
 1e-07 1 1 0
1  12 0 0 21.45
0

0101000
+32 0 -12 0 *
Wi

0101100
+31 0 -11 0 -7 3 +7 5 *
Fa
0  1e-07 6 0

0111000
+6 0 *
Wi

0101100
-30 0 +25 0 -20 0 +15 0 -10 0 -7 0 *
Fa
0  1e-07 7 0

0111000
+4 3 *
Sh

0101100
-28 0 +23 0 -18 0 +13 0 -8 0 -5 0 +3 0 -3 4 *
So

1100000
-2 0 *

+1 0 ]]>
      </Part>
      <ElementMap new="1" count="1"><Element key="Dummy" value="Dummy"/></ElementMap>
      <ElementMap2 count="44">
<![CDATA[
6 PostfixCount 11
Edge
Face
Vertex
;:G;XTR;:Heda:7,E
;:G;XTR;:Heda:7,F
;:U;XTR;:Heda:7,E
;:U;XTR;:Heda:7,V
;FAC;:Heda:4,F
;:G0;XTR;:Heda:8,F
;SKT;:Heda,E
;SKT;:Heda,V

MapCount 1

ElementMap 1 6 3

Edge

ChildCount 0

NameCount 19
0
$#cc3.4 0
$#cc4.4 0
;g66.a 0
$#cdd.6 0
$#cc5.4 0
;g57.a 0
$#cde.6 0
$#cc6.4 0
;g58.a 0
$#cdf.6 0
$#1238.4 0
;g75.a 0
$#123c.6 0
$#ccf.4 0
;g74.a 0
$#123e.6 0
;g65.a 0
$#ce9.6 0

Face

ChildCount 0

NameCount 9
0
$#cd0.5 0
$#cc1.5 0
$#cd1.5 0
$#1239.5 0
$#123b.5 0
$#cdb.5 0
$#cc1.8 0
$#cdc.9 0

Vertex

ChildCount 0

NameCount 13
0
;g57v1.b ;g66v1.b 0
$#cea.7 0
;g66v2.b ;g65v1.b 0
$#ceb.7 0
;g57v2.b ;g58v2.b 0
$#cec.7 0
;g58v1.b ;g75v1.b 0
$#ced.7 0
;g74v2.b ;g75v2.b 0
$#1240.7 0
;g65v2.b ;g74v1.b 0
$#cf6.7 0

EndMap
]]>
      </ElementMap2>
    </Property>
    <Property name="AddSubType" type="App::PropertyEnumeration">
      <Integer value="0"/>
    </Property>
    <Property name="AllowMultiFace" type="App::PropertyBool">
      <Bool value="true"/>
    </Property>
    <Property name="AlongSketchNormal" type="App::PropertyBool">
      <Bool value="false"/>
    </Property>
    <Property name="AutoTaperInnerAngle" type="App::PropertyBool">
      <Bool value="true"/>
    </Property>
    <Property name="BaseFeature" type="App::PropertyLink" status="8">
      <Link value=""/>
    </Property>
    <Property name="CheckUpToFaceLimits" type="App::PropertyBool">
      <Bool value="true"/>
    </Property>
    <Property name="ClaimChildren" type="App::PropertyBool" status="134217728">
      <Bool value="false"/>
    </Property>
    <Property name="ColoredElements" type="App::PropertyLinkSubHidden" status="218103808">
      <LinkSub value="" count="0">
      </LinkSub>
    </Property>
    <Property name="Direction" type="App::PropertyVector" status="4">
      <PropertyVector valueX="1" valueY="-3e-16" valueZ="4e-16"/>
    </Property>
    <Property name="ExpressionEngine" type="App::PropertyExpressionEngine" status="67108864">
      <ExpressionEngine count="0"></ExpressionEngine>
    </Property>
    <Property name="Fit" type="App::PropertyDistance">
      <Float value="0"/>
    </Property>
    <Property name="FitJoin" type="App::PropertyEnumeration">
      <Integer value="0"/>
    </Property>
    <Property name="FixShape" type="App::PropertyEnumeration">
      <Integer value="0"/>
    </Property>
    <Property name="InnerFit" type="App::PropertyDistance">
      <Float value="0"/>
    </Property>
    <Property name="InnerFitJoin" type="App::PropertyEnumeration">
      <Integer value="0"/>
    </Property>
    <Property name="InvalidShape" type="App::PropertyBool" status="67108864">
      <Bool value="false"/>
    </Property>
    <Property name="Label" type="App::PropertyString" status="134217728">
      <String value="Pad"/>
    </Property>
    <Property name="Label2" type="App::PropertyString" status="128">
      <String value=""/>
    </Property>
    <Property name="Length" type="App::PropertyLength">
      <Float value="2.45"/>
    </Property>
    <Property name="Length2" type="App::PropertyLength" status="4">
      <Float value="10"/>
    </Property>
    <Property name="Linearize" type="App::PropertyBool">
      <Bool value="true"/>
    </Property>
    <Property name="Midplane" type="App::PropertyBool">
      <Bool value="false"/>
    </Property>
    <Property name="NewSolid" type="App::PropertyBool">
      <Bool value="false"/>
    </Property>
    <Property name="Offset" type="App::PropertyLength" status="4">
      <Float value="0"/>
    </Property>
    <Property name="Placement" type="App::PropertyPlacement" status="8388620">
      <PropertyPlacement Px="0" Py="0" Pz="0" Q0="0" Q1="0" Q2="0" Q3="1" A="0" Ox="0" Oy="0" Oz="1"/>
    </Property>
    <Property name="Profile" type="App::PropertyLinkSub">
      <LinkSub value="Sketch001" count="1">
        <Sub value=""/>
      </LinkSub>
    </Property>
    <Property name="ReferenceAxis" type="App::PropertyLinkSub">
      <LinkSub value="Sketch001" count="1">
        <Sub value="N_Axis"/>
      </LinkSub>
    </Property>
    <Property name="Refine" type="App::PropertyBool">
      <Bool value="false"/>
    </Property>
    <Property name="Reversed" type="App::PropertyBool">
      <Bool value="false"/>
    </Property>
    <Property name="Shape" type="Part::PropertyPartShape">
      <Part HasherIndex="0" ElementMap="1.15.70200.4" brep="1">
<![CDATA[

CASCADE Topology V1, (c) Matra-Datavision
Locations 6
1
              1               0               0               0 
              0               1               0               0 
              0               0               1               0 
1
              1               0               0               0 
              0               1               0               0 
              0               0               1               0 
1
2.22044604925031e-16 -3.33066907387547e-16               1               0 
              1 3.33066907387547e-16 -2.22044604925031e-16               0 
-3.33066907387547e-16               1 3.33066907387547e-16               0 
2  2 1 3 1 0
1
              1               0               0            2.45 
              0               1               0 -8.1601392309949e-16 
              0               0               1 9.52016243616072e-16 
2  2 1 3 1 5 1 0
Curve2ds 0
Curves 12
1 -6.9983899285984274e-15 -21.266492276468234 6.8343026654407213 1 -3.3306690738754696e-16 3.8857805861880479e-16 
1 -1.3437637144077918e-15 -5.6506413407306954e-15 4.0345158423206122 1 -3.3306690738754696e-16 3.8857805861880479e-16 
1 -21.266492276468238 6.8343026654407142 0 0.99144486137381049 -0.13052619222005141 0 
1 -5.7934505804417055e-15 -21.788597045348443 2.8685232199454784 1 -3.3306690738754696e-16 3.8857805861880479e-16 
1 -21.266492276468238 6.8343026654407142 0 -0.1305261922200511 -0.99144486137381049 0 
1 0 0 0 1 -3.3306690738754696e-16 3.8857805861880479e-16 
1 0 0 0 -0.99144486137381049 0.13052619222005138 0 
1 3.8826302651684901e-15 21.788597045348435 2.8685232199454695 1 -3.3306690738754696e-16 3.8857805861880479e-16 
1 0 0 0 0.99144486137381038 0.13052619222005166 0 
1 2.4458298227408098e-15 21.266492276468238 6.8343026654407124 1 -3.3306690738754696e-16 3.8857805861880479e-16 
1 21.266492276468234 6.8343026654407195 0 0.13052619222005024 -0.99144486137381072 0 
1 -6.8833827526759706e-15 4.0345158423206122 0 0.99144486137381049 0.13052619222005157 0 
Polygon3D 0
PolygonOnTriangulations 0
Surfaces 7
1 -6.9983899285984274e-15 -21.266492276468234 6.8343026654407213 -3.4177976428442018e-16 0.13052619222005171 0.99144486137381038 2.6361893772450516e-16 0.99144486137381038 -0.13052619222005171 -1 2.1675242995787096e-16 -3.7326496715961517e-16 
1 -6.9983899285984274e-15 -21.266492276468234 6.8343026654407213 3.8093708819482278e-16 0.99144486137381049 -0.13052619222005143 3.0123483703918028e-16 -0.13052619222005143 -0.99144486137381049 -1 3.3835908235470711e-16 -3.4837999884673654e-16 
1 0 0 0 3.4177976428442018e-16 -0.13052619222005171 -0.99144486137381049 -2.6361893772450525e-16 -0.99144486137381049 0.13052619222005171 -1 2.1675242995787106e-16 -3.7326496715961512e-16 
1 0 0 0 -4.2872767463603032e-16 -0.13052619222005135 0.99144486137381049 1.7667102737289506e-16 0.99144486137381049 0.13052619222005135 -1 2.3111977311208673e-16 -4.0199965346804665e-16 
1 2.4458298227408098e-15 21.266492276468238 6.8343026654407124 2.7949785945127841e-16 0.99144486137381072 0.13052619222004991 3.5920011060691953e-16 0.13052619222004991 -0.99144486137381072 -1 3.2399173920049149e-16 -3.196453125383047e-16 
1 -1.3437637144077918e-15 -5.5396190382681798e-15 4.0345158423206122 -4.2872767463603027e-16 -0.13052619222005124 0.99144486137381049 1.7667102737289516e-16 0.99144486137381049 0.13052619222005124 -1 2.3111977311208678e-16 -4.019996534680467e-16 
1 -1.1762739956485712e-15 -2.996388465904192e-16 3.5316447523256711 1 0 3.3306690738754696e-16 -3.3306690738754696e-16 0 1 0 -1 0 
Triangulations 0

TShapes 34
Ve
1e-07
-21.2664922764682 6.83430266544071 0
0 0

0101101
*
Ed
 1e-07 1 1 0
1  1 0 0 2.45
0

0101000
+34 4 -34 6 *
Ve
1.00000000111022e-07
-6.99440505513849e-15 4.03451584232061 0
0 0

0101101
*
Ed
 1.00000000111022e-07 1 1 0
1  2 0 0 2.45
0

0101000
+32 4 -32 6 *
Ed
 1e-07 1 1 0
1  3 0 0 21.45
0

0101000
+34 0 -32 0 *
Wi

0101100
+33 0 -31 0 -30 4 +30 6 *
Fa
0  1e-07 1 0

0101000
+29 0 *
Ve
1e-07
-21.7885970453484 2.86852321994547 0
0 0

0101101
*
Ed
 1e-07 1 1 0
1  4 0 0 2.45
0

0101000
+27 4 -27 6 *
Ed
 1e-07 1 1 0
1  5 0 0 4
0

0101000
+34 0 -27 0 *
Wi

0101100
+33 0 -26 0 -25 4 +25 6 *
Fa
0  1e-07 2 0

0101000
+24 0 *
Ve
1e-07
0 0 0
0 0

0101101
*
Ed
 1e-07 1 1 0
1  6 0 0 2.45
0

0101000
+22 4 -22 6 *
Ed
 1e-07 1 1 0
1  7 0 0 21.9766099903496
0

0101000
+22 0 -27 0 *
Wi

0101100
+21 0 -26 0 -20 4 +20 6 *
Fa
0  1e-07 3 0

0101000
+19 0 *
Ve
1e-07
21.7885970453484 2.86852321994548 0
0 0

0101101
*
Ed
 1e-07 1 1 0
1  8 0 0 2.45
0

0101000
+17 4 -17 6 *
Ed
 1e-07 1 1 0
1  9 0 0 21.9766099903496
0

0101000
+22 0 -17 0 *
Wi

0101100
+21 0 -16 0 -15 4 +15 6 *
Fa
0  1e-07 4 0

0101000
+14 0 *
Ve
1e-07
21.2664922764682 6.83430266544072 0
0 0

0101101
*
Ed
 1e-07 1 1 0
1  10 0 0 2.45
0

0101000
+12 4 -12 6 *
Ed
 1e-07 1 1 0
1  11 0 0 4
0

0101000
+12 0 -17 0 *
Wi

0101100
+11 0 -16 0 -10 4 +10 6 *
Fa
0  1e-07 5 0

0101000
+9 0 *
Ed
 1e-07 1 1 0
1  12 0 0 21.45
0

0101000
+32 0 -12 0 *
Wi

0101100
+31 0 -11 0 -7 4 +7 6 *
Fa
0  1e-07 6 0

0101000
+6 0 *
Wi

0101100
-30 0 +25 0 -20 0 +15 0 -10 0 -7 0 *
Fa
0  1e-07 7 0

0101000
+4 4 *
Sh

0101100
-28 0 +23 0 -18 0 +13 0 -8 0 -5 0 +3 0 -3 5 *
So

1100000
-2 0 *

+1 1 ]]>
      </Part>
      <ElementMap new="1" count="1"><Element key="Dummy" value="Dummy"/></ElementMap>
      <ElementMap2 count="44">
<![CDATA[
6 PostfixCount 11
Edge
Face
Vertex
;:G;XTR;:Heda:7,E
;:G;XTR;:Heda:7,F
;:U;XTR;:Heda:7,E
;:U;XTR;:Heda:7,V
;FAC;:Heda:4,F
;:G0;XTR;:Heda:8,F
;SKT;:Heda,E
;SKT;:Heda,V

MapCount 1

ElementMap 1 6 3

Edge

ChildCount 0

NameCount 19
0
$#cc3.4 0
$#cc4.4 0
;g66.a 0
$#cdd.6 0
$#cc5.4 0
;g57.a 0
$#cde.6 0
$#cc6.4 0
;g58.a 0
$#cdf.6 0
$#1238.4 0
;g75.a 0
$#123c.6 0
$#ccf.4 0
;g74.a 0
$#123e.6 0
;g65.a 0
$#ce9.6 0

Face

ChildCount 0

NameCount 9
0
$#cd0.5 0
$#cc1.5 0
$#cd1.5 0
$#1239.5 0
$#123b.5 0
$#cdb.5 0
$#cc1.8 0
$#cdc.9 0

Vertex

ChildCount 0

NameCount 13
0
;g57v1.b ;g66v1.b 0
$#cea.7 0
;g66v2.b ;g65v1.b 0
$#ceb.7 0
;g57v2.b ;g58v2.b 0
$#cec.7 0
;g58v1.b ;g75v1.b 0
$#ced.7 0
;g74v2.b ;g75v2.b 0
$#1240.7 0
;g65v2.b ;g74v1.b 0
$#cf6.7 0

EndMap
]]>
      </ElementMap2>
    </Property>
    <Property name="Suppress" type="App::PropertyBool">
      <Bool value="false"/>
    </Property>
    <Property name="SuppressedShape" type="Part::PropertyPartShape">
      <Part ElementMap="0.15.70200.4" brep="1">
<![CDATA[

CASCADE Topology V1, (c) Matra-Datavision
Locations 0
Curve2ds 0
Curves 0
Polygon3D 0
PolygonOnTriangulations 0
Surfaces 0
Triangulations 0

TShapes 0

*]]>
      </Part>
      <ElementMap/>
    </Property>
    <Property name="TaperAngle" type="App::PropertyAngle" status="4">
      <Float value="0"/>
    </Property>
    <Property name="TaperAngle2" type="App::PropertyAngle" status="4">
      <Float value="0"/>
    </Property>
    <Property name="TaperAngleRev" type="App::PropertyAngle" status="4">
      <Float value="0"/>
    </Property>
    <Property name="TaperInnerAngle" type="App::PropertyAngle">
      <Float value="0"/>
    </Property>
    <Property name="TaperInnerAngleRev" type="App::PropertyAngle">
      <Float value="0"/>
    </Property>
    <Property name="TreeRank" type="App::PropertyInteger" status="2184">
      <Integer value="15"/>
    </Property>
    <Property name="Type" type="App::PropertyEnumeration">
      <Integer value="0"/>
    </Property>
    <Property name="UpToFace" type="App::PropertyLinkSub" status="4">
      <LinkSub value="" count="0">
      </LinkSub>
    </Property>
    <Property name="UseCustomVector" type="App::PropertyBool">
      <Bool value="false"/>
    </Property>
    <Property name="UsePipeForDraft" type="App::PropertyBool">
      <Bool value="false"/>
    </Property>
    <Property name="ValidateShape" type="App::PropertyBool">
      <Bool value="true"/>
    </Property>
    <Property name="Visibility" type="App::PropertyBool" status="648">
      <Bool value="false"/>
    </Property>
    <Property name="_ProfileBasedVersion" type="App::PropertyInteger" status="67108864">
      <Integer value="1"/>
    </Property>
    <Property name="_Siblings" type="App::PropertyLinkList" status="218103808">
      <LinkList count="0">
      </LinkList>
    </Property>
  </Properties>
</Object>
</Document>
