<?xml version='1.0' encoding='utf-8'?>
<!-- FreeCAD DocumentObject -->
<Document SchemaVersion="4" FileVersion="2">
<Object name="Pad003">
  <Properties Count="47" TransientCount="2">
    <_Property name="_Body" type="App::PropertyLinkHidden" status="251658241"/>
    <_Property name="_ElementMapVersion" type="App::PropertyString" status="234881024"/>
    <Property name="AddSubShape" type="Part::PropertyPartShape">
      <Part HasherIndex="0" ElementMap="1.15.70200.4" brep="1">
<![CDATA[

CASCADE Topology V1, (c) Matra-Datavision
Locations 5
1
              1               0               0               0 
              0               1               0               0 
              0               0               1               0 
1
2.22044604925031e-16 -3.33066907387547e-16               1               0 
              1 3.33066907387547e-16 -2.22044604925031e-16               0 
-3.33066907387547e-16               1 3.33066907387547e-16               0 
2  1 1 2 1 0
1
              1               0               0             1.5 
              0               1               0 -4.9960036108132e-16 
              0               0               1 5.82867087928207e-16 
2  1 1 2 1 4 1 0
Curve2ds 0
Curves 32
1 -6.1398091145324075e-15 -19.869443476989218 5.187865708896612 1 -3.3306690738754696e-16 3.8857805861880479e-16 
1 -5.9816377518977046e-15 -19.274576560164931 5.1095499935645821 1 -3.3306690738754696e-16 3.8857805861880479e-16 
1 -19.869443476989218 5.1878657088966058 0 0.99144486137381072 -0.13052619222004977 0 
1 -5.4996620126350159e-15 -19.483418467717012 3.5232382153664843 1 -3.3306690738754696e-16 3.8857805861880479e-16 
1 -19.483418467717012 3.5232382153664776 0 0.1305261922200506 0.9914448613738106 0 
1 -5.6578333752697187e-15 -20.078285384541299 3.601553930698516 1 -3.3306690738754696e-16 3.8857805861880479e-16 
1 -20.078285384541299 3.6015539306985094 0 0.99144486137381027 -0.13052619222005266 0 
1 -20.078285384541299 3.6015539306985094 0 0.13052619222005071 0.99144486137381049 0 
1 -1.104687403994359e-15 -0.93284662474943669 2.6948154374936264 1 -3.3306690738754696e-16 3.8857805861880479e-16 
1 -9.4651604135965558e-16 -0.33797970792514942 2.6164997221615951 1 -3.3306690738754696e-16 3.8857805861880479e-16 
1 -0.93284662474943758 2.694815437493626 0 0.99144486137381049 -0.13052619222005121 0 
1 -4.6454030209696741e-16 -0.54682161547723285 1.0301879439634984 1 -3.3306690738754696e-16 3.8857805861880479e-16 
1 -0.33797970792515031 2.6164997221615951 0 -0.1305261922200518 -0.99144486137381049 0 
1 -6.2271166473167026e-16 -1.1416885323015182 1.1085036592955293 1 -3.3306690738754696e-16 3.8857805861880479e-16 
1 -0.54682161547723318 1.0301879439634982 0 -0.99144486137381049 0.13052619222005124 0 
1 -1.1416885323015187 1.1085036592955289 0 0.13052619222005069 0.9914448613738106 0 
1 -7.9642289992182339e-16 0.33797970792513876 2.6164997221615947 1 -3.3306690738754696e-16 3.8857805861880479e-16 
1 -6.9042028349808598e-16 0.93284662474942603 2.6948154374936246 1 -3.3306690738754696e-16 3.8857805861880479e-16 
1 0.33797970792513787 2.6164997221615947 0 0.9914448613738106 0.13052619222005049 0 
1 -1.1570010652701365e-16 1.1416885323015085 1.1085036592955286 1 -3.3306690738754696e-16 3.8857805861880479e-16 
1 0.93284662474942515 2.6948154374936251 0 0.13052619222005185 -0.99144486137381038 0 
1 -2.2170272295075087e-16 0.54682161547722108 1.0301879439634978 1 -3.3306690738754696e-16 3.8857805861880479e-16 
1 0.54682161547722075 1.030187943963498 0 0.99144486137381049 0.13052619222005157 0 
1 0.33797970792513787 2.6164997221615947 0 0.1305261922200518 -0.99144486137381038 0 
1 2.5779937229004743e-15 19.274576560164924 5.109549993564575 1 -3.3306690738754696e-16 3.8857805861880479e-16 
1 2.6839963393242114e-15 19.869443476989211 5.1878657088966067 1 -3.3306690738754696e-16 3.8857805861880479e-16 
1 19.274576560164924 5.1095499935645812 0 0.99144486137381027 0.13052619222005266 0 
1 3.2587165162952836e-15 20.078285384541292 3.6015539306985089 1 -3.3306690738754696e-16 3.8857805861880479e-16 
1 19.869443476989211 5.1878657088966129 0 0.13052619222005066 -0.9914448613738106 0 
1 3.1527138998715474e-15 19.483418467717009 3.5232382153664776 1 -3.3306690738754696e-16 3.8857805861880479e-16 
1 20.078285384541292 3.6015539306985156 0 -0.99144486137381027 -0.13052619222005271 0 
1 19.274576560164924 5.1095499935645812 0 0.13052619222005285 -0.99144486137381027 0 
Polygon3D 0
PolygonOnTriangulations 0
Surfaces 20
1 -6.1398091145324075e-15 -19.869443476989218 5.187865708896612 -3.4177976428442082e-16 0.1305261922200501 0.99144486137381072 2.6361893772450471e-16 0.99144486137381072 -0.1305261922200501 -1 2.1675242995787103e-16 -3.7326496715961531e-16 
1 -5.4996620126350159e-15 -19.483418467717012 3.5232382153664843 -3.8093708819482259e-16 -0.99144486137381049 0.13052619222005091 -3.0123483703918038e-16 0.13052619222005091 0.99144486137381049 -1 3.3835908235470711e-16 -3.4837999884673649e-16 
1 -5.6578333752697187e-15 -20.078285384541299 3.601553930698516 -3.4177976428441968e-16 0.13052619222005299 0.99144486137381027 2.6361893772450619e-16 0.99144486137381027 -0.13052619222005299 -1 2.1675242995787163e-16 -3.7326496715961507e-16 
1 -5.6578333752697187e-15 -20.078285384541299 3.601553930698516 -3.8093708819482264e-16 -0.99144486137381049 0.13052619222005105 -3.0123483703918038e-16 0.13052619222005105 0.99144486137381049 -1 3.3835908235470716e-16 -3.4837999884673654e-16 
1 -1.0355139500639786e-15 -5.147397659625723e-15 3.1090268264300538 1 0 3.3306690738754686e-16 -3.3306690738754686e-16 0 1 0 -1 0 
1 -1.104687403994359e-15 -0.93284662474943669 2.6948154374936264 -3.4177976428442023e-16 0.13052619222005155 0.99144486137381049 2.6361893772450511e-16 0.99144486137381049 -0.13052619222005155 -1 2.1675242995787096e-16 -3.7326496715961512e-16 
1 -9.4651604135965558e-16 -0.33797970792514942 2.6164997221615951 3.8093708819482308e-16 0.99144486137381049 -0.13052619222005213 3.0123483703918077e-16 -0.13052619222005213 -0.99144486137381049 -1 3.3835908235470711e-16 -3.4837999884673733e-16 
1 -4.6454030209696741e-16 -0.54682161547723285 1.0301879439634984 3.4177976428442023e-16 -0.13052619222005157 -0.99144486137381049 -2.6361893772450516e-16 -0.99144486137381049 0.13052619222005157 -1 2.1675242995787101e-16 -3.7326496715961512e-16 
1 -6.2271166473167026e-16 -1.1416885323015182 1.1085036592955293 -3.8093708819482264e-16 -0.99144486137381049 0.13052619222005099 -3.0123483703918038e-16 0.13052619222005099 0.99144486137381049 -1 3.3835908235470716e-16 -3.4837999884673654e-16 
1 -1.0355139500639786e-15 -5.147397659625723e-15 3.1090268264300538 1 0 3.3306690738754686e-16 -3.3306690738754686e-16 0 1 0 -1 0 
1 -7.9642289992182339e-16 0.33797970792513876 2.6164997221615947 -4.2872767463603002e-16 -0.13052619222005016 0.99144486137381072 1.7667102737289551e-16 0.99144486137381072 0.13052619222005016 -1 2.3111977311208663e-16 -4.0199965346804661e-16 
1 -6.9042028349808598e-16 0.93284662474942603 2.6948154374936246 2.7949785945127772e-16 0.99144486137381049 0.13052619222005155 3.5920011060692032e-16 0.13052619222005155 -0.99144486137381049 -1 3.2399173920049144e-16 -3.1964531253830505e-16 
1 -2.2170272295075087e-16 0.54682161547722108 1.0301879439634978 -4.2872767463603027e-16 -0.13052619222005124 0.99144486137381049 1.7667102737289516e-16 0.99144486137381049 0.13052619222005124 -1 2.3111977311208678e-16 -4.019996534680467e-16 
1 -7.9642289992182339e-16 0.33797970792513876 2.6164997221615947 2.7949785945127772e-16 0.99144486137381049 0.13052619222005149 3.5920011060691968e-16 0.13052619222005149 -0.99144486137381049 -1 3.2399173920049134e-16 -3.1964531253830441e-16 
1 -1.0355139500639786e-15 -5.147397659625723e-15 3.1090268264300538 1 0 3.3306690738754686e-16 -3.3306690738754686e-16 0 1 0 -1 0 
1 2.5779937229004743e-15 19.274576560164924 5.109549993564575 -4.2872767463603061e-16 -0.13052619222005235 0.99144486137381038 1.7667102737289472e-16 0.99144486137381038 0.13052619222005235 -1 2.3111977311208683e-16 -4.0199965346804675e-16 
1 2.6839963393242114e-15 19.869443476989211 5.1878657088966067 2.7949785945127821e-16 0.9914448613738106 0.13052619222005032 3.5920011060692017e-16 0.13052619222005032 -0.9914448613738106 -1 3.2399173920049149e-16 -3.1964531253830524e-16 
1 3.2587165162952836e-15 20.078285384541292 3.6015539306985089 4.2872767463603066e-16 0.13052619222005241 -0.99144486137381038 -1.7667102737289408e-16 -0.99144486137381038 -0.13052619222005241 -1 2.3111977311208619e-16 -4.019996534680469e-16 
1 2.5779937229004743e-15 19.274576560164924 5.109549993564575 2.7949785945127727e-16 0.99144486137381027 0.13052619222005252 3.5920011060692052e-16 0.13052619222005252 -0.99144486137381027 -1 3.2399173920049134e-16 -3.19645312538305e-16 
1 -1.0355139500639786e-15 -5.147397659625723e-15 3.1090268264300538 1 0 3.3306690738754686e-16 -3.3306690738754686e-16 0 1 0 -1 0 
Triangulations 0

TShapes 97
Ve
1e-07
-19.8694434769892 5.18786570889661 0
0 0

0101101
*
Ed
 1e-07 1 1 0
1  1 0 0 1.5
0

0101000
+97 3 -97 5 *
Ve
1e-07
-19.2745765601649 5.10954999356458 0
0 0

0101101
*
Ed
 1e-07 1 1 0
1  2 0 0 1.5
0

0101000
+95 3 -95 5 *
Ed
 1e-07 1 1 0
1  3 0 0 0.600000000000001
0

0101000
+97 0 -95 0 *
Wi

0101100
+96 0 -94 0 -93 3 +93 5 *
Fa
0  1e-07 1 0

0111000
+92 0 *
Ve
1e-07
-19.483418467717 3.52323821536648 0
0 0

0101101
*
Ed
 1e-07 1 1 0
1  4 0 0 1.5
0

0101000
+90 3 -90 5 *
Ed
 1e-07 1 1 0
1  5 0 0 1.6
0

0101000
+90 0 -95 0 *
Wi

0101100
+89 0 -94 0 -88 3 +88 5 *
Fa
0  1e-07 2 0

0111000
+87 0 *
Ve
1e-07
-20.0782853845413 3.60155393069851 0
0 0

0101101
*
Ed
 1e-07 1 1 0
1  6 0 0 1.5
0

0101000
+85 3 -85 5 *
Ed
 1e-07 1 1 0
1  7 0 0 0.600000000000001
0

0101000
+85 0 -90 0 *
Wi

0101100
+84 0 -89 0 -83 3 +83 5 *
Fa
0  1e-07 3 0

0111000
+82 0 *
Ed
 1e-07 1 1 0
1  8 0 0 1.6
0

0101000
+85 0 -97 0 *
Wi

0101100
+84 0 -96 0 -80 3 +80 5 *
Fa
0  1e-07 4 0

0111000
+79 0 *
Wi

0101100
+93 0 -88 0 -83 0 +80 0 *
Fa
0  1e-07 5 0

0111000
-77 3 *
Sh

0101100
-91 0 +86 0 +81 0 -78 0 +76 0 -76 4 *
So

0100000
-75 0 *
Ve
1e-07
-0.932846624749438 2.69481543749363 0
0 0

0101101
*
Ed
 1e-07 1 1 0
1  9 0 0 1.5
0

0101000
+73 3 -73 5 *
Ve
1e-07
-0.33797970792515 2.6164997221616 0
0 0

0101101
*
Ed
 1e-07 1 1 0
1  10 0 0 1.5
0

0101000
+71 3 -71 5 *
Ed
 1e-07 1 1 0
1  11 0 0 0.600000000000001
0

0101000
+73 0 -71 0 *
Wi

0101100
+72 0 -70 0 -69 3 +69 5 *
Fa
0  1e-07 6 0

0111000
+68 0 *
Ve
1e-07
-0.546821615477233 1.0301879439635 0
0 0

0101101
*
Ed
 1e-07 1 1 0
1  12 0 0 1.5
0

0101000
+66 3 -66 5 *
Ed
 1e-07 1 1 0
1  13 0 0 1.6
0

0101000
+71 0 -66 0 *
Wi

0101100
+70 0 -65 0 -64 3 +64 5 *
Fa
0  1e-07 7 0

0111000
+63 0 *
Ve
1e-07
-1.14168853230152 1.10850365929553 0
0 0

0101101
*
Ed
 1e-07 1 1 0
1  14 0 0 1.5
0

0101000
+61 3 -61 5 *
Ed
 1e-07 1 1 0
1  15 0 0 0.599999999999999
0

0101000
+66 0 -61 0 *
Wi

0101100
+65 0 -60 0 -59 3 +59 5 *
Fa
0  1e-07 8 0

0111000
+58 0 *
Ed
 1e-07 1 1 0
1  16 0 0 1.6
0

0101000
+61 0 -73 0 *
Wi

0101100
+60 0 -72 0 -56 3 +56 5 *
Fa
0  1e-07 9 0

0111000
+55 0 *
Wi

0101100
+69 0 +64 0 +59 0 +56 0 *
Fa
0  1e-07 10 0

0111000
-53 3 *
Sh

0101100
-67 0 -62 0 -57 0 -54 0 +52 0 -52 4 *
So

0100000
-51 0 *
Ve
1e-07
0.337979707925138 2.61649972216159 0
0 0

0101101
*
Ed
 1e-07 1 1 0
1  17 0 0 1.5
0

0101000
+49 3 -49 5 *
Ve
1e-07
0.932846624749425 2.69481543749363 0
0 0

0101101
*
Ed
 1e-07 1 1 0
1  18 0 0 1.5
0

0101000
+47 3 -47 5 *
Ed
 1e-07 1 1 0
1  19 0 0 0.600000000000001
0

0101000
+49 0 -47 0 *
Wi

0101100
+48 0 -46 0 -45 3 +45 5 *
Fa
0  1e-07 11 0

0111000
+44 0 *
Ve
1e-07
1.14168853230151 1.10850365929553 0
0 0

0101101
*
Ed
 1e-07 1 1 0
1  20 0 0 1.5
0

0101000
+42 3 -42 5 *
Ed
 1e-07 1 1 0
1  21 0 0 1.6
0

0101000
+47 0 -42 0 *
Wi

0101100
+46 0 -41 0 -40 3 +40 5 *
Fa
0  1e-07 12 0

0111000
+39 0 *
Ve
1e-07
0.546821615477221 1.0301879439635 0
0 0

0101101
*
Ed
 1e-07 1 1 0
1  22 0 0 1.5
0

0101000
+37 3 -37 5 *
Ed
 1e-07 1 1 0
1  23 0 0 0.600000000000001
0

0101000
+37 0 -42 0 *
Wi

0101100
+36 0 -41 0 -35 3 +35 5 *
Fa
0  1e-07 13 0

0111000
+34 0 *
Ed
 1e-07 1 1 0
1  24 0 0 1.6
0

0101000
+49 0 -37 0 *
Wi

0101100
+48 0 -36 0 -32 3 +32 5 *
Fa
0  1e-07 14 0

0111000
+31 0 *
Wi

0101100
+45 0 +40 0 -35 0 -32 0 *
Fa
0  1e-07 15 0

0111000
-29 3 *
Sh

0101100
-43 0 -38 0 +33 0 +30 0 +28 0 -28 4 *
So

0100000
-27 0 *
Ve
1e-07
19.2745765601649 5.10954999356458 0
0 0

0101101
*
Ed
 1e-07 1 1 0
1  25 0 0 1.5
0

0101000
+25 3 -25 5 *
Ve
1e-07
19.8694434769892 5.18786570889661 0
0 0

0101101
*
Ed
 1e-07 1 1 0
1  26 0 0 1.5
0

0101000
+23 3 -23 5 *
Ed
 1e-07 1 1 0
1  27 0 0 0.600000000000001
0

0101000
+25 0 -23 0 *
Wi

0101100
+24 0 -22 0 -21 3 +21 5 *
Fa
0  1e-07 16 0

0111000
+20 0 *
Ve
1e-07
20.0782853845413 3.60155393069852 0
0 0

0101101
*
Ed
 1e-07 1 1 0
1  28 0 0 1.5
0

0101000
+18 3 -18 5 *
Ed
 1e-07 1 1 0
1  29 0 0 1.6
0

0101000
+23 0 -18 0 *
Wi

0101100
+22 0 -17 0 -16 3 +16 5 *
Fa
0  1e-07 17 0

0111000
+15 0 *
Ve
1e-07
19.483418467717 3.52323821536648 0
0 0

0101101
*
Ed
 1e-07 1 1 0
1  30 0 0 1.5
0

0101000
+13 3 -13 5 *
Ed
 1e-07 1 1 0
1  31 0 0 0.599999999999998
0

0101000
+18 0 -13 0 *
Wi

0101100
+17 0 -12 0 -11 3 +11 5 *
Fa
0  1e-07 18 0

0111000
+10 0 *
Ed
 1e-07 1 1 0
1  32 0 0 1.6
0

0101000
+25 0 -13 0 *
Wi

0101100
+24 0 -12 0 -8 3 +8 5 *
Fa
0  1e-07 19 0

0111000
+7 0 *
Wi

0101100
+21 0 +16 0 +11 0 -8 0 *
Fa
0  1e-07 20 0

0111000
-5 3 *
Sh

0101100
-19 0 -14 0 -9 0 +6 0 +4 0 -4 4 *
So

0100000
-3 0 *
Co

1100000
+74 0 +50 0 +26 0 +2 0 *

+1 0 ]]>
      </Part>
      <ElementMap new="1" count="1"><Element key="Dummy" value="Dummy"/></ElementMap>
      <ElementMap2 count="104">
<![CDATA[
11 PostfixCount 11
Edge
Face
Vertex
;:G;XTR;:Hee0:7,F
;FAC;:Hee0:4,F
;:G;XTR;:Hee0:7,E
;:G0;XTR;:Hee0:8,F
;:U;XTR;:Hee0:7,E
;:U;XTR;:Hee0:7,V
;SKT;:Hee0,E
;SKT;:Hee0,V

MapCount 1

ElementMap 1 11 3

Edge

ChildCount 0

NameCount 49
0
$#404.6 0
$#405.6 0
;g82.a 0
$#426.8 0
$#406.6 0
;g83.a 0
$#427.8 0
$#407.6 0
;g84.a 0
$#428.8 0
;g85.a 0
$#429.8 0
$#408.6 0
$#409.6 0
;g86.a 0
$#42a.8 0
$#40a.6 0
;g87.a 0
$#42b.8 0
$#40b.6 0
;g88.a 0
$#42c.8 0
;g89.a 0
$#42d.8 0
$#40c.6 0
$#40d.6 0
;g90.a 0
$#42e.8 0
$#40e.6 0
;g91.a 0
$#42f.8 0
$#40f.6 0
;g92.a 0
$#430.8 0
;g93.a 0
$#431.8 0
$#410.6 0
$#411.6 0
;g94.a 0
$#432.8 0
$#412.6 0
;g95.a 0
$#433.8 0
$#413.6 0
;g96.a 0
$#434.8 0
;g97.a 0
$#435.8 0

Face

ChildCount 0

NameCount 25
0
$#3ff.4 0
$#414.4 0
$#415.4 0
$#416.4 0
$#3ff.5 0
$#418.7 0
$#400.4 0
$#419.4 0
$#41a.4 0
$#41b.4 0
$#400.5 0
$#41c.7 0
$#401.4 0
$#41d.4 0
$#41e.4 0
$#41f.4 0
$#401.5 0
$#420.7 0
$#402.4 0
$#421.4 0
$#422.4 0
$#423.4 0
$#402.5 0
$#424.7 0

Vertex

ChildCount 0

NameCount 33
0
;g82v1.b 0
$#437.9 0
;g82v2.b 0
$#438.9 0
;g83v1.b 0
$#439.9 0
;g84v1.b 0
$#43a.9 0
;g86v1.b 0
$#43b.9 0
;g86v2.b 0
$#43c.9 0
;g87v2.b 0
$#43d.9 0
;g88v2.b 0
$#43e.9 0
;g90v1.b 0
$#43f.9 0
;g90v2.b 0
$#440.9 0
;g91v2.b 0
$#441.9 0
;g92v1.b 0
$#442.9 0
;g94v1.b 0
$#443.9 0
;g94v2.b 0
$#444.9 0
;g95v2.b 0
$#445.9 0
;g96v2.b 0
$#446.9 0

EndMap
]]>
      </ElementMap2>
    </Property>
    <Property name="AddSubType" type="App::PropertyEnumeration">
      <Integer value="0"/>
    </Property>
    <Property name="AllowMultiFace" type="App::PropertyBool">
      <Bool value="true"/>
    </Property>
    <Property name="AlongSketchNormal" type="App::PropertyBool">
      <Bool value="false"/>
    </Property>
    <Property name="AutoTaperInnerAngle" type="App::PropertyBool">
      <Bool value="true"/>
    </Property>
    <Property name="BaseFeature" type="App::PropertyLink" status="8">
      <Link value="Pad001"/>
    </Property>
    <Property name="CheckUpToFaceLimits" type="App::PropertyBool">
      <Bool value="true"/>
    </Property>
    <Property name="ClaimChildren" type="App::PropertyBool" status="134217728">
      <Bool value="false"/>
    </Property>
    <Property name="ColoredElements" type="App::PropertyLinkSubHidden" status="218103808">
      <LinkSub value="" count="0">
      </LinkSub>
    </Property>
    <Property name="Direction" type="App::PropertyVector" status="4">
      <PropertyVector valueX="1" valueY="-3e-16" valueZ="4e-16"/>
    </Property>
    <Property name="ExpressionEngine" type="App::PropertyExpressionEngine" status="67108864">
      <ExpressionEngine count="0"></ExpressionEngine>
    </Property>
    <Property name="Fit" type="App::PropertyDistance">
      <Float value="0"/>
    </Property>
    <Property name="FitJoin" type="App::PropertyEnumeration">
      <Integer value="0"/>
    </Property>
    <Property name="FixShape" type="App::PropertyEnumeration">
      <Integer value="0"/>
    </Property>
    <Property name="InnerFit" type="App::PropertyDistance">
      <Float value="0"/>
    </Property>
    <Property name="InnerFitJoin" type="App::PropertyEnumeration">
      <Integer value="0"/>
    </Property>
    <Property name="InvalidShape" type="App::PropertyBool" status="67108864">
      <Bool value="false"/>
    </Property>
    <Property name="Label" type="App::PropertyString" status="134217728">
      <String value="Pad003"/>
    </Property>
    <Property name="Label2" type="App::PropertyString" status="128">
      <String value=""/>
    </Property>
    <Property name="Length" type="App::PropertyLength">
      <Float value="1.5"/>
    </Property>
    <Property name="Length2" type="App::PropertyLength" status="4">
      <Float value="10"/>
    </Property>
    <Property name="Linearize" type="App::PropertyBool">
      <Bool value="true"/>
    </Property>
    <Property name="Midplane" type="App::PropertyBool">
      <Bool value="false"/>
    </Property>
    <Property name="NewSolid" type="App::PropertyBool">
      <Bool value="false"/>
    </Property>
    <Property name="Offset" type="App::PropertyLength" status="4">
      <Float value="0"/>
    </Property>
    <Property name="Placement" type="App::PropertyPlacement" status="8388620">
      <PropertyPlacement Px="0" Py="0" Pz="0" Q0="0" Q1="0" Q2="0" Q3="1" A="0" Ox="0" Oy="0" Oz="1"/>
    </Property>
    <Property name="Profile" type="App::PropertyLinkSub">
      <LinkSub value="Sketch004" count="1">
        <Sub value=""/>
      </LinkSub>
    </Property>
    <Property name="ReferenceAxis" type="App::PropertyLinkSub">
      <LinkSub value="Sketch004" count="1">
        <Sub value="N_Axis"/>
      </LinkSub>
    </Property>
    <Property name="Refine" type="App::PropertyBool">
      <Bool value="false"/>
    </Property>
    <Property name="Reversed" type="App::PropertyBool">
      <Bool value="false"/>
    </Property>
    <Property name="Shape" type="Part::PropertyPartShape">
      <Part HasherIndex="0" ElementMap="1.15.70200.4" brep="1">
<![CDATA[

CASCADE Topology V1, (c) Matra-Datavision
Locations 13
1
              1               0               0               0 
              0               1               0               0 
              0               0               1               0 
1
              1               0               0               0 
              0               1               0               0 
              0               0               1               0 
1
2.22044604925031e-16 -3.33066907387547e-16               1               0 
              1 3.33066907387547e-16 -2.22044604925031e-16               0 
-3.33066907387547e-16               1 3.33066907387547e-16               0 
2  2 1 3 1 0
1
              1               0               0            2.45 
              0               1               0 -8.1601392309949e-16 
              0               0               1 9.52016243616072e-16 
2  2 1 3 1 5 1 0
1
              1               0               0               0 
              0               1               0               0 
              0               0               1               0 
1
2.22044604925031e-16 -3.33066907387547e-16               1               0 
              1 3.33066907387547e-16 -2.22044604925031e-16               0 
-3.33066907387547e-16               1 3.33066907387547e-16               0 
1
              1               0               0             1.5 
              0               1               0 -4.9960036108132e-16 
              0               0               1 5.82867087928207e-16 
2  7 1 8 1 9 1 0
2  9 -1 8 -1 7 -1 0
2  7 1 8 1 0
2  8 -1 7 -1 0
Curve2ds 64
8 -4.1078189242772902 -0.10781892427728874
1 -0.92921822379925345 -0.23108318949156867 -0.13052619222005135 0.99144486137381049 
8 -4.1078189242772902 -0.10781892427728874
1 -0.10781892427728955 -3.2000000000000006 -1 -2.2014498254870006e-16 
8 -2.0757155209455345 -0.47571552094553349
1 -0.44349932144686166 -0.2758863723961405 0.99144486137381049 0.13052619222005121 
8 -2.0757155209455345 -0.47571552094553349
1 -0.4757155209455341 -3.2000000000000002 -1 -2.8982636783870096e-17 
8 -4.1078189242772911 -0.10781892427728854
1 -2.5155300019973503 -0.43992509704365074 -0.13052619222005135 0.99144486137381049 
8 -4.1078189242772911 -0.10781892427728854
1 -0.1078189242772894 -3.2000000000000002 -1 -2.2014498254870006e-16 
8 -2.0757155209455349 -0.47571552094553393
1 0.078605447433344189 -4.2416658178913824 0.99144486137381049 0.13052619222005146 
8 -2.0757155209455349 -0.47571552094553393
1 -0.47571552094553454 -3.1999999999999993 -1 -2.8982636783869991e-17 
8 -0.32428447905445745 1.275715520945544
1 0.8126060073089052 -15.945991649741009 -0.99144486137381027 -0.13052619222005252 
8 -0.32428447905445745 1.275715520945544
1 1.275715520945544 -3.1999999999999966 -1 2.8982636783870293e-17 
8 -11.957818924277294 -7.9578189242772917
1 -1.4908993930699488 -8.2227672588280658 -0.13052619222005143 0.99144486137381049 
8 -11.957818924277294 -7.9578189242772917
1 -7.9578189242772925 -3.1999999999999988 -1 -2.2014498254870004e-16 
8 -0.32428447905447721 1.2757155209455247
1 1.334710776189092 -19.911771095236254 -0.9914448613738106 -0.13052619222005032 
8 -0.32428447905447721 1.2757155209455247
1 1.2757155209455247 -3.1999999999999957 -1 2.898263678386985e-17 
8 5.9578189242772908 9.9578189242772943
1 0.35646476956825257 -9.9968150740236048 0.13052619222005141 -0.99144486137381049 
8 5.9578189242772908 9.9578189242772943
1 9.9578189242772925 -3.1999999999999984 -1 2.2014498254870004e-16 
8 -1.8921810757227053 2.1078189242772964
1 -0.66816583935915119 2.2139729122391945 0.13052619222005157 0.99144486137381049 
8 -1.8921810757227053 2.1078189242772964
1 2.1078189242772956 -3.2000000000000015 -1 -2.2014498254870004e-16 
8 -2.0757155209455354 -0.47571552094553549
1 0.078605447433346853 4.2416658178913931 0.99144486137381049 -0.13052619222005216 
8 -2.0757155209455354 -0.47571552094553549
1 -0.47571552094553587 -3.2000000000000015 -1 2.8982636783870096e-17 
8 -1.8921810757227049 2.1078189242772969
1 -2.2544776175572472 2.4228148197912769 0.13052619222005166 0.99144486137381049 
8 -1.8921810757227049 2.1078189242772969
1 2.107818924277296 -3.2000000000000011 -1 -2.2014498254869999e-16 
8 -2.0757155209455349 -0.4757155209455346
1 -0.44349932144686033 0.27588637239615127 0.99144486137381049 -0.13052619222005163 
8 -2.0757155209455349 -0.4757155209455346
1 -0.47571552094553499 -3.2000000000000006 -1 2.898263678387009e-17 
8 5.9578189242772899 9.9578189242772979
1 0.35646476956825701 9.9968150740236084 0.13052619222005141 0.99144486137381049 
8 5.9578189242772899 9.9578189242772979
1 9.9578189242772961 -3.2000000000000028 -1 -2.2014498254870004e-16 
8 -2.0757155209455287 -0.47571552094552771
1 2.1278666652881499 19.807350141460219 0.99144486137381049 -0.13052619222005096 
8 -2.0757155209455287 -0.47571552094552771
1 -0.47571552094552805 -3.2000000000000046 -1 2.8982636783869899e-17 
8 5.9578189242772961 9.9578189242772979
1 -1.2298470086298403 10.205656981575689 0.13052619222005141 0.99144486137381049 
8 5.9578189242772961 9.9578189242772979
1 9.9578189242772961 -3.2000000000000028 -1 -2.2014498254870004e-16 
8 -0.32428447905445368 1.2757155209455475
1 0.81260600730891497 15.945991649741018 -0.99144486137381027 0.13052619222005318 
8 -0.32428447905445368 1.2757155209455475
1 1.2757155209455475 -3.2000000000000042 -1 -2.8982636783870336e-17 
8 -4.1078189242772902 -0.10781892427728861
1 -0.92921822379925345 -0.23108318949156906 -0.13052619222005135 0.99144486137381049 
8 -4.1078189242772902 -0.10781892427728861
1 -0.10781892427728941 -5.6500000000000004 -1 -2.2014498254870006e-16 
8 -2.0757155209455345 -0.4757155209455336
1 -0.44349932144686166 -0.2758863723961405 0.99144486137381049 0.13052619222005121 
8 -2.0757155209455345 -0.4757155209455336
1 -0.47571552094553421 -5.6500000000000004 -1 -2.8982636783870096e-17 
8 -4.1078189242772911 -0.10781892427728844
1 -2.5155300019973503 -0.43992509704365113 -0.13052619222005135 0.99144486137381049 
8 -4.1078189242772911 -0.10781892427728844
1 -0.1078189242772893 -5.6500000000000004 -1 -2.2014498254870006e-16 
8 -2.0757155209455349 -0.47571552094553404
1 0.078605447433344189 -4.2416658178913824 0.99144486137381049 0.13052619222005146 
8 -2.0757155209455349 -0.47571552094553404
1 -0.47571552094553465 -5.6499999999999995 -1 -2.8982636783869991e-17 
8 -0.32428447905445723 1.2757155209455442
1 0.8126060073089052 -15.945991649741009 -0.99144486137381027 -0.13052619222005252 
8 -0.32428447905445723 1.2757155209455442
1 1.2757155209455442 -5.6499999999999959 -1 2.8982636783870293e-17 
8 -11.957818924277294 -7.9578189242772917
1 -1.4908993930699488 -8.2227672588280676 -0.13052619222005143 0.99144486137381049 
8 -11.957818924277294 -7.9578189242772917
1 -7.9578189242772925 -5.6499999999999995 -1 -2.2014498254870004e-16 
8 -0.3242844790544781 1.2757155209455238
1 1.3347107761890911 -19.911771095236254 -0.9914448613738106 -0.13052619222005032 
8 -0.3242844790544781 1.2757155209455238
1 1.2757155209455238 -5.649999999999995 -1 2.898263678386985e-17 
8 5.9578189242772908 9.9578189242772943
1 0.35646476956825257 -9.9968150740236048 0.13052619222005141 -0.99144486137381049 
8 5.9578189242772908 9.9578189242772943
1 9.9578189242772925 -5.6499999999999986 -1 2.2014498254870004e-16 
8 -1.8921810757227049 2.1078189242772969
1 -0.66816583935915119 2.2139729122391936 0.13052619222005157 0.99144486137381049 
8 -1.8921810757227049 2.1078189242772969
1 2.107818924277296 -5.6500000000000012 -1 -2.2014498254870004e-16 
8 -2.0757155209455354 -0.47571552094553538
1 0.078605447433346853 4.241665817891394 0.99144486137381049 -0.13052619222005216 
8 -2.0757155209455354 -0.47571552094553538
1 -0.47571552094553576 -5.6500000000000021 -1 2.8982636783870096e-17 
8 -1.8921810757227049 2.1078189242772969
1 -2.2544776175572472 2.4228148197912764 0.13052619222005166 0.99144486137381049 
8 -1.8921810757227049 2.1078189242772969
1 2.107818924277296 -5.6500000000000012 -1 -2.2014498254869999e-16 
8 -2.0757155209455354 -0.47571552094553465
1 -0.44349932144686033 0.27588637239615121 0.99144486137381049 -0.13052619222005163 
8 -2.0757155209455354 -0.47571552094553465
1 -0.47571552094553504 -5.6500000000000004 -1 2.898263678387009e-17 
8 5.9578189242772917 9.9578189242772996
1 0.35646476956825701 9.9968150740236066 0.13052619222005141 0.99144486137381049 
8 5.9578189242772917 9.9578189242772996
1 9.9578189242772979 -5.650000000000003 -1 -2.2014498254870004e-16 
8 -2.0757155209455291 -0.47571552094552788
1 2.1278666652881499 19.807350141460219 0.99144486137381049 -0.13052619222005096 
8 -2.0757155209455291 -0.47571552094552788
1 -0.47571552094552821 -5.6500000000000048 -1 2.8982636783869899e-17 
8 5.9578189242772979 9.9578189242772996
1 -1.2298470086298403 10.205656981575688 0.13052619222005141 0.99144486137381049 
8 5.9578189242772979 9.9578189242772996
1 9.9578189242772979 -5.650000000000003 -1 -2.2014498254870004e-16 
8 -0.32428447905445479 1.2757155209455464
1 0.81260600730891408 15.945991649741019 -0.99144486137381027 0.13052619222005318 
8 -0.32428447905445479 1.2757155209455464
1 1.2757155209455464 -5.6500000000000039 -1 -2.8982636783870336e-17 
Curves 84
1 -6.9983899285984274e-15 -21.266492276468234 6.8343026654407213 1 -3.3306690738754696e-16 3.8857805861880479e-16 
1 -1.3437637144077918e-15 -5.6506413407306954e-15 4.0345158423206122 1 -3.3306690738754696e-16 3.8857805861880479e-16 
1 -21.266492276468238 6.8343026654407142 0 0.99144486137381049 -0.13052619222005141 0 
1 -5.7934505804417055e-15 -21.788597045348443 2.8685232199454784 1 -3.3306690738754696e-16 3.8857805861880479e-16 
1 -21.266492276468238 6.8343026654407142 0 -0.1305261922200511 -0.99144486137381049 0 
1 2.4458298227408098e-15 21.266492276468238 6.8343026654407124 1 -3.3306690738754696e-16 3.8857805861880479e-16 
1 -6.8833827526759706e-15 4.0345158423206122 0 0.99144486137381049 0.13052619222005157 0 
1 0 0 0 -0.99144486137381049 0.13052619222005138 0 
1 21.266492276468234 6.8343026654407195 0 0.13052619222005024 -0.99144486137381072 0 
1 0 0 0 0.99144486137381038 0.13052619222005166 0 
1 -4.3104742023923493e-16 0.23108318949156836 2.6024265285264176 4.3473955175804996e-17 -0.99144486137381049 -0.13052619222005135 
1 -1.0369135227554827e-15 0.27588637239614022 3.0881454308788094 -3.3021747382305028e-16 -0.13052619222005121 0.99144486137381049 
1 5.5171163744236587e-17 0.43992509704365046 1.0161147503283208 4.3473955175804996e-17 -0.99144486137381049 -0.13052619222005135 
1 -6.7977222325703007e-16 4.2416658178913824 3.6102501997590153 -3.3021747382305028e-16 -0.13052619222005146 0.99144486137381049 
1 -1.378184070885555e-15 15.945991649741009 4.3442507596345763 3.3021747382305023e-16 0.13052619222005252 -0.99144486137381027 
1 -1.6687344118079438e-16 8.2227672588280658 2.0407453592557223 4.3473955175805021e-17 -0.99144486137381049 -0.13052619222005143 
1 -1.6871765861621899e-15 19.911771095236254 4.8663555285147631 3.3021747382305033e-16 0.13052619222005032 -0.9914448613738106 
1 -8.7513663008929755e-16 9.9968150740236048 3.8881095218939237 -4.3473955175805015e-17 0.99144486137381049 0.13052619222005141 
1 -4.3104742023923473e-16 -2.2139729122391949 2.8634789129665199 -4.347395517580507e-17 -0.99144486137381049 0.13052619222005157 
1 -6.7977222325703085e-16 -4.2416658178913931 3.610250199759018 -3.3021747382305028e-16 0.13052619222005216 0.99144486137381049 
1 5.5171163744236735e-17 -2.4228148197912773 1.2771671347684239 -4.3473955175805095e-17 -0.99144486137381049 0.13052619222005166 
1 -5.9282431290542022e-16 -0.27588637239615155 3.0881454308788108 -3.3021747382305028e-16 0.13052619222005163 0.99144486137381049 
1 -8.7513663008929814e-16 -9.9968150740236084 3.8881095218939281 -4.3473955175805015e-17 -0.99144486137381049 0.13052619222005141 
1 -1.9092211910872236e-15 -19.807350141460219 5.659511417613821 -3.3021747382305028e-16 0.13052619222005096 0.99144486137381049 
1 -3.8891804610582647e-16 -10.205656981575689 2.3017977436958308 -4.3473955175805015e-17 -0.99144486137381049 0.13052619222005141 
1 -9.3409486103549439e-16 -15.945991649741018 4.3442507596345861 3.3021747382305023e-16 -0.13052619222005318 -0.99144486137381027 
1 2.4499999999999997 0.23108318949156795 2.6024265285264185 4.3473955175804996e-17 -0.99144486137381049 -0.13052619222005135 
1 2.4499999999999993 0.27588637239613939 3.0881454308788103 -3.3021747382305028e-16 -0.13052619222005121 0.99144486137381049 
1 2.4500000000000002 0.43992509704365002 1.0161147503283217 4.3473955175804996e-17 -0.99144486137381049 -0.13052619222005135 
1 2.4499999999999993 4.2416658178913815 3.6102501997590162 -3.3021747382305028e-16 -0.13052619222005146 0.99144486137381049 
1 2.4499999999999984 15.945991649741007 4.3442507596345772 3.3021747382305023e-16 0.13052619222005252 -0.99144486137381027 
1 2.4500000000000002 8.2227672588280658 2.0407453592557232 4.3473955175805021e-17 -0.99144486137381049 -0.13052619222005143 
1 2.4499999999999984 19.911771095236254 4.8663555285147631 3.3021747382305033e-16 0.13052619222005032 -0.9914448613738106 
1 2.4499999999999993 9.996815074023603 3.8881095218939246 -4.3473955175805015e-17 0.99144486137381049 0.13052619222005141 
1 2.4500000000000002 -2.2139729122391949 2.8634789129665208 -4.347395517580507e-17 -0.99144486137381049 0.13052619222005157 
1 2.4499999999999997 -4.2416658178913949 3.6102501997590188 -3.3021747382305028e-16 0.13052619222005216 0.99144486137381049 
1 2.4500000000000002 -2.4228148197912778 1.2771671347684248 -4.3473955175805095e-17 -0.99144486137381049 0.13052619222005166 
1 2.4499999999999993 -0.27588637239615232 3.0881454308788117 -3.3021747382305028e-16 0.13052619222005163 0.99144486137381049 
1 2.4499999999999993 -9.9968150740236084 3.888109521893929 -4.3473955175805015e-17 -0.99144486137381049 0.13052619222005141 
1 2.4499999999999984 -19.807350141460219 5.6595114176138219 -3.3021747382305028e-16 0.13052619222005096 0.99144486137381049 
1 2.4499999999999997 -10.205656981575689 2.3017977436958317 -4.3473955175805015e-17 -0.99144486137381049 0.13052619222005141 
1 2.4499999999999993 -15.945991649741021 4.3442507596345861 3.3021747382305023e-16 -0.13052619222005318 -0.99144486137381027 
1 0 0 0 1 -3.3306690738754696e-16 3.8857805861880479e-16 
1 3.8826302651684901e-15 21.788597045348435 2.8685232199454695 1 -3.3306690738754696e-16 3.8857805861880479e-16 
1 -3.2000000000000002 4.3037591534203816 3.1386044910417987 1 -3.3306690738754696e-16 3.8857805861880479e-16 
1 -3.2000000000000011 0.33797970792513976 2.6164997221615933 1 -3.3306690738754696e-16 3.8857805861880479e-16 
1 0.33797970792513787 2.6164997221615947 0 0.9914448613738106 0.13052619222005049 0 
1 -6.9042028349808598e-16 0.93284662474942603 2.6948154374936246 1 -3.3306690738754696e-16 3.8857805861880479e-16 
1 0.93284662474942515 2.6948154374936251 0 0.13052619222005185 -0.99144486137381038 0 
1 -3.1999999999999997 4.5126010609724645 1.5522927128437016 1 -3.3306690738754696e-16 3.8857805861880479e-16 
1 -3.2000000000000002 0.54682161547722175 1.0301879439634962 1 -3.3306690738754696e-16 3.8857805861880479e-16 
1 0.54682161547722075 1.030187943963498 0 0.99144486137381049 0.13052619222005157 0 
1 -1.1570010652701365e-16 1.1416885323015085 1.1085036592955286 1 -3.3306690738754696e-16 3.8857805861880479e-16 
1 -3.1999999999999984 15.903664031493971 4.6657609400163995 1 -3.3306690738754696e-16 3.8857805861880479e-16 
1 -3.1999999999999975 16.112505939046052 3.0794491618183022 1 -3.3306690738754696e-16 3.8857805861880479e-16 
1 19.274576560164924 5.1095499935645812 0 0.13052619222005285 -0.99144486137381027 0 
1 3.1527138998715474e-15 19.483418467717009 3.5232382153664776 1 -3.3306690738754696e-16 3.8857805861880479e-16 
1 20.078285384541292 3.6015539306985156 0 -0.99144486137381027 -0.13052619222005271 0 
1 -3.1999999999999971 20.078285384541292 3.6015539306985076 1 -3.3306690738754696e-16 3.8857805861880479e-16 
1 -3.1999999999999975 19.869443476989211 5.1878657088966058 1 -3.3306690738754696e-16 3.8857805861880479e-16 
1 19.274576560164924 5.1095499935645812 0 0.99144486137381027 0.13052619222005266 0 
1 2.5779937229004743e-15 19.274576560164924 5.109549993564575 1 -3.3306690738754696e-16 3.8857805861880479e-16 
1 -1.1416885323015187 1.1085036592955289 0 0.13052619222005069 0.9914448613738106 0 
1 -1.104687403994359e-15 -0.93284662474943669 2.6948154374936264 1 -3.3306690738754696e-16 3.8857805861880479e-16 
1 -0.93284662474943758 2.694815437493626 0 0.99144486137381049 -0.13052619222005121 0 
1 -3.2000000000000011 -0.33797970792514925 2.6164997221615938 1 -3.3306690738754696e-16 3.8857805861880479e-16 
1 -3.2000000000000024 -4.3037591534203914 3.1386044910418001 1 -3.3306690738754696e-16 3.8857805861880479e-16 
1 -3.2000000000000015 -4.5126010609724743 1.5522927128437038 1 -3.3306690738754696e-16 3.8857805861880479e-16 
1 -6.2271166473167026e-16 -1.1416885323015182 1.1085036592955293 1 -3.3306690738754696e-16 3.8857805861880479e-16 
1 -0.54682161547723318 1.0301879439634982 0 -0.99144486137381049 0.13052619222005124 0 
1 -3.2000000000000006 -0.54682161547723174 1.0301879439634971 1 -3.3306690738754696e-16 3.8857805861880479e-16 
1 -3.2000000000000051 -15.903664031493971 4.6657609400164057 1 -3.3306690738754696e-16 3.8857805861880479e-16 
1 -3.2000000000000064 -19.869443476989218 5.1878657088966111 1 -3.3306690738754696e-16 3.8857805861880479e-16 
1 -19.869443476989218 5.1878657088966058 0 0.99144486137381072 -0.13052619222004977 0 
1 -5.9816377518977046e-15 -19.274576560164931 5.1095499935645821 1 -3.3306690738754696e-16 3.8857805861880479e-16 
1 -19.483418467717012 3.5232382153664776 0 0.1305261922200506 0.9914448613738106 0 
1 -3.2000000000000046 -16.112505939046059 3.0794491618183084 1 -3.3306690738754696e-16 3.8857805861880479e-16 
1 -3.200000000000006 -20.078285384541299 3.6015539306985138 1 -3.3306690738754696e-16 3.8857805861880479e-16 
1 -20.078285384541299 3.6015539306985094 0 0.99144486137381027 -0.13052619222005266 0 
1 -5.4996620126350159e-15 -19.483418467717012 3.5232382153664843 1 -3.3306690738754696e-16 3.8857805861880479e-16 
1 0.33797970792513787 2.6164997221615947 0 0.1305261922200518 -0.99144486137381038 0 
1 19.869443476989211 5.1878657088966129 0 0.13052619222005066 -0.9914448613738106 0 
1 -0.33797970792515031 2.6164997221615951 0 -0.1305261922200518 -0.99144486137381049 0 
1 -20.078285384541299 3.6015539306985094 0 0.13052619222005071 0.99144486137381049 0 
Polygon3D 0
PolygonOnTriangulations 0
Surfaces 31
1 -6.9983899285984274e-15 -21.266492276468234 6.8343026654407213 -3.4177976428442018e-16 0.13052619222005171 0.99144486137381038 2.6361893772450516e-16 0.99144486137381038 -0.13052619222005171 -1 2.1675242995787096e-16 -3.7326496715961517e-16 
1 -6.9983899285984274e-15 -21.266492276468234 6.8343026654407213 3.8093708819482278e-16 0.99144486137381049 -0.13052619222005143 3.0123483703918028e-16 -0.13052619222005143 -0.99144486137381049 -1 3.3835908235470711e-16 -3.4837999884673654e-16 
1 -1.3437637144077918e-15 -5.5396190382681798e-15 4.0345158423206122 -4.2872767463603027e-16 -0.13052619222005124 0.99144486137381049 1.7667102737289516e-16 0.99144486137381049 0.13052619222005124 -1 2.3111977311208678e-16 -4.019996534680467e-16 
1 -1.1762739956485712e-15 -2.996388465904192e-16 3.5316447523256711 1 0 3.3306690738754696e-16 -3.3306690738754696e-16 0 1 0 -1 0 
1 -3.2000000000000011 0.33797970792513976 2.6164997221615933 -4.2872767463603032e-16 -0.13052619222005135 0.99144486137381049 1.7667102737289506e-16 0.99144486137381049 0.13052619222005135 -1 2.3111977311208673e-16 -4.0199965346804665e-16 
1 -3.2000000000000011 0.33797970792513976 2.6164997221615933 2.7949785945127782e-16 0.99144486137381049 0.13052619222005121 3.5920011060692111e-16 0.13052619222005121 -0.99144486137381049 -1 3.2399173920049154e-16 -3.1964531253830598e-16 
1 -3.2000000000000002 0.54682161547722175 1.0301879439634962 -4.2872767463603032e-16 -0.13052619222005135 0.99144486137381049 1.7667102737289506e-16 0.99144486137381049 0.13052619222005135 -1 2.3111977311208673e-16 -4.0199965346804665e-16 
1 -3.2000000000000002 4.3037591534203816 3.1386044910417987 2.7949785945127772e-16 0.99144486137381049 0.13052619222005146 3.5920011060691968e-16 0.13052619222005146 -0.99144486137381049 -1 3.2399173920049129e-16 -3.1964531253830441e-16 
1 -3.1999999999999975 16.112505939046052 3.0794491618183022 -2.7949785945127727e-16 -0.99144486137381027 -0.13052619222005252 -3.5920011060692052e-16 -0.13052619222005252 0.99144486137381027 -1 3.2399173920049134e-16 -3.19645312538305e-16 
1 -3.1999999999999975 16.112505939046052 3.0794491618183022 -4.2872767463603032e-16 -0.13052619222005143 0.99144486137381049 1.7667102737289504e-16 0.99144486137381049 0.13052619222005143 -1 2.3111977311208673e-16 -4.0199965346804665e-16 
1 -3.1999999999999971 20.078285384541292 3.6015539306985076 -2.7949785945127821e-16 -0.9914448613738106 -0.13052619222005032 -3.5920011060692017e-16 -0.13052619222005032 0.9914448613738106 -1 3.2399173920049149e-16 -3.1964531253830524e-16 
1 -3.1999999999999975 19.869443476989211 5.1878657088966058 4.2872767463603032e-16 0.13052619222005141 -0.99144486137381049 -1.7667102737289506e-16 -0.99144486137381049 -0.13052619222005141 -1 2.3111977311208673e-16 -4.0199965346804665e-16 
