<?xml version='1.0' encoding='utf-8'?>
<!-- FreeCAD DocumentObject -->
<Document SchemaVersion="4" FileVersion="2">
<Object name="Pad001">
  <Properties Count="47" TransientCount="2">
    <_Property name="_Body" type="App::PropertyLinkHidden" status="251658241"/>
    <_Property name="_ElementMapVersion" type="App::PropertyString" status="234881024"/>
    <Property name="AddSubShape" type="Part::PropertyPartShape">
      <Part HasherIndex="0" ElementMap="1.15.70200.4" brep="1">
<![CDATA[

CASCADE Topology V1, (c) Matra-Datavision
Locations 8
1
              1               0               0               0 
              0               1               0               0 
              0               0               1               0 
1
2.22044604925031e-16 -3.33066907387547e-16               1               0 
              1 3.33066907387547e-16 -2.22044604925031e-16               0 
-3.33066907387547e-16               1 3.33066907387547e-16               0 
1
              1               0               0            -3.2 
              0               1               0 1.06581410364015e-15 
              0               0               1 -1.24344978758018e-15 
2  1 1 2 1 3 1 0
1
              1               0               0             7.8 
              0               1               0 -2.59792187762287e-15 
              0               0               1 3.03090885722668e-15 
2  1 1 2 1 3 1 5 1 0
2  1 1 2 1 0
2  3 1 5 1 0
Curve2ds 0
Curves 32
1 -3.2000000000000064 -19.869443476989218 5.1878657088966111 1 -3.3306690738754696e-16 3.8857805861880479e-16 
1 -3.2000000000000051 -15.903664031493971 4.6657609400164057 1 -3.3306690738754696e-16 3.8857805861880479e-16 
1 -19.869443476989218 5.1878657088966058 0 0.99144486137381049 -0.13052619222005107 0 
1 -3.2000000000000046 -16.112505939046059 3.0794491618183084 1 -3.3306690738754696e-16 3.8857805861880479e-16 
1 -16.112505939046059 3.0794491618183044 0 0.13052619222005285 0.99144486137381027 0 
1 -3.200000000000006 -20.078285384541299 3.6015539306985138 1 -3.3306690738754696e-16 3.8857805861880479e-16 
1 -20.078285384541299 3.6015539306985085 0 0.99144486137381049 -0.13052619222005107 0 
1 -19.869443476989218 5.1878657088966058 0 -0.13052619222005066 -0.9914448613738106 0 
1 -3.2000000000000024 -4.3037591534203914 3.1386044910418001 1 -3.3306690738754696e-16 3.8857805861880479e-16 
1 -3.2000000000000011 -0.33797970792514925 2.6164997221615938 1 -3.3306690738754696e-16 3.8857805861880479e-16 
1 -4.3037591534203932 3.1386044910418001 0 0.99144486137381049 -0.13052619222005124 0 
1 -3.2000000000000006 -0.54682161547723174 1.0301879439634971 1 -3.3306690738754696e-16 3.8857805861880479e-16 
1 -0.3379797079251512 2.6164997221615951 0 -0.1305261922200513 -0.99144486137381049 0 
1 -3.2000000000000015 -4.5126010609724743 1.5522927128437038 1 -3.3306690738754696e-16 3.8857805861880479e-16 
1 -4.512601060972476 1.5522927128437036 0 0.99144486137381049 -0.13052619222005132 0 
1 -4.3037591534203932 3.1386044910418001 0 -0.13052619222005182 -0.99144486137381049 0 
1 -3.2000000000000011 0.33797970792513976 2.6164997221615933 1 -3.3306690738754696e-16 3.8857805861880479e-16 
1 -3.2000000000000002 4.3037591534203816 3.1386044910417987 1 -3.3306690738754696e-16 3.8857805861880479e-16 
1 0.33797970792513782 2.6164997221615947 0 0.99144486137381049 0.13052619222005168 0 
1 -3.1999999999999997 4.5126010609724645 1.5522927128437016 1 -3.3306690738754696e-16 3.8857805861880479e-16 
1 4.3037591534203798 3.1386044910418014 0 0.1305261922200518 -0.99144486137381049 0 
1 -3.2000000000000002 0.54682161547722175 1.0301879439634962 1 -3.3306690738754696e-16 3.8857805861880479e-16 
1 0.5468216154772203 1.0301879439634978 0 0.99144486137381038 0.13052619222005166 0 
1 0.33797970792513782 2.6164997221615947 0 0.13052619222005155 -0.99144486137381049 0 
1 -3.1999999999999975 19.869443476989211 5.1878657088966058 1 -3.3306690738754696e-16 3.8857805861880479e-16 
1 -3.1999999999999984 15.903664031493971 4.6657609400163995 1 -3.3306690738754696e-16 3.8857805861880479e-16 
1 19.869443476989211 5.1878657088966129 0 -0.99144486137381049 -0.13052619222005174 0 
1 -3.1999999999999975 16.112505939046052 3.0794491618183022 1 -3.3306690738754696e-16 3.8857805861880479e-16 
1 16.112505939046052 3.0794491618183089 0 -0.13052619222005285 0.99144486137381027 0 
1 -3.1999999999999971 20.078285384541292 3.6015539306985076 1 -3.3306690738754696e-16 3.8857805861880479e-16 
1 16.112505939046052 3.0794491618183089 0 0.99144486137381038 0.13052619222005174 0 
1 20.078285384541292 3.6015539306985156 0 -0.13052619222005066 0.9914448613738106 0 
Polygon3D 0
PolygonOnTriangulations 0
Surfaces 20
1 -3.2000000000000064 -19.869443476989218 5.1878657088966111 -3.4177976428442028e-16 0.13052619222005141 0.99144486137381049 2.6361893772450511e-16 0.99144486137381049 -0.13052619222005141 -1 2.1675242995787101e-16 -3.7326496715961512e-16 
1 -3.2000000000000046 -16.112505939046059 3.0794491618183084 -3.8093708819482342e-16 -0.99144486137381027 0.13052619222005318 -3.0123483703918033e-16 0.13052619222005318 0.99144486137381027 -1 3.3835908235470711e-16 -3.4837999884673723e-16 
1 -3.200000000000006 -20.078285384541299 3.6015539306985138 -3.4177976428442028e-16 0.13052619222005141 0.99144486137381049 2.6361893772450511e-16 0.99144486137381049 -0.13052619222005141 -1 2.1675242995787101e-16 -3.7326496715961512e-16 
1 -3.2000000000000064 -19.869443476989218 5.1878657088966111 3.8093708819482264e-16 0.99144486137381049 -0.13052619222005096 3.0123483703918038e-16 -0.13052619222005096 -0.99144486137381049 -1 3.3835908235470716e-16 -3.4837999884673654e-16 
1 -1.0355139500639798e-15 -5.6304167677418662e-15 3.1090268264300538 1 0 3.3306690738754736e-16 -3.3306690738754736e-16 0 1 0 -1 0 
1 -3.2000000000000024 -4.3037591534203914 3.1386044910418001 -3.4177976428442023e-16 0.13052619222005157 0.99144486137381049 2.6361893772450516e-16 0.99144486137381049 -0.13052619222005157 -1 2.1675242995787101e-16 -3.7326496715961512e-16 
1 -3.2000000000000011 -0.33797970792514925 2.6164997221615938 3.8093708819482288e-16 0.99144486137381049 -0.13052619222005163 3.0123483703918023e-16 -0.13052619222005163 -0.99144486137381049 -1 3.3835908235470711e-16 -3.4837999884673654e-16 
1 -3.2000000000000015 -4.5126010609724743 1.5522927128437038 -3.4177976428442018e-16 0.13052619222005166 0.99144486137381049 2.6361893772450516e-16 0.99144486137381049 -0.13052619222005166 -1 2.1675242995787096e-16 -3.7326496715961507e-16 
1 -3.2000000000000024 -4.3037591534203914 3.1386044910418001 3.8093708819482308e-16 0.99144486137381049 -0.13052619222005216 3.0123483703918008e-16 -0.13052619222005213 -0.99144486137381027 -1 3.3835908235470721e-16 -3.4837999884673673e-16 
1 -1.0355139500639798e-15 -5.6304167677418662e-15 3.1090268264300538 1 0 3.3306690738754736e-16 -3.3306690738754736e-16 0 1 0 -1 0 
1 -3.2000000000000011 0.33797970792513976 2.6164997221615933 -4.2872767463603032e-16 -0.13052619222005135 0.99144486137381049 1.7667102737289506e-16 0.99144486137381049 0.13052619222005135 -1 2.3111977311208673e-16 -4.0199965346804665e-16 
1 -3.2000000000000002 4.3037591534203816 3.1386044910417987 2.7949785945127772e-16 0.99144486137381049 0.13052619222005146 3.5920011060691973e-16 0.13052619222005146 -0.99144486137381049 -1 3.2399173920049134e-16 -3.1964531253830446e-16 
1 -3.2000000000000002 0.54682161547722175 1.0301879439634962 -4.2872767463603032e-16 -0.13052619222005135 0.99144486137381049 1.7667102737289506e-16 0.99144486137381049 0.13052619222005135 -1 2.3111977311208673e-16 -4.0199965346804665e-16 
1 -3.2000000000000011 0.33797970792513976 2.6164997221615933 2.7949785945127782e-16 0.99144486137381049 0.13052619222005121 3.5920011060692106e-16 0.13052619222005121 -0.99144486137381049 -1 3.2399173920049154e-16 -3.1964531253830594e-16 
1 -1.0355139500639798e-15 -5.6304167677418662e-15 3.1090268264300538 1 0 3.3306690738754736e-16 -3.3306690738754736e-16 0 1 0 -1 0 
1 -3.1999999999999975 19.869443476989211 5.1878657088966058 4.2872767463603032e-16 0.13052619222005141 -0.99144486137381049 -1.7667102737289506e-16 -0.99144486137381049 -0.13052619222005141 -1 2.3111977311208673e-16 -4.0199965346804665e-16 
1 -3.1999999999999975 16.112505939046052 3.0794491618183022 -2.7949785945127727e-16 -0.99144486137381027 -0.13052619222005252 -3.5920011060692052e-16 -0.13052619222005252 0.99144486137381027 -1 3.2399173920049134e-16 -3.19645312538305e-16 
1 -3.1999999999999975 16.112505939046052 3.0794491618183022 -4.2872767463603032e-16 -0.13052619222005143 0.99144486137381049 1.7667102737289504e-16 0.99144486137381049 0.13052619222005143 -1 2.3111977311208673e-16 -4.0199965346804665e-16 
1 -3.1999999999999971 20.078285384541292 3.6015539306985076 -2.7949785945127821e-16 -0.9914448613738106 -0.13052619222005032 -3.5920011060692017e-16 -0.13052619222005032 0.9914448613738106 -1 3.2399173920049149e-16 -3.1964531253830524e-16 
1 -1.0355139500639798e-15 -5.6304167677418662e-15 3.1090268264300538 1 0 3.3306690738754736e-16 -3.3306690738754736e-16 0 1 0 -1 0 
Triangulations 0

TShapes 97
Ve
1e-07
-19.8694434769892 5.18786570889661 0
0 0

0101101
*
Ed
 1e-07 1 1 0
1  1 0 0 7.8
0

0101000
+97 4 -97 6 *
Ve
1e-07
-15.903664031494 4.6657609400164 0
0 0

0101101
*
Ed
 1e-07 1 1 0
1  2 0 0 7.8
0

0101000
+95 4 -95 6 *
Ed
 1e-07 1 1 0
1  3 0 0 4
0

0101000
+97 0 -95 0 *
Wi

0101100
+96 0 -94 0 -93 4 +93 6 *
Fa
0  1e-07 1 0

0111000
+92 0 *
Ve
1e-07
-16.1125059390461 3.0794491618183 0
0 0

0101101
*
Ed
 1e-07 1 1 0
1  4 0 0 7.8
0

0101000
+90 4 -90 6 *
Ed
 1e-07 1 1 0
1  5 0 0 1.6
0

0101000
+90 0 -95 0 *
Wi

0101100
+89 0 -94 0 -88 4 +88 6 *
Fa
0  1e-07 2 0

0111000
+87 0 *
Ve
1e-07
-20.0782853845413 3.60155393069851 0
0 0

0101101
*
Ed
 1e-07 1 1 0
1  6 0 0 7.8
0

0101000
+85 4 -85 6 *
Ed
 1e-07 1 1 0
1  7 0 0 4
0

0101000
+85 0 -90 0 *
Wi

0101100
+84 0 -89 0 -83 4 +83 6 *
Fa
0  1e-07 3 0

0111000
+82 0 *
Ed
 1e-07 1 1 0
1  8 0 0 1.6
0

0101000
+97 0 -85 0 *
Wi

0101100
+96 0 -84 0 -80 4 +80 6 *
Fa
0  1e-07 4 0

0111000
+79 0 *
Wi

0101100
+93 0 -88 0 -83 0 -80 0 *
Fa
0  1e-07 5 0

0111000
-77 7 *
Sh

0101100
-91 0 +86 0 +81 0 +78 0 +76 3 -76 8 *
So

0100000
-75 0 *
Ve
1e-07
-4.30375915342039 3.1386044910418 0
0 0

0101101
*
Ed
 1e-07 1 1 0
1  9 0 0 7.8
0

0101000
+73 4 -73 6 *
Ve
1e-07
-0.337979707925151 2.6164997221616 0
0 0

0101101
*
Ed
 1e-07 1 1 0
1  10 0 0 7.8
0

0101000
+71 4 -71 6 *
Ed
 1e-07 1 1 0
1  11 0 0 4
0

0101000
+73 0 -71 0 *
Wi

0101100
+72 0 -70 0 -69 4 +69 6 *
Fa
0  1e-07 6 0

0111000
+68 0 *
Ve
1.00000000055511e-07
-0.546821615477233 1.0301879439635 0
0 0

0101101
*
Ed
 1.00000000055511e-07 1 1 0
1  12 0 0 7.8
0

0101000
+66 4 -66 6 *
Ed
 1e-07 1 1 0
1  13 0 0 1.6
0

0101000
+71 0 -66 0 *
Wi

0101100
+70 0 -65 0 -64 4 +64 6 *
Fa
0  1e-07 7 0

0111000
+63 0 *
Ve
1e-07
-4.51260106097248 1.5522927128437 0
0 0

0101101
*
Ed
 1e-07 1 1 0
1  14 0 0 7.8
0

0101000
+61 4 -61 6 *
Ed
 1e-07 1 1 0
1  15 0 0 4
0

0101000
+61 0 -66 0 *
Wi

0101100
+60 0 -65 0 -59 4 +59 6 *
Fa
0  1e-07 8 0

0111000
+58 0 *
Ed
 1e-07 1 1 0
1  16 0 0 1.6
0

0101000
+73 0 -61 0 *
Wi

0101100
+72 0 -60 0 -56 4 +56 6 *
Fa
0  1e-07 9 0

0111000
+55 0 *
Wi

0101100
+69 0 +64 0 -59 0 -56 0 *
Fa
0  1e-07 10 0

0111000
-53 7 *
Sh

0101100
-67 0 -62 0 +57 0 +54 0 +52 3 -52 8 *
So

0100000
-51 0 *
Ve
1e-07
0.337979707925138 2.61649972216159 0
0 0

0101101
*
Ed
 1e-07 1 1 0
1  17 0 0 7.8
0

0101000
+49 4 -49 6 *
Ve
1e-07
4.30375915342038 3.1386044910418 0
0 0

0101101
*
Ed
 1e-07 1 1 0
1  18 0 0 7.8
0

0101000
+47 4 -47 6 *
Ed
 1e-07 1 1 0
1  19 0 0 4
0

0101000
+49 0 -47 0 *
Wi

0101100
+48 0 -46 0 -45 4 +45 6 *
Fa
0  1e-07 11 0

0111000
+44 0 *
Ve
1e-07
4.51260106097246 1.5522927128437 0
0 0

0101101
*
Ed
 1e-07 1 1 0
1  20 0 0 7.8
0

0101000
+42 4 -42 6 *
Ed
 1e-07 1 1 0
1  21 0 0 1.6
0

0101000
+47 0 -42 0 *
Wi

0101100
+46 0 -41 0 -40 4 +40 6 *
Fa
0  1e-07 12 0

0111000
+39 0 *
Ve
1e-07
0.54682161547722 1.0301879439635 0
0 0

0101101
*
Ed
 1e-07 1 1 0
1  22 0 0 7.8
0

0101000
+37 4 -37 6 *
Ed
 1e-07 1 1 0
1  23 0 0 4
0

0101000
+37 0 -42 0 *
Wi

0101100
+36 0 -41 0 -35 4 +35 6 *
Fa
0  1e-07 13 0

0111000
+34 0 *
Ed
 1e-07 1 1 0
1  24 0 0 1.6
0

0101000
+49 0 -37 0 *
Wi

0101100
+48 0 -36 0 -32 4 +32 6 *
Fa
0  1e-07 14 0

0111000
+31 0 *
Wi

0101100
+45 0 +40 0 -35 0 -32 0 *
Fa
0  1e-07 15 0

0111000
-29 7 *
Sh

0101100
-43 0 -38 0 +33 0 +30 0 +28 3 -28 8 *
So

0100000
-27 0 *
Ve
1e-07
19.8694434769892 5.18786570889661 0
0 0

0101101
*
Ed
 1e-07 1 1 0
1  25 0 0 7.8
0

0101000
+25 4 -25 6 *
Ve
1e-07
15.903664031494 4.66576094001641 0
0 0

0101101
*
Ed
 1e-07 1 1 0
1  26 0 0 7.8
0

0101000
+23 4 -23 6 *
Ed
 1e-07 1 1 0
1  27 0 0 4
0

0101000
+25 0 -23 0 *
Wi

0101100
+24 0 -22 0 -21 4 +21 6 *
Fa
0  1e-07 16 0

0111000
+20 0 *
Ve
1e-07
16.1125059390461 3.07944916181831 0
0 0

0101101
*
Ed
 1e-07 1 1 0
1  28 0 0 7.8
0

0101000
+18 4 -18 6 *
Ed
 1e-07 1 1 0
1  29 0 0 1.6
0

0101000
+18 0 -23 0 *
Wi

0101100
+17 0 -22 0 -16 4 +16 6 *
Fa
0  1e-07 17 0

0111000
+15 0 *
Ve
1e-07
20.0782853845413 3.60155393069852 0
0 0

0101101
*
Ed
 1e-07 1 1 0
1  30 0 0 7.8
0

0101000
+13 4 -13 6 *
Ed
 1e-07 1 1 0
1  31 0 0 4
0

0101000
+18 0 -13 0 *
Wi

0101100
+17 0 -12 0 -11 4 +11 6 *
Fa
0  1e-07 18 0

0111000
+10 0 *
Ed
 1e-07 1 1 0
1  32 0 0 1.6
0

0101000
+13 0 -25 0 *
Wi

0101100
+12 0 -24 0 -8 4 +8 6 *
Fa
0  1e-07 19 0

0111000
+7 0 *
Wi

0101100
+21 0 -16 0 +11 0 +8 0 *
Fa
0  1e-07 20 0

0111000
+5 7 *
Sh

0101100
+19 0 -14 0 +9 0 +6 0 +4 3 -4 8 *
So

0100000
-3 0 *
Co

1100000
+74 0 +50 0 +26 0 +2 0 *

+1 0 ]]>
      </Part>
      <ElementMap new="1" count="1"><Element key="Dummy" value="Dummy"/></ElementMap>
      <ElementMap2 count="104">
<![CDATA[
8 PostfixCount 11
Edge
Face
Vertex
;:G;XTR;:Hedc:7,F
;FAC;:Hedc:4,F
;:G;XTR;:Hedc:7,E
;:G0;XTR;:Hedc:8,F
;:U;XTR;:Hedc:7,E
;:U;XTR;:Hedc:7,V
;SKT;:Hedc,E
;SKT;:Hedc,V

MapCount 1

ElementMap 1 8 3

Edge

ChildCount 0

NameCount 49
0
$#214.6 0
$#215.6 0
;g72.a 0
$#234.8 0
$#216.6 0
;g73.a 0
$#235.8 0
$#217.6 0
;g74.a 0
$#236.8 0
;g75.a 0
$#237.8 0
$#218.6 0
$#219.6 0
;g76.a 0
$#238.8 0
$#21a.6 0
;g77.a 0
$#239.8 0
$#21b.6 0
;g79.a 0
$#23a.8 0
;g78.a 0
$#23b.8 0
$#56f.6 0
$#570.6 0
;g105.a 0
$#58f.8 0
$#571.6 0
;g106.a 0
$#590.8 0
$#572.6 0
;g107.a 0
$#591.8 0
;g108.a 0
$#592.8 0
$#573.6 0
$#574.6 0
;g113.a 0
$#593.8 0
$#575.6 0
;g114.a 0
$#594.8 0
$#576.6 0
;g115.a 0
$#595.8 0
;g116.a 0
$#596.8 0

Face

ChildCount 0

NameCount 25
0
$#210.4 0
$#224.4 0
$#225.4 0
$#226.4 0
$#210.5 0
$#227.7 0
$#211.4 0
$#228.4 0
$#229.4 0
$#22a.4 0
$#211.5 0
$#22b.7 0
$#565.4 0
$#57f.4 0
$#580.4 0
$#581.4 0
$#565.5 0
$#582.7 0
$#566.4 0
$#583.4 0
$#584.4 0
$#585.4 0
$#566.5 0
$#586.7 0

Vertex

ChildCount 0

NameCount 33
0
;g72v1.b 0
$#244.9 0
;g72v2.b 0
$#245.9 0
;g73v1.b 0
$#246.9 0
;g74v1.b 0
$#247.9 0
;g76v1.b 0
$#248.9 0
;g76v2.b 0
$#249.9 0
;g77v2.b 0
$#24a.9 0
;g78v2.b 0
$#24b.9 0
;g105v1.b 0
$#59f.9 0
;g105v2.b 0
$#5a0.9 0
;g106v2.b 0
$#5a1.9 0
;g107v1.b 0
$#5a2.9 0
;g113v1.b 0
$#5a3.9 0
;g113v2.b 0
$#5a4.9 0
;g114v1.b 0
$#5a5.9 0
;g115v2.b 0
$#5a6.9 0

EndMap
]]>
      </ElementMap2>
    </Property>
    <Property name="AddSubType" type="App::PropertyEnumeration">
      <Integer value="1"/>
    </Property>
    <Property name="AllowMultiFace" type="App::PropertyBool">
      <Bool value="true"/>
    </Property>
    <Property name="AlongSketchNormal" type="App::PropertyBool">
      <Bool value="false"/>
    </Property>
    <Property name="AutoTaperInnerAngle" type="App::PropertyBool">
      <Bool value="true"/>
    </Property>
    <Property name="BaseFeature" type="App::PropertyLink" status="8">
      <Link value="Pad"/>
    </Property>
    <Property name="CheckUpToFaceLimits" type="App::PropertyBool">
      <Bool value="true"/>
    </Property>
    <Property name="ClaimChildren" type="App::PropertyBool" status="134217728">
      <Bool value="false"/>
    </Property>
    <Property name="ColoredElements" type="App::PropertyLinkSubHidden" status="218103808">
      <LinkSub value="" count="0">
      </LinkSub>
    </Property>
    <Property name="Direction" type="App::PropertyVector" status="4">
      <PropertyVector valueX="1" valueY="-3e-16" valueZ="4e-16"/>
    </Property>
    <Property name="ExpressionEngine" type="App::PropertyExpressionEngine" status="67108864">
      <ExpressionEngine count="0"></ExpressionEngine>
    </Property>
    <Property name="Fit" type="App::PropertyDistance">
      <Float value="0"/>
    </Property>
    <Property name="FitJoin" type="App::PropertyEnumeration">
      <Integer value="0"/>
    </Property>
    <Property name="FixShape" type="App::PropertyEnumeration">
      <Integer value="0"/>
    </Property>
    <Property name="InnerFit" type="App::PropertyDistance">
      <Float value="0"/>
    </Property>
    <Property name="InnerFitJoin" type="App::PropertyEnumeration">
      <Integer value="0"/>
    </Property>
    <Property name="InvalidShape" type="App::PropertyBool" status="67108864">
      <Bool value="false"/>
    </Property>
    <Property name="Label" type="App::PropertyString" status="134217728">
      <String value="Pad001"/>
    </Property>
    <Property name="Label2" type="App::PropertyString" status="128">
      <String value=""/>
    </Property>
    <Property name="Length" type="App::PropertyLength">
      <Float value="4.6"/>
    </Property>
    <Property name="Length2" type="App::PropertyLength">
      <Float value="3.2"/>
    </Property>
    <Property name="Linearize" type="App::PropertyBool">
      <Bool value="true"/>
    </Property>
    <Property name="Midplane" type="App::PropertyBool" status="4">
      <Bool value="false"/>
    </Property>
    <Property name="NewSolid" type="App::PropertyBool">
      <Bool value="false"/>
    </Property>
    <Property name="Offset" type="App::PropertyLength" status="4">
      <Float value="0"/>
    </Property>
    <Property name="Placement" type="App::PropertyPlacement" status="8388620">
      <PropertyPlacement Px="0" Py="0" Pz="0" Q0="0" Q1="0" Q2="0" Q3="1" A="0" Ox="0" Oy="0" Oz="1"/>
    </Property>
    <Property name="Profile" type="App::PropertyLinkSub">
      <LinkSub value="Sketch002" count="1">
        <Sub value=""/>
      </LinkSub>
    </Property>
    <Property name="ReferenceAxis" type="App::PropertyLinkSub">
      <LinkSub value="Sketch002" count="1">
        <Sub value="N_Axis"/>
      </LinkSub>
    </Property>
    <Property name="Refine" type="App::PropertyBool">
      <Bool value="false"/>
    </Property>
    <Property name="Reversed" type="App::PropertyBool">
      <Bool value="false"/>
    </Property>
    <Property name="Shape" type="Part::PropertyPartShape">
      <Part HasherIndex="0" ElementMap="1.15.70200.4" brep="1">
<![CDATA[

CASCADE Topology V1, (c) Matra-Datavision
Locations 6
1
              1               0               0               0 
              0               1               0               0 
              0               0               1               0 
1
              1               0               0               0 
              0               1               0               0 
              0               0               1               0 
1
2.22044604925031e-16 -3.33066907387547e-16               1               0 
              1 3.33066907387547e-16 -2.22044604925031e-16               0 
-3.33066907387547e-16               1 3.33066907387547e-16               0 
2  2 1 3 1 0
1
              1               0               0            2.45 
              0               1               0 -8.1601392309949e-16 
              0               0               1 9.52016243616072e-16 
2  2 1 3 1 5 1 0
Curve2ds 64
8 -4.1078189242772902 -0.10781892427728874
1 -0.92921822379925345 -0.23108318949156867 -0.13052619222005135 0.99144486137381049 
8 -4.1078189242772902 -0.10781892427728874
1 -0.10781892427728955 -3.2000000000000006 -1 -2.2014498254870006e-16 
8 -2.0757155209455345 -0.47571552094553349
1 -0.44349932144686166 -0.2758863723961405 0.99144486137381049 0.13052619222005121 
8 -2.0757155209455345 -0.47571552094553349
1 -0.4757155209455341 -3.2000000000000002 -1 -2.8982636783870096e-17 
8 -4.1078189242772911 -0.10781892427728854
1 -2.5155300019973503 -0.43992509704365074 -0.13052619222005135 0.99144486137381049 
8 -4.1078189242772911 -0.10781892427728854
1 -0.1078189242772894 -3.2000000000000002 -1 -2.2014498254870006e-16 
8 -2.0757155209455349 -0.47571552094553393
1 0.078605447433344189 -4.2416658178913824 0.99144486137381049 0.13052619222005146 
8 -2.0757155209455349 -0.47571552094553393
1 -0.47571552094553454 -3.1999999999999993 -1 -2.8982636783869991e-17 
8 -0.32428447905445745 1.275715520945544
1 0.8126060073089052 -15.945991649741009 -0.99144486137381027 -0.13052619222005252 
8 -0.32428447905445745 1.275715520945544
1 1.275715520945544 -3.1999999999999966 -1 2.8982636783870293e-17 
8 -11.957818924277294 -7.9578189242772917
1 -1.4908993930699488 -8.2227672588280658 -0.13052619222005143 0.99144486137381049 
8 -11.957818924277294 -7.9578189242772917
1 -7.9578189242772925 -3.1999999999999988 -1 -2.2014498254870004e-16 
8 -0.32428447905447721 1.2757155209455247
1 1.334710776189092 -19.911771095236254 -0.9914448613738106 -0.13052619222005032 
8 -0.32428447905447721 1.2757155209455247
1 1.2757155209455247 -3.1999999999999957 -1 2.898263678386985e-17 
8 5.9578189242772908 9.9578189242772943
1 0.35646476956825257 -9.9968150740236048 0.13052619222005141 -0.99144486137381049 
8 5.9578189242772908 9.9578189242772943
1 9.9578189242772925 -3.1999999999999984 -1 2.2014498254870004e-16 
8 -1.8921810757227053 2.1078189242772964
1 -0.66816583935915119 2.2139729122391945 0.13052619222005157 0.99144486137381049 
8 -1.8921810757227053 2.1078189242772964
1 2.1078189242772956 -3.2000000000000015 -1 -2.2014498254870004e-16 
8 -2.0757155209455354 -0.47571552094553549
1 0.078605447433346853 4.2416658178913931 0.99144486137381049 -0.13052619222005216 
8 -2.0757155209455354 -0.47571552094553549
1 -0.47571552094553587 -3.2000000000000015 -1 2.8982636783870096e-17 
8 -1.8921810757227049 2.1078189242772969
1 -2.2544776175572472 2.4228148197912769 0.13052619222005166 0.99144486137381049 
8 -1.8921810757227049 2.1078189242772969
1 2.107818924277296 -3.2000000000000011 -1 -2.2014498254869999e-16 
8 -2.0757155209455349 -0.4757155209455346
1 -0.44349932144686033 0.27588637239615127 0.99144486137381049 -0.13052619222005163 
8 -2.0757155209455349 -0.4757155209455346
1 -0.47571552094553499 -3.2000000000000006 -1 2.898263678387009e-17 
8 5.9578189242772899 9.9578189242772979
1 0.35646476956825701 9.9968150740236084 0.13052619222005141 0.99144486137381049 
8 5.9578189242772899 9.9578189242772979
1 9.9578189242772961 -3.2000000000000028 -1 -2.2014498254870004e-16 
8 -2.0757155209455287 -0.47571552094552771
1 2.1278666652881499 19.807350141460219 0.99144486137381049 -0.13052619222005096 
8 -2.0757155209455287 -0.47571552094552771
1 -0.47571552094552805 -3.2000000000000046 -1 2.8982636783869899e-17 
8 5.9578189242772961 9.9578189242772979
1 -1.2298470086298403 10.205656981575689 0.13052619222005141 0.99144486137381049 
8 5.9578189242772961 9.9578189242772979
1 9.9578189242772961 -3.2000000000000028 -1 -2.2014498254870004e-16 
8 -0.32428447905445368 1.2757155209455475
1 0.81260600730891497 15.945991649741018 -0.99144486137381027 0.13052619222005318 
8 -0.32428447905445368 1.2757155209455475
1 1.2757155209455475 -3.2000000000000042 -1 -2.8982636783870336e-17 
8 -4.1078189242772902 -0.10781892427728861
1 -0.92921822379925345 -0.23108318949156906 -0.13052619222005135 0.99144486137381049 
8 -4.1078189242772902 -0.10781892427728861
1 -0.10781892427728941 -5.6500000000000004 -1 -2.2014498254870006e-16 
8 -2.0757155209455345 -0.4757155209455336
1 -0.44349932144686166 -0.2758863723961405 0.99144486137381049 0.13052619222005121 
8 -2.0757155209455345 -0.4757155209455336
1 -0.47571552094553421 -5.6500000000000004 -1 -2.8982636783870096e-17 
8 -4.1078189242772911 -0.10781892427728844
1 -2.5155300019973503 -0.43992509704365113 -0.13052619222005135 0.99144486137381049 
8 -4.1078189242772911 -0.10781892427728844
1 -0.1078189242772893 -5.6500000000000004 -1 -2.2014498254870006e-16 
8 -2.0757155209455349 -0.47571552094553404
1 0.078605447433344189 -4.2416658178913824 0.99144486137381049 0.13052619222005146 
8 -2.0757155209455349 -0.47571552094553404
1 -0.47571552094553465 -5.6499999999999995 -1 -2.8982636783869991e-17 
8 -0.32428447905445723 1.2757155209455442
1 0.8126060073089052 -15.945991649741009 -0.99144486137381027 -0.13052619222005252 
8 -0.32428447905445723 1.2757155209455442
1 1.2757155209455442 -5.6499999999999959 -1 2.8982636783870293e-17 
8 -11.957818924277294 -7.9578189242772917
1 -1.4908993930699488 -8.2227672588280676 -0.13052619222005143 0.99144486137381049 
8 -11.957818924277294 -7.9578189242772917
1 -7.9578189242772925 -5.6499999999999995 -1 -2.2014498254870004e-16 
8 -0.3242844790544781 1.2757155209455238
1 1.3347107761890911 -19.911771095236254 -0.9914448613738106 -0.13052619222005032 
8 -0.3242844790544781 1.2757155209455238
1 1.2757155209455238 -5.649999999999995 -1 2.898263678386985e-17 
8 5.9578189242772908 9.9578189242772943
1 0.35646476956825257 -9.9968150740236048 0.13052619222005141 -0.99144486137381049 
8 5.9578189242772908 9.9578189242772943
1 9.9578189242772925 -5.6499999999999986 -1 2.2014498254870004e-16 
8 -1.8921810757227049 2.1078189242772969
1 -0.66816583935915119 2.2139729122391936 0.13052619222005157 0.99144486137381049 
8 -1.8921810757227049 2.1078189242772969
1 2.107818924277296 -5.6500000000000012 -1 -2.2014498254870004e-16 
8 -2.0757155209455354 -0.47571552094553538
1 0.078605447433346853 4.241665817891394 0.99144486137381049 -0.13052619222005216 
8 -2.0757155209455354 -0.47571552094553538
1 -0.47571552094553576 -5.6500000000000021 -1 2.8982636783870096e-17 
8 -1.8921810757227049 2.1078189242772969
1 -2.2544776175572472 2.4228148197912764 0.13052619222005166 0.99144486137381049 
8 -1.8921810757227049 2.1078189242772969
1 2.107818924277296 -5.6500000000000012 -1 -2.2014498254869999e-16 
8 -2.0757155209455354 -0.47571552094553465
1 -0.44349932144686033 0.27588637239615121 0.99144486137381049 -0.13052619222005163 
8 -2.0757155209455354 -0.47571552094553465
1 -0.47571552094553504 -5.6500000000000004 -1 2.898263678387009e-17 
8 5.9578189242772917 9.9578189242772996
1 0.35646476956825701 9.9968150740236066 0.13052619222005141 0.99144486137381049 
8 5.9578189242772917 9.9578189242772996
1 9.9578189242772979 -5.650000000000003 -1 -2.2014498254870004e-16 
8 -2.0757155209455291 -0.47571552094552788
1 2.1278666652881499 19.807350141460219 0.99144486137381049 -0.13052619222005096 
8 -2.0757155209455291 -0.47571552094552788
1 -0.47571552094552821 -5.6500000000000048 -1 2.8982636783869899e-17 
8 5.9578189242772979 9.9578189242772996
1 -1.2298470086298403 10.205656981575688 0.13052619222005141 0.99144486137381049 
8 5.9578189242772979 9.9578189242772996
1 9.9578189242772979 -5.650000000000003 -1 -2.2014498254870004e-16 
8 -0.32428447905445479 1.2757155209455464
1 0.81260600730891408 15.945991649741019 -0.99144486137381027 0.13052619222005318 
8 -0.32428447905445479 1.2757155209455464
1 1.2757155209455464 -5.6500000000000039 -1 -2.8982636783870336e-17 
Curves 60
1 -6.9983899285984274e-15 -21.266492276468234 6.8343026654407213 1 -3.3306690738754696e-16 3.8857805861880479e-16 
1 -1.3437637144077918e-15 -5.6506413407306954e-15 4.0345158423206122 1 -3.3306690738754696e-16 3.8857805861880479e-16 
1 -21.266492276468238 6.8343026654407142 0 0.99144486137381049 -0.13052619222005141 0 
1 -5.7934505804417055e-15 -21.788597045348443 2.8685232199454784 1 -3.3306690738754696e-16 3.8857805861880479e-16 
1 -21.266492276468238 6.8343026654407142 0 -0.1305261922200511 -0.99144486137381049 0 
1 2.4458298227408098e-15 21.266492276468238 6.8343026654407124 1 -3.3306690738754696e-16 3.8857805861880479e-16 
1 -6.8833827526759706e-15 4.0345158423206122 0 0.99144486137381049 0.13052619222005157 0 
1 0 0 0 -0.99144486137381049 0.13052619222005138 0 
1 21.266492276468234 6.8343026654407195 0 0.13052619222005024 -0.99144486137381072 0 
1 0 0 0 0.99144486137381038 0.13052619222005166 0 
1 -4.3104742023923493e-16 0.23108318949156836 2.6024265285264176 4.3473955175804996e-17 -0.99144486137381049 -0.13052619222005135 
1 -1.0369135227554827e-15 0.27588637239614022 3.0881454308788094 -3.3021747382305028e-16 -0.13052619222005121 0.99144486137381049 
1 5.5171163744236587e-17 0.43992509704365046 1.0161147503283208 4.3473955175804996e-17 -0.99144486137381049 -0.13052619222005135 
1 -6.7977222325703007e-16 4.2416658178913824 3.6102501997590153 -3.3021747382305028e-16 -0.13052619222005146 0.99144486137381049 
1 -1.378184070885555e-15 15.945991649741009 4.3442507596345763 3.3021747382305023e-16 0.13052619222005252 -0.99144486137381027 
1 -1.6687344118079438e-16 8.2227672588280658 2.0407453592557223 4.3473955175805021e-17 -0.99144486137381049 -0.13052619222005143 
1 -1.6871765861621899e-15 19.911771095236254 4.8663555285147631 3.3021747382305033e-16 0.13052619222005032 -0.9914448613738106 
1 -8.7513663008929755e-16 9.9968150740236048 3.8881095218939237 -4.3473955175805015e-17 0.99144486137381049 0.13052619222005141 
1 -4.3104742023923473e-16 -2.2139729122391949 2.8634789129665199 -4.347395517580507e-17 -0.99144486137381049 0.13052619222005157 
1 -6.7977222325703085e-16 -4.2416658178913931 3.610250199759018 -3.3021747382305028e-16 0.13052619222005216 0.99144486137381049 
1 5.5171163744236735e-17 -2.4228148197912773 1.2771671347684239 -4.3473955175805095e-17 -0.99144486137381049 0.13052619222005166 
1 -5.9282431290542022e-16 -0.27588637239615155 3.0881454308788108 -3.3021747382305028e-16 0.13052619222005163 0.99144486137381049 
1 -8.7513663008929814e-16 -9.9968150740236084 3.8881095218939281 -4.3473955175805015e-17 -0.99144486137381049 0.13052619222005141 
1 -1.9092211910872236e-15 -19.807350141460219 5.659511417613821 -3.3021747382305028e-16 0.13052619222005096 0.99144486137381049 
1 -3.8891804610582647e-16 -10.205656981575689 2.3017977436958308 -4.3473955175805015e-17 -0.99144486137381049 0.13052619222005141 
1 -9.3409486103549439e-16 -15.945991649741018 4.3442507596345861 3.3021747382305023e-16 -0.13052619222005318 -0.99144486137381027 
1 2.4499999999999997 0.23108318949156795 2.6024265285264185 4.3473955175804996e-17 -0.99144486137381049 -0.13052619222005135 
1 2.4499999999999993 0.27588637239613939 3.0881454308788103 -3.3021747382305028e-16 -0.13052619222005121 0.99144486137381049 
1 2.4500000000000002 0.43992509704365002 1.0161147503283217 4.3473955175804996e-17 -0.99144486137381049 -0.13052619222005135 
1 2.4499999999999993 4.2416658178913815 3.6102501997590162 -3.3021747382305028e-16 -0.13052619222005146 0.99144486137381049 
1 2.4499999999999984 15.945991649741007 4.3442507596345772 3.3021747382305023e-16 0.13052619222005252 -0.99144486137381027 
1 2.4500000000000002 8.2227672588280658 2.0407453592557232 4.3473955175805021e-17 -0.99144486137381049 -0.13052619222005143 
1 2.4499999999999984 19.911771095236254 4.8663555285147631 3.3021747382305033e-16 0.13052619222005032 -0.9914448613738106 
1 2.4499999999999993 9.996815074023603 3.8881095218939246 -4.3473955175805015e-17 0.99144486137381049 0.13052619222005141 
1 2.4500000000000002 -2.2139729122391949 2.8634789129665208 -4.347395517580507e-17 -0.99144486137381049 0.13052619222005157 
1 2.4499999999999997 -4.2416658178913949 3.6102501997590188 -3.3021747382305028e-16 0.13052619222005216 0.99144486137381049 
1 2.4500000000000002 -2.4228148197912778 1.2771671347684248 -4.3473955175805095e-17 -0.99144486137381049 0.13052619222005166 
1 2.4499999999999993 -0.27588637239615232 3.0881454308788117 -3.3021747382305028e-16 0.13052619222005163 0.99144486137381049 
1 2.4499999999999993 -9.9968150740236084 3.888109521893929 -4.3473955175805015e-17 -0.99144486137381049 0.13052619222005141 
1 2.4499999999999984 -19.807350141460219 5.6595114176138219 -3.3021747382305028e-16 0.13052619222005096 0.99144486137381049 
1 2.4499999999999997 -10.205656981575689 2.3017977436958317 -4.3473955175805015e-17 -0.99144486137381049 0.13052619222005141 
1 2.4499999999999993 -15.945991649741021 4.3442507596345861 3.3021747382305023e-16 -0.13052619222005318 -0.99144486137381027 
1 0 0 0 1 -3.3306690738754696e-16 3.8857805861880479e-16 
1 3.8826302651684901e-15 21.788597045348435 2.8685232199454695 1 -3.3306690738754696e-16 3.8857805861880479e-16 
1 -3.2000000000000002 4.3037591534203816 3.1386044910417987 1 -3.3306690738754696e-16 3.8857805861880479e-16 
1 -3.2000000000000011 0.33797970792513976 2.6164997221615933 1 -3.3306690738754696e-16 3.8857805861880479e-16 
1 -3.2000000000000002 0.54682161547722175 1.0301879439634962 1 -3.3306690738754696e-16 3.8857805861880479e-16 
1 -3.1999999999999997 4.5126010609724645 1.5522927128437016 1 -3.3306690738754696e-16 3.8857805861880479e-16 
1 -3.1999999999999984 15.903664031493971 4.6657609400163995 1 -3.3306690738754696e-16 3.8857805861880479e-16 
1 -3.1999999999999975 16.112505939046052 3.0794491618183022 1 -3.3306690738754696e-16 3.8857805861880479e-16 
1 -3.1999999999999971 20.078285384541292 3.6015539306985076 1 -3.3306690738754696e-16 3.8857805861880479e-16 
1 -3.1999999999999975 19.869443476989211 5.1878657088966058 1 -3.3306690738754696e-16 3.8857805861880479e-16 
1 -3.2000000000000011 -0.33797970792514925 2.6164997221615938 1 -3.3306690738754696e-16 3.8857805861880479e-16 
1 -3.2000000000000024 -4.3037591534203914 3.1386044910418001 1 -3.3306690738754696e-16 3.8857805861880479e-16 
1 -3.2000000000000015 -4.5126010609724743 1.5522927128437038 1 -3.3306690738754696e-16 3.8857805861880479e-16 
1 -3.2000000000000006 -0.54682161547723174 1.0301879439634971 1 -3.3306690738754696e-16 3.8857805861880479e-16 
1 -3.2000000000000051 -15.903664031493971 4.6657609400164057 1 -3.3306690738754696e-16 3.8857805861880479e-16 
1 -3.2000000000000064 -19.869443476989218 5.1878657088966111 1 -3.3306690738754696e-16 3.8857805861880479e-16 
1 -3.200000000000006 -20.078285384541299 3.6015539306985138 1 -3.3306690738754696e-16 3.8857805861880479e-16 
1 -3.2000000000000046 -16.112505939046059 3.0794491618183084 1 -3.3306690738754696e-16 3.8857805861880479e-16 
Polygon3D 0
PolygonOnTriangulations 0
Surfaces 23
1 -6.9983899285984274e-15 -21.266492276468234 6.8343026654407213 -3.4177976428442018e-16 0.13052619222005171 0.99144486137381038 2.6361893772450516e-16 0.99144486137381038 -0.13052619222005171 -1 2.1675242995787096e-16 -3.7326496715961517e-16 
1 -6.9983899285984274e-15 -21.266492276468234 6.8343026654407213 3.8093708819482278e-16 0.99144486137381049 -0.13052619222005143 3.0123483703918028e-16 -0.13052619222005143 -0.99144486137381049 -1 3.3835908235470711e-16 -3.4837999884673654e-16 
1 -1.3437637144077918e-15 -5.5396190382681798e-15 4.0345158423206122 -4.2872767463603027e-16 -0.13052619222005124 0.99144486137381049 1.7667102737289516e-16 0.99144486137381049 0.13052619222005124 -1 2.3111977311208678e-16 -4.019996534680467e-16 
1 -1.1762739956485712e-15 -2.996388465904192e-16 3.5316447523256711 1 0 3.3306690738754696e-16 -3.3306690738754696e-16 0 1 0 -1 0 
1 -3.2000000000000011 0.33797970792513976 2.6164997221615933 -4.2872767463603032e-16 -0.13052619222005135 0.99144486137381049 1.7667102737289506e-16 0.99144486137381049 0.13052619222005135 -1 2.3111977311208673e-16 -4.0199965346804665e-16 
1 -3.2000000000000011 0.33797970792513976 2.6164997221615933 2.7949785945127782e-16 0.99144486137381049 0.13052619222005121 3.5920011060692106e-16 0.13052619222005121 -0.99144486137381049 -1 3.2399173920049154e-16 -3.1964531253830594e-16 
1 -3.2000000000000002 0.54682161547722175 1.0301879439634962 -4.2872767463603032e-16 -0.13052619222005135 0.99144486137381049 1.7667102737289506e-16 0.99144486137381049 0.13052619222005135 -1 2.3111977311208673e-16 -4.0199965346804665e-16 
1 -3.2000000000000002 4.3037591534203816 3.1386044910417987 2.7949785945127772e-16 0.99144486137381049 0.13052619222005146 3.5920011060691973e-16 0.13052619222005146 -0.99144486137381049 -1 3.2399173920049134e-16 -3.1964531253830446e-16 
1 -3.1999999999999975 16.112505939046052 3.0794491618183022 -2.7949785945127727e-16 -0.99144486137381027 -0.13052619222005252 -3.5920011060692052e-16 -0.13052619222005252 0.99144486137381027 -1 3.2399173920049134e-16 -3.19645312538305e-16 
1 -3.1999999999999975 16.112505939046052 3.0794491618183022 -4.2872767463603032e-16 -0.13052619222005143 0.99144486137381049 1.7667102737289504e-16 0.99144486137381049 0.13052619222005143 -1 2.3111977311208673e-16 -4.0199965346804665e-16 
1 -3.1999999999999971 20.078285384541292 3.6015539306985076 -2.7949785945127821e-16 -0.9914448613738106 -0.13052619222005032 -3.5920011060692017e-16 -0.13052619222005032 0.9914448613738106 -1 3.2399173920049149e-16 -3.1964531253830524e-16 
1 -3.1999999999999975 19.869443476989211 5.1878657088966058 4.2872767463603032e-16 0.13052619222005141 -0.99144486137381049 -1.7667102737289506e-16 -0.99144486137381049 -0.13052619222005141 -1 2.3111977311208673e-16 -4.0199965346804665e-16 
1 -3.2000000000000024 -4.3037591534203914 3.1386044910418001 -3.4177976428442023e-16 0.13052619222005157 0.99144486137381049 2.6361893772450516e-16 0.99144486137381049 -0.13052619222005157 -1 2.1675242995787101e-16 -3.7326496715961512e-16 
1 -3.2000000000000024 -4.3037591534203914 3.1386044910418001 3.8093708819482308e-16 0.99144486137381049 -0.13052619222005216 3.0123483703918008e-16 -0.13052619222005213 -0.99144486137381027 -1 3.3835908235470721e-16 -3.4837999884673673e-16 
1 -3.2000000000000015 -4.5126010609724743 1.5522927128437038 -3.4177976428442018e-16 0.13052619222005166 0.99144486137381049 2.6361893772450516e-16 0.99144486137381049 -0.13052619222005166 -1 2.1675242995787096e-16 -3.7326496715961507e-16 
1 -3.2000000000000011 -0.33797970792514925 2.6164997221615938 3.8093708819482288e-16 0.99144486137381049 -0.13052619222005163 3.0123483703918023e-16 -0.13052619222005163 -0.99144486137381049 -1 3.3835908235470711e-16 -3.4837999884673654e-16 
1 -3.2000000000000064 -19.869443476989218 5.1878657088966111 -3.4177976428442028e-16 0.13052619222005141 0.99144486137381049 2.6361893772450511e-16 0.99144486137381049 -0.13052619222005141 -1 2.1675242995787101e-16 -3.7326496715961512e-16 
1 -3.2000000000000064 -19.869443476989218 5.1878657088966111 3.8093708819482264e-16 0.99144486137381049 -0.13052619222005096 3.0123483703918038e-16 -0.13052619222005096 -0.99144486137381049 -1 3.3835908235470716e-16 -3.4837999884673654e-16 
1 -3.200000000000006 -20.078285384541299 3.6015539306985138 -3.4177976428442028e-16 0.13052619222005141 0.99144486137381049 2.6361893772450511e-16 0.99144486137381049 -0.13052619222005141 -1 2.1675242995787101e-16 -3.7326496715961512e-16 
1 -3.2000000000000046 -16.112505939046059 3.0794491618183084 -3.8093708819482342e-16 -0.99144486137381027 0.13052619222005318 -3.0123483703918033e-16 0.13052619222005318 0.99144486137381027 -1 3.3835908235470711e-16 -3.4837999884673723e-16 
1 0 0 0 3.4177976428442018e-16 -0.13052619222005171 -0.99144486137381049 -2.6361893772450525e-16 -0.99144486137381049 0.13052619222005171 -1 2.1675242995787106e-16 -3.7326496715961512e-16 
1 2.4458298227408098e-15 21.266492276468238 6.8343026654407124 2.7949785945127841e-16 0.99144486137381072 0.13052619222004991 3.5920011060691948e-16 0.13052619222004991 -0.99144486137381072 -1 3.2399173920049144e-16 -3.1964531253830465e-16 
1 0 0 0 -4.2872767463603032e-16 -0.13052619222005135 0.99144486137381049 1.7667102737289506e-16 0.99144486137381049 0.13052619222005135 -1 2.3111977311208673e-16 -4.0199965346804665e-16 
Triangulations 0

TShapes 156
Ve
1e-07
-21.2664922764682 6.83430266544071 0
0 0

0101101
*
Ed
 1e-07 1 1 0
1  1 0 0 2.45
0

0101000
+156 4 -156 6 *
Ve
1.00000000111022e-07
-6.99440505513849e-15 4.03451584232061 0
0 0

0101101
*
Ed
 1.00000000111022e-07 1 1 0
1  2 0 0 2.45
0

0101000
+154 4 -154 6 *
Ed
 1e-07 1 1 0
1  3 0 0 21.45
0

0101000
+156 0 -154 0 *
Wi

0101100
+155 0 -153 0 -152 4 +152 6 *
Fa
0  1e-07 1 0

0101000
+151 0 *
Ve
1e-07
-21.7885970453484 2.86852321994547 0
0 0

