<?xml version='1.0' encoding='utf-8'?>
<!-- FreeCAD DocumentObject -->
<Document SchemaVersion="4" FileVersion="2">
<Object name="Chamfer">
  <Properties Count="28" TransientCount="2">
    <_Property name="_Body" type="App::PropertyLinkHidden" status="251658241"/>
    <_Property name="_ElementMapVersion" type="App::PropertyString" status="234881024"/>
    <Property name="AddSubShape" type="Part::PropertyPartShape" status="128">
      <Part ElementMap="0.15.70200.4" brep="1">
<![CDATA[

CASCADE Topology V1, (c) Matra-Datavision
Locations 0
Curve2ds 0
Curves 0
Polygon3D 0
PolygonOnTriangulations 0
Surfaces 0
Triangulations 0

TShapes 0

*]]>
      </Part>
      <ElementMap/>
    </Property>
    <Property name="AddSubType" type="App::PropertyEnumeration" status="12">
      <Integer value="0"/>
    </Property>
    <Property name="Angle" type="App::PropertyAngle" status="4">
      <Float value="45"/>
    </Property>
    <Property name="Base" type="App::PropertyLinkSub">
      <LinkSub value="Pad003" count="2">
        <Sub value="Edge56" shadow=";#4e9;:M;FUS;:H-ee1:7,E.Edge56"/>
        <Sub value="Edge55" shadow=";#4f5;:M;FUS;:H-ee1:7,E.Edge55"/>
      </LinkSub>
    </Property>
    <Property name="BaseFeature" type="App::PropertyLink" status="8">
      <Link value="Pad003"/>
    </Property>
    <Property name="ChamferInfo" type="Part::PropertyChamferEdges">
      <EdgeChamferInfo/>
    </Property>
    <Property name="ChamferType" type="App::PropertyEnumeration">
      <Integer value="0"/>
    </Property>
    <Property name="ColoredElements" type="App::PropertyLinkSubHidden" status="218103808">
      <LinkSub value="" count="0">
      </LinkSub>
    </Property>
    <Property name="ExpressionEngine" type="App::PropertyExpressionEngine" status="67108864">
      <ExpressionEngine count="0"></ExpressionEngine>
    </Property>
    <Property name="FixShape" type="App::PropertyEnumeration">
      <Integer value="0"/>
    </Property>
    <Property name="FlipDirection" type="App::PropertyBool">
      <Bool value="false"/>
    </Property>
    <Property name="InvalidShape" type="App::PropertyBool" status="67108864">
      <Bool value="false"/>
    </Property>
    <Property name="Label" type="App::PropertyString" status="134217728">
      <String value="Chamfer"/>
    </Property>
    <Property name="Label2" type="App::PropertyString" status="128">
      <String value=""/>
    </Property>
    <Property name="NewSolid" type="App::PropertyBool">
      <Bool value="false"/>
    </Property>
    <Property name="Placement" type="App::PropertyPlacement" status="8388620">
      <PropertyPlacement Px="0" Py="0" Pz="0" Q0="0" Q1="0" Q2="0" Q3="1" A="0" Ox="0" Oy="0" Oz="1"/>
    </Property>
    <Property name="Refine" type="App::PropertyBool">
      <Bool value="false"/>
    </Property>
    <Property name="Shape" type="Part::PropertyPartShape">
      <Part HasherIndex="0" ElementMap="1.15.70200.4" brep="1">
<![CDATA[

CASCADE Topology V1, (c) Matra-Datavision
Locations 19
1
              1               0               0               0 
              0               1               0               0 
              0               0               1               0 
1
              1               0               0               0 
              0               1               0               0 
              0               0               1               0 
2  2 -1 0
1
              1               0               0               0 
              0               1               0               0 
              0               0               1               0 
1
2.22044604925031e-16 -3.33066907387547e-16               1               0 
              1 3.33066907387547e-16 -2.22044604925031e-16               0 
-3.33066907387547e-16               1 3.33066907387547e-16               0 
1
              1               0               0             1.5 
              0               1               0 -4.9960036108132e-16 
              0               0               1 5.82867087928207e-16 
2  4 1 5 1 6 1 2 1 0
2  2 -1 6 -1 5 -1 4 -1 0
2  6 -1 5 -1 4 -1 0
1
              1               0               0            2.45 
              0               1               0 -8.1601392309949e-16 
              0               0               1 9.52016243616072e-16 
2  4 1 5 1 2 1 0
2  5 -1 4 -1 0
2  6 1 2 1 0
1
              1               0               0               0 
              0               1               0               0 
              0               0               1               0 
1
2.22044604925031e-16 -3.33066907387547e-16               1               0 
              1 3.33066907387547e-16 -2.22044604925031e-16               0 
-3.33066907387547e-16               1 3.33066907387547e-16               0 
2  14 1 15 1 0
2  4 1 5 1 0
2  14 1 15 1 10 1 0
2  4 1 5 1 6 1 0
Curve2ds 52
1 1.6000000000000048 -2.8637824638055167 0 1 
1 1.6699999999999997 -2.3799999999999994 0.70710678118654779 -0.70710678118654746 
8 -6.9250000000000025 -2.9250000000000012
1 -0.7368867110011168 -2.8837644964328195 0.42261826174069972 0.90630778703664994 
8 -6.9250000000000025 -2.9250000000000012
1 -2.925000000000002 -3.2000000000000006 -1 4.9303806576313227e-32 
8 -6.9250000000000016 -2.9250000000000007
1 -0.7368867110011168 -2.8837644964328195 0.42261826174069972 0.90630778703664994 
8 -6.9250000000000016 -2.9250000000000007
1 -2.9250000000000016 -5.6500000000000012 -1 4.9303806576313227e-32 
1 -1.1102230246251565e-16 -0.41719300090006317 1 0 
1 2.2204460492503131e-16 -0.90999999999999859 1 0 
1 1.1102230246251565e-16 -2.8637824638055172 0 1 
1 1.6700000000000004 -2.379999999999999 0.70710678118654779 -0.70710678118654746 
1 -2.2204460492503131e-16 0.41719300090006295 1 0 
1 -4.8825118685473239 -8.5780909215509666 0.90630778703664983 -0.42261826174069972 
8 -1.324557312796081 0.2754426872039239
1 -2.2226809788878796 -5.4183076638397125 0.90630778703664971 -0.42261826174070005 
8 -1.324557312796081 0.2754426872039239
1 0.2754426872039239 -3.2000000000000002 -1 -5.4234187233944562e-31 
8 -6.9250000000000025 -2.9250000000000003
1 -2.1869791702597601 -2.207575277647698 0.42261826174069972 0.90630778703664994 
8 -6.9250000000000025 -2.9250000000000003
1 -2.9250000000000012 -3.2000000000000006 -1 4.9303806576313227e-32 
8 0.92499999999999982 4.9250000000000007
1 2.5806666436628571 4.2307516318051217 0.42261826174069939 0.90630778703665005 
8 0.92499999999999982 4.9250000000000007
1 4.9249999999999998 -3.2000000000000006 -1 9.8607613152626454e-32 
8 -1.07544268720364 0.52455731279636242
1 1.9969064538487267 5.5235880538817721 -0.90630778703665005 0.42261826174069916 
8 -1.07544268720364 0.52455731279636242
1 0.52455731279636242 -3.2000000000000002 -1 6.4094948549207209e-31 
8 0.92499999999999538 4.9250000000000007
1 1.1305741844042174 4.9069408505902441 0.42261826174069983 0.90630778703664994 
8 0.92499999999999538 4.9250000000000007
1 4.9249999999999998 -3.2000000000000006 -1 -4.9303806576313238e-32 
8 -1.3245573127963772 0.27544268720362403
1 4.412425730440857 8.8107245926358058 0.90630778703664883 -0.42261826174070188 
8 -1.3245573127963772 0.27544268720362403
1 0.27544268720362231 -3.2000000000000006 -1 -4.9303806576313238e-31 
8 -0.40009967377812306 1.1999003262218815
1 0.40009967377812294 -4.6999999999999984 1 -9.3840104962319017e-17 
8 -0.40009967377812306 1.1999003262218815
1 -3.7992590418420242 -9.094253789551324 -0.90630778703664983 0.42261826174069972 
8 6.3239146394619183 6.9239146394619198
1 -2.923914639461918 -4.7000000000000002 1 2.0124075451303131e-16 
8 6.3239146394619183 6.9239146394619198
1 -1.9605652817943522 -2.3119562448999389 -0.42261826174069972 -0.90630778703664994 
8 -1.324557312796081 0.27544268720392395
1 -2.2226809788878796 -5.4183076638397116 0.90630778703664971 -0.42261826174070005 
8 -1.324557312796081 0.27544268720392395
1 0.27544268720392395 -5.6500000000000004 -1 -5.4234187233944562e-31 
8 -1.3245573127960815 0.27544268720392323
1 -3.9131540258506776 -9.0435388119863109 0.90630778703664983 -0.42261826174069972 
8 -1.3245573127960815 0.27544268720392323
1 0.27544268720392312 -5.6500000000000004 -1 -5.4234187233944562e-31 
8 -6.9250000000000016 -2.9249999999999998
1 -2.1869791702597601 -2.207575277647698 0.42261826174069972 0.90630778703664994 
8 -6.9250000000000016 -2.9249999999999998
1 -2.9250000000000007 -5.6500000000000012 -1 4.9303806576313227e-32 
8 0.92500000000000071 4.9250000000000016
1 2.5806666436628563 4.2307516318051217 0.42261826174069939 0.90630778703665005 
8 0.92500000000000071 4.9250000000000016
1 4.9250000000000007 -5.6500000000000004 -1 9.8607613152626454e-32 
8 -1.3245573127963755 0.27544268720362602
1 4.4124257304408561 8.8107245926358093 0.90630778703664883 -0.42261826174070188 
8 -1.3245573127963755 0.27544268720362602
1 0.2754426872036243 -5.6500000000000004 -1 -4.9303806576313238e-31 
8 0.92499999999999627 4.9250000000000016
1 1.1305741844042165 4.9069408505902441 0.42261826174069983 0.90630778703664994 
8 0.92499999999999627 4.9250000000000016
1 4.9250000000000007 -5.6500000000000004 -1 -4.9303806576313238e-32 
8 -1.0754426872036387 0.52455731279636353
1 1.9969064538487276 5.5235880538817721 -0.90630778703665005 0.42261826174069916 
8 -1.0754426872036387 0.52455731279636353
1 0.52455731279636353 -5.6500000000000004 -1 6.4094948549207209e-31 
8 -1.3245573127960812 0.2754426872039234
1 -3.9131540258506776 -9.0435388119863109 0.90630778703664983 -0.42261826174069972 
8 -1.3245573127960812 0.2754426872039234
1 0.27544268720392329 -3.2000000000000002 -1 -5.4234187233944562e-31 
1 1.6000000000000074 1.4495689014324225 1.0547118733938987e-15 1 
1 1.3299999999999996 -3.3800000000000012 0.70710678118654746 0.70710678118654768 
1 9.1593399531575415e-15 1.4495689014324231 7.2164496600635175e-16 1 
1 1.3300000000000036 -3.3800000000000026 0.70710678118654746 0.70710678118654768 
1 0 -0.41719300090006151 1 0 
1 3.4346155225091248 9.2580463273305451 0.90630778703664949 -0.42261826174070066 
1 8.8817841970012523e-16 0.41719300090006328 1 0 
1 0 -0.91000000000000214 1 4.9303806576313227e-32 
Curves 54
1 -1.2830398011561864e-15 -0.91582638864860977 3.241647454493271 1 -3.3306690738754696e-16 3.8857805861880479e-16 
8 2.4465894629054539 3.2809754647055804
1 -0.82000000000000262 -2.4837388602220138 3.9727770473046813 0.70710678118654768 0.64085638205578854 -0.29883623873011989 
1 -3.1114525380770676e-15 -6.6482231416554214 5.914707960003196 -3.4200091195650799e-16 -0.90630778703664994 0.42261826174069972 
1 -0.91582638864861088 3.2416474544932705 0 0.90630778703665005 -0.42261826174069939 0 
1 -3.2000000000000028 -3.9972728645732181 4.6785495444116485 1 -3.3306690738754696e-16 3.8857805861880479e-16 
1 -3.2000000000000011 -0.37204171642661893 2.9880764974488496 1 -3.3306690738754696e-16 3.8857805861880479e-16 
1 2.4499999999999971 -6.6482231416554214 5.9147079600031969 -3.4200091195650799e-16 -0.90630778703664994 0.42261826174069972 
1 -9.5020615826461508e-16 -1.5920156074337313 1.791554995234627 1 -3.3306690738754696e-16 3.8857805861880479e-16 
1 0.90999999999999759 -1.5920156074337317 1.7915549952346277 -2.0802102680723136e-16 0.42261826174069972 0.90630778703664983 
1 -1.5920156074337319 1.7915549952346266 0 0.42261826174069944 0.90630778703664994 0 
8 2.4465894629054539 3.2809754647055804
1 -0.82000000000000239 -3.1599280790071353 2.5226845880460376 0.70710678118654768 0.64085638205578854 -0.29883623873011989 
1 1.4999999999999976 -1.0572940130821085 1.5422102208076152 -2.0802102680723136e-16 0.42261826174069972 0.90630778703664983 
1 -19.063975276176485 13.303189342008618 0 -0.42261826174069916 -0.90630778703665016 0 
1 -19.063975276176485 13.303189342008618 0 0.90630778703664994 -0.4226182617406995 0 
1 0 0 0 -0.90630778703664994 0.42261826174069944 0 
1 1.690473046962798 3.6252311481465997 0 -0.4226182617406995 -0.90630778703664994 0 
1 -2.4978912098356407e-15 -4.1136799742485284 4.4289136921164332 -2.0802102680723072e-16 0.42261826174070005 0.90630778703664971 
1 -2.5009465067812199e-15 -7.3244123604405429 4.4646155007445527 -3.4200091195650799e-16 -0.90630778703664994 0.42261826174069972 
1 -1.0477221717858995 1.5367698953374935 0 -0.90568418946262907 0.42395300324142149 0 
1 -0.37204171642662098 2.988076497448851 0 -0.42206665202183224 -0.90656480256575234 0 
1 -5.5539431922523532e-15 -13.762739269893363 9.2322613146671699 -3.4200091195650789e-16 -0.90630778703665005 0.42261826174069939 
1 -6.2749533841814631e-15 -15.055575691970013 8.6485011248530395 2.0802102680723102e-16 -0.42261826174069916 -0.90630778703665005 
1 -5.1654817658815364e-15 -14.438928488678485 7.7821688554085302 -3.4200091195650804e-16 -0.90630778703664994 0.42261826174069983 
1 -7.625089022869575e-15 -18.342712230724047 11.06402040144517 -2.0802102680723003e-16 0.42261826174070188 0.90630778703664883 
1 1.4999999999999973 -0.54113114508175186 2.6254630475129153 3.0186113176955038e-16 -0.42261826174069972 -0.90630778703664983 
1 1.4999999999999969 -7.3234286897331362 4.4641568075605873 1.4076015744347658e-16 0.90630778703664994 -0.42261826174069972 
1 -3.2000000000000024 -4.6734620833583405 3.2284570851530052 1 -3.3306690738754696e-16 3.8857805861880479e-16 
1 2.4499999999999975 -4.1136799742485293 4.428913692116434 -2.0802102680723072e-16 0.42261826174070005 0.90630778703664971 
1 -3.2000000000000011 -1.0482309352117405 1.5379840381902061 1 -3.3306690738754696e-16 3.8857805861880479e-16 
1 2.4499999999999993 -0.48844882610193008 2.7384406451536361 -2.0802102680723082e-16 0.42261826174069972 0.90630778703664983 
1 2.4499999999999975 -7.3244123604405429 4.4646155007445536 -3.4200091195650799e-16 -0.90630778703664994 0.42261826174069972 
1 2.4499999999999944 -13.762739269893363 9.2322613146671699 -3.4200091195650789e-16 -0.90630778703665005 0.42261826174069939 
1 2.4499999999999922 -18.34271223072405 11.06402040144517 -2.0802102680723003e-16 0.42261826174070188 0.90630778703664883 
1 2.4499999999999948 -14.438928488678485 7.7821688554085302 -3.4200091195650804e-16 -0.90630778703664994 0.42261826174069983 
1 2.449999999999994 -15.055575691970013 8.6485011248530412 2.0802102680723102e-16 -0.42261826174069916 -0.90630778703665005 
1 -9.2571096622250034e-16 -0.48844882610192969 2.7384406451536352 -2.0802102680723082e-16 0.42261826174069972 0.90630778703664983 
1 -8.6639049910329583e-15 -19.063975276176482 13.303189342008626 1 -3.3306690738754696e-16 3.8857805861880479e-16 
1 -7.831820883804031e-15 -20.754448323139279 9.6779581938620236 1 -3.3306690738754696e-16 3.8857805861880479e-16 
1 -8.3208410722892556e-16 1.6904730469627987 3.6252311481465993 1 -3.3306690738754696e-16 3.8857805861880479e-16 
1 0 0 0 1 -3.3306690738754696e-16 3.8857805861880479e-16 
1 -18.226305121048867 11.313656253740108 0 0.90630778703664916 -0.42261826174070133 0 
8 -1.8667619023324822 -1.0323759005323598
1 0.17999999999999372 -17.02091576429012 10.751573965624983 -0.70710678118654746 0.64085638205578865 -0.29883623873011994 
1 -3.2000000000000082 -18.226305121048863 11.313656253740112 1 -3.3306690738754696e-16 3.8857805861880479e-16 
1 -7.6100566723514644e-15 -17.682520448826875 11.060085296695693 1 -3.3306690738754696e-16 3.8857805861880479e-16 
1 -3.2000000000000068 -14.601073972902263 9.6231832067773162 1 -3.3306690738754696e-16 3.8857805861880479e-16 
1 -3.2000000000000064 -15.277263191687382 8.1730907475186747 1 -3.3306690738754696e-16 3.8857805861880479e-16 
1 -18.358709667612001 9.6099928374370442 0 0.42261826174070038 0.9063077870366496 0 
1 -18.902494339833989 9.86356379448147 0 0.90630778703664583 -0.42261826174070866 0 
8 -1.8667619023324842 -1.0323759005323594
1 0.17999999999999516 -17.697104983075238 9.3014815063663452 -0.70710678118654746 0.64085638205578843 -0.29883623873012022 
1 -3.2000000000000077 -18.902494339833986 9.8635637944814754 1 -3.3306690738754696e-16 3.8857805861880479e-16 
1 -7.2772230294598936e-15 -18.358709667611997 9.6099928374370496 1 -3.3306690738754696e-16 3.8857805861880479e-16 
1 -18.902494339833989 9.86356379448147 0 0.42261826174070161 0.90630778703664894 0 
1 1.4999999999999949 -18.89343126196362 9.8593376118640634 -2.0802102680723107e-16 0.42261826174070066 0.90630778703664949 
1 0.90999999999999492 -18.358709667611997 9.6099928374370496 -2.0802102680723107e-16 0.42261826174070066 0.90630778703664949 
Polygon3D 0
PolygonOnTriangulations 0
Surfaces 19
1 -3.2000000000000028 -3.9972728645732181 4.6785495444116485 -2.1141116295433089e-16 0.42261826174069972 0.90630778703664994 3.4200091195650794e-16 0.90630778703664994 -0.42261826174069972 -1 2.2061187147947969e-16 -3.3613941417677758e-16 
1 1.2049999999999976 -1.3246548102579201 1.6668826080211214 0.70710678118654746 -0.64085638205578854 0.29883623873012027 -3.3306690738754691e-16 0.42261826174069961 0.90630778703664983 0.70710678118654768 0.64085638205578854 -0.29883623873011972 
1 -4.3319524955164791e-15 -9.5319876380882409 6.6515946710043128 1 -2.2204460492503146e-16 3.3306690738754647e-16 -3.3306690738754647e-16 0 1 -2.2204460492503146e-16 -1 -7.3955709864469791e-32 
1 -9.5020615826461508e-16 -1.5920156074337313 1.791554995234627 -4.6608131545360343e-16 -0.90630778703664983 0.42261826174069972 -2.0802102680723136e-16 0.42261826174069972 0.90630778703664983 -1 3.3449964083309843e-16 -3.8550555182957407e-16 
1 -3.2000000000000024 -4.6734620833583405 3.2284570851530052 -2.1141116295433089e-16 0.42261826174069972 0.90630778703664994 3.4200091195650794e-16 0.90630778703664994 -0.42261826174069972 -1 2.2061187147947969e-16 -3.3613941417677758e-16 
1 -4.2793475582371081e-15 -9.6353849346330751 6.4247220893549386 1 0 3.3306690738754903e-16 -3.3306690738754903e-16 0 1 0 -1 0 
1 -3.2000000000000028 -3.9972728645732181 4.6785495444116485 4.6608131545360353e-16 0.90630778703664971 -0.42261826174070005 2.0802102680723129e-16 -0.42261826174070005 -0.90630778703664971 -1 3.3449964083309843e-16 -3.8550555182957417e-16 
1 -3.2000000000000082 -18.226305121048863 11.313656253740112 -2.1141116295433103e-16 0.42261826174069939 0.90630778703665005 3.4200091195650754e-16 0.90630778703665005 -0.42261826174069939 -1 2.2061187147947935e-16 -3.3613941417677748e-16 
1 -3.2000000000000064 -15.277263191687382 8.1730907475186747 -4.6608131545360334e-16 -0.90630778703665005 0.42261826174069916 -2.0802102680723166e-16 0.42261826174069916 0.90630778703665005 -1 3.3449964083309843e-16 -3.8550555182957407e-16 
1 -3.2000000000000077 -18.902494339833986 9.8635637944814754 -2.1141116295433084e-16 0.42261826174069983 0.90630778703664994 3.4200091195650799e-16 0.90630778703664971 -0.42261826174069977 -1 2.2061187147947979e-16 -3.3613941417677768e-16 
1 -3.2000000000000082 -18.226305121048863 11.313656253740112 4.6608131545360403e-16 0.90630778703664883 -0.42261826174070188 2.080210268072305e-16 -0.42261826174070188 -0.90630778703664883 -1 3.3449964083309838e-16 -3.8550555182957437e-16 
1 -3.2000000000000011 -0.37204171642661893 2.9880764974488496 4.6608131545360343e-16 0.90630778703664983 -0.42261826174069972 2.0802102680723136e-16 -0.42261826174069972 -0.90630778703664983 -1 3.3449964083309843e-16 -3.8550555182957407e-16 
1 -8.6639049910329583e-15 -19.063975276176482 13.303189342008626 4.6608131545360343e-16 0.90630778703665005 -0.42261826174069944 2.0802102680723146e-16 -0.42261826174069944 -0.90630778703665005 -1 3.3449964083309843e-16 -3.8550555182957398e-16 
1 -8.6639049910329583e-15 -19.063975276176482 13.303189342008626 -2.1141116295433081e-16 0.42261826174069977 0.90630778703664983 3.4200091195650794e-16 0.90630778703664983 -0.42261826174069977 -1 2.2061187147947969e-16 -3.3613941417677758e-16 
1 0 0 0 2.1141116295433084e-16 -0.42261826174069972 -0.90630778703664983 -3.4200091195650794e-16 -0.90630778703664983 0.42261826174069972 -1 2.2061187147947972e-16 -3.3613941417677758e-16 
1 -8.3208410722892546e-16 1.6904730469627991 3.6252311481465993 4.6608131545360353e-16 0.90630778703664983 -0.42261826174069977 2.0802102680723141e-16 -0.42261826174069977 -0.90630778703664983 -1 3.3449964083309848e-16 -3.8550555182957417e-16 
1 1.204999999999995 -18.626070464787809 9.7346652246505556 -0.70710678118654768 -0.64085638205578821 0.29883623873012033 -3.6082248300317588e-16 0.42261826174070061 0.9063077870366496 -0.70710678118654746 0.64085638205578821 -0.29883623873012088 
1 -4.2793475582371081e-15 -9.6353849346330751 6.4247220893549386 1 0 3.3306690738754903e-16 -3.3306690738754903e-16 0 1 0 -1 0 
1 -7.2772230294598936e-15 -18.358709667611997 9.6099928374370496 -4.6608131545360373e-16 -0.90630778703664949 0.42261826174070066 -2.0802102680723102e-16 0.42261826174070066 0.90630778703664949 -1 3.3449964083309838e-16 -3.8550555182957417e-16 
Triangulations 0

TShapes 147
Ve
1.00000000111022e-07
0.909999999999997 -0.915826388648611 3.24164745449327
0 0

0101101
*
Ve
1.50000001913616e-07
-1.28303980115619e-15 -0.91582638864861 3.24164745449327
0 0

0101101
*
Ed
 1.00000000111022e-07 1 1 0
1  1 0 0 0.909999999999998
0

0101000
-147 3 +146 0 *
Ve
1.00000000111022e-07
1.5 -0.381104794296987 2.99230268006626
0 0

0101101
*
Ed
 1e-07 1 1 0
1  2 0 2.44658946290545 3.28097546470558
2  1 2 0 2.44658946290545 3.28097546470558
2  2 1 2 2.44658946290545 3.28097546470558
0

0101000
+147 0 -144 0 *
Ve
1.50000001136823e-07
-2.66453525910038e-15 -3.99727286457322 4.67854954441165
0 0

0101101
*
Ed
 1.5e-07 1 1 0
1  3 0 -6.325 -2.925
2  3 3 0 -6.325 -2.925
2  4 1 0 -6.325 -2.925
0

0101000
+146 0 -142 0 *
Ve
2.12133034355964e-07
1.5 -0.37204171642662 2.98807649744885
0 0

0101101
*
Ed
 1.00000000111022e-07 1 1 0
1  4 0 0.589999999999999 0.6
0

0101000
+144 8 -140 9 *
Ve
1.50000000444089e-07
2.45 -3.99727286457322 4.67854954441165
0 0

0101101
*
Ed
 1e-07 1 1 0
1  5 0 3.2 5.65
0

0101000
+142 0 -138 0 *
Ve
1.50000002448161e-07
2.45 -0.372041716426621 2.98807649744885
0 0

0101101
*
Ed
 1e-07 1 1 0
1  6 0 4.7 5.65
0

0101000
+140 0 -136 0 *
Ed
 1.5e-07 1 1 0
1  7 0 -6.925 -2.925
2  5 3 10 -6.925 -2.925
2  6 1 0 -6.925 -2.925
0

0101000
+136 0 -138 0 *
Wi

0101100
-145 2 -143 0 +141 2 -139 7 +137 2 -135 2 -134 2 *
Fa
0  1e-07 1 0

0101000
+133 3 *
Ve
1.00000000496507e-07
0.909999999999997 -1.59201560743373 1.79155499523463
0 0

0101101
*
Ve
1.50000002556957e-07
-9.50206158264615e-16 -1.59201560743373 1.79155499523463
0 0

0101101
*
Ed
 1.00000000496507e-07 1 1 0
1  8 0 0 0.909999999999998
0

0101000
-131 3 +130 0 *
Ed
 1e-07 1 1 0
1  9 0 1.56400838818098e-16 1.6
2  7 2 0 1.56400838818098e-16 1.6
2  8 4 2 1.56400838818098e-16 1.6
0

0101000
+131 0 -147 0 *
Ed
 1e-07 1 1 0
1  10 0 0 1.6
0

0101000
+130 12 -146 12 *
Wi

0101100
+129 2 +128 0 -127 11 -145 2 *
Fa
0  1e-07 4 0

0101000
+126 3 *
Ve
1.5e-07
1.5 -1.05729401308211 1.54221022080761
0 0

0101101
*
Ed
 1e-07 1 1 0
1  11 0 2.44658946290545 3.28097546470558
2  9 2 0 2.44658946290545 3.28097546470558
2  10 5 2 2.44658946290545 3.28097546470558
0

0101000
+131 0 -124 0 *
Ed
 1e-07 1 1 0
1  12 0 2.26352069474555e-16 1.6
2  11 2 0 2.26352069474555e-16 1.6
2  12 6 13 2.26352069474555e-16 1.6
0

0101000
+124 0 -144 0 *
Wi

0101100
-123 0 +128 0 -122 0 +143 0 *
Fa
0  0 2 0

0111000
+121 0 *
Ve
1e-07
-19.0639752761765 13.3031893420086 0
0 0

0101101
*
Ve
1e-07
-20.7544483231393 9.67795819386202 0
0 0

0101101
*
Ed
 1e-07 1 1 0
1  13 0 0 4
0

0101000
+119 0 -118 0 *
Ve
1.00000000496507e-07
1.6904730469628 3.6252311481466 0
0 0

0101101
*
Ed
 1e-07 1 1 0
1  14 0 0 22.9
0

0101000
+119 0 -116 0 *
Ve
1e-07
0 0 0
0 0

0101101
*
Ed
 1e-07 1 1 0
1  15 0 0 22.9
0

0101000
+114 0 -118 0 *
Ed
 1e-07 1 1 0
1  16 0 0 4
0

0101000
+116 0 -114 0 *
Wi

0101100
+117 16 -115 16 -113 16 -112 16 *
Ve
1.5000000216054e-07
-8.88178419700125e-16 -0.37204171642662 2.98807649744885
0 0

0101101
*
Ed
 1.5e-07 1 1 0
1  3 0 -6.925 -6.325
2  3 3 0 -6.925 -6.325
2  4 1 0 -6.925 -6.325
0

0101000
+110 0 -146 0 *
Ve
1.50000001332269e-07
-2.22044604925031e-15 -4.67346208335834 3.22845708515301
0 0

0101101
*
Ed
 1.5e-07 1 1 0
1  17 0 -1.32455731279608 0.275442687203924
2  13 3 0 -1.32455731279608 0.275442687203924
2  14 7 0 -1.32455731279608 0.275442687203924
0

0101000
+108 0 -142 0 *
Ed
 1.5e-07 1 1 0
1  18 0 -6.325 -2.925
2  15 3 0 -6.325 -2.925
2  16 5 0 -6.325 -2.925
0

0101000
+130 0 -108 0 *
Ve
1e-07
-7.44488252111739e-16 -1.0477221717859 1.53676989533749
0 0

0101101
*
Ed
 1e-07 1 1 0
1  19 0 0 0.600974867377092
0

0101000
+105 12 -130 12 *
Ed
 1e-07 1 1 0
1  20 0 0 1.60088567083553
0

0101000
+110 12 -105 12 *
Wi

0101100
-109 0 -141 0 +107 0 +106 0 +104 17 +103 17 *
Ve
1.5000000263375e-07
-6.66133814775094e-15 -14.6010739729023 9.62318320677732
0 0

0101101
*
Ve
1.50000001867706e-07
-7.61005667235146e-15 -17.6825204488269 11.0600852966957
0 0

0101101
*
Ed
 1.5e-07 1 1 0
1  21 0 0.925 4.325
2  17 3 0 0.925 4.325
2  18 8 0 0.925 4.325
0

0101000
+101 0 -100 0 *
Ve
1.5000000261758e-07
-6.21724893790088e-15 -15.2772631916874 8.17309074751868
0 0

0101101
*
Ed
 1.5e-07 1 1 0
1  22 0 -1.07544268720364 0.524557312796362
2  19 3 0 -1.07544268720364 0.524557312796362
2  20 9 0 -1.07544268720364 0.524557312796362
0

0101000
+101 0 -98 0 *
Ve
1.5000000404323e-07
-7.99360577730113e-15 -18.2263051210489 11.3136562537401
0 0

0101101
*
Ed
 1.5e-07 1 1 0
1  21 0 4.325 4.925
2  17 3 0 4.325 4.925
2  18 8 0 4.325 4.925
0

0101000
+100 0 -96 0 *
Ve
1.50000007133531e-07
-7.27722302945989e-15 -18.358709667612 9.60999283743705
0 0

0101101
*
Ed
 1.5e-07 1 1 0
1  23 0 0.924999999999995 4.325
2  21 3 0 0.924999999999995 4.325
2  22 10 0 0.924999999999995 4.325
0

0101000
+98 0 -94 0 *
Ve
1.50000001787576e-07
-7.54951656745106e-15 -18.902494339834 9.86356379448148
0 0

0101101
*
Ed
 1.5e-07 1 1 0
1  24 0 -1.32455731279638 0.275442687203624
2  23 3 0 -1.32455731279638 0.275442687203624
2  24 11 0 -1.32455731279638 0.275442687203624
0

0101000
+92 0 -96 0 *
Ed
 1.5e-07 1 1 0
1  23 0 4.325 4.925
2  21 3 0 4.325 4.925
2  22 10 0 4.325 4.925
0

0101000
+94 0 -92 0 *
Wi

0101100
-99 0 +97 0 -95 0 +93 0 +91 0 +90 0 *
Fa
0  1e-07 3 0

0101000
+111 0 +102 0 +89 0 *
Ve
1.50000002782211e-07
1.5 -1.04823093521174 1.53798403819021
0 0

0101101
*
Ed
 1.5e-07 1 1 0
1  25 0 -0.400099673778123 1.19990032622188
2  25 12 0 -0.400099673778123 1.19990032622188
2  26 6 6 -0.400099673778123 1.19990032622188
0

0101000
+140 0 -87 0 *
Ed
 1.5e-07 1 1 0
1  26 0 6.91391463946192 6.92391463946192
2  27 5 0 6.91391463946192 6.92391463946192
2  28 6 6 6.91391463946192 6.92391463946192
0

0101000
+124 3 -87 0 *
Wi

0101100
-139 7 -122 0 -86 2 +85 2 *
Fa
0  1e-07 6 6

0101000
+84 3 *
Ve
1.50000001601186e-07
2.45 -4.67346208335834 3.22845708515301
0 0

0101101
*
Ed
 1e-07 1 1 0
1  27 0 3.2 5.65
0

0101000
+108 0 -82 0 *
Ed
 1.5e-07 1 1 0
1  28 0 -1.32455731279608 0.275442687203924
2  29 3 10 -1.32455731279608 0.275442687203924
2  30 7 0 -1.32455731279608 0.275442687203924
0

0101000
+82 0 -138 0 *
Wi

0101100
+107 0 -81 0 -80 0 +137 0 *
Fa
0  1e-07 7 0

0101000
+79 0 *
Ve
1.50000002328823e-07
2.45 -1.04823093521174 1.53798403819021
0 0

0101101
*
Ed
 1e-07 1 1 0
1  29 0 4.7 5.65
0

0101000
+87 0 -77 0 *
Ed
 1.5e-07 1 1 0
1  30 0 -1.32455731279608 0.275442687203923
2  31 3 10 -1.32455731279608 0.275442687203923
2  32 12 0 -1.32455731279608 0.275442687203923
0

0101000
+77 0 -136 0 *
Wi

0101100
-76 0 -75 0 +135 0 -86 0 *
Fa
0  1e-07 12 0

0101000
+74 0 *
Wi

0101100
+117 18 -115 18 -113 18 -112 18 *
Ed
 1.5e-07 1 1 0
1  31 0 -6.925 -2.925
2  33 3 10 -6.925 -2.925
2  34 5 0 -6.925 -2.925
0

0101000
+77 0 -82 0 *
Wi

0101100
-134 0 +80 0 +71 0 -75 0 *
Ve
1.50000001776357e-07
2.44999999999999 -14.6010739729023 9.62318320677732
0 0

0101101
*
Ve
1.50000001831027e-07
2.44999999999999 -18.2263051210489 11.3136562537401
0 0

0101101
*
Ed
 1.5e-07 1 1 0
1  32 0 0.925000000000001 4.925
2  35 3 10 0.925000000000001 4.925
2  36 8 0 0.925000000000001 4.925
0

0101000
+69 0 -68 0 *
Ve
1.50000003580362e-07
2.44999999999999 -18.902494339834 9.86356379448148
0 0

0101101
*
Ed
 1.5e-07 1 1 0
1  33 0 -1.32455731279638 0.275442687203626
2  37 3 10 -1.32455731279638 0.275442687203626
2  38 11 0 -1.32455731279638 0.275442687203626
0

0101000
+66 0 -68 0 *
Ve
1.50000001831027e-07
2.44999999999999 -15.2772631916874 8.17309074751868
0 0

0101101
*
Ed
 1.5e-07 1 1 0
1  34 0 0.924999999999996 4.925
2  39 3 10 0.924999999999996 4.925
2  40 10 0 0.924999999999996 4.925
0

0101000
+64 0 -66 0 *
Ed
 1.5e-07 1 1 0
1  35 0 -1.07544268720364 0.524557312796364
2  41 3 10 -1.07544268720364 0.524557312796364
2  42 9 0 -1.07544268720364 0.524557312796364
0

0101000
+69 0 -64 0 *
Wi

0101100
-67 0 +65 0 +63 0 +62 0 *
Fa
0  1e-07 3 10

0101000
+72 0 +70 0 +61 0 *
Wi

0101100
-129 2 -123 0 +106 2 -85 2 +81 2 -76 2 -71 2 *
Fa
0  1e-07 5 0

0101000
+59 3 *
Ve
1.5000000218214e-07
-8.88178419700125e-16 -1.04823093521174 1.53798403819021
0 0

0101101
*
Ed
 1.5e-07 1 1 0
1  36 0 -1.32455731279608 0.275442687203923
2  43 3 0 -1.32455731279608 0.275442687203923
2  44 12 0 -1.32455731279608 0.275442687203923
0

0101000
+57 0 -110 0 *
Ed
 1.5e-07 1 1 0
1  18 0 -6.925 -6.325
2  15 3 0 -6.925 -6.325
2  16 5 0 -6.925 -6.325
0

0101000
+57 0 -130 0 *
Wi

0101100
+56 0 -55 0 -127 17 +109 0 *
Fa
0  1e-07 6 0

0101000
+54 0 *
Ed
 1e-07 1 1 0
1  37 0 0 2.45
0

0101000
+119 16 -119 18 *
Ed
 1e-07 1 1 0
1  38 0 0 2.45
0

0101000
+118 16 -118 18 *
Wi

0101100
+52 0 -51 0 -117 16 +117 18 *
Fa
0  1e-07 13 0

0101000
+50 0 *
Ed
 1.00000000496507e-07 1 1 0
1  39 0 0 2.45
0

0101000
+116 16 -116 18 *
Wi

0101100
+52 0 -48 0 -115 16 +115 18 *
Fa
0  1e-07 14 0

0101000
+47 0 *
Ed
 1e-07 1 1 0
1  40 0 0 2.45
0

0101000
+114 16 -114 18 *
Wi

0101100
+45 0 -51 0 -113 16 +113 18 *
Fa
0  1e-07 15 0

0101000
+44 0 *
Wi

0101100
+48 0 -45 0 -112 16 +112 18 *
Fa
0  1e-07 16 0

0101000
+42 0 *
Wi

0101100
-103 17 -104 17 +55 0 -56 0 *
Fa
0  1e-07 3 0

0101000
+40 0 *
Ve
1.00000001776357e-07
1.49999999999999 -18.2172420431785 11.3094300711227
0 0

0101101
*
Ve
1.00000003972055e-07
1.49999999999999 -18.2263051210489 11.3136562537401
0 0

0101101
*
Ed
 1.00000001776357e-07 1 1 0
1  41 0 0 0.0100000000000002
0

0101000
-38 8 +37 9 *
Ve
1e-07
0.909999999999994 -17.6825204488269 11.0600852966957
0 0

0101101
*
Ed
 1e-07 1 1 0
1  42 0 -1.86676190233248 -1.03237590053236
2  45 17 0 -1.86676190233248 -1.03237590053236
2  46 8 2 -1.86676190233248 -1.03237590053236
0

0101000
+38 0 -35 0 *
Ed
 1e-07 1 1 0
1  43 0 4.7 5.65
0

0101000
+37 0 -68 0 *
Ed
 1e-07 1 1 0
1  44 0 0 0.910000000000002
0

0101000
-35 3 +100 0 *
Ed
 1e-07 1 1 0
1  45 0 3.2 5.65
0

0101000
+101 0 -69 0 *
Wi

0101100
-36 7 -34 0 +33 2 +32 2 -67 2 +99 2 -31 2 *
Fa
0  1e-07 8 0

0101000
+30 3 *
Ed
 1e-07 1 1 0
1  46 0 3.2 5.65
0

0101000
+98 0 -64 0 *
Wi

0101100
+97 0 -31 0 -62 0 +28 0 *
Fa
0  1e-07 9 0

0101000
+27 0 *
Ed
 1e-07 1 1 0
1  47 0 0 1.6
0

0101000
+94 12 -100 12 *
Wi

0101100
-95 0 -25 17 +90 0 +91 0 *
Fa
0  1e-07 18 0

0101000
-24 0 *
Ve
1.00000006404746e-07
1.49999999999999 -18.8934312619636 9.85933761186407
0 0

0101101
*
Ve
1.00000006404746e-07
1.49999999999999 -18.902494339834 9.86356379448148
0 0

0101101
*
Ed
 1.00000006404746e-07 1 1 0
1  48 0 0 0.0100000000000027
0

0101000
-22 8 +21 9 *
Ve
1.00000006404746e-07
0.909999999999995 -18.358709667612 9.60999283743705
0 0

0101101
*
Ed
 1e-07 1 1 0
1  49 0 -1.86676190233248 -1.03237590053236
2  47 17 0 -1.86676190233248 -1.03237590053236
2  48 10 2 -1.86676190233248 -1.03237590053236
0

0101000
+22 0 -19 0 *
Ed
 1e-07 1 1 0
1  50 0 4.7 5.65
0

0101000
+21 0 -66 0 *
Ed
 1.00000006404746e-07 1 1 0
1  51 0 0 0.910000000000002
0

0101000
-19 3 +94 0 *
Wi

0101100
-20 7 -18 0 +17 2 +16 2 -63 2 +93 2 -28 2 *
Fa
0  1e-07 10 0

0101000
+15 3 *
Ed
 1.00000003972055e-07 1 1 0
1  52 0 0 1.6
0

0101000
+21 9 -37 9 *
Wi

0101100
-17 0 -65 0 +33 0 +13 19 *
Fa
0  1e-07 11 0

0101000
+12 0 *
Ed
 1e-07 1 1 0
1  53 0 7.99067266161595e-15 1.60000000000001
2  49 17 0 7.99067266161595e-15 1.60000000000001
2  50 18 13 7.99067266161595e-15 1.60000000000001
0

0101000
+22 0 -38 0 *
Wi

0101100
-36 7 +10 0 -13 7 +20 7 *
Fa
0  1e-07 18 6

0101000
+9 3 *
Ed
 1e-07 1 1 0
1  54 0 6.33430481160371e-15 1.6
2  51 17 0 6.33430481160371e-15 1.6
2  52 19 2 6.33430481160371e-15 1.6
0

0101000
+19 0 -35 0 *
Wi

0101100
-18 0 +10 0 -7 0 +34 0 *
Fa
0  0 17 0

0111000
+6 0 *
Wi

0101100
+16 2 +7 0 -25 11 -32 2 *
Fa
0  1e-07 19 0

0101000
+4 3 *
Sh

0101100
-132 2 +125 2 -120 0 -88 2 +83 2 +78 2 -73 2 +60 2 +58 2 -53 2 
-49 2 +46 2 +43 2 +41 2 -39 2 -29 2 +26 2 -23 2 +14 2 +11 2 
+8 2 -5 0 -3 2 *
So

0100000
+2 0 *

+1 1 ]]>
      </Part>
      <ElementMap new="1" count="1"><Element key="Dummy" value="Dummy"/></ElementMap>
      <ElementMap2 count="126">
<![CDATA[
2 PostfixCount 13
Edge
Face
Vertex
;:U;CHF;:Hee1:7,V
;:Hee1,V
;:Hee1,E
;:Hee1,F
;:M;CHF;:Hee1:7,E
;:M;CHF;:Hee1:7,F
;:G;CHF;:Hee1:7,F
;:U;CHF;:Hee1:7,E
;:U3;CHF;:Hee1:8,E
;:U4;CHF;:Hee1:8,E

MapCount 1

ElementMap 1 2 3

Edge

ChildCount 0

NameCount 63
0
$#939.8 0
$#987.d 0
$#12b8.6 0
$#93a.8 0
$#4b8.6 0
$#b0c.6 0
$#12c3.6 0
$#93b.8 0
$#986.b 0
$#8d3.6 0
$#987.b 0
$#987.c 0
$#f10.6 0
$#f0d.6 0
$#f15.6 0
$#f13.6 0
$#12b7.6 0
$#12b9.6 0
$#12bb.6 0
$#12d3.6 0
$#12d4.6 0
$#12bd.6 0
$#12c2.6 0
$#12be.6 0
$#12c0.6 0
$#12bf.6 0
$#12c1.6 0
$#12d7.6 0
$#12d9.8 0
$#4b9.6 0
$#12c4.6 0
$#b0d.6 0
$#12c6.6 0
$#f11.6 0
$#f0e.6 0
$#f4f.6 0
$#f14.6 0
$#12c5.6 0
$#12c7.6 0
$#12c8.6 0
$#12c9.6 0
$#12ca.6 0
$#12d5.6 0
$#12d6.6 0
$#f0b.6 0
$#f0f.6 0
$#12b6.6 0
$#f79.6 0
$#93d.8 0
$#989.d 0
$#b0e.6 0
$#93e.8 0
$#4ba.6 0
$#4bb.6 0
$#8da.6 0
$#93f.8 0
$#989.b 0
$#b0f.6 0
$#940.8 0
$#8ec.6 0
$#988.b 0
$#989.c 0

Face

ChildCount 0

NameCount 24
0
$#b1b.9 0
$#963.9 0
$#964.a 0
$#f85.7 0
$#965.9 0
$#4d8.7 0
$#b24.7 0
$#f86.7 0
$#b1c.9 0
$#90e.7 0
$#f83.7 0
$#f82.7 0
$#f87.7 0
$#f84.7 0
$#12d8.7 0
$#b1d.9 0
$#4d9.7 0
$#910.7 0
$#b1e.9 0
$#b25.7 0
$#966.9 0
$#967.a 0
$#968.9 0

Vertex

ChildCount 0

NameCount 42
0
$#9a3.4 0
$#7ea.5 0
$#9a4.4 0
$#12a7.5 0
$#82c.5 0
$#12af.5 0
$#12ae.5 0
$#9a5.4 0
$#7ee.5 0
$#126f.4 0
$#ea4.5 0
$#eaa.5 0
$#ea8.5 0
$#eb0.5 0
$#12a6.5 0
$#12a8.5 0
$#12cf.5 0
$#12aa.5 0
$#7f0.5 0
$#12ad.5 0
$#12ab.5 0
$#7f4.5 0
$#12ac.5 0
$#12d2.5 0
$#12b0.5 0
$#12b1.5 0
$#ea6.5 0
$#eac.5 0
$#12a5.5 0
$#ee2.5 0
$#12b2.5 0
$#12b3.5 0
$#12b4.5 0
$#12b5.5 0
$#12d1.5 0
$#9a7.4 0
$#82e.5 0
$#9a8.4 0
$#9a9.4 0
$#82f.5 0
$#9aa.4 0

EndMap
]]>
      </ElementMap2>
    </Property>
    <Property name="Size" type="App::PropertyQuantityConstraint">
      <Float value="0.59"/>
    </Property>
    <Property name="Size2" type="App::PropertyQuantityConstraint" status="4">
      <Float value="1"/>
    </Property>
    <Property name="SupportTransform" type="App::PropertyBool">
      <Bool value="false"/>
    </Property>
    <Property name="Suppress" type="App::PropertyBool">
      <Bool value="false"/>
    </Property>
    <Property name="SuppressedShape" type="Part::PropertyPartShape">
      <Part ElementMap="0.15.70200.4" brep="1">
<![CDATA[

CASCADE Topology V1, (c) Matra-Datavision
Locations 0
Curve2ds 0
Curves 0
Polygon3D 0
PolygonOnTriangulations 0
Surfaces 0
Triangulations 0

TShapes 0

*]]>
      </Part>
      <ElementMap/>
    </Property>
    <Property name="TreeRank" type="App::PropertyInteger" status="2184">
      <Integer value="22"/>
    </Property>
    <Property name="UseAllEdges" type="App::PropertyBool">
      <Bool value="false"/>
    </Property>
    <Property name="ValidateShape" type="App::PropertyBool">
      <Bool value="true"/>
    </Property>
    <Property name="Visibility" type="App::PropertyBool" status="648">
      <Bool value="true"/>
    </Property>
    <Property name="_Siblings" type="App::PropertyLinkList" status="218103808">
      <LinkList count="0">
      </LinkList>
    </Property>
  </Properties>
</Object>
</Document>
