<?xml version='1.0' encoding='utf-8'?>
<!-- FreeCAD DocumentObject -->
<Document SchemaVersion="4" FileVersion="2">
<Object name="Pad">
  <Properties Count="47" TransientCount="2">
    <_Property name="_Body" type="App::PropertyLinkHidden" status="251658241"/>
    <_Property name="_ElementMapVersion" type="App::PropertyString" status="234881024"/>
    <Property name="AddSubShape" type="Part::PropertyPartShape">
      <Part HasherIndex="0" ElementMap="1.15.70200.4" brep="1">
<![CDATA[

CASCADE Topology V1, (c) Matra-Datavision
Locations 5
1
              1               0               0               0 
              0               1               0               0 
              0               0               1               0 
1
2.22044604925031e-16 -3.33066907387547e-16               1               0 
              1 3.33066907387547e-16 -2.22044604925031e-16               0 
-3.33066907387547e-16               1 3.33066907387547e-16               0 
2  1 1 2 1 0
1
              1               0               0            2.45 
              0               1               0 -8.1601392309949e-16 
              0               0               1 9.52016243616072e-16 
2  1 1 2 1 4 1 0
Curve2ds 0
Curves 8
1 -8.6639049910329583e-15 -19.063975276176482 13.303189342008626 1 -3.3306690738754696e-16 3.8857805861880479e-16 
1 -7.831820883804031e-15 -20.754448323139279 9.6779581938620236 1 -3.3306690738754696e-16 3.8857805861880479e-16 
1 -19.063975276176485 13.303189342008618 0 -0.42261826174069916 -0.90630778703665016 0 
1 0 0 0 1 -3.3306690738754696e-16 3.8857805861880479e-16 
1 0 0 0 -0.90630778703664994 0.42261826174069944 0 
1 -8.3208410722892556e-16 1.6904730469627987 3.6252311481465993 1 -3.3306690738754696e-16 3.8857805861880479e-16 
1 1.690473046962798 3.6252311481465997 0 -0.4226182617406995 -0.90630778703664994 0 
1 -19.063975276176485 13.303189342008618 0 0.90630778703664994 -0.4226182617406995 0 
Polygon3D 0
PolygonOnTriangulations 0
Surfaces 5
1 -8.6639049910329583e-15 -19.063975276176482 13.303189342008626 4.6608131545360343e-16 0.90630778703665005 -0.42261826174069944 2.0802102680723146e-16 -0.42261826174069944 -0.90630778703665005 -1 3.3449964083309843e-16 -3.8550555182957398e-16 
1 0 0 0 2.1141116295433084e-16 -0.42261826174069972 -0.90630778703664983 -3.4200091195650794e-16 -0.90630778703664983 0.42261826174069972 -1 2.2061187147947972e-16 -3.3613941417677758e-16 
1 -8.3208410722892546e-16 1.6904730469627991 3.6252311481465993 4.6608131545360353e-16 0.90630778703664983 -0.42261826174069977 2.0802102680723141e-16 -0.42261826174069977 -0.90630778703664983 -1 3.3449964083309848e-16 -3.8550555182957417e-16 
1 -8.6639049910329583e-15 -19.063975276176482 13.303189342008626 -2.1141116295433081e-16 0.42261826174069977 0.90630778703664983 3.4200091195650794e-16 0.90630778703664983 -0.42261826174069977 -1 2.2061187147947969e-16 -3.3613941417677758e-16 
1 -4.3319524955164791e-15 -9.5319876380882409 6.6515946710043128 1 -2.2204460492503146e-16 3.3306690738754647e-16 -3.3306690738754647e-16 0 1 -2.2204460492503146e-16 -1 -7.3955709864469791e-32 
Triangulations 0

TShapes 24
Ve
1e-07
-19.0639752761765 13.3031893420086 0
0 0

0101101
*
Ed
 1e-07 1 1 0
1  1 0 0 2.45
0

0101000
+24 3 -24 5 *
Ve
1e-07
-20.7544483231393 9.67795819386202 0
0 0

0101101
*
Ed
 1e-07 1 1 0
1  2 0 0 2.45
0

0101000
+22 3 -22 5 *
Ed
 1e-07 1 1 0
1  3 0 0 4
0

0101000
+24 0 -22 0 *
Wi

0101100
+23 0 -21 0 -20 3 +20 5 *
Fa
0  1e-07 1 0

0111000
+19 0 *
Ve
1e-07
0 0 0
0 0

0101101
*
Ed
 1e-07 1 1 0
1  4 0 0 2.45
0

0101000
+17 3 -17 5 *
Ed
 1e-07 1 1 0
1  5 0 0 22.9
0

0101000
+17 0 -22 0 *
Wi

0101100
+16 0 -21 0 -15 3 +15 5 *
Fa
0  1e-07 2 0

0111000
+14 0 *
Ve
1.00000000496507e-07
1.6904730469628 3.6252311481466 0
0 0

0101101
*
Ed
 1.00000000496507e-07 1 1 0
1  6 0 0 2.45
0

0101000
+12 3 -12 5 *
Ed
 1e-07 1 1 0
1  7 0 0 4
0

0101000
+12 0 -17 0 *
Wi

0101100
+11 0 -16 0 -10 3 +10 5 *
Fa
0  1e-07 3 0

0111000
+9 0 *
Ed
 1e-07 1 1 0
1  8 0 0 22.9
0

0101000
+24 0 -12 0 *
Wi

0101100
+23 0 -11 0 -7 3 +7 5 *
Fa
0  1e-07 4 0

0111000
+6 0 *
Wi

0101100
+20 0 -15 0 -10 0 -7 0 *
Fa
0  1e-07 5 0

0111000
+4 3 *
Sh

0101100
+18 0 -13 0 -8 0 -5 0 +3 0 -3 4 *
So

1100000
-2 0 *

+1 0 ]]>
      </Part>
      <ElementMap new="1" count="1"><Element key="Dummy" value="Dummy"/></ElementMap>
      <ElementMap2 count="26">
<![CDATA[
6 PostfixCount 12
Edge
Face
Vertex
;:G;XTR;:Heda:7,F
;FAC;:Heda:4,F
;:G;XTR;:Heda:7,E
;:G0;XTR;:Heda:8,F
;:U;XTR;:Heda:7,E
;:U;XTR;:Heda:7,V
;:U2;XTR;:Heda:8,V
;SKT;:Heda,E
;SKT;:Heda,V

MapCount 1

ElementMap 1 6 3

Edge

ChildCount 0

NameCount 13
0
$#cc3.6 0
$#cc5.6 0
;g57.b 0
$#cde.8 0
$#cc6.6 0
;g58.b 0
$#cdf.8 0
$#cf9.6 0
;g65.b 0
$#ce9.8 0
;g66.b 0
$#cdd.8 0

Face

ChildCount 0

NameCount 7
0
$#cc1.4 0
$#cd1.4 0
$#cdb.4 0
$#cd0.4 0
$#cc1.5 0
$#cdc.7 0

Vertex

ChildCount 0

NameCount 9
0
;g57v1.c 0
$#cea.9 0
;g57v2.c 0
$#cec.9 0
;g58v1.c 0
$#ced.9 0
;g65v1.c 0
$#d11.a 0

EndMap
]]>
      </ElementMap2>
    </Property>
    <Property name="AddSubType" type="App::PropertyEnumeration">
      <Integer value="0"/>
    </Property>
    <Property name="AllowMultiFace" type="App::PropertyBool">
      <Bool value="true"/>
    </Property>
    <Property name="AlongSketchNormal" type="App::PropertyBool">
      <Bool value="false"/>
    </Property>
    <Property name="AutoTaperInnerAngle" type="App::PropertyBool">
      <Bool value="true"/>
    </Property>
    <Property name="BaseFeature" type="App::PropertyLink" status="8">
      <Link value=""/>
    </Property>
    <Property name="CheckUpToFaceLimits" type="App::PropertyBool">
      <Bool value="true"/>
    </Property>
    <Property name="ClaimChildren" type="App::PropertyBool" status="134217728">
      <Bool value="false"/>
    </Property>
    <Property name="ColoredElements" type="App::PropertyLinkSubHidden" status="218103808">
      <LinkSub value="" count="0">
      </LinkSub>
    </Property>
    <Property name="Direction" type="App::PropertyVector" status="4">
      <PropertyVector valueX="1" valueY="-3.33066907387547e-16" valueZ="3.885780586188048e-16"/>
    </Property>
    <Property name="ExpressionEngine" type="App::PropertyExpressionEngine" status="67108864">
      <ExpressionEngine count="0"></ExpressionEngine>
    </Property>
    <Property name="Fit" type="App::PropertyDistance">
      <Float value="0"/>
    </Property>
    <Property name="FitJoin" type="App::PropertyEnumeration">
      <Integer value="0"/>
    </Property>
    <Property name="FixShape" type="App::PropertyEnumeration">
      <Integer value="0"/>
    </Property>
    <Property name="InnerFit" type="App::PropertyDistance">
      <Float value="0"/>
    </Property>
    <Property name="InnerFitJoin" type="App::PropertyEnumeration">
      <Integer value="0"/>
    </Property>
    <Property name="InvalidShape" type="App::PropertyBool" status="67108864">
      <Bool value="false"/>
    </Property>
    <Property name="Label" type="App::PropertyString" status="134217728">
      <String value="Pad"/>
    </Property>
    <Property name="Label2" type="App::PropertyString" status="128">
      <String value=""/>
    </Property>
    <Property name="Length" type="App::PropertyLength">
      <Float value="2.45"/>
    </Property>
    <Property name="Length2" type="App::PropertyLength" status="4">
      <Float value="10"/>
    </Property>
    <Property name="Linearize" type="App::PropertyBool">
      <Bool value="true"/>
    </Property>
    <Property name="Midplane" type="App::PropertyBool">
      <Bool value="false"/>
    </Property>
    <Property name="NewSolid" type="App::PropertyBool">
      <Bool value="false"/>
    </Property>
    <Property name="Offset" type="App::PropertyLength" status="4">
      <Float value="0"/>
    </Property>
    <Property name="Placement" type="App::PropertyPlacement" status="8388620">
      <PropertyPlacement Px="0" Py="0" Pz="0" Q0="0" Q1="0" Q2="0" Q3="1" A="0" Ox="0" Oy="0" Oz="1"/>
    </Property>
    <Property name="Profile" type="App::PropertyLinkSub">
      <LinkSub value="Sketch001" count="1">
        <Sub value=""/>
      </LinkSub>
    </Property>
    <Property name="ReferenceAxis" type="App::PropertyLinkSub">
      <LinkSub value="Sketch001" count="1">
        <Sub value="N_Axis"/>
      </LinkSub>
    </Property>
    <Property name="Refine" type="App::PropertyBool">
      <Bool value="false"/>
    </Property>
    <Property name="Reversed" type="App::PropertyBool">
      <Bool value="false"/>
    </Property>
    <Property name="Shape" type="Part::PropertyPartShape">
      <Part HasherIndex="0" ElementMap="1.15.70200.4" brep="1">
<![CDATA[

CASCADE Topology V1, (c) Matra-Datavision
Locations 6
1
              1               0               0               0 
              0               1               0               0 
              0               0               1               0 
1
              1               0               0               0 
              0               1               0               0 
              0               0               1               0 
1
2.22044604925031e-16 -3.33066907387547e-16               1               0 
              1 3.33066907387547e-16 -2.22044604925031e-16               0 
-3.33066907387547e-16               1 3.33066907387547e-16               0 
2  2 1 3 1 0
1
              1               0               0            2.45 
              0               1               0 -8.1601392309949e-16 
              0               0               1 9.52016243616072e-16 
2  2 1 3 1 5 1 0
Curve2ds 0
Curves 8
1 -8.6639049910329583e-15 -19.063975276176482 13.303189342008626 1 -3.3306690738754696e-16 3.8857805861880479e-16 
1 -7.831820883804031e-15 -20.754448323139279 9.6779581938620236 1 -3.3306690738754696e-16 3.8857805861880479e-16 
1 -19.063975276176485 13.303189342008618 0 -0.42261826174069916 -0.90630778703665016 0 
1 0 0 0 1 -3.3306690738754696e-16 3.8857805861880479e-16 
1 0 0 0 -0.90630778703664994 0.42261826174069944 0 
1 -8.3208410722892556e-16 1.6904730469627987 3.6252311481465993 1 -3.3306690738754696e-16 3.8857805861880479e-16 
1 1.690473046962798 3.6252311481465997 0 -0.4226182617406995 -0.90630778703664994 0 
1 -19.063975276176485 13.303189342008618 0 0.90630778703664994 -0.4226182617406995 0 
Polygon3D 0
PolygonOnTriangulations 0
Surfaces 5
1 -8.6639049910329583e-15 -19.063975276176482 13.303189342008626 4.6608131545360343e-16 0.90630778703665005 -0.42261826174069944 2.0802102680723146e-16 -0.42261826174069944 -0.90630778703665005 -1 3.3449964083309843e-16 -3.8550555182957398e-16 
1 0 0 0 2.1141116295433084e-16 -0.42261826174069972 -0.90630778703664983 -3.4200091195650794e-16 -0.90630778703664983 0.42261826174069972 -1 2.2061187147947972e-16 -3.3613941417677758e-16 
1 -8.3208410722892546e-16 1.6904730469627991 3.6252311481465993 4.6608131545360353e-16 0.90630778703664983 -0.42261826174069977 2.0802102680723141e-16 -0.42261826174069977 -0.90630778703664983 -1 3.3449964083309848e-16 -3.8550555182957417e-16 
1 -8.6639049910329583e-15 -19.063975276176482 13.303189342008626 -2.1141116295433081e-16 0.42261826174069977 0.90630778703664983 3.4200091195650794e-16 0.90630778703664983 -0.42261826174069977 -1 2.2061187147947969e-16 -3.3613941417677758e-16 
1 -4.3319524955164791e-15 -9.5319876380882409 6.6515946710043128 1 -2.2204460492503146e-16 3.3306690738754647e-16 -3.3306690738754647e-16 0 1 -2.2204460492503146e-16 -1 -7.3955709864469791e-32 
Triangulations 0

TShapes 24
Ve
1e-07
-19.0639752761765 13.3031893420086 0
0 0

0101101
*
Ed
 1e-07 1 1 0
1  1 0 0 2.45
0

0101000
+24 4 -24 6 *
Ve
1e-07
-20.7544483231393 9.67795819386202 0
0 0

0101101
*
Ed
 1e-07 1 1 0
1  2 0 0 2.45
0

0101000
+22 4 -22 6 *
Ed
 1e-07 1 1 0
1  3 0 0 4
0

0101000
+24 0 -22 0 *
Wi

0101100
+23 0 -21 0 -20 4 +20 6 *
Fa
0  1e-07 1 0

0101000
+19 0 *
Ve
1e-07
0 0 0
0 0

0101101
*
Ed
 1e-07 1 1 0
1  4 0 0 2.45
0

0101000
+17 4 -17 6 *
Ed
 1e-07 1 1 0
1  5 0 0 22.9
0

0101000
+17 0 -22 0 *
Wi

0101100
+16 0 -21 0 -15 4 +15 6 *
Fa
0  1e-07 2 0

0101000
+14 0 *
Ve
1.00000000496507e-07
1.6904730469628 3.6252311481466 0
0 0

0101101
*
Ed
 1.00000000496507e-07 1 1 0
1  6 0 0 2.45
0

0101000
+12 4 -12 6 *
Ed
 1e-07 1 1 0
1  7 0 0 4
0

0101000
+12 0 -17 0 *
Wi

0101100
+11 0 -16 0 -10 4 +10 6 *
Fa
0  1e-07 3 0

0101000
+9 0 *
Ed
 1e-07 1 1 0
1  8 0 0 22.9
0

0101000
+24 0 -12 0 *
Wi

0101100
+23 0 -11 0 -7 4 +7 6 *
Fa
0  1e-07 4 0

0101000
+6 0 *
Wi

0101100
+20 0 -15 0 -10 0 -7 0 *
Fa
0  1e-07 5 0

0101000
+4 4 *
Sh

0101100
+18 0 -13 0 -8 0 -5 0 +3 0 -3 5 *
So

1100000
-2 0 *

+1 1 ]]>
      </Part>
      <ElementMap new="1" count="1"><Element key="Dummy" value="Dummy"/></ElementMap>
      <ElementMap2 count="26">
<![CDATA[
6 PostfixCount 12
Edge
Face
Vertex
;:G;XTR;:Heda:7,F
;FAC;:Heda:4,F
;:G;XTR;:Heda:7,E
;:G0;XTR;:Heda:8,F
;:U;XTR;:Heda:7,E
;:U;XTR;:Heda:7,V
;:U2;XTR;:Heda:8,V
;SKT;:Heda,E
;SKT;:Heda,V

MapCount 1

ElementMap 1 6 3

Edge

ChildCount 0

NameCount 13
0
$#cc3.6 0
$#cc5.6 0
;g57.b 0
$#cde.8 0
$#cc6.6 0
;g58.b 0
$#cdf.8 0
$#cf9.6 0
;g65.b 0
$#ce9.8 0
;g66.b 0
$#cdd.8 0

Face

ChildCount 0

NameCount 7
0
$#cc1.4 0
$#cd1.4 0
$#cdb.4 0
$#cd0.4 0
$#cc1.5 0
$#cdc.7 0

Vertex

ChildCount 0

NameCount 9
0
;g57v1.c 0
$#cea.9 0
;g57v2.c 0
$#cec.9 0
;g58v1.c 0
$#ced.9 0
;g65v1.c 0
$#d11.a 0

EndMap
]]>
      </ElementMap2>
    </Property>
    <Property name="Suppress" type="App::PropertyBool">
      <Bool value="false"/>
    </Property>
    <Property name="SuppressedShape" type="Part::PropertyPartShape">
      <Part ElementMap="0.15.70200.4" brep="1">
<![CDATA[

CASCADE Topology V1, (c) Matra-Datavision
Locations 0
Curve2ds 0
Curves 0
Polygon3D 0
PolygonOnTriangulations 0
Surfaces 0
Triangulations 0

TShapes 0

*]]>
      </Part>
      <ElementMap/>
    </Property>
    <Property name="TaperAngle" type="App::PropertyAngle" status="4">
      <Float value="0"/>
    </Property>
    <Property name="TaperAngle2" type="App::PropertyAngle" status="4">
      <Float value="0"/>
    </Property>
    <Property name="TaperAngleRev" type="App::PropertyAngle" status="4">
      <Float value="0"/>
    </Property>
    <Property name="TaperInnerAngle" type="App::PropertyAngle">
      <Float value="0"/>
    </Property>
    <Property name="TaperInnerAngleRev" type="App::PropertyAngle">
      <Float value="0"/>
    </Property>
    <Property name="TreeRank" type="App::PropertyInteger" status="2184">
      <Integer value="15"/>
    </Property>
    <Property name="Type" type="App::PropertyEnumeration">
      <Integer value="0"/>
    </Property>
    <Property name="UpToFace" type="App::PropertyLinkSub" status="4">
      <LinkSub value="" count="0">
      </LinkSub>
    </Property>
    <Property name="UseCustomVector" type="App::PropertyBool">
      <Bool value="false"/>
    </Property>
    <Property name="UsePipeForDraft" type="App::PropertyBool">
      <Bool value="false"/>
    </Property>
    <Property name="ValidateShape" type="App::PropertyBool">
      <Bool value="true"/>
    </Property>
    <Property name="Visibility" type="App::PropertyBool" status="648">
      <Bool value="false"/>
    </Property>
    <Property name="_ProfileBasedVersion" type="App::PropertyInteger" status="67108864">
      <Integer value="1"/>
    </Property>
    <Property name="_Siblings" type="App::PropertyLinkList" status="218103808">
      <LinkList count="0">
      </LinkList>
    </Property>
  </Properties>
</Object>
</Document>
