<?xml version='1.0' encoding='utf-8'?>
<!-- FreeCAD DocumentObject -->
<Document SchemaVersion="4" FileVersion="2">
<Object name="Binder">
  <Properties Count="35" TransientCount="1">
    <_Property name="_ElementMapVersion" type="App::PropertyString" status="234881024"/>
    <Property name="BindCopyOnChange" type="App::PropertyEnumeration">
      <Integer value="0"/>
    </Property>
    <Property name="BindMode" type="App::PropertyEnumeration">
      <Integer value="0"/>
    </Property>
    <Property name="Cache_Part_rib" type="App::PropertyMatrix" group="Cache" attr="0" ro="0" hide="1" doc="" status="69206016">
      <PropertyMatrix a11="1" a12="0" a13="0" a14="0" a21="0" a22="1" a23="0" a24="0" a31="0" a32="0" a33="1" a34="0" a41="0" a42="0" a43="0" a44="1"/>
    </Property>
    <Property name="ClaimChildren" type="App::PropertyBool" status="134217728">
      <Bool value="false"/>
    </Property>
    <Property name="ColoredElements" type="App::PropertyLinkSubHidden" status="218103808">
      <LinkSub value="" count="0">
      </LinkSub>
    </Property>
    <Property name="Context" type="App::PropertyXLink" status="67108864">
      <XLink file="" stamp="" name="Part" sub="Binder."/>
    </Property>
    <Property name="EdgeTolerance" type="App::PropertyPrecision">
      <Float value="1e-06"/>
    </Property>
    <Property name="ExpressionEngine" type="App::PropertyExpressionEngine" status="67108864">
      <ExpressionEngine count="0"></ExpressionEngine>
    </Property>
    <Property name="FaceMaker" type="App::PropertyString">
      <String value=""/>
    </Property>
    <Property name="FillStyle" type="App::PropertyEnumeration">
      <Integer value="0"/>
    </Property>
    <Property name="FixShape" type="App::PropertyEnumeration">
      <Integer value="0"/>
    </Property>
    <Property name="Fuse" type="App::PropertyBool">
      <Bool value="false"/>
    </Property>
    <Property name="InvalidShape" type="App::PropertyBool" status="67108864">
      <Bool value="false"/>
    </Property>
    <Property name="Label" type="App::PropertyString" status="134217728">
      <String value="Binder(rib)"/>
    </Property>
    <Property name="Label2" type="App::PropertyString" status="128">
      <String value=""/>
    </Property>
    <Property name="MakeFace" type="App::PropertyBool">
      <Bool value="true"/>
    </Property>
    <Property name="MergeEdges" type="App::PropertyBool">
      <Bool value="true"/>
    </Property>
    <Property name="Offset" type="App::PropertyFloat">
      <Float value="0"/>
    </Property>
    <Property name="OffsetFill" type="App::PropertyBool">
      <Bool value="false"/>
    </Property>
    <Property name="OffsetIntersection" type="App::PropertyBool">
      <Bool value="false"/>
    </Property>
    <Property name="OffsetJoinType" type="App::PropertyEnumeration">
      <Integer value="0"/>
    </Property>
    <Property name="OffsetOpenResult" type="App::PropertyBool">
      <Bool value="false"/>
    </Property>
    <Property name="Outline" type="App::PropertyBool">
      <Bool value="false"/>
    </Property>
    <Property name="PartialLoad" type="App::PropertyBool" status="1024">
      <Bool value="false"/>
    </Property>
    <Property name="Placement" type="App::PropertyPlacement" status="8388608">
      <PropertyPlacement Px="0" Py="0" Pz="0" Q0="0" Q1="0" Q2="0" Q3="1" A="0" Ox="0" Oy="0" Oz="1"/>
    </Property>
    <Property name="Refine" type="App::PropertyBool">
      <Bool value="false"/>
    </Property>
    <Property name="Relative" type="App::PropertyBool">
      <Bool value="true"/>
    </Property>
    <Property name="Shape" type="Part::PropertyPartShape">
      <Part HasherIndex="0" ElementMap="1.15.70200.4" brep="1">
<![CDATA[

CASCADE Topology V1, (c) Matra-Datavision
Locations 26
1
              1               0               0               0 
              0               1               0               0 
              0               0               1               0 
1
              1               0               0               0 
              0               1               0               0 
              0               0               1               0 
1
              1               0               0               0 
              0               1               0               0 
              0               0               1               0 
1
              1               0               0               0 
              0               1               0               0 
              0               0               1               0 
2  2 1 3 1 4 1 0
1
              1               0               0               0 
              0               1               0               0 
              0               0               1               0 
2  6 -1 0
1
              1               0               0               0 
              0               1               0               0 
              0               0               1               0 
1
2.22044604925031e-16 -3.33066907387547e-16               1               0 
              1 3.33066907387547e-16 -2.22044604925031e-16               0 
-3.33066907387547e-16               1 3.33066907387547e-16               0 
1
              1               0               0             1.5 
              0               1               0 -4.9960036108132e-16 
              0               0               1 5.82867087928207e-16 
2  8 1 9 1 10 1 6 1 0
1
              1               0               0               0 
              0               1               0               0 
              0               0               1               0 
2  12 -1 6 -1 10 -1 9 -1 8 -1 0
2  12 -1 0
2  12 -1 6 -1 0
2  8 1 9 1 10 1 0
2  8 1 9 1 6 1 0
2  12 -1 6 -1 9 -1 8 -1 0
1
              1               0               0            2.45 
              0               1               0 -8.1601392309949e-16 
              0               0               1 9.52016243616072e-16 
1
              1               0               0               0 
              0               1               0               0 
              0               0               1               0 
1
2.22044604925031e-16 -3.33066907387547e-16               1               0 
              1 3.33066907387547e-16 -2.22044604925031e-16               0 
-3.33066907387547e-16               1 3.33066907387547e-16               0 
2  20 1 21 1 19 1 0
2  12 -1 6 -1 19 -1 21 -1 20 -1 0
2  20 1 21 1 0
2  12 -1 6 -1 21 -1 20 -1 0
2  8 1 9 1 0
Curve2ds 0
Curves 228
1 20.94510381725102 4.802793419352172 2.5816833683163565e-31 0.90630778703665249 0.422618261740694 1.1171105957665381e-32 
8 -1.8667619023324846 -1.0323759005323563
1 0.1800000000000016 22.150493174009764 5.364875707467295 -0.70710678118654702 0.64085638205578932 0.29883623873011961 
1 -3.1999999999999971 20.94510381725102 4.802793419352164 1 -3.3306690738754696e-16 3.8857805861880479e-16 
1 3.0873841094521134e-15 21.488888489473009 5.05636437639658 1 -3.3306690738754696e-16 3.8857805861880479e-16 
1 2.4500000000000002 12.542589000255358 0.88463641242624513 1.4076015744347559e-16 -0.90630778703665016 -0.42261826174069922 
1 2.9834438451736349e-17 12.542589000255358 0.88463641242624425 1.4076015744347559e-16 -0.90630778703665016 -0.42261826174069922 
1 -3.1999999999999971 24.570334965397624 6.4932664663149611 1 -3.3306690738754696e-16 3.8857805861880479e-16 
1 1.4999999999999984 20.954166895121389 4.807019601969567 -3.9570123673186595e-16 -0.42261826174070416 0.90630778703664783 
1 20.268914598465901 6.2528858786108117 2.4983366121864319e-31 0.42261826174069939 -0.90630778703665005 5.2091722581202813e-33 
1 20.81269927068788 6.5064568356552286 2.5653632479324226e-31 -0.90630778703664816 -0.42261826174070322 -1.1171105957665327e-32 
1 0.90999999999999848 21.488888489473013 5.0563643763965826 -3.9570123673186595e-16 -0.42261826174070416 0.90630778703664783 
8 -3.2809754647055884 -2.4465894629054583
1 -0.82000000000000384 22.380611742261294 7.2375864284666322 -0.70710678118654702 0.64085638205578943 0.2988362387301195 
1 2.4499999999999971 18.396194036247902 10.268948084467867 -3.018611317695487e-16 -0.42261826174069911 0.90630778703665016 
1 -3.199999999999998 20.268914598465905 6.2528858786108037 1 -3.3306690738754696e-16 3.8857805861880479e-16 
1 21.488888489473009 5.0563643763965871 2.6487100040623481e-31 -0.42261826174070444 0.90630778703664772 -5.2091722581203436e-33 
1 2.454262130681126e-15 20.812699270687883 6.5064568356552215 1 -3.3306690738754696e-16 3.8857805861880479e-16 
1 -40.256283787050421 13.11012280650298 -4.9619700732947626e-31 0.93969262078590865 -0.34202014332566821 1.1582605804104306e-32 
1 -40.256283787050421 13.11012280650298 -4.9619700732947626e-31 -0.34202014332566799 -0.93969262078590865 -4.2157237479329089e-33 
1 -20.09987707119268 5.7737907321673978 -2.4775011283143889e-31 0.99619469809174566 -0.087155742747657763 1.2279047676766026e-32 
1 -20.973106122531689 1.8349090246476629 -2.585134918924479e-31 -0.93969262078590865 0.34202014332566838 -1.1582605804104306e-32 
1 -0.1759831093577725 4.030675877214243 -2.1691592961184452e-33 0.98480775301220813 0.17364817766693044 1.2138692742341871e-32 
1 -20.973106122531689 1.8349090246476629 -2.585134918924479e-31 0.99619469809174555 -0.087155742747657763 1.2279047676766024e-32 
1 38.960473982822528 16.568801144890841 4.8022491834264066e-31 -0.90630778703665016 -0.42261826174069894 -1.1171105957665352e-32 
1 -7.5 0.65616497644442684 -9.2444637330587157e-32 0.99619469809174555 -0.087155742747657763 1.2279047676766024e-32 
1 38.960473982822528 16.568801144890841 4.8022491834264066e-31 0.42261826174069983 -0.90630778703664983 5.2091722581202868e-33 
1 7.5 1.322452355313487 9.2444637330587157e-32 -0.98480775301220813 -0.17364817766693036 -1.2138692742341871e-32 
1 40.650947029785328 12.943569996744239 5.0106160737512186e-31 -0.90630778703665005 -0.42261826174069927 -1.117110595766535e-32 
1 20.733374262864071 3.6558532836694182 2.5555856858263987e-31 -0.98480775301220813 -0.17364817766693036 -1.2138692742341871e-32 
1 2.4499999999999966 22.359519793787058 11.234374901801345 3.0186113176954866e-16 0.42261826174069933 -0.90630778703665005 
1 2.4499999999999993 13.679015355543539 3.1799653951662856 -1.4076015744347552e-16 0.90630778703665016 0.422618261740699 
1 2.4499999999999997 0.30522543381247591 2.6431573394882424 5.7836461509007751e-17 -0.98480775301220824 -0.17364817766693016 
1 2.4499999999999984 -0.11071164697652647 4.5243185917431736 -3.2800687266705545e-16 -0.17364817766693 0.98480775301220813 
1 2.4500000000000002 0.58306251807956411 1.0674649346687086 5.7836461509007751e-17 -0.98480775301220824 -0.17364817766693016 
1 2.4499999999999993 3.8285193650723075 5.218911302410894 -3.280068726670555e-16 -0.17364817766692986 0.98480775301220824 
1 2.4499999999999984 15.489688617448678 6.4627487787042197 3.2800687266705535e-16 0.17364817766693158 -0.98480775301220791 
1 2.4499999999999997 8.313803379225396 2.4306031293541106 5.783646150900769e-17 -0.98480775301220824 -0.17364817766693 
1 2.4499999999999984 19.428919629497518 7.1573414893719445 3.280068726670554e-16 0.17364817766693152 -0.98480775301220802 
1 2.4499999999999993 10.005581800982727 4.3535918895075039 -5.7836461509007727e-17 0.98480775301220824 0.17364817766693011 
1 2.449999999999994 36.250457440869916 18.594527840759639 -3.018611317695487e-16 -0.42261826174069911 0.90630778703665016 
1 2.4499999999999984 18.98091590970796 5.6522822263493566 1.4076015744347586e-16 -0.90630778703664971 -0.42261826174070005 
1 2.4499999999999948 32.963320902115917 16.179008564167468 3.0186113176954925e-16 0.42261826174069539 -0.90630778703665182 
1 2.4499999999999988 21.46972070256637 5.0474262905721261 -1.4076015744347567e-16 0.90630778703665005 0.42261826174069944 
1 2.4499999999999984 -4.2688087839223838 4.8653743203861515 -3.3179948724928879e-16 0.087155742747658582 0.99619469809174555 
1 2.4500000000000002 -0.67387948840502121 1.0125856614842745 2.9028693698027109e-17 0.99619469809174566 -0.087155742747658069 
1 2.4499999999999984 -0.28402999155540182 4.516751349395518 -3.3179948724928879e-16 0.08715574274765818 0.99619469809174555 
1 2.4499999999999993 -0.53443030000876801 2.6064971784310687 2.902869369802709e-17 0.99619469809174555 -0.087155742747658013 
1 2.4499999999999984 -15.994011345793929 5.0881407520603528 3.3179948724928879e-16 -0.087155742747658041 -0.99619469809174555 
1 2.4499999999999993 -10.34694807621246 3.4649812444955002 -2.9028693698027133e-17 -0.99619469809174555 0.087155742747658152 
1 2.4499999999999988 -19.978790138160903 5.4367637230510271 3.317994872492887e-16 -0.08715574274766244 -0.99619469809174521 
1 2.4499999999999993 -10.486397264608716 1.8710697275487078 -2.9028693698027084e-17 -0.99619469809174555 0.087155742747657999 
1 2.4499999999999993 -13.904114818235621 1.9756599234108552 -1.1391559140172619e-16 -0.93969262078590832 0.34202014332566905 
1 2.4499999999999966 -22.97995924465971 9.9946182550697404 -3.129805151000614e-16 0.34202014332566977 0.93969262078590798 
1 2.4499999999999997 -14.451347047556688 0.47215173015340861 -1.139155914017259e-16 -0.93969262078590865 0.34202014332566816 
1 2.4499999999999975 -19.221188761516132 8.6265376817670205 -3.1298051510006214e-16 0.34202014332566388 0.9396926207859102 
1 2.4499999999999984 -21.280701891404977 4.6605180485173836 -1.139155914017254e-16 -0.93969262078590921 0.34202014332566671 
1 2.4499999999999948 -37.733133390998468 15.364334505282731 -3.1298051510006145e-16 0.34202014332566927 0.93969262078590821 
1 2.4499999999999993 -21.827934120726074 3.1570098552598975 -1.1391559140172612e-16 -0.93969262078590843 0.34202014332566888 
1 2.4499999999999957 -34.247979022515352 13.244499835351373 3.1298051510006115e-16 -0.34202014332567171 -0.93969262078590732 
1 -40.256283787050421 13.11012280650298 -4.9619700732947626e-31 0.93969262078590865 -0.34202014332566821 1.1582605804104306e-32 
1 -40.256283787050421 13.11012280650298 -4.9619700732947626e-31 -0.34202014332566799 -0.93969262078590865 -4.2157237479329089e-33 
1 -20.09987707119268 5.7737907321673978 -2.4775011283143889e-31 0.99619469809174566 -0.087155742747657763 1.2279047676766026e-32 
1 -20.973106122531689 1.8349090246476629 -2.585134918924479e-31 -0.93969262078590865 0.34202014332566838 -1.1582605804104306e-32 
1 -0.1759831093577725 4.030675877214243 -2.1691592961184452e-33 0.98480775301220813 0.17364817766693044 1.2138692742341871e-32 
1 -20.973106122531689 1.8349090246476629 -2.585134918924479e-31 0.99619469809174555 -0.087155742747657763 1.2279047676766024e-32 
1 38.960473982822528 16.568801144890841 4.8022491834264066e-31 -0.90630778703665016 -0.42261826174069894 -1.1171105957665352e-32 
1 -7.5 0.65616497644442684 -9.2444637330587157e-32 0.99619469809174555 -0.087155742747657763 1.2279047676766024e-32 
1 38.960473982822528 16.568801144890841 4.8022491834264066e-31 0.42261826174069983 -0.90630778703664983 5.2091722581202868e-33 
1 7.5 1.322452355313487 9.2444637330587157e-32 -0.98480775301220813 -0.17364817766693036 -1.2138692742341871e-32 
1 40.650947029785328 12.943569996744239 5.0106160737512186e-31 -0.90630778703665005 -0.42261826174069927 -1.117110595766535e-32 
1 20.733374262864071 3.6558532836694182 2.5555856858263987e-31 -0.98480775301220813 -0.17364817766693036 -1.2138692742341871e-32 
1 2.9834438451736349e-17 12.542589000255358 0.88463641242624425 1.4076015744347559e-16 -0.90630778703665016 -0.42261826174069922 
1 -3.8019344523624339e-15 22.359519793787058 11.234374901801345 3.0186113176954866e-16 0.42261826174069933 -0.90630778703665005 
1 -1.0998328866640286e-15 13.679015355543539 3.1799653951662847 -1.4076015744347552e-16 0.90630778703665016 0.422618261740699 
1 -1.0998328866640286e-15 13.679015355543539 3.1799653951662847 -1.4076015744347552e-16 0.90630778703665016 0.422618261740699 
1 -3.07632492762542e-15 18.396194036247902 10.268948084467866 -3.018611317695487e-16 -0.42261826174069911 0.90630778703665016 
1 -4.7383212747123819e-16 0.30522543381247635 2.6431573394882411 5.7836461509007751e-17 -0.98480775301220824 -0.17364817766693016 
1 -4.7383212747123819e-16 0.30522543381247635 2.6431573394882411 5.7836461509007751e-17 -0.98480775301220824 -0.17364817766693016 
1 -1.5444738979071364e-15 -0.11071164697652564 4.5243185917431727 -3.2800687266705545e-16 -0.17364817766693 0.98480775301220813 
1 1.0617975587437631e-17 0.58306251807956455 1.0674649346687075 5.7836461509007751e-17 -0.98480775301220824 -0.17364817766693016 
1 1.0617975587437631e-17 0.58306251807956455 1.0674649346687075 5.7836461509007751e-17 -0.98480775301220824 -0.17364817766693016 
1 -1.2160576110750891e-15 3.8285193650723084 5.2189113024108931 -3.280068726670555e-16 -0.17364817766692986 0.98480775301220824 
1 -1.7764455158278195e-15 15.489688617448678 6.4627487787042188 3.2800687266705535e-16 0.17364817766693158 -0.98480775301220791 
1 -4.3347123426262538e-16 8.313803379225396 2.4306031293541093 5.783646150900769e-17 -0.98480775301220824 -0.17364817766693 
1 -4.3347123426262538e-16 8.313803379225396 2.4306031293541093 5.783646150900769e-17 -0.98480775301220824 -0.17364817766693 
1 -1.8921184388458357e-15 19.428919629497518 7.1573414893719445 3.280068726670554e-16 0.17364817766693152 -0.98480775301220802 
1 -1.1399659422463321e-15 10.005581800982727 4.353591889507503 -5.7836461509007727e-17 0.98480775301220824 0.17364817766693011 
1 -1.1399659422463321e-15 10.005581800982727 4.353591889507503 -5.7836461509007727e-17 0.98480775301220824 0.17364817766693011 
1 -5.7950801079938426e-15 36.250457440869916 18.594527840759639 -3.018611317695487e-16 -0.42261826174069911 0.90630778703665016 
1 -1.9880113063641483e-15 18.98091590970796 5.6522822263493557 1.4076015744347586e-16 -0.90630778703664971 -0.42261826174070005 
1 -1.9880113063641483e-15 18.98091590970796 5.6522822263493557 1.4076015744347586e-16 -0.90630778703664971 -0.42261826174070005 
1 -5.5135597931068731e-15 32.963320902115917 16.179008564167464 3.0186113176954925e-16 0.42261826174069539 -0.90630778703665182 
1 -1.3024331910984495e-15 21.46972070256637 5.0474262905721243 -1.4076015744347567e-16 0.90630778703665005 0.42261826174069944 
1 -1.3024331910984495e-15 21.46972070256637 5.0474262905721243 -1.4076015744347567e-16 0.90630778703665005 0.42261826174069944 
1 -1.6049211154549478e-15 -4.2688087839223829 4.8653743203861506 -3.3179948724928879e-16 0.087155742747658582 0.99619469809174555 
1 2.0952125562923734e-17 -0.67387948840502077 1.0125856614842736 2.9028693698027109e-17 0.99619469809174566 -0.087155742747658069 
1 2.0952125562923734e-17 -0.67387948840502077 1.0125856614842736 2.9028693698027109e-17 0.99619469809174566 -0.087155742747658069 
1 -1.5468637280588931e-15 -0.28402999155540104 4.5167513493955171 -3.3179948724928879e-16 0.08715574274765818 0.99619469809174555 
1 -9.1062127901160142e-16 -0.53443030000876757 2.6064971784310678 2.902869369802709e-17 0.99619469809174555 -0.087155742747658013 
1 -9.1062127901160142e-16 -0.53443030000876757 2.6064971784310678 2.902869369802709e-17 0.99619469809174555 -0.087155742747658013 
1 -1.7747389735884059e-15 -15.994011345793929 5.0881407520603519 3.3179948724928879e-16 -0.087155742747658041 -0.99619469809174555 
1 -1.1326658839366327e-15 -10.34694807621246 3.4649812444954993 -2.9028693698027133e-17 -0.99619469809174555 0.087155742747658152 
1 -1.1326658839366327e-15 -10.34694807621246 3.4649812444954993 -2.9028693698027133e-17 -0.99619469809174555 0.087155742747658152 
1 -1.3887071511344115e-15 -19.978790138160903 5.4367637230510262 3.317994872492887e-16 -0.08715574274766244 -0.99619469809174521 
1 -6.4518168921217058e-16 -10.486397264608716 1.8710697275487069 -2.9028693698027084e-17 -0.99619469809174555 0.087155742747657999 
1 -6.4518168921217058e-16 -10.486397264608716 1.8710697275487069 -2.9028693698027084e-17 -0.99619469809174555 0.087155742747657999 
1 -6.0647108334754188e-16 -13.904114818235621 1.9756599234108543 -1.1391559140172619e-16 -0.93969262078590832 0.34202014332566905 
1 -6.0647108334754188e-16 -13.904114818235621 1.9756599234108543 -1.1391559140172619e-16 -0.93969262078590832 0.34202014332566905 
1 -3.2773207353427704e-15 -22.97995924465971 9.9946182550697387 -3.129805151000614e-16 0.34202014332566977 0.93969262078590798 
1 -1.340420663424637e-16 -14.451347047556688 0.47215173015340772 -1.139155914017259e-16 -0.93969262078590865 0.34202014332566816 
1 -1.340420663424637e-16 -14.451347047556688 0.47215173015340772 -1.139155914017259e-16 -0.93969262078590865 0.34202014332566816 
1 -2.827444947614272e-15 -19.221188761516132 8.6265376817670187 -3.1298051510006214e-16 0.34202014332566388 0.9396926207859102 
1 -1.4946495030476783e-15 -21.280701891404977 4.6605180485173818 -1.139155914017254e-16 -0.93969262078590921 0.34202014332566671 
1 -1.4946495030476783e-15 -21.280701891404977 4.6605180485173818 -1.139155914017254e-16 -0.93969262078590921 0.34202014332566671 
1 -5.0597365475464449e-15 -37.733133390998468 15.364334505282731 -3.1298051510006145e-16 0.34202014332566927 0.93969262078590821 
1 -5.7813127619252335e-16 -21.827934120726074 3.1570098552598962 -1.1391559140172612e-16 -0.93969262078590843 0.34202014332566888 
1 -5.7813127619252335e-16 -21.827934120726074 3.1570098552598962 -1.1391559140172612e-16 -0.93969262078590843 0.34202014332566888 
1 -4.3878161548929424e-15 -34.247979022515352 13.244499835351373 3.1298051510006115e-16 -0.34202014332567171 -0.93969262078590732 
1 -3.1999999999999975 23.894145746612505 7.9433589255735999 1 -3.3306690738754696e-16 3.8857805861880479e-16 
1 -1.330523868787845e-14 -40.256283787050414 13.110122806502995 1 -3.3306690738754696e-16 3.8857805861880479e-16 
1 -6.3861278863805499e-15 -20.099877071192676 5.7737907321674049 1 -3.3306690738754696e-16 3.8857805861880479e-16 
1 -1.2357091537882807e-14 -41.624364360353091 9.3513523233593645 1 -3.3306690738754696e-16 3.8857805861880479e-16 
1 -1.381560849096161e-15 -0.17598310935777145 4.030675877214243 1 -3.3306690738754696e-16 3.8857805861880479e-16 
1 -5.2681125372052014e-15 -20.973106122531689 1.8349090246476698 1 -3.3306690738754696e-16 3.8857805861880479e-16 
1 1.8351348896177541e-15 19.520171950886393 7.5036394305528455 1 -3.3306690738754696e-16 3.8857805861880479e-16 
1 -1.8838813763781028e-15 -7.5 0.65616497644442939 1 -3.3306690738754696e-16 3.8857805861880479e-16 
1 3.1324436967597501e-15 38.960473982822535 16.568801144890827 1 -3.3306690738754696e-16 3.8857805861880479e-16 
1 5.5466782398352382e-32 -5.5466782398352414e-32 -1.6653345369377348e-16 1 -3.3306690738754696e-16 3.8857805861880479e-16 
1 4.7152486436872137e-15 40.650947029785335 12.943569996744225 1 -3.3306690738754696e-16 3.8857805861880479e-16 
1 1.2248694207860942e-15 7.5 1.3224523553134853 1 -3.3306690738754696e-16 3.8857805861880479e-16 
1 3.3860901499060835e-15 20.733374262864071 3.6558532836694106 1 -3.3306690738754696e-16 3.8857805861880479e-16 
1 0.2235279112111081 2.6287518619965811 2.7551942246899435e-33 0.98480775301220813 0.17364817766693033 1.2138692742341871e-32 
8 -1.866761902332484 -1.0323759005323578
1 0.18000000000000083 1.53332222271735 2.8597039382935989 -0.70710678118654746 0.6963642403200192 0.12278780396897244 
1 -3.2000000000000011 0.22352791121111004 2.6287518619965797 1 -3.3306690738754696e-16 3.8857805861880479e-16 
1 -7.2941621406845054e-16 0.81441256301843912 2.7329407685967397 1 -3.3306690738754696e-16 3.8857805861880479e-16 
1 -3.2000000000000002 4.1627589232599433 3.3233445726643005 1 -3.3306690738754696e-16 3.8857805861880479e-16 
1 -3.2000000000000006 0.50136499547819813 1.0530594571770464 1 -3.3306690738754696e-16 3.8857805861880479e-16 
1 0.50136499547819668 1.053059457177048 6.1798006902977817e-33 -0.17364817766693036 0.98480775301220813 -2.1403790410048989e-33 
1 1.092249647285527 1.1572483637772071 1.346301633570297e-32 -0.98480775301220813 -0.17364817766693025 -1.2138692742341871e-32 
8 -1.8667619023324842 -1.0323759005323576
1 0.18000000000000127 1.8111593069844383 1.2840115334740656 -0.70710678118654746 0.6963642403200192 0.12278780396897244 
1 -1.429129921915536e-16 1.0922496472855274 1.1572483637772066 1 -3.3306690738754696e-16 3.8857805861880479e-16 
1 -3.1999999999999997 4.4405960075270317 1.7476521678447672 1 -3.3306690738754696e-16 3.8857805861880479e-16 
1 -3.1999999999999984 15.685009633502773 5.355028251367381 1 -3.3306690738754696e-16 3.8857805861880479e-16 
1 -3.199999999999998 15.962846717769864 3.7793358465478484 1 -3.3306690738754696e-16 3.8857805861880479e-16 
1 2.8325305661188172e-15 19.311193078011371 4.3697396506154114 1 -3.3306690738754696e-16 3.8857805861880479e-16 
8 2.4465894629054539 3.2809754647055875
1 -0.82000000000000273 17.607475665300257 4.0693283032516225 0.70710678118654746 0.69636424032001909 0.1227878039689729 
1 19.311193078011371 4.3697396506154176 2.3802883206902749e-31 0.9848077530122078 0.17364817766693208 1.2138692742341867e-32 
1 -3.1999999999999971 19.9020777298187 4.4739285572155705 1 -3.3306690738754696e-16 3.8857805861880479e-16 
1 -3.199999999999998 19.624240645551613 6.0496209620351031 1 -3.3306690738754696e-16 3.8857805861880479e-16 
1 19.9020777298187 4.4739285572155776 2.4531204771443268e-31 -0.17364817766693186 0.98480775301220791 -2.1403790410049173e-33 
1 19.624240645551609 6.0496209620351102 2.418874412488248e-31 -0.9848077530122078 -0.17364817766693208 -1.2138692742341867e-32 
8 1.0323759005323563 1.8667619023324873
1 0.17999999999999916 18.314446334045378 5.8186688857380879 0.70710678118654746 0.69636424032001909 0.12278780396897299 
1 2.2460273442419201e-15 19.033355993744284 5.945432055434944 1 -3.3306690738754696e-16 3.8857805861880479e-16 
1 -3.1999999999999957 38.799367221873034 13.128373175643937 1 -3.3306690738754696e-16 3.8857805861880479e-16 
1 -3.1999999999999966 38.123178003087915 14.578465634902576 1 -3.3306690738754696e-16 3.8857805861880479e-16 
1 38.799367221873027 13.128373175643951 4.7823912419764303e-31 -0.42261826174069939 0.90630778703665005 -5.2091722581202813e-33 
1 3.5731531764679285e-15 37.579393330865926 14.324894677858158 1 -3.3306690738754696e-16 3.8857805861880479e-16 
8 2.446589462905453 3.2809754647055813
1 -0.82000000000000262 36.011480859292526 13.593765085046748 0.70710678118654779 0.6408563820557881 0.2988362387301205 
1 38.123178003087908 14.578465634902591 4.6990444858465057e-31 -0.90630778703664916 -0.42261826174070133 -1.117110595766534e-32 
1 -3.1999999999999966 34.497946854941318 12.887992587939777 1 -3.3306690738754696e-16 3.8857805861880479e-16 
1 -3.1999999999999962 35.17413607372643 11.437900128681136 1 -3.3306690738754696e-16 3.8857805861880479e-16 
1 38.255582549651038 12.87480221859953 4.7153646062304382e-31 0.90630778703664916 0.42261826174070133 1.117110595766534e-32 
8 1.0323759005323596 1.8667619023324877
1 0.17999999999999872 37.59397786511429 12.566290887528808 0.70710678118654779 0.64085638205578821 0.29883623873012005 
1 4.2062751552389131e-15 38.255582549651045 12.874802218599518 1 -3.3306690738754696e-16 3.8857805861880479e-16 
1 -3.2000000000000015 -4.5760161218188724 1.3539783804371992 1 -3.3306690738754696e-16 3.8857805861880479e-16 
1 -3.200000000000002 -4.4365669334226192 2.947889897383992 1 -3.3306690738754696e-16 3.8857805861880479e-16 
1 -0.59123732945189067 1.005355409446568 -7.2875627329979886e-33 -0.99619469809174566 0.087155742747657999 -1.2279047676766026e-32 
8 -1.866761902332484 -1.0323759005323581
1 0.18000000000000127 -1.9161762779139146 1.1212725473009537 -0.70710678118654768 -0.70441602640275869 0.061628416716219027 
1 -3.2000000000000006 -0.59123732945188923 1.0053554094465669 1 -3.3306690738754696e-16 3.8857805861880479e-16 
1 -6.162686874033175e-16 -1.1889541483069406 1.0576488550951635 1 -3.3306690738754696e-16 3.8857805861880479e-16 
1 -3.2000000000000011 -0.45178814105563614 2.5992669263933599 1 -3.3306690738754696e-16 3.8857805861880479e-16 
1 -0.45178814105563808 2.5992669263933612 -5.5687187800198158e-33 -0.087155742747657847 -0.99619469809174555 -1.0742774706113575e-33 
1 -1.049504959910688 2.6515603720419558 -1.2936147386079464e-32 0.99619469809174566 -0.087155742747657333 1.2279047676766026e-32 
8 -1.866761902332484 -1.0323759005323581
1 0.17999999999999994 -1.7767270895176606 2.7151840642477465 -0.70710678118654757 -0.70441602640275858 0.061628416716218985 
1 -1.1161839270576171e-15 -1.0495049599106872 2.6515603720419563 1 -3.3306690738754696e-16 3.8857805861880479e-16 
1 -3.2000000000000051 -16.092044901096038 3.9676120875315908 1 -3.3306690738754696e-16 3.8857805861880479e-16 
1 -3.2000000000000046 -16.231494089492291 2.373700570584798 1 -3.3306690738754696e-16 3.8857805861880479e-16 
1 -20.07682369346302 4.316235058522218 -2.4746595801231043e-31 0.99619469809174543 -0.087155742747659373 1.2279047676766023e-32 
8 -1.8667619023324902 -1.0323759005323667
1 0.17999999999999383 -18.751884745001 4.2003179206678398 -0.70710678118654813 0.70441602640275802 -0.061628416716219533 
1 -3.200000000000006 -20.07682369346302 4.3162350585222242 1 -3.3306690738754696e-16 3.8857805861880479e-16 
1 -5.7454084365456766e-15 -19.479106874607979 4.2639416128736292 1 -3.3306690738754696e-16 3.8857805861880479e-16 
1 -3.2000000000000055 -20.216272881859279 2.7223235415754305 1 -3.3306690738754696e-16 3.8857805861880479e-16 
1 -20.07682369346302 4.316235058522218 -2.4746595801231043e-31 -0.087155742747662107 -0.99619469809174521 -1.0742774706114101e-33 
1 -20.216272881859279 2.7223235415754252 -2.4918480196528868e-31 0.99619469809174555 -0.08715574274765836 1.2279047676766024e-32 
8 -1.8667619023324862 -1.0323759005323625
1 0.1799999999999965 -18.891333933397256 2.6064064037210461 -0.70710678118654813 0.70441602640275802 -0.061628416716219429 
1 -5.245493196891377e-15 -19.618556063004231 2.6700300959268368 1 -3.3306690738754696e-16 3.8857805861880479e-16 
1 -6.2843514956084541e-15 -21.30057574460433 4.6677515395220892 1 -3.3306690738754696e-16 3.8857805861880479e-16 
8 2.4465894629054548 3.2809754647055782
1 -0.81999999999999762 -22.926243978563956 5.2594463874754966 0.70710678118654646 0.66446302438867588 -0.24184476264797572 
1 -21.30057574460433 4.6677515395220821 -2.6254986661901983e-31 0.93969262078590787 -0.34202014332567021 1.1582605804104296e-32 
1 -3.2000000000000077 -24.495530655276415 5.8306200268293615 1 -3.3306690738754696e-16 3.8857805861880479e-16 
1 -3.2000000000000064 -20.73676017213279 4.4625394535266878 1 -3.3306690738754696e-16 3.8857805861880479e-16 
1 -3.2000000000000073 -25.04276288459749 4.327111833571907 1 -3.3306690738754696e-16 3.8857805861880479e-16 
1 -5.9050926356101959e-15 -21.847807973925399 3.1642433462646342 1 -3.3306690738754696e-16 3.8857805861880479e-16 
8 2.4465894629054579 3.28097546470558
1 -0.81999999999999806 -23.473476207885028 3.755938194218043 0.70710678118654646 0.6644630243886761 -0.24184476264797508 
1 -21.283992401453851 2.959031260269227 -2.6234546113324986e-31 -0.93969262078590954 0.34202014332566577 -1.1582605804104317e-32 
1 -3.200000000000006 -21.283992401453851 2.9590312602692328 1 -3.3306690738754696e-16 3.8857805861880479e-16 
1 -20.73676017213279 4.4625394535266816 -2.5560030313655733e-31 -0.34202014332566355 -0.93969262078591032 -4.2157237479328542e-33 
1 -39.248704801615183 11.200336277042339 -4.8377763747741203e-31 0.93969262078590887 -0.3420201433256676 1.1582605804104308e-32 
8 -1.8667619023324966 -1.0323759005323714
1 0.17999999999998584 -37.998913615969919 10.745449486419215 -0.70710678118654924 0.66446302438867366 -0.24184476264797344 
1 -3.2000000000000126 -39.248704801615176 11.20033627704235 1 -3.3306690738754696e-16 3.8857805861880479e-16 
1 -1.2251882956107808e-14 -38.684889229143636 10.995124191046953 1 -3.3306690738754696e-16 3.8857805861880479e-16 
1 -3.2000000000000113 -35.489934318471548 9.8322557037396852 1 -3.3306690738754696e-16 3.8857805861880479e-16 
1 -3.2000000000000122 -39.795937030936251 9.6968280837849026 1 -3.3306690738754696e-16 3.8857805861880479e-16 
1 -39.795937030936251 9.6968280837848919 -4.9052279547410469e-31 0.34202014332566893 0.93969262078590832 4.2157237479329205e-33 
1 -39.795937030936251 9.6968280837848919 -4.9052279547410469e-31 0.93969262078591254 -0.34202014332565739 1.1582605804104353e-32 
8 -1.8667619023324873 -1.0323759005323709
1 0.17999999999999361 -38.54614584529098 9.2419412931617586 -0.70710678118654924 0.66446302438867311 -0.24184476264797497 
1 -1.187262409610955e-14 -39.232121458464697 9.4916159977895074 1 -3.3306690738754696e-16 3.8857805861880479e-16 
1 -3.2000000000000108 -36.037166547792623 8.3287475104822306 1 -3.3306690738754696e-16 3.8857805861880479e-16 
1 0.81441256301843823 2.7329407685967402 1.0038409870095131e-32 0.17364817766693044 -0.98480775301220802 2.1403790410048999e-33 
1 19.03335599374428 5.9454320554349502 2.3460422560341962e-31 0.17364817766693186 -0.98480775301220791 2.1403790410049173e-33 
1 37.579393330865919 14.32489467785817 4.6320178501005145e-31 0.42261826174069939 -0.90630778703665005 5.2091722581202813e-33 
1 -1.049504959910688 2.6515603720419558 -1.2936147386079464e-32 -0.087155742747658124 -0.99619469809174555 -1.074277470611361e-33 
1 -19.479106874607979 4.2639416128736229 -2.4009852940625088e-31 -0.087155742747657708 -0.99619469809174555 -1.0742774706113558e-33 
1 -21.847807973925399 3.1642433462646271 -2.6929502461571248e-31 0.34202014332566738 0.93969262078590898 4.2157237479329014e-33 
1 -39.232121458464697 9.4916159977894949 -4.8357323199164198e-31 0.34202014332566139 0.93969262078591109 4.2157237479328275e-33 
1 1.4999999999999991 0.23337598874123588 2.6304883437732514 3.6656451367306048e-16 0.17364817766693011 -0.98480775301220813 
1 0.90999999999999914 0.8144125630184389 2.7329407685967402 3.6656451367306048e-16 0.17364817766693011 -0.98480775301220813 
1 0.90999999999999803 19.033355993744291 5.9454320554349458 3.6656451367306078e-16 0.17364817766693152 -0.98480775301220802 
1 1.499999999999998 19.614392568021493 6.0478844802584355 3.6656451367306078e-16 0.17364817766693152 -0.98480775301220802 
1 1.4999999999999953 38.11411492521755 14.57423945228517 3.957012367318656e-16 0.42261826174069911 -0.90630778703665016 
1 0.90999999999999537 37.579393330865926 14.324894677858158 3.957012367318656e-16 0.42261826174069911 -0.90630778703665016 
1 1.4999999999999991 -0.4617500880365577 2.6001384838208383 3.1244702478393728e-16 -0.087155742747658457 -0.99619469809174555 
1 0.90999999999999914 -1.0495049599106874 2.6515603720419567 3.1244702478393728e-16 -0.087155742747658457 -0.99619469809174555 
1 1.4999999999999984 -20.066861746482108 4.3153635010947484 3.1244702478393738e-16 -0.087155742747658041 -0.99619469809174555 
1 0.90999999999999848 -19.479106874607979 4.26394161287363 3.1244702478393738e-16 -0.087155742747658041 -0.99619469809174555 
1 0.90999999999999914 -21.847807973925402 3.1642433462646338 -2.3703678749891121e-16 0.34202014332566771 0.93969262078590887 
1 1.4999999999999991 -21.293389327661714 2.9624514617024897 -2.3703678749891121e-16 0.34202014332566771 0.93969262078590887 
1 1.4999999999999971 -39.786540104728381 9.6934078823516465 -2.3703678749891323e-16 0.34202014332566172 0.93969262078591098 
1 0.90999999999999714 -39.232121458464697 9.4916159977895056 -2.3703678749891323e-16 0.34202014332566172 0.93969262078591098 
Polygon3D 0
PolygonOnTriangulations 0
Surfaces 78
1 -3.1999999999999971 20.94510381725102 4.802793419352164 -4.9293147784128227e-16 -0.42261826174069922 0.90630778703665016 6.0480597069556866e-17 0.90630778703665016 0.42261826174069922 -1 2.6313588041132206e-16 -4.2118743204046221e-16 
1 -1.9693751347120703e-15 -0.25085884557689025 5.745612184843405 1 0 3.3306690738754706e-16 -3.3306690738754706e-16 0 1 0 -1 0 
1 1.2049999999999985 21.221527692297201 4.9316919891830748 -0.70710678118654813 -0.64085638205578643 -0.29883623873012305 -3.0531133177191805e-16 -0.4226182617407041 0.90630778703664783 -0.70710678118654702 0.64085638205578765 0.29883623873012316 
1 -3.199999999999998 20.268914598465905 6.2528858786108037 1.3764094808549385e-16 0.90630778703665016 0.42261826174069911 3.9570123673186442e-16 0.42261826174069911 -0.90630778703665016 -1 2.9197563190125577e-16 -3.0045753396588841e-16 
1 3.0873841094521134e-15 21.488888489473009 5.05636437639658 -1.3764094808549109e-16 -0.90630778703664783 -0.42261826174070416 -3.9570123673186698e-16 -0.42261826174070416 0.90630778703664783 -1 2.9197563190125606e-16 -3.0045753396589033e-16 
1 -2.210365351789324e-15 -0.28155615996142735 6.4486962764730862 1 0 3.3306690738754706e-16 -3.3306690738754706e-16 0 1 0 -1 0 
1 -2.210365351789324e-15 -0.28155615996142735 6.4486962764730862 1 0 3.3306690738754706e-16 -3.3306690738754706e-16 0 1 0 -1 0 
1 -3.1999999999999971 24.570334965397624 6.4932664663149611 -1.376409480854937e-16 -0.90630778703665005 -0.42261826174069933 -3.957012367318657e-16 -0.42261826174069933 0.90630778703665005 -1 2.9197563190125626e-16 -3.0045753396588959e-16 
1 -3.1999999999999975 23.894145746612505 7.9433589255735999 4.9293147784128217e-16 0.422618261740699 -0.90630778703665016 -6.0480597069557026e-17 -0.90630778703665016 -0.422618261740699 -1 2.6313588041132211e-16 -4.2118743204046216e-16 
1 -1.9693751347120703e-15 -0.25085884557689025 5.745612184843405 1 0 3.3306690738754706e-16 -3.3306690738754706e-16 0 1 0 -1 0 
1 -1.330523868787845e-14 -40.256283787050414 13.110122806502995 -2.5122834288167905e-16 0.34202014332566855 0.93969262078590854 3.225692681351001e-16 0.93969262078590854 -0.34202014332566855 -1 2.1719080711900255e-16 -3.464026072582087e-16 
1 -1.330523868787845e-14 -40.256283787050414 13.110122806502995 4.4588203840207505e-16 0.93969262078590854 -0.34202014332566832 2.3703678749891097e-16 -0.34202014332566832 -0.93969262078590854 -1 3.3792070519357547e-16 -3.7524235874814295e-16 
1 -6.3861278863805499e-15 -20.099877071192676 5.7737907321674049 -3.5807070809280978e-16 0.087155742747658096 0.99619469809174566 2.502283518642195e-16 0.99619469809174566 -0.087155742747658096 -1 2.1806823891936248e-16 -3.7851697880726251e-16 
1 -5.2681125372052014e-15 -20.973106122531689 1.8349090246476698 2.51228342881679e-16 -0.34202014332566871 -0.93969262078590854 -3.225692681351003e-16 -0.93969262078590854 0.34202014332566871 -1 2.171908071190027e-16 -3.4640260725820875e-16 
1 -1.3815608490961608e-15 -0.17598310935777117 4.030675877214243 -4.4051114628723899e-16 -0.17364817766693011 0.98480775301220824 1.6083478693569579e-16 0.98480775301220824 0.17364817766693011 -1 2.3488530292308929e-16 -4.0589012449513533e-16 
1 -5.2681125372052014e-15 -20.973106122531689 1.8349090246476698 -3.5807070809280973e-16 0.087155742747658096 0.99619469809174555 2.5022835186422024e-16 0.99619469809174555 -0.087155742747658096 -1 2.1806823891936329e-16 -3.7851697880726261e-16 
1 -1.8838813763781028e-15 -7.5 0.65616497644442939 -3.5807070809280973e-16 0.087155742747658096 0.99619469809174555 2.5022835186422024e-16 0.99619469809174555 -0.087155742747658096 -1 2.1806823891936329e-16 -3.7851697880726261e-16 
1 3.1324436967597501e-15 38.960473982822535 16.568801144890827 4.9293147784128217e-16 0.42261826174069872 -0.90630778703665038 -6.0480597069556964e-17 -0.90630778703665038 -0.42261826174069872 -1 2.6313588041132186e-16 -4.2118743204046221e-16 
1 3.1324436967597501e-15 38.960473982822535 16.568801144890827 1.3764094808549358e-16 0.90630778703664994 0.42261826174069955 3.957012367318656e-16 0.42261826174069955 -0.90630778703664994 -1 2.9197563190125621e-16 -3.0045753396588949e-16 
1 1.2248694207860944e-15 7.5 1.3224523553134846 4.4051114628723889e-16 0.17364817766693 -0.98480775301220813 -1.6083478693569576e-16 -0.98480775301220813 -0.17364817766693 -1 2.3488530292308924e-16 -4.0589012449513533e-16 
1 3.3860901499060835e-15 20.733374262864071 3.6558532836694111 4.4051114628723889e-16 0.17364817766693 -0.98480775301220813 -1.6083478693569576e-16 -0.98480775301220813 -0.17364817766693 -1 2.3488530292308924e-16 -4.0589012449513533e-16 
