<?xml version='1.0' encoding='utf-8'?>
<!-- FreeCAD DocumentObject -->
<Document SchemaVersion="4" FileVersion="2">
<Object name="Body" Extensions="True">
  <Extensions Count="1">
    <Extension type="App::OriginGroupExtension" name="OriginGroupExtension">
    </Extension>
  </Extensions>
  <Properties Count="21" TransientCount="2">
    <_Property name="_ElementMapVersion" type="App::PropertyString" status="234881024"/>
    <_Property name="_GroupTouched" type="App::PropertyBool" status="100663424"/>
    <Property name="AutoGroupSolids" type="App::PropertyBool" status="134217728">
      <Bool value="false"/>
    </Property>
    <Property name="BaseFeature" type="App::PropertyLink">
      <Link value=""/>
    </Property>
    <Property name="ClaimAllChildren" type="App::PropertyBool" status="8">
      <Bool value="false"/>
    </Property>
    <Property name="ColoredElements" type="App::PropertyLinkSubHidden" status="218103808">
      <LinkSub value="" count="0">
      </LinkSub>
    </Property>
    <Property name="ExportMode" type="App::PropertyEnumeration" status="8">
      <Integer value="0"/>
    </Property>
    <Property name="ExpressionEngine" type="App::PropertyExpressionEngine" status="67108864">
      <ExpressionEngine count="0"></ExpressionEngine>
    </Property>
    <Property name="FixShape" type="App::PropertyEnumeration">
      <Integer value="0"/>
    </Property>
    <Property name="Group" type="App::PropertyLinkList">
      <LinkList count="6">
        <Link value="Sketch"/>
        <Link value="Boolean"/>
        <Link value="Sketch002"/>
        <Link value="Sketch001"/>
        <Link value="Pad"/>
        <Link value="Sketch003"/>
      </LinkList>
    </Property>
    <Property name="InvalidShape" type="App::PropertyBool" status="67108864">
      <Bool value="false"/>
    </Property>
    <Property name="Label" type="App::PropertyString" status="134217728">
      <String value="Body"/>
    </Property>
    <Property name="Label2" type="App::PropertyString" status="128">
      <String value=""/>
    </Property>
    <Property name="Origin" type="App::PropertyLink" status="67108864">
      <Link value="Origin001"/>
    </Property>
    <Property name="Placement" type="App::PropertyPlacement" status="8388608">
      <PropertyPlacement Px="0" Py="0" Pz="0" Q0="0" Q1="0" Q2="0" Q3="1" A="0" Ox="0" Oy="0" Oz="1"/>
    </Property>
    <Property name="Shape" type="Part::PropertyPartShape">
      <Part HasherIndex="0" ElementMap="1.15.70200.4" brep="1">
<![CDATA[

CASCADE Topology V1, (c) Matra-Datavision
Locations 41
1
              1               0               0               0 
              0               1               0               0 
              0               0               1               0 
1
              1               0               0               0 
              0               1               0               0 
              0               0               1               0 
1
              1               0               0               0 
              0               1               0               0 
              0               0               1               0 
1
              1               0               0               0 
              0               1               0               0 
              0               0               1               0 
1
              1               0               0               0 
              0               1               0               0 
              0               0               1               0 
1
              1               0               0               0 
              0               1               0               0 
              0               0               1               0 
1
              1               0               0               0 
              0               1               0               0 
              0               0               1               0 
1
              1               0               0               0 
              0               1               0               0 
              0               0               1               0 
1
              1               0               0               0 
              0               1               0               0 
              0               0               1               0 
1
              1               0               0               0 
              0               1               0           50.06 
              0               0               1               0 
1
              1               0               0               0 
              0               1               0               0 
              0               0               1               0 
2  2 1 3 1 4 1 5 1 6 1 7 1 8 1 9 1 10 1 11 1 0
2  11 -1 10 -1 9 -1 8 -1 7 -1 6 -1 5 -1 4 -1 3 -1 2 -1 0
1
              1               0               0               0 
              0               1               0               0 
              0               0               1               0 
1
2.22044604925031e-16 -3.33066907387547e-16               1               0 
              1 3.33066907387547e-16 -2.22044604925031e-16               0 
-3.33066907387547e-16               1 3.33066907387547e-16               0 
2  14 1 15 1 0
2  11 -1 10 -1 9 -1 8 -1 7 -1 6 -1 5 -1 4 -1 3 -1 2 -1 15 -1 14 -1 0
1
              1               0               0            2.45 
              0               1               0 -8.1601392309949e-16 
              0               0               1 9.52016243616072e-16 
2  14 1 15 1 18 1 0
2  11 -1 10 -1 9 -1 8 -1 7 -1 6 -1 5 -1 4 -1 3 -1 2 -1 18 -1 15 -1 14 -1 0
2  14 1 15 1 2 1 3 1 4 1 5 1 6 1 7 1 8 1 9 1 10 1 11 1 0
2  14 1 15 1 18 1 2 1 3 1 4 1 5 1 6 1 7 1 8 1 9 1 10 1 11 1 0
1
              1               0               0               0 
              0               1               0               0 
              0               0               1               0 
1
2.22044604925031e-16 -3.33066907387547e-16               1               0 
              1 3.33066907387547e-16 -2.22044604925031e-16               0 
-3.33066907387547e-16               1 3.33066907387547e-16               0 
2  23 1 24 1 0
2  24 -1 23 -1 0
1
              1               0               0            2.45 
              0               1               0 -8.1601392309949e-16 
              0               0               1 9.52016243616072e-16 
2  23 1 24 1 27 1 0
2  27 -1 24 -1 23 -1 0
2  2 -1 0
2  11 -1 10 -1 9 -1 8 -1 7 -1 6 -1 5 -1 4 -1 3 -1 0
1
              1               0               0               0 
              0               1               0               0 
              0               0               1               0 
1
2.22044604925031e-16 -3.33066907387547e-16               1               0 
              1 3.33066907387547e-16 -2.22044604925031e-16               0 
-3.33066907387547e-16               1 3.33066907387547e-16               0 
1
              1               0               0             1.5 
              0               1               0 -4.9960036108132e-16 
              0               0               1 5.82867087928207e-16 
2  32 1 33 1 34 1 2 1 0
2  11 -1 10 -1 9 -1 8 -1 7 -1 6 -1 5 -1 4 -1 3 -1 2 -1 34 -1 33 -1 32 -1 0
2  32 1 33 1 34 1 0
2  32 1 33 1 2 1 0
2  11 -1 10 -1 9 -1 8 -1 7 -1 6 -1 5 -1 4 -1 3 -1 2 -1 33 -1 32 -1 0
2  3 1 4 1 5 1 6 1 7 1 8 1 9 1 10 1 11 1 0
2  32 1 33 1 2 1 3 1 4 1 5 1 6 1 7 1 8 1 9 1 10 1 11 1 0
Curve2ds 0
Curves 123
1 -6.9983899285984274e-15 -21.266492276468234 6.8343026654407213 1 -3.3306690738754696e-16 3.8857805861880479e-16 
1 -1.3437637144077918e-15 -5.6506413407306954e-15 4.0345158423206122 1 -3.3306690738754696e-16 3.8857805861880479e-16 
1 -21.266492276468238 6.8343026654407142 -5.242595108778233e-31 0.99144486137381049 -0.13052619222005141 2.4441002838126956e-32 
1 -21.266492276468238 6.8343026654407142 -5.242595108778233e-31 0.99144486137381049 -0.13052619222005141 2.4441002838126956e-32 
1 -5.7934505804417055e-15 -21.788597045348443 2.8685232199454784 1 -3.3306690738754696e-16 3.8857805861880479e-16 
1 -21.266492276468238 6.8343026654407142 -5.242595108778233e-31 -0.1305261922200511 -0.99144486137381049 -3.2177190671800317e-33 
1 -21.266492276468238 6.8343026654407142 -5.242595108778233e-31 -0.1305261922200511 -0.99144486137381049 -3.2177190671800317e-33 
1 2.4458298227408098e-15 21.266492276468238 6.8343026654407124 1 -3.3306690738754696e-16 3.8857805861880479e-16 
1 -6.8833827526759706e-15 4.0345158423206122 -1.6968848591433285e-46 0.99144486137381049 0.13052619222005157 2.4441002838126956e-32 
1 -6.8833827526759706e-15 4.0345158423206122 -1.6968848591433285e-46 0.99144486137381049 0.13052619222005157 2.4441002838126956e-32 
1 0 0 0 -0.99144486137381049 0.13052619222005138 -2.4441002838126956e-32 
1 0 0 0 -0.99144486137381049 0.13052619222005138 -2.4441002838126956e-32 
1 1.0583765532254438e-14 48.060000000000002 0.26330499517479411 1 -3.3306690738754696e-16 3.8857805861880479e-16 
1 3.8826302651684901e-15 21.788597045348435 2.8685232199454695 1 -3.3306690738754696e-16 3.8857805861880479e-16 
1 21.266492276468234 6.8343026654407195 5.2425951087782321e-31 0.13052619222005024 -0.99144486137381072 3.2177190671800112e-33 
1 21.266492276468234 6.8343026654407195 5.2425951087782321e-31 0.13052619222005024 -0.99144486137381072 3.2177190671800112e-33 
1 0 0 0 0.99144486137381038 0.13052619222005166 2.4441002838126954e-32 
1 0 0 0 0.99144486137381038 0.13052619222005166 2.4441002838126954e-32 
1 1.1471943951954563e-14 52.060000000000002 0.26330499517479439 1 -3.3306690738754696e-16 3.8857805861880479e-16 
1 1.155964213239713e-14 52.060000000000002 -1.7339463198595699e-14 1 -3.3306690738754696e-16 3.8857805861880479e-16 
1 52.060000000000002 0.26330499517481171 6.4168904259071568e-31 0 -1 0 
1 52.060000000000002 0.26330499517481171 6.4168904259071568e-31 0 -1 0 
1 1.0671463712696993e-14 48.060000000000002 2.304489932214437e-14 1 -3.3306690738754696e-16 3.8857805861880479e-16 
1 48.060000000000002 0.2633049951748101 5.9238523601440253e-31 0 -1 0 
1 48.060000000000002 0.2633049951748101 5.9238523601440253e-31 0 -1 0 
1 1.0837997166390774e-14 46.559999999999981 -1.5000000000000153 1 -3.3306690738754696e-16 3.8857805861880479e-16 
1 46.559999999999981 -1.4999999999999998 5.738963085482848e-31 0.70710678118654335 0.70710678118655168 8.7157639921051804e-33 
1 46.559999999999981 -1.4999999999999998 5.738963085482848e-31 0.70710678118654335 0.70710678118655168 8.7157639921051804e-33 
1 1.1670664434859646e-14 48.060000000000002 -3.000000000000016 1 -3.3306690738754696e-16 3.8857805861880479e-16 
1 48.060000000000002 -3 5.9238523601440253e-31 -0.70710678118655257 0.70710678118654258 -8.715763992105294e-33 
1 48.060000000000002 -3 5.9238523601440253e-31 -0.70710678118655257 0.70710678118654258 -8.715763992105294e-33 
1 1.2558842854559771e-14 52.060000000000002 -3.0000000000000173 1 -3.3306690738754696e-16 3.8857805861880479e-16 
1 52.060000000000002 -3 6.4168904259071568e-31 -1 0 -1.2325951644078288e-32 
1 52.060000000000002 -3 6.4168904259071568e-31 -1 0 -1.2325951644078288e-32 
1 1.2392309400865998e-14 53.560000000000002 -1.5000000000000175 1 -3.3306690738754696e-16 3.8857805861880479e-16 
1 53.560000000000002 -1.4999999999999998 6.6017797005683314e-31 -0.70710678118654746 -0.70710678118654757 -8.7157639921052311e-33 
1 53.560000000000002 -1.4999999999999998 6.6017797005683314e-31 -0.70710678118654746 -0.70710678118654757 -8.7157639921052311e-33 
1 52.060000000000002 0 6.4168904259071568e-31 0.70710678118654757 -0.70710678118654746 8.7157639921052324e-33 
1 52.060000000000002 0 6.4168904259071568e-31 0.70710678118654757 -0.70710678118654746 8.7157639921052324e-33 
1 2.4500000000000002 -2.2139729122391949 2.8634789129665208 -4.347395517580507e-17 -0.99144486137381049 0.13052619222005157 
1 2.4499999999999993 -0.27588637239615232 3.0881454308788117 -3.3021747382305028e-16 0.13052619222005163 0.99144486137381049 
1 2.4500000000000002 -2.4228148197912778 1.2771671347684248 -4.3473955175805095e-17 -0.99144486137381049 0.13052619222005166 
1 2.4499999999999997 -4.2416658178913949 3.6102501997590188 -3.3021747382305028e-16 0.13052619222005216 0.99144486137381049 
1 2.4499999999999997 0.23108318949156795 2.6024265285264185 4.3473955175804996e-17 -0.99144486137381049 -0.13052619222005135 
1 2.4499999999999993 4.2416658178913815 3.6102501997590162 -3.3021747382305028e-16 -0.13052619222005146 0.99144486137381049 
1 2.4500000000000002 0.43992509704365002 1.0161147503283217 4.3473955175804996e-17 -0.99144486137381049 -0.13052619222005135 
1 2.4499999999999993 0.27588637239613939 3.0881454308788103 -3.3021747382305028e-16 -0.13052619222005121 0.99144486137381049 
1 2.4499999999999984 15.945991649741007 4.3442507596345772 3.3021747382305023e-16 0.13052619222005252 -0.99144486137381027 
1 2.4499999999999993 9.996815074023603 3.8881095218939246 -4.3473955175805015e-17 0.99144486137381049 0.13052619222005141 
1 2.4499999999999984 19.911771095236254 4.8663555285147631 3.3021747382305033e-16 0.13052619222005032 -0.9914448613738106 
1 2.4500000000000002 8.2227672588280658 2.0407453592557232 4.3473955175805021e-17 -0.99144486137381049 -0.13052619222005143 
1 2.4499999999999993 -9.9968150740236084 3.888109521893929 -4.3473955175805015e-17 -0.99144486137381049 0.13052619222005141 
1 2.4499999999999993 -15.945991649741021 4.3442507596345861 3.3021747382305023e-16 -0.13052619222005318 -0.99144486137381027 
1 2.4499999999999997 -10.205656981575689 2.3017977436958317 -4.3473955175805015e-17 -0.99144486137381049 0.13052619222005141 
1 2.4499999999999984 -19.807350141460219 5.6595114176138219 -3.3021747382305028e-16 0.13052619222005096 0.99144486137381049 
1 -1.104687403994359e-15 -0.93284662474943669 2.6948154374936264 1 -3.3306690738754696e-16 3.8857805861880479e-16 
8 2.4465894629054543 3.28097546470558
1 -0.82000000000000117 -2.6480462349261282 2.9206257500343149 0.70710678118654768 0.7010573846499778 -0.092295955641256991 
1 -4.3104742023923473e-16 -2.2139729122391949 2.8634789129665199 -4.347395517580507e-17 -0.99144486137381049 0.13052619222005157 
1 -0.93284662474943758 2.694815437493626 -2.2996444776006404e-32 0.99144486137381049 -0.13052619222005121 2.4441002838126956e-32 
1 -3.2000000000000024 -4.3037591534203914 3.1386044910418001 1 -3.3306690738754696e-16 3.8857805861880479e-16 
1 -3.2000000000000011 -0.33797970792514925 2.6164997221615938 1 -3.3306690738754696e-16 3.8857805861880479e-16 
1 -6.7977222325703085e-16 -4.2416658178913931 3.610250199759018 -3.3021747382305028e-16 0.13052619222005216 0.99144486137381049 
1 -3.2000000000000015 -4.5126010609724743 1.5522927128437038 1 -3.3306690738754696e-16 3.8857805861880479e-16 
1 -6.2271166473167026e-16 -1.1416885323015182 1.1085036592955293 1 -3.3306690738754696e-16 3.8857805861880479e-16 
8 2.4465894629054552 3.2809754647055804
1 -0.82000000000000117 -2.8568881424782102 1.3343139718362185 0.70710678118654768 0.7010573846499778 -0.092295955641257046 
1 5.5171163744236735e-17 -2.4228148197912773 1.2771671347684239 -4.3473955175805095e-17 -0.99144486137381049 0.13052619222005166 
1 -0.54682161547723318 1.0301879439634982 -1.3480193580618283e-32 -0.99144486137381049 0.13052619222005124 -2.4441002838126956e-32 
1 -3.2000000000000006 -0.54682161547723174 1.0301879439634971 1 -3.3306690738754696e-16 3.8857805861880479e-16 
1 -0.33797970792515031 2.6164997221615951 -8.3318430731302047e-33 -0.1305261922200518 -0.99144486137381049 -3.2177190671800495e-33 
1 0.90999999999999959 -1.1416885323015185 1.10850365929553 -3.0123483703918038e-16 0.13052619222005099 0.99144486137381049 
1 -1.1416885323015187 1.1085036592955289 -2.8144795283494436e-32 0.13052619222005069 0.9914448613738106 3.2177190671800222e-33 
1 1.4999999999999996 -0.55673606409097054 1.0314932058857 -3.0123483703918038e-16 0.13052619222005099 0.99144486137381049 
1 0.33797970792513787 2.6164997221615947 8.3318430731298981e-33 0.9914448613738106 0.13052619222005049 2.4441002838126959e-32 
8 -1.8667619023324857 -1.0323759005323592
1 0.17999999999999994 1.6566013735523077 2.7900995578142629 -0.70710678118654746 0.70105738464997824 0.092295955641256824 
1 -3.2000000000000011 0.33797970792513976 2.6164997221615933 1 -3.3306690738754696e-16 3.8857805861880479e-16 
1 -6.9042028349808598e-16 0.93284662474942603 2.6948154374936246 1 -3.3306690738754696e-16 3.8857805861880479e-16 
1 -4.3104742023923493e-16 0.23108318949156836 2.6024265285264176 4.3473955175804996e-17 -0.99144486137381049 -0.13052619222005135 
1 -3.2000000000000002 4.3037591534203816 3.1386044910417987 1 -3.3306690738754696e-16 3.8857805861880479e-16 
1 1.4999999999999991 0.34789415653887745 2.6178049840837945 3.5920011060692032e-16 0.13052619222005155 -0.99144486137381049 
1 0.33797970792513787 2.6164997221615947 8.3318430731298981e-33 0.1305261922200518 -0.99144486137381038 3.2177190671800495e-33 
1 0.54682161547722075 1.030187943963498 1.3480193580617977e-32 0.99144486137381049 0.13052619222005157 2.4441002838126956e-32 
1 0.90999999999999914 0.93284662474942581 2.6948154374936251 3.5920011060692032e-16 0.13052619222005155 -0.99144486137381049 
8 -1.8667619023324855 -1.0323759005323589
1 0.18000000000000071 1.8654432811043899 1.2037877796161656 -0.70710678118654746 0.70105738464997824 0.092295955641256824 
1 -3.2000000000000002 0.54682161547722175 1.0301879439634962 1 -3.3306690738754696e-16 3.8857805861880479e-16 
1 0.93284662474942515 2.6948154374936251 2.2996444776006097e-32 0.13052619222005185 -0.99144486137381038 3.2177190671800509e-33 
1 -1.1570010652701365e-16 1.1416885323015085 1.1085036592955286 1 -3.3306690738754696e-16 3.8857805861880479e-16 
1 -6.7977222325703007e-16 4.2416658178913824 3.6102501997590153 -3.3021747382305028e-16 -0.13052619222005146 0.99144486137381049 
1 -3.1999999999999997 4.5126010609724645 1.5522927128437016 1 -3.3306690738754696e-16 3.8857805861880479e-16 
1 5.5171163744236587e-17 0.43992509704365046 1.0161147503283208 4.3473955175804996e-17 -0.99144486137381049 -0.13052619222005135 
1 -1.378184070885555e-15 15.945991649741009 4.3442507596345763 3.3021747382305023e-16 0.13052619222005252 -0.99144486137381027 
1 -3.1999999999999984 15.903664031493971 4.6657609400163995 1 -3.3306690738754696e-16 3.8857805861880479e-16 
1 -3.1999999999999975 16.112505939046052 3.0794491618183022 1 -3.3306690738754696e-16 3.8857805861880479e-16 
1 3.1527138998715474e-15 19.483418467717009 3.5232382153664776 1 -3.3306690738754696e-16 3.8857805861880479e-16 
8 2.4465894629054534 3.2809754647055822
1 -0.8199999999999984 17.768218857540315 3.2974279028257887 0.70710678118654713 0.70105738464997847 0.092295955641257518 
1 -1.6687344118079438e-16 8.2227672588280658 2.0407453592557223 4.3473955175805021e-17 -0.99144486137381049 -0.13052619222005143 
1 20.078285384541292 3.6015539306985156 4.9496794949171915e-31 -0.99144486137381027 -0.13052619222005271 -2.4441002838126951e-32 
1 -3.1999999999999971 20.078285384541292 3.6015539306985076 1 -3.3306690738754696e-16 3.8857805861880479e-16 
1 -3.1999999999999975 19.869443476989211 5.1878657088966058 1 -3.3306690738754696e-16 3.8857805861880479e-16 
1 19.869443476989211 5.1878657088966129 4.8981959898423111e-31 0.13052619222005066 -0.9914448613738106 3.2177190671800208e-33 
1 19.274576560164924 5.1095499935645812 4.7515499728135496e-31 0.99144486137381027 0.13052619222005266 2.4441002838126951e-32 
8 1.0323759005323569 1.8667619023324862
1 0.18000000000000238 18.550821811362042 5.0142658732439385 0.70710678118654713 0.70105738464997847 0.092295955641257504 
1 2.5779937229004743e-15 19.274576560164924 5.109549993564575 1 -3.3306690738754696e-16 3.8857805861880479e-16 
1 -8.7513663008929755e-16 9.9968150740236048 3.8881095218939237 -4.3473955175805015e-17 0.99144486137381049 0.13052619222005141 
1 0.90999999999999825 19.274576560164924 5.1095499935645758 3.5920011060692052e-16 0.13052619222005252 -0.99144486137381027 
1 19.274576560164924 5.1095499935645812 4.7515499728135496e-31 0.13052619222005285 -0.99144486137381027 3.2177190671800755e-33 
1 1.4999999999999982 19.859529028375473 5.1865604469744069 3.5920011060692052e-16 0.13052619222005252 -0.99144486137381027 
1 -19.869443476989218 5.1878657088966058 -4.8981959898423128e-31 0.99144486137381072 -0.13052619222004977 2.4441002838126962e-32 
8 -1.8667619023324851 -1.0323759005323605
1 0.17999999999999838 -18.550821811362049 5.0142658732439438 -0.70710678118654713 0.70105738464997847 -0.092295955641257435 
1 -3.2000000000000064 -19.869443476989218 5.1878657088966111 1 -3.3306690738754696e-16 3.8857805861880479e-16 
1 -5.9816377518977046e-15 -19.274576560164931 5.1095499935645821 1 -3.3306690738754696e-16 3.8857805861880479e-16 
1 -8.7513663008929814e-16 -9.9968150740236084 3.8881095218939281 -4.3473955175805015e-17 -0.99144486137381049 0.13052619222005141 
1 -3.2000000000000051 -15.903664031493971 4.6657609400164057 1 -3.3306690738754696e-16 3.8857805861880479e-16 
1 -3.200000000000006 -20.078285384541299 3.6015539306985138 1 -3.3306690738754696e-16 3.8857805861880479e-16 
1 -20.078285384541299 3.6015539306985094 -4.9496794949171933e-31 0.13052619222005071 0.99144486137381049 3.2177190671800222e-33 
1 -20.078285384541299 3.6015539306985094 -4.9496794949171933e-31 0.99144486137381027 -0.13052619222005266 2.4441002838126951e-32 
8 -1.8667619023324824 -1.0323759005323605
1 0.17999999999999905 -18.759663718914133 3.4279540950458465 -0.70710678118654713 0.70105738464997847 -0.092295955641257435 
1 -5.4996620126350159e-15 -19.483418467717012 3.5232382153664843 1 -3.3306690738754696e-16 3.8857805861880479e-16 
1 -3.8891804610582647e-16 -10.205656981575689 2.3017977436958308 -4.3473955175805015e-17 -0.99144486137381049 0.13052619222005141 
1 -3.2000000000000046 -16.112505939046059 3.0794491618183084 1 -3.3306690738754696e-16 3.8857805861880479e-16 
1 -9.3409486103549439e-16 -15.945991649741018 4.3442507596345861 3.3021747382305023e-16 -0.13052619222005318 -0.99144486137381027 
1 1.4999999999999987 -20.068370935927561 3.6002486687763149 -3.0123483703918038e-16 0.13052619222005091 0.99144486137381049 
1 0.9099999999999987 -19.483418467717012 3.5232382153664847 -3.0123483703918038e-16 0.13052619222005091 0.99144486137381049 
1 -19.483418467717012 3.5232382153664776 -4.8030334778884309e-31 0.1305261922200506 0.9914448613738106 3.2177190671800194e-33 
Polygon3D 0
PolygonOnTriangulations 0
Surfaces 43
1 -6.9983899285984274e-15 -21.266492276468234 6.8343026654407213 -3.4177976428442018e-16 0.13052619222005171 0.99144486137381038 2.6361893772450516e-16 0.99144486137381038 -0.13052619222005171 -1 2.1675242995787096e-16 -3.7326496715961517e-16 
1 -6.9983899285984274e-15 -21.266492276468234 6.8343026654407213 3.8093708819482278e-16 0.99144486137381049 -0.13052619222005143 3.0123483703918028e-16 -0.13052619222005143 -0.99144486137381049 -1 3.3835908235470711e-16 -3.4837999884673654e-16 
1 -1.3437637144077918e-15 -5.5396190382681798e-15 4.0345158423206122 -4.2872767463603027e-16 -0.13052619222005124 0.99144486137381049 1.7667102737289516e-16 0.99144486137381049 0.13052619222005124 -1 2.3111977311208678e-16 -4.019996534680467e-16 
1 0 0 0 3.4177976428442018e-16 -0.13052619222005171 -0.99144486137381049 -2.6361893772450525e-16 -0.99144486137381049 0.13052619222005171 -1 2.1675242995787106e-16 -3.7326496715961512e-16 
1 2.4458298227408098e-15 21.266492276468238 6.8343026654407124 2.7949785945127841e-16 0.99144486137381072 0.13052619222004991 3.5920011060691948e-16 0.13052619222004991 -0.99144486137381072 -1 3.2399173920049144e-16 -3.1964531253830465e-16 
1 0 0 0 -4.2872767463603032e-16 -0.13052619222005135 0.99144486137381049 1.7667102737289506e-16 0.99144486137381049 0.13052619222005135 -1 2.3111977311208673e-16 -4.0199965346804665e-16 
1 1.1471943951954563e-14 52.060000000000002 0.26330499517479439 3.3306690738754711e-16 1 -3.3306690738754696e-16 3.3306690738754691e-16 -3.3306690738754706e-16 -1 -1 3.3306690738754701e-16 -3.3306690738754701e-16 
1 1.0583765532254438e-14 48.060000000000002 0.26330499517479411 3.3306690738754711e-16 1 -3.3306690738754696e-16 3.3306690738754691e-16 -3.3306690738754706e-16 -1 -1 3.3306690738754701e-16 -3.3306690738754701e-16 
1 1.0837997166390774e-14 46.559999999999981 -1.5000000000000153 -5.1028004907222668e-16 -0.70710678118655146 0.70710678118654358 -7.8504622934190989e-17 0.70710678118654358 0.70710678118655146 -1 3.0531133177191864e-16 -4.1633363423443341e-16 
1 1.1670664434859646e-14 48.060000000000002 -3.000000000000016 3.92523114670978e-17 -0.7071067811865428 -0.70710678118655235 -3.9252311467094348e-16 -0.70710678118655235 0.7071067811865428 -1 2.4980018054065968e-16 -3.0531133177191859e-16 
1 1.2558842854559771e-14 52.060000000000002 -3.0000000000000173 3.8857805861880469e-16 -3.3306690738754711e-16 -1 -2.2204460492503131e-16 -1 3.3306690738754701e-16 -1 2.2204460492503118e-16 -3.8857805861880479e-16 
1 1.2392309400865998e-14 53.560000000000002 -1.5000000000000175 5.1028004907222687e-16 0.70710678118654735 -0.70710678118654768 7.8504622934188746e-17 -0.70710678118654768 -0.70710678118654735 -1 3.0531133177191795e-16 -4.1633363423443375e-16 
1 1.155964213239713e-14 52.060000000000002 -1.7339463198595699e-14 -3.9252311467094299e-17 0.70710678118654768 0.70710678118654735 3.9252311467094368e-16 0.70710678118654735 -0.70710678118654768 -1 2.4980018054066012e-16 -3.05311331771918e-16 
1 2.4499999999999997 50.059999999999995 2.9836882708537051 1 -2.2700327401381455e-16 1.1303113512075102e-15 -1.1303113512075102e-15 0 1 -2.2700327401381455e-16 -1 -2.565843773790834e-31 
1 -3.2000000000000024 -4.3037591534203914 3.1386044910418001 -3.4177976428442023e-16 0.13052619222005157 0.99144486137381049 2.6361893772450516e-16 0.99144486137381049 -0.13052619222005157 -1 2.1675242995787101e-16 -3.7326496715961512e-16 
1 -3.2000000000000024 -4.3037591534203914 3.1386044910418001 3.8093708819482308e-16 0.99144486137381049 -0.13052619222005216 3.0123483703918008e-16 -0.13052619222005213 -0.99144486137381027 -1 3.3835908235470721e-16 -3.4837999884673673e-16 
1 -3.2000000000000015 -4.5126010609724743 1.5522927128437038 -3.4177976428442018e-16 0.13052619222005166 0.99144486137381049 2.6361893772450516e-16 0.99144486137381049 -0.13052619222005166 -1 2.1675242995787096e-16 -3.7326496715961507e-16 
1 -3.2000000000000011 -0.33797970792514925 2.6164997221615938 3.8093708819482288e-16 0.99144486137381049 -0.13052619222005163 3.0123483703918023e-16 -0.13052619222005163 -0.99144486137381049 -1 3.3835908235470711e-16 -3.4837999884673654e-16 
1 -6.2271166473167026e-16 -1.1416885323015182 1.1085036592955293 -3.8093708819482264e-16 -0.99144486137381049 0.13052619222005099 -3.0123483703918038e-16 0.13052619222005099 0.99144486137381049 -1 3.3835908235470716e-16 -3.4837999884673654e-16 
1 1.2049999999999996 -0.84921229819624444 1.0699984325906149 0.70710678118654735 -0.70105738464997813 0.09229595564125706 -3.0531133177191805e-16 0.13052619222005096 0.99144486137381049 0.70710678118654768 0.7010573846499778 -0.092295955641256588 
1 -1.0355139500639786e-15 -5.147397659625723e-15 3.1090268264300538 1 0 3.3306690738754686e-16 -3.3306690738754686e-16 0 1 0 -1 0 
1 -3.2000000000000011 0.33797970792513976 2.6164997221615933 -4.2872767463603032e-16 -0.13052619222005135 0.99144486137381049 1.7667102737289506e-16 0.99144486137381049 0.13052619222005135 -1 2.3111977311208673e-16 -4.0199965346804665e-16 
1 -1.0355139500639786e-15 -5.147397659625723e-15 3.1090268264300538 1 0 3.3306690738754686e-16 -3.3306690738754686e-16 0 1 0 -1 0 
1 1.2049999999999992 0.64037039064415158 2.6563102107887095 0.70710678118654779 0.70105738464997769 0.092295955641257421 3.6082248300317578e-16 0.13052619222005149 -0.99144486137381049 -0.70710678118654746 0.70105738464997824 0.092295955641256977 
1 -3.2000000000000011 0.33797970792513976 2.6164997221615933 2.7949785945127782e-16 0.99144486137381049 0.13052619222005121 3.5920011060692106e-16 0.13052619222005121 -0.99144486137381049 -1 3.2399173920049154e-16 -3.1964531253830594e-16 
1 -6.9042028349808598e-16 0.93284662474942603 2.6948154374936246 2.7949785945127772e-16 0.99144486137381049 0.13052619222005155 3.5920011060692032e-16 0.13052619222005155 -0.99144486137381049 -1 3.2399173920049144e-16 -3.1964531253830505e-16 
1 -3.2000000000000002 4.3037591534203816 3.1386044910417987 2.7949785945127772e-16 0.99144486137381049 0.13052619222005146 3.5920011060691973e-16 0.13052619222005146 -0.99144486137381049 -1 3.2399173920049134e-16 -3.1964531253830446e-16 
1 -3.2000000000000002 0.54682161547722175 1.0301879439634962 -4.2872767463603032e-16 -0.13052619222005135 0.99144486137381049 1.7667102737289506e-16 0.99144486137381049 0.13052619222005135 -1 2.3111977311208673e-16 -4.0199965346804665e-16 
1 -3.1999999999999975 16.112505939046052 3.0794491618183022 -2.7949785945127727e-16 -0.99144486137381027 -0.13052619222005252 -3.5920011060692052e-16 -0.13052619222005252 0.99144486137381027 -1 3.2399173920049134e-16 -3.19645312538305e-16 
1 -3.1999999999999975 16.112505939046052 3.0794491618183022 -4.2872767463603032e-16 -0.13052619222005143 0.99144486137381049 1.7667102737289504e-16 0.99144486137381049 0.13052619222005143 -1 2.3111977311208673e-16 -4.0199965346804665e-16 
1 -3.1999999999999971 20.078285384541292 3.6015539306985076 -2.7949785945127821e-16 -0.9914448613738106 -0.13052619222005032 -3.5920011060692017e-16 -0.13052619222005032 0.9914448613738106 -1 3.2399173920049149e-16 -3.1964531253830524e-16 
1 -3.1999999999999975 19.869443476989211 5.1878657088966058 4.2872767463603032e-16 0.13052619222005141 -0.99144486137381049 -1.7667102737289506e-16 -0.99144486137381049 -0.13052619222005141 -1 2.3111977311208673e-16 -4.0199965346804665e-16 
1 2.5779937229004743e-15 19.274576560164924 5.109549993564575 2.7949785945127727e-16 0.99144486137381027 0.13052619222005252 3.5920011060692052e-16 0.13052619222005252 -0.99144486137381027 -1 3.2399173920049134e-16 -3.19645312538305e-16 
1 1.2049999999999983 19.567052794270197 5.1480552202694909 -0.70710678118654813 0.70105738464997747 0.092295955641257657 3.6082248300317573e-16 0.13052619222005257 -0.99144486137381027 0.70710678118654713 0.70105738464997835 0.092295955641258282 
1 -1.0355139500639786e-15 -5.147397659625723e-15 3.1090268264300538 1 0 3.3306690738754686e-16 -3.3306690738754686e-16 0 1 0 -1 0 
1 -3.2000000000000064 -19.869443476989218 5.1878657088966111 -3.4177976428442028e-16 0.13052619222005141 0.99144486137381049 2.6361893772450511e-16 0.99144486137381049 -0.13052619222005141 -1 2.1675242995787101e-16 -3.7326496715961512e-16 
1 -3.2000000000000064 -19.869443476989218 5.1878657088966111 3.8093708819482264e-16 0.99144486137381049 -0.13052619222005096 3.0123483703918038e-16 -0.13052619222005096 -0.99144486137381049 -1 3.3835908235470716e-16 -3.4837999884673654e-16 
1 -3.200000000000006 -20.078285384541299 3.6015539306985138 -3.4177976428442028e-16 0.13052619222005141 0.99144486137381049 2.6361893772450511e-16 0.99144486137381049 -0.13052619222005141 -1 2.1675242995787101e-16 -3.7326496715961512e-16 
1 -3.2000000000000046 -16.112505939046059 3.0794491618183084 -3.8093708819482342e-16 -0.99144486137381027 0.13052619222005318 -3.0123483703918033e-16 0.13052619222005318 0.99144486137381027 -1 3.3835908235470711e-16 -3.4837999884673723e-16 
1 -1.0355139500639786e-15 -5.147397659625723e-15 3.1090268264300538 1 0 3.3306690738754686e-16 -3.3306690738754686e-16 0 1 0 -1 0 
1 1.2049999999999987 -19.775894701822288 3.5617434420713998 -0.70710678118654813 -0.70105738464997758 0.092295955641256436 -3.6082248300317578e-16 0.13052619222005088 0.99144486137381049 -0.70710678118654713 0.70105738464997858 -0.092295955641257088 
1 -5.4996620126350159e-15 -19.483418467717012 3.5232382153664843 -3.8093708819482259e-16 -0.99144486137381049 0.13052619222005091 -3.0123483703918038e-16 0.13052619222005091 0.99144486137381049 -1 3.3835908235470711e-16 -3.4837999884673649e-16 
1 3.992162601512443e-16 50.059999999999988 2.9836882708537025 -1 -0 -1.1379409604870121e-15 1.1379409604870121e-15 0 -1 0 -1 0 
Triangulations 0

TShapes 301
Ve
1e-07
-6.99838992859843e-15 28.7935077235318 6.83430266544072
0 0

0101101
*
Ve
1e-07
2.44999999999999 28.7935077235318 6.83430266544072
0 0

0101101
*
Ed
 1e-07 1 1 0
1  1 0 0 2.45
0

0101000
+301 13 -300 13 *
Ve
1.00000000111022e-07
-1.34376371440779e-15 50.06 4.03451584232061
0 0

0101101
*
Ve
1.00000000111022e-07
2.45 50.06 4.03451584232061
0 0

0101101
*
Ed
 1.00000000111022e-07 1 1 0
1  2 0 0 2.45
0

0101000
+298 13 -297 13 *
Ed
 1e-07 1 1 0
1  3 0 0 21.45
0

0101000
+301 17 -298 17 *
Ed
 1e-07 1 1 0
1  4 0 0 21.45
0

0101000
+300 20 -297 20 *
Wi

0101100
+299 0 -296 0 -295 16 +294 19 *
Fa
0  1e-07 1 0

0101000
+293 0 *
Ve
1e-07
-5.79345058044171e-15 28.2714029546516 2.86852321994548
0 0

0101101
*
Ve
1e-07
2.44999999999999 28.2714029546516 2.86852321994548
0 0

0101101
*
Ed
 1e-07 1 1 0
1  5 0 0 2.45
0

0101000
+291 13 -290 13 *
Ed
 1e-07 1 1 0
1  6 0 0 4
0

0101000
+301 17 -291 17 *
Ed
 1e-07 1 1 0
1  7 0 0 4
0

0101000
+300 20 -290 20 *
Wi

0101100
+299 0 -289 0 -288 16 +287 19 *
Fa
0  1e-07 2 0

0101000
+286 0 *
Ve
1e-07
2.44582982274081e-15 71.3264922764682 6.83430266544071
0 0

0101101
*
Ve
1e-07
2.45 71.3264922764682 6.83430266544071
0 0

0101101
*
Ed
 1e-07 1 1 0
1  8 0 0 2.45
0

0101000
+284 13 -283 13 *
Ed
 1e-07 1 1 0
1  9 0 0 21.45
0

0101000
+298 17 -284 17 *
Ed
 1e-07 1 1 0
1  10 0 0 21.45
0

0101000
+297 20 -283 20 *
Wi

0101100
+296 0 -282 0 -281 16 +280 19 *
Fa
0  1e-07 3 0

0101000
+279 0 *
Ve
1.00000011505455e-07
1.05837655322544e-14 48.06 0.263304995174794
0 0

0101101
*
Ed
 1e-07 1 1 0
1  11 0 2.01725792116031 21.9766099903496
0

0101000
+277 17 -291 17 *
Ve
1.0000001149438e-07
2.45000000000001 48.06 0.263304995174795
0 0

0101101
*
Ed
 1e-07 1 1 0
1  12 0 2.01725792116031 21.9766099903496
0

0101000
+275 20 -290 20 *
Ed
 1.00000002275957e-07 1 1 0
1  13 0 0 2.45
0

0101000
+277 0 -275 0 *
Wi

0101100
-276 21 -289 12 +274 22 +273 0 *
Fa
0  1e-07 4 12

0101000
+272 0 *
Ve
1e-07
3.88263026516849e-15 71.8485970453484 2.86852321994547
0 0

0101101
*
Ve
1e-07
2.45 71.8485970453484 2.86852321994547
0 0

0101101
*
Ed
 1e-07 1 1 0
1  14 0 0 2.45
0

0101000
+270 13 -269 13 *
Ed
 1e-07 1 1 0
1  15 0 0 4
0

0101000
+284 17 -270 17 *
Ed
 1e-07 1 1 0
1  16 0 0 4
0

0101000
+283 20 -269 20 *
Wi

0101100
+282 0 -268 0 -267 16 +266 19 *
Fa
0  1e-07 5 0

0101000
+265 0 *
Ve
1.00000011588019e-07
1.14719439519546e-14 52.06 0.263304995174794
0 0

0101101
*
Ed
 1e-07 1 1 0
1  17 0 2.01725792116031 21.9766099903496
0

0101000
+263 17 -270 17 *
Ve
1.00000011979385e-07
2.45000000000001 52.06 0.263304995174795
0 0

0101101
*
Ed
 1e-07 1 1 0
1  18 0 2.01725792116031 21.9766099903496
0

0101000
+261 20 -269 20 *
Ed
 1.00000003164136e-07 1 1 0
1  19 0 0 2.45
0

0101000
+263 0 -261 0 *
Wi

0101100
-262 21 -268 12 +260 22 +259 0 *
Fa
0  1e-07 6 12

0101000
+258 0 *
Ve
1e-07
1.15596421323971e-14 52.06 -1.73394631985957e-14
0 0

0101101
*
Ve
1e-07
2.45000000000001 52.06 -1.63874469549796e-14
0 0

0101101
*
Ed
 1e-07 1 1 0
1  20 0 0 2.45
0

0101000
+256 0 -255 0 *
Ed
 1e-07 1 1 0
1  21 0 0 0.263304995174812
0

0101000
+263 26 -256 26 *
Ed
 1e-07 1 1 0
1  22 0 0 0.263304995174812
0

0101000
+261 29 -255 29 *
Wi

0101100
+259 0 -254 0 -253 25 +252 28 *
Fa
0  1e-07 7 0

0101000
+251 0 *
Ve
1.00000000027756e-07
1.0671463712697e-14 48.06 2.30448993221444e-14
0 0

0101101
*
Ve
1.00000000027756e-07
2.45000000000001 48.06 2.39969155657604e-14
0 0

0101101
*
Ed
 1.00000000027756e-07 1 1 0
1  23 0 0 2.45
0

0101000
+249 0 -248 0 *
Ed
 1e-07 1 1 0
1  24 0 0 0.263304995174771
0

0101000
+277 26 -249 26 *
Ed
 1e-07 1 1 0
1  25 0 0 0.263304995174771
0

0101000
+275 29 -248 29 *
Wi

0101100
+273 0 -247 0 -246 25 +245 28 *
Fa
0  1e-07 8 0

0101000
+244 0 *
Ve
1e-07
1.08379971663908e-14 46.56 -1.50000000000002
0 0

0101101
*
Ve
1e-07
2.45000000000001 46.56 -1.50000000000001
0 0

0101101
*
Ed
 1e-07 1 1 0
1  26 0 0 2.45
0

0101000
+242 0 -241 0 *
Ed
 1e-07 1 1 0
1  27 0 0 2.12132034355969
0

0101000
+242 26 -249 26 *
Ed
 1e-07 1 1 0
1  28 0 0 2.12132034355969
0

0101000
+241 29 -248 29 *
Wi

0101100
+240 0 -247 0 -239 25 +238 28 *
Fa
0  1e-07 9 0

0101000
+237 0 *
Ve
1e-07
1.16706644348596e-14 48.06 -3.00000000000002
0 0

0101101
*
Ve
1e-07
2.45000000000001 48.06 -3.00000000000002
0 0

0101101
*
Ed
 1e-07 1 1 0
1  29 0 0 2.45
0

0101000
+235 0 -234 0 *
Ed
 1e-07 1 1 0
1  30 0 0 2.12132034355966
0

0101000
+235 26 -242 26 *
Ed
 1e-07 1 1 0
1  31 0 0 2.12132034355966
0

0101000
+234 29 -241 29 *
Wi

0101100
+233 0 -240 0 -232 25 +231 28 *
Fa
0  1e-07 10 0

0101000
+230 0 *
Ve
1e-07
1.25588428545598e-14 52.06 -3.00000000000002
0 0

0101101
*
Ve
1e-07
2.45000000000001 52.06 -3.00000000000002
0 0

0101101
*
Ed
 1e-07 1 1 0
1  32 0 0 2.45
0

0101000
+228 0 -227 0 *
Ed
 1e-07 1 1 0
1  33 0 0 4
0

0101000
+228 26 -235 26 *
Ed
 1e-07 1 1 0
1  34 0 0 4
0

0101000
+227 29 -234 29 *
Wi

0101100
+226 0 -233 0 -225 25 +224 28 *
Fa
0  1e-07 11 0

0101000
+223 0 *
Ve
1e-07
1.2392309400866e-14 53.56 -1.50000000000002
0 0

0101101
*
Ve
1e-07
2.45000000000001 53.56 -1.50000000000002
0 0

0101101
*
Ed
 1e-07 1 1 0
1  35 0 0 2.45
0

0101000
+221 0 -220 0 *
Ed
 1e-07 1 1 0
1  36 0 0 2.12132034355964
0

0101000
+221 26 -228 26 *
Ed
 1e-07 1 1 0
1  37 0 0 2.12132034355964
0

0101000
+220 29 -227 29 *
Wi

0101100
+219 0 -226 0 -218 25 +217 28 *
Fa
0  1e-07 12 0

0101000
+216 0 *
Ed
 1e-07 1 1 0
1  38 0 0 2.12132034355964
0

0101000
+256 26 -221 26 *
Ed
 1e-07 1 1 0
1  39 0 0 2.12132034355964
0

0101000
+255 29 -220 29 *
Wi

0101100
+254 0 -219 0 -214 25 +213 28 *
Fa
0  1e-07 13 0

0101000
+212 0 *
Wi

0101100
-294 22 +287 22 -274 22 +245 28 -238 28 -231 28 -224 28 -217 28 -213 28 -252 28 
+260 22 -266 22 -280 22 *
Ve
1.50000001640164e-07
2.45 49.7220202920749 2.6164997221616
0 0

0101101
*
Ve
1.50000001831027e-07
2.45 45.7562408465796 3.1386044910418
0 0

0101101
*
Ed
 1.5e-07 1 1 0
1  40 0 -1.8921810757227 2.1078189242773
0

0101000
+209 13 -208 13 *
Ve
1.50000000915513e-07
2.45 49.5131783845228 1.0301879439635
0 0

0101101
*
Ed
 1.5e-07 1 1 0
1  41 0 -2.07571552094554 -0.475715520945535
0

0101000
+206 13 -209 13 *
Ve
1.50000002521942e-07
2.45 45.5473989390275 1.55229271284371
0 0

0101101
*
Ed
 1.5e-07 1 1 0
1  42 0 -1.8921810757227 2.1078189242773
0

0101000
+206 13 -204 13 *
Ed
 1.5e-07 1 1 0
1  43 0 -2.07571552094554 -0.475715520945535
0

0101000
+204 13 -208 13 *
Wi

0101100
-207 12 -205 12 +203 12 +202 12 *
Ve
1.50000002220446e-07
2.45 54.3637591534204 3.1386044910418
0 0

0101101
*
Ve
1.50000000649741e-07
2.45 50.3979797079251 2.6164997221616
0 0

0101101
*
Ed
 1.5e-07 1 1 0
1  44 0 -4.10781892427729 -0.107818924277289
0

0101000
+200 13 -199 13 *
Ve
1.50000002231521e-07
2.45 54.5726010609725 1.5522927128437
0 0

0101101
*
Ed
 1.5e-07 1 1 0
1  45 0 -2.07571552094553 -0.475715520945534
0

0101000
+197 13 -200 13 *
Ve
1.50000000314018e-07
2.45 50.6068216154772 1.0301879439635
0 0

0101101
*
Ed
 1.5e-07 1 1 0
1  46 0 -4.10781892427729 -0.107818924277288
0

0101000
+197 13 -195 13 *
Ed
 1.5e-07 1 1 0
1  47 0 -2.07571552094553 -0.475715520945534
0

0101000
+195 13 -199 13 *
Wi

0101100
-198 12 -196 12 +194 12 +193 12 *
Ve
1.50000003662053e-07
2.45 65.963664031494 4.6657609400164
0 0

0101101
*
Ve
1.50000003607798e-07
2.45 66.172505939046 3.0794491618183
0 0

0101101
*
Ed
 1.5e-07 1 1 0
1  48 0 -0.324284479054457 1.27571552094554
0

0101000
+191 13 -190 13 *
Ve
1.50000003688882e-07
2.45 69.9294434769892 5.18786570889661
0 0

0101101
*
Ed
 1.5e-07 1 1 0
1  49 0 5.95781892427729 9.95781892427729
0

0101000
+191 13 -188 13 *
Ve
1.50000007174481e-07
2.45 70.1382853845413 3.60155393069851
0 0

0101101
*
Ed
 1.5e-07 1 1 0
1  50 0 -0.324284479054478 1.27571552094552
0

0101000
+188 13 -186 13 *
Ed
 1.5e-07 1 1 0
1  51 0 -11.9578189242773 -7.95781892427729
0

0101000
+186 13 -190 13 *
Wi

0101100
-189 12 +187 12 +185 12 +184 12 *
Ve
1.50000007174481e-07
2.45 34.156335968506 4.66576094001641
0 0

0101101
*
Ve
1.50000003552714e-07
