<?xml version='1.0' encoding='utf-8'?>
<!-- FreeCAD DocumentObject -->
<Document SchemaVersion="4" FileVersion="2">
<Object name="Pad">
  <Properties Count="47" TransientCount="2">
    <_Property name="_Body" type="App::PropertyLinkHidden" status="251658241"/>
    <_Property name="_ElementMapVersion" type="App::PropertyString" status="234881024"/>
    <Property name="AddSubShape" type="Part::PropertyPartShape">
      <Part HasherIndex="0" ElementMap="1.15.70200.4" brep="1">
<![CDATA[

CASCADE Topology V1, (c) Matra-Datavision
Locations 5
1
              1               0               0               0 
              0               1               0               0 
              0               0               1               0 
1
2.22044604925031e-16 -3.33066907387547e-16               1               0 
              1 3.33066907387547e-16 -2.22044604925031e-16               0 
-3.33066907387547e-16               1 3.33066907387547e-16               0 
2  1 1 2 1 0
1
              1               0               0            2.45 
              0               1               0 -8.1601392309949e-16 
              0               0               1 9.52016243616072e-16 
2  1 1 2 1 4 1 0
Curve2ds 0
Curves 10
1 1.031523603290814e-14 47.050086999999998 0.39626256397077475 1 -3.3306690738754696e-16 3.8857805861880479e-16 
1 1.0979766651431078e-14 47.050086999999998 -1.5989240000000158 1 -3.3306690738754696e-16 3.8857805861880479e-16 
1 47.050086999999998 0.3962625639707904 0 0 -1 0 
1 1.2336459187523019e-14 53.160086999999997 -1.5989240000000178 1 -3.3306690738754696e-16 3.8857805861880479e-16 
1 47.050086999999998 -1.598924 0 1 0 0 
1 1.1667974521138468e-14 53.160086999999997 0.40813419628821884 1 -3.3306690738754696e-16 3.8857805861880479e-16 
1 53.160086999999997 -1.598924 0 0 1 0 
1 1.1115552922547061e-14 50.060000000000002 2.7672308867606173e-15 1 -3.3306690738754696e-16 3.8857805861880479e-16 
1 53.160086999999997 0.40813419628823649 0 -0.99144486137381038 -0.13052619222005174 0 
1 50.060000000000002 1.9452217614457369e-14 0 -0.99144486137381049 0.13052619222005127 0 
Polygon3D 0
PolygonOnTriangulations 0
Surfaces 6
1 1.031523603290814e-14 47.050086999999998 0.39626256397077475 3.3306690738754711e-16 1 -3.3306690738754696e-16 3.3306690738754691e-16 -3.3306690738754706e-16 -1 -1 3.3306690738754701e-16 -3.3306690738754701e-16 
1 1.0979766651431078e-14 47.050086999999998 -1.5989240000000158 -3.8857805861880469e-16 3.3306690738754711e-16 1 2.2204460492503131e-16 1 -3.3306690738754701e-16 -1 2.2204460492503118e-16 -3.8857805861880479e-16 
1 1.2336459187523019e-14 53.160086999999997 -1.5989240000000178 -3.3306690738754711e-16 -1 3.3306690738754696e-16 -3.3306690738754691e-16 3.3306690738754706e-16 1 -1 3.3306690738754701e-16 -3.3306690738754701e-16 
1 1.1667974521138468e-14 53.160086999999997 0.40813419628821879 4.2872767463603032e-16 0.13052619222005143 -0.99144486137381049 -1.7667102737289504e-16 -0.99144486137381049 -0.13052619222005143 -1 2.3111977311208673e-16 -4.0199965346804665e-16 
1 1.1115552922547061e-14 50.060000000000002 2.7788882306367638e-15 3.4177976428442023e-16 -0.1305261922200516 -0.99144486137381049 -2.6361893772450516e-16 -0.99144486137381049 0.1305261922200516 -1 2.1675242995787099e-16 -3.7326496715961512e-16 
1 1.1349630718641117e-14 50.107315442930101 -0.67125148822318759 1 0 3.3306690738754701e-16 -3.3306690738754701e-16 0 1 0 -1 0 
Triangulations 0

TShapes 29
Ve
1e-07
47.050087 0.39626256397079 0
0 0

0101101
*
Ed
 1e-07 1 1 0
1  1 0 0 2.45
0

0101000
+29 3 -29 5 *
Ve
1e-07
47.050087 -1.598924 0
0 0

0101101
*
Ed
 1e-07 1 1 0
1  2 0 0 2.45
0

0101000
+27 3 -27 5 *
Ed
 1e-07 1 1 0
1  3 0 0 1.99518656397079
0

0101000
+29 0 -27 0 *
Wi

0101100
+28 0 -26 0 -25 3 +25 5 *
Fa
0  1e-07 1 0

0111000
+24 0 *
Ve
1e-07
53.160087 -1.598924 0
0 0

0101101
*
Ed
 1e-07 1 1 0
1  4 0 0 2.45
0

0101000
+22 3 -22 5 *
Ed
 1e-07 1 1 0
1  5 0 0 6.11
0

0101000
+27 0 -22 0 *
Wi

0101100
+26 0 -21 0 -20 3 +20 5 *
Fa
0  1e-07 2 0

0111000
+19 0 *
Ve
1.00000000027756e-07
53.160087 0.408134196288237 0
0 0

0101101
*
Ed
 1.00000000027756e-07 1 1 0
1  6 0 0 2.45
0

0101000
+17 3 -17 5 *
Ed
 1e-07 1 1 0
1  7 0 0 2.00705819628824
0

0101000
+22 0 -17 0 *
Wi

0101100
+21 0 -16 0 -15 3 +15 5 *
Fa
0  1e-07 3 0

0111000
+14 0 *
Ve
1.00000000011657e-07
50.06 1.94405602705812e-14 0
0 0

0101101
*
Ed
 1.00000000011657e-07 1 1 0
1  8 0 0 2.45
0

0101000
+12 3 -12 5 *
Ed
 1e-07 1 1 0
1  9 0 0 3.12683752851804
0

0101000
+17 0 -12 0 *
Wi

0101100
+16 0 -11 0 -10 3 +10 5 *
Fa
0  1e-07 4 0

0111000
+9 0 *
Ed
 1e-07 1 1 0
1  10 0 0 3.03588542062669
0

0101000
+12 0 -29 0 *
Wi

0101100
+11 0 -28 0 -7 3 +7 5 *
Fa
0  1e-07 5 0

0111000
+6 0 *
Wi

0101100
+25 0 +20 0 +15 0 +10 0 +7 0 *
Fa
0  1e-07 6 0

0111000
+4 3 *
Sh

0101100
+23 0 +18 0 +13 0 +8 0 +5 0 +3 0 -3 4 *
So

1100000
-2 0 *

+1 0 ]]>
      </Part>
      <ElementMap new="1" count="1"><Element key="Dummy" value="Dummy"/></ElementMap>
      <ElementMap2 count="37">
<![CDATA[
7 PostfixCount 11
Edge
Face
Vertex
;:G;XTR;:H1390:7,F
;FAC;:H1390:4,F
;:G;XTR;:H1390:7,E
;:G0;XTR;:H1390:8,F
;:U;XTR;:H1390:7,E
;:U;XTR;:H1390:7,V
;SKT;:H,E;:H1390:5,E
;SKT;:H,V;:H1390:5,V

MapCount 1

ElementMap 1 7 3

Edge

ChildCount 0

NameCount 16
0
$#d56.6 0
$#d57.6 0
;g14.a 0
$#d60.8 0
$#d58.6 0
;g15.a 0
$#d61.8 0
$#d59.6 0
;g17.a 0
$#d62.8 0
$#d5a.6 0
;g20.a 0
$#d63.8 0
;g21.a 0
$#d64.8 0

Face

ChildCount 0

NameCount 8
0
$#d54.4 0
$#d5b.4 0
$#d5c.4 0
$#d5d.4 0
$#d5e.4 0
$#d54.5 0
$#d5f.7 0

Vertex

ChildCount 0

NameCount 11
0
;g14v1.b ;g21v2.b 0
$#d65.9 0
;g14v2.b ;g15v1.b 0
$#d66.9 0
;g15v2.b ;g17v1.b 0
$#d67.9 0
;g17v2.b ;g20v1.b 0
$#d68.9 0
;g20v2.b ;g21v1.b 0
$#d69.9 0

EndMap
]]>
      </ElementMap2>
    </Property>
    <Property name="AddSubType" type="App::PropertyEnumeration">
      <Integer value="0"/>
    </Property>
    <Property name="AllowMultiFace" type="App::PropertyBool">
      <Bool value="true"/>
    </Property>
    <Property name="AlongSketchNormal" type="App::PropertyBool">
      <Bool value="false"/>
    </Property>
    <Property name="AutoTaperInnerAngle" type="App::PropertyBool">
      <Bool value="true"/>
    </Property>
    <Property name="BaseFeature" type="App::PropertyLink" status="8">
      <Link value="Boolean"/>
    </Property>
    <Property name="CheckUpToFaceLimits" type="App::PropertyBool">
      <Bool value="true"/>
    </Property>
    <Property name="ClaimChildren" type="App::PropertyBool" status="134217728">
      <Bool value="false"/>
    </Property>
    <Property name="ColoredElements" type="App::PropertyLinkSubHidden" status="218103808">
      <LinkSub value="" count="0">
      </LinkSub>
    </Property>
    <Property name="Direction" type="App::PropertyVector" status="4">
      <PropertyVector valueX="1" valueY="-3e-16" valueZ="4e-16"/>
    </Property>
    <Property name="ExpressionEngine" type="App::PropertyExpressionEngine" status="67108864">
      <ExpressionEngine count="0"></ExpressionEngine>
    </Property>
    <Property name="Fit" type="App::PropertyDistance">
      <Float value="0"/>
    </Property>
    <Property name="FitJoin" type="App::PropertyEnumeration">
      <Integer value="0"/>
    </Property>
    <Property name="FixShape" type="App::PropertyEnumeration">
      <Integer value="0"/>
    </Property>
    <Property name="InnerFit" type="App::PropertyDistance">
      <Float value="0"/>
    </Property>
    <Property name="InnerFitJoin" type="App::PropertyEnumeration">
      <Integer value="0"/>
    </Property>
    <Property name="InvalidShape" type="App::PropertyBool" status="67108864">
      <Bool value="false"/>
    </Property>
    <Property name="Label" type="App::PropertyString" status="134217728">
      <String value="Pad"/>
    </Property>
    <Property name="Label2" type="App::PropertyString" status="128">
      <String value=""/>
    </Property>
    <Property name="Length" type="App::PropertyLength">
      <Float value="2.45"/>
    </Property>
    <Property name="Length2" type="App::PropertyLength" status="4">
      <Float value="1.2"/>
    </Property>
    <Property name="Linearize" type="App::PropertyBool">
      <Bool value="true"/>
    </Property>
    <Property name="Midplane" type="App::PropertyBool">
      <Bool value="false"/>
    </Property>
    <Property name="NewSolid" type="App::PropertyBool">
      <Bool value="false"/>
    </Property>
    <Property name="Offset" type="App::PropertyLength" status="4">
      <Float value="0"/>
    </Property>
    <Property name="Placement" type="App::PropertyPlacement" status="8388620">
      <PropertyPlacement Px="0" Py="0" Pz="0" Q0="0" Q1="0" Q2="0" Q3="1" A="0" Ox="0" Oy="0" Oz="1"/>
    </Property>
    <Property name="Profile" type="App::PropertyLinkSub">
      <LinkSub value="Sketch" count="1">
        <Sub value=""/>
      </LinkSub>
    </Property>
    <Property name="ReferenceAxis" type="App::PropertyLinkSub">
      <LinkSub value="Sketch" count="1">
        <Sub value="N_Axis"/>
      </LinkSub>
    </Property>
    <Property name="Refine" type="App::PropertyBool">
      <Bool value="true"/>
    </Property>
    <Property name="Reversed" type="App::PropertyBool">
      <Bool value="false"/>
    </Property>
    <Property name="Shape" type="Part::PropertyPartShape">
      <Part HasherIndex="0" ElementMap="1.15.70200.4" brep="1">
<![CDATA[

CASCADE Topology V1, (c) Matra-Datavision
Locations 44
1
              1               0               0               0 
              0               1               0               0 
              0               0               1               0 
1
              1               0               0               0 
              0               1               0               0 
              0               0               1               0 
1
              1               0               0               0 
              0               1               0               0 
              0               0               1               0 
1
              1               0               0               0 
              0               1               0               0 
              0               0               1               0 
1
              1               0               0               0 
              0               1               0               0 
              0               0               1               0 
1
              1               0               0               0 
              0               1               0               0 
              0               0               1               0 
1
              1               0               0               0 
              0               1               0               0 
              0               0               1               0 
1
              1               0               0               0 
              0               1               0               0 
              0               0               1               0 
1
              1               0               0               0 
              0               1               0               0 
              0               0               1               0 
1
              1               0               0               0 
              0               1               0           50.06 
              0               0               1               0 
1
              1               0               0               0 
              0               1               0               0 
              0               0               1               0 
2  2 1 3 1 4 1 5 1 6 1 7 1 8 1 9 1 10 1 11 1 0
1
              1               0               0               0 
              0               1               0               0 
              0               0               1               0 
2  13 -1 2 -1 0
1
              1               0               0               0 
              0               1               0               0 
              0               0               1               0 
1
2.22044604925031e-16 -3.33066907387547e-16               1               0 
              1 3.33066907387547e-16 -2.22044604925031e-16               0 
-3.33066907387547e-16               1 3.33066907387547e-16               0 
2  15 1 16 1 0
2  13 -1 2 -1 16 -1 15 -1 0
1
              1               0               0            2.45 
              0               1               0 -8.1601392309949e-16 
              0               0               1 9.52016243616072e-16 
2  15 1 16 1 19 1 0
2  13 -1 2 -1 19 -1 16 -1 15 -1 0
2  15 1 16 1 2 1 3 1 4 1 5 1 6 1 7 1 8 1 9 1 10 1 11 1 0
2  11 -1 10 -1 9 -1 8 -1 7 -1 6 -1 5 -1 4 -1 3 -1 2 -1 16 -1 15 -1 0
2  15 1 16 1 19 1 2 1 3 1 4 1 5 1 6 1 7 1 8 1 9 1 10 1 11 1 0
2  11 -1 10 -1 9 -1 8 -1 7 -1 6 -1 5 -1 4 -1 3 -1 2 -1 19 -1 16 -1 15 -1 0
1
              1               0               0               0 
              0               1               0               0 
              0               0               1               0 
1
2.22044604925031e-16 -3.33066907387547e-16               1               0 
              1 3.33066907387547e-16 -2.22044604925031e-16               0 
-3.33066907387547e-16               1 3.33066907387547e-16               0 
2  26 1 27 1 0
1
              1               0               0            2.45 
              0               1               0 -8.1601392309949e-16 
              0               0               1 9.52016243616072e-16 
2  26 1 27 1 29 1 0
2  27 -1 26 -1 0
2  29 -1 27 -1 26 -1 0
2  2 -1 0
2  13 -1 0
1
              1               0               0               0 
              0               1               0               0 
              0               0               1               0 
1
2.22044604925031e-16 -3.33066907387547e-16               1               0 
              1 3.33066907387547e-16 -2.22044604925031e-16               0 
-3.33066907387547e-16               1 3.33066907387547e-16               0 
1
              1               0               0             1.5 
              0               1               0 -4.9960036108132e-16 
              0               0               1 5.82867087928207e-16 
2  35 1 36 1 37 1 2 1 0
2  13 -1 2 -1 37 -1 36 -1 35 -1 0
2  35 1 36 1 37 1 0
2  35 1 36 1 2 1 0
2  13 -1 2 -1 36 -1 35 -1 0
2  3 1 4 1 5 1 6 1 7 1 8 1 9 1 10 1 11 1 0
2  35 1 36 1 2 1 3 1 4 1 5 1 6 1 7 1 8 1 9 1 10 1 11 1 0
Curve2ds 0
Curves 108
1 -6.9983899285984274e-15 -21.266492276468234 6.8343026654407213 1 -3.3306690738754696e-16 3.8857805861880479e-16 
1 -1.3437637144077918e-15 -5.6506413407306954e-15 4.0345158423206122 1 -3.3306690738754696e-16 3.8857805861880479e-16 
1 -21.266492276468238 6.8343026654407142 -2.6212975543891187e-31 0.99144486137381049 -0.13052619222005141 1.2220501419063489e-32 
1 -21.266492276468238 6.8343026654407142 -2.6212975543891187e-31 0.99144486137381049 -0.13052619222005141 1.2220501419063489e-32 
1 -5.7934505804417055e-15 -21.788597045348443 2.8685232199454784 1 -3.3306690738754696e-16 3.8857805861880479e-16 
1 -21.266492276468238 6.8343026654407142 -2.6212975543891187e-31 -0.1305261922200511 -0.99144486137381049 -1.6088595335900176e-33 
1 -21.266492276468238 6.8343026654407142 -2.6212975543891187e-31 -0.1305261922200511 -0.99144486137381049 -1.6088595335900176e-33 
1 2.4458298227408098e-15 21.266492276468238 6.8343026654407124 1 -3.3306690738754696e-16 3.8857805861880479e-16 
1 -6.8833827526759706e-15 4.0345158423206122 -8.4844242957166503e-47 0.99144486137381049 0.13052619222005157 1.2220501419063489e-32 
1 -6.8833827526759706e-15 4.0345158423206122 -8.4844242957166503e-47 0.99144486137381049 0.13052619222005157 1.2220501419063489e-32 
1 0 0 0 -0.99144486137381049 0.13052619222005138 -1.2220501419063489e-32 
1 0 0 0 -0.99144486137381049 0.13052619222005138 -1.2220501419063489e-32 
1 1.031523603290814e-14 47.050086999999998 0.39626256397077475 1 -3.3306690738754696e-16 3.8857805861880479e-16 
1 3.8826302651684901e-15 21.788597045348435 2.8685232199454695 1 -3.3306690738754696e-16 3.8857805861880479e-16 
1 21.266492276468234 6.8343026654407195 2.6212975543891182e-31 0.13052619222005024 -0.99144486137381072 1.608859533590007e-33 
1 21.266492276468234 6.8343026654407195 2.6212975543891182e-31 0.13052619222005024 -0.99144486137381072 1.608859533590007e-33 
1 0 0 0 0.99144486137381038 0.13052619222005166 1.2220501419063488e-32 
1 0 0 0 0.99144486137381038 0.13052619222005166 1.2220501419063488e-32 
1 1.1667974521138468e-14 53.160086999999997 0.40813419628821884 1 -3.3306690738754696e-16 3.8857805861880479e-16 
1 1.0979766651431078e-14 47.050086999999998 -1.5989240000000158 1 -3.3306690738754696e-16 3.8857805861880479e-16 
1 47.050086999999998 0.3962625639707904 0 0 -1 0 
1 1.2336459187523019e-14 53.160086999999997 -1.5989240000000178 1 -3.3306690738754696e-16 3.8857805861880479e-16 
1 47.050086999999998 -1.598924 0 1 0 0 
1 53.160086999999997 -1.598924 0 0 1 0 
1 2.4500000000000002 -2.2139729122391949 2.8634789129665208 -4.347395517580507e-17 -0.99144486137381049 0.13052619222005157 
1 2.4499999999999993 -0.27588637239615232 3.0881454308788117 -3.3021747382305028e-16 0.13052619222005163 0.99144486137381049 
1 2.4500000000000002 -2.4228148197912778 1.2771671347684248 -4.3473955175805095e-17 -0.99144486137381049 0.13052619222005166 
1 2.4499999999999997 -4.2416658178913949 3.6102501997590188 -3.3021747382305028e-16 0.13052619222005216 0.99144486137381049 
1 2.4499999999999997 0.23108318949156795 2.6024265285264185 4.3473955175804996e-17 -0.99144486137381049 -0.13052619222005135 
1 2.4499999999999993 4.2416658178913815 3.6102501997590162 -3.3021747382305028e-16 -0.13052619222005146 0.99144486137381049 
1 2.4500000000000002 0.43992509704365002 1.0161147503283217 4.3473955175804996e-17 -0.99144486137381049 -0.13052619222005135 
1 2.4499999999999993 0.27588637239613939 3.0881454308788103 -3.3021747382305028e-16 -0.13052619222005121 0.99144486137381049 
1 2.4499999999999984 15.945991649741007 4.3442507596345772 3.3021747382305023e-16 0.13052619222005252 -0.99144486137381027 
1 2.4499999999999993 9.996815074023603 3.8881095218939246 -4.3473955175805015e-17 0.99144486137381049 0.13052619222005141 
1 2.4499999999999984 19.911771095236254 4.8663555285147631 3.3021747382305033e-16 0.13052619222005032 -0.9914448613738106 
1 2.4500000000000002 8.2227672588280658 2.0407453592557232 4.3473955175805021e-17 -0.99144486137381049 -0.13052619222005143 
1 2.4499999999999993 -9.9968150740236084 3.888109521893929 -4.3473955175805015e-17 -0.99144486137381049 0.13052619222005141 
1 2.4499999999999993 -15.945991649741021 4.3442507596345861 3.3021747382305023e-16 -0.13052619222005318 -0.99144486137381027 
1 2.4499999999999997 -10.205656981575689 2.3017977436958317 -4.3473955175805015e-17 -0.99144486137381049 0.13052619222005141 
1 2.4499999999999984 -19.807350141460219 5.6595114176138219 -3.3021747382305028e-16 0.13052619222005096 0.99144486137381049 
1 -1.104687403994359e-15 -0.93284662474943669 2.6948154374936264 1 -3.3306690738754696e-16 3.8857805861880479e-16 
8 2.4465894629054543 3.28097546470558
1 -0.82000000000000117 -2.6480462349261282 2.9206257500343149 0.70710678118654768 0.7010573846499778 -0.092295955641256991 
1 -4.3104742023923473e-16 -2.2139729122391949 2.8634789129665199 -4.347395517580507e-17 -0.99144486137381049 0.13052619222005157 
1 -0.93284662474943758 2.694815437493626 -1.1498222388003211e-32 0.99144486137381049 -0.13052619222005121 1.2220501419063489e-32 
1 -3.2000000000000024 -4.3037591534203914 3.1386044910418001 1 -3.3306690738754696e-16 3.8857805861880479e-16 
1 -3.2000000000000011 -0.33797970792514925 2.6164997221615938 1 -3.3306690738754696e-16 3.8857805861880479e-16 
1 -6.7977222325703085e-16 -4.2416658178913931 3.610250199759018 -3.3021747382305028e-16 0.13052619222005216 0.99144486137381049 
1 -3.2000000000000015 -4.5126010609724743 1.5522927128437038 1 -3.3306690738754696e-16 3.8857805861880479e-16 
1 -6.2271166473167026e-16 -1.1416885323015182 1.1085036592955293 1 -3.3306690738754696e-16 3.8857805861880479e-16 
8 2.4465894629054552 3.2809754647055804
1 -0.82000000000000117 -2.8568881424782102 1.3343139718362185 0.70710678118654768 0.7010573846499778 -0.092295955641257046 
1 5.5171163744236735e-17 -2.4228148197912773 1.2771671347684239 -4.3473955175805095e-17 -0.99144486137381049 0.13052619222005166 
1 -0.54682161547723318 1.0301879439634982 -6.7400967903091472e-33 -0.99144486137381049 0.13052619222005124 -1.2220501419063489e-32 
1 -3.2000000000000006 -0.54682161547723174 1.0301879439634971 1 -3.3306690738754696e-16 3.8857805861880479e-16 
1 -0.33797970792515031 2.6164997221615951 -4.1659215365651057e-33 -0.1305261922200518 -0.99144486137381049 -1.6088595335900261e-33 
1 0.90999999999999959 -1.1416885323015185 1.10850365929553 -3.0123483703918038e-16 0.13052619222005099 0.99144486137381049 
1 -1.1416885323015187 1.1085036592955289 -1.4072397641747232e-32 0.13052619222005069 0.9914448613738106 1.6088595335900125e-33 
1 1.4999999999999996 -0.55673606409097054 1.0314932058857 -3.0123483703918038e-16 0.13052619222005099 0.99144486137381049 
1 0.33797970792513787 2.6164997221615947 4.1659215365649525e-33 0.9914448613738106 0.13052619222005049 1.2220501419063491e-32 
8 -1.8667619023324857 -1.0323759005323592
1 0.17999999999999994 1.6566013735523077 2.7900995578142629 -0.70710678118654746 0.70105738464997824 0.092295955641256824 
1 -3.2000000000000011 0.33797970792513976 2.6164997221615933 1 -3.3306690738754696e-16 3.8857805861880479e-16 
1 -6.9042028349808598e-16 0.93284662474942603 2.6948154374936246 1 -3.3306690738754696e-16 3.8857805861880479e-16 
1 -4.3104742023923493e-16 0.23108318949156836 2.6024265285264176 4.3473955175804996e-17 -0.99144486137381049 -0.13052619222005135 
1 -3.2000000000000002 4.3037591534203816 3.1386044910417987 1 -3.3306690738754696e-16 3.8857805861880479e-16 
1 1.4999999999999991 0.34789415653887745 2.6178049840837945 3.5920011060692032e-16 0.13052619222005155 -0.99144486137381049 
1 0.33797970792513787 2.6164997221615947 4.1659215365649525e-33 0.1305261922200518 -0.99144486137381038 1.6088595335900261e-33 
1 0.54682161547722075 1.030187943963498 6.7400967903089939e-33 0.99144486137381049 0.13052619222005157 1.2220501419063489e-32 
1 0.90999999999999914 0.93284662474942581 2.6948154374936251 3.5920011060692032e-16 0.13052619222005155 -0.99144486137381049 
8 -1.8667619023324855 -1.0323759005323589
1 0.18000000000000071 1.8654432811043899 1.2037877796161656 -0.70710678118654746 0.70105738464997824 0.092295955641256824 
1 -3.2000000000000002 0.54682161547722175 1.0301879439634962 1 -3.3306690738754696e-16 3.8857805861880479e-16 
1 0.93284662474942515 2.6948154374936251 1.1498222388003058e-32 0.13052619222005185 -0.99144486137381038 1.6088595335900268e-33 
1 -1.1570010652701365e-16 1.1416885323015085 1.1085036592955286 1 -3.3306690738754696e-16 3.8857805861880479e-16 
1 -6.7977222325703007e-16 4.2416658178913824 3.6102501997590153 -3.3021747382305028e-16 -0.13052619222005146 0.99144486137381049 
1 -3.1999999999999997 4.5126010609724645 1.5522927128437016 1 -3.3306690738754696e-16 3.8857805861880479e-16 
1 5.5171163744236587e-17 0.43992509704365046 1.0161147503283208 4.3473955175804996e-17 -0.99144486137381049 -0.13052619222005135 
1 -1.378184070885555e-15 15.945991649741009 4.3442507596345763 3.3021747382305023e-16 0.13052619222005252 -0.99144486137381027 
1 -3.1999999999999984 15.903664031493971 4.6657609400163995 1 -3.3306690738754696e-16 3.8857805861880479e-16 
1 -3.1999999999999975 16.112505939046052 3.0794491618183022 1 -3.3306690738754696e-16 3.8857805861880479e-16 
1 3.1527138998715474e-15 19.483418467717009 3.5232382153664776 1 -3.3306690738754696e-16 3.8857805861880479e-16 
8 2.4465894629054534 3.2809754647055822
1 -0.8199999999999984 17.768218857540315 3.2974279028257887 0.70710678118654713 0.70105738464997847 0.092295955641257518 
1 -1.6687344118079438e-16 8.2227672588280658 2.0407453592557223 4.3473955175805021e-17 -0.99144486137381049 -0.13052619222005143 
1 20.078285384541292 3.6015539306985156 2.474839747458598e-31 -0.99144486137381027 -0.13052619222005271 -1.2220501419063486e-32 
1 -3.1999999999999971 20.078285384541292 3.6015539306985076 1 -3.3306690738754696e-16 3.8857805861880479e-16 
1 -3.1999999999999975 19.869443476989211 5.1878657088966058 1 -3.3306690738754696e-16 3.8857805861880479e-16 
1 19.869443476989211 5.1878657088966129 2.4490979949211577e-31 0.13052619222005066 -0.9914448613738106 1.6088595335900121e-33 
1 19.274576560164924 5.1095499935645812 2.3757749864067765e-31 0.99144486137381027 0.13052619222005266 1.2220501419063486e-32 
8 1.0323759005323569 1.8667619023324862
1 0.18000000000000238 18.550821811362042 5.0142658732439385 0.70710678118654713 0.70105738464997847 0.092295955641257504 
1 2.5779937229004743e-15 19.274576560164924 5.109549993564575 1 -3.3306690738754696e-16 3.8857805861880479e-16 
1 -8.7513663008929755e-16 9.9968150740236048 3.8881095218939237 -4.3473955175805015e-17 0.99144486137381049 0.13052619222005141 
1 0.90999999999999825 19.274576560164924 5.1095499935645758 3.5920011060692052e-16 0.13052619222005252 -0.99144486137381027 
1 19.274576560164924 5.1095499935645812 2.3757749864067765e-31 0.13052619222005285 -0.99144486137381027 1.6088595335900391e-33 
1 1.4999999999999982 19.859529028375473 5.1865604469744069 3.5920011060692052e-16 0.13052619222005252 -0.99144486137381027 
1 -19.869443476989218 5.1878657088966058 -2.4490979949211586e-31 0.99144486137381072 -0.13052619222004977 1.2220501419063492e-32 
8 -1.8667619023324851 -1.0323759005323605
1 0.17999999999999838 -18.550821811362049 5.0142658732439438 -0.70710678118654713 0.70105738464997847 -0.092295955641257435 
1 -3.2000000000000064 -19.869443476989218 5.1878657088966111 1 -3.3306690738754696e-16 3.8857805861880479e-16 
1 -5.9816377518977046e-15 -19.274576560164931 5.1095499935645821 1 -3.3306690738754696e-16 3.8857805861880479e-16 
1 -8.7513663008929814e-16 -9.9968150740236084 3.8881095218939281 -4.3473955175805015e-17 -0.99144486137381049 0.13052619222005141 
1 -3.2000000000000051 -15.903664031493971 4.6657609400164057 1 -3.3306690738754696e-16 3.8857805861880479e-16 
1 -3.200000000000006 -20.078285384541299 3.6015539306985138 1 -3.3306690738754696e-16 3.8857805861880479e-16 
1 -20.078285384541299 3.6015539306985094 -2.4748397474585988e-31 0.13052619222005071 0.99144486137381049 1.6088595335900128e-33 
1 -20.078285384541299 3.6015539306985094 -2.4748397474585988e-31 0.99144486137381027 -0.13052619222005266 1.2220501419063486e-32 
8 -1.8667619023324824 -1.0323759005323605
1 0.17999999999999905 -18.759663718914133 3.4279540950458465 -0.70710678118654713 0.70105738464997847 -0.092295955641257435 
1 -5.4996620126350159e-15 -19.483418467717012 3.5232382153664843 1 -3.3306690738754696e-16 3.8857805861880479e-16 
1 -3.8891804610582647e-16 -10.205656981575689 2.3017977436958308 -4.3473955175805015e-17 -0.99144486137381049 0.13052619222005141 
1 -3.2000000000000046 -16.112505939046059 3.0794491618183084 1 -3.3306690738754696e-16 3.8857805861880479e-16 
1 -9.3409486103549439e-16 -15.945991649741018 4.3442507596345861 3.3021747382305023e-16 -0.13052619222005318 -0.99144486137381027 
1 1.4999999999999987 -20.068370935927561 3.6002486687763149 -3.0123483703918038e-16 0.13052619222005091 0.99144486137381049 
1 0.9099999999999987 -19.483418467717012 3.5232382153664847 -3.0123483703918038e-16 0.13052619222005091 0.99144486137381049 
1 -19.483418467717012 3.5232382153664776 -2.4015167389442176e-31 0.1305261922200506 0.9914448613738106 1.6088595335900114e-33 
Polygon3D 0
PolygonOnTriangulations 0
Surfaces 39
1 -6.9983899285984274e-15 -21.266492276468234 6.8343026654407213 -3.4177976428442018e-16 0.13052619222005171 0.99144486137381038 2.6361893772450516e-16 0.99144486137381038 -0.13052619222005171 -1 2.1675242995787096e-16 -3.7326496715961517e-16 
1 -6.9983899285984274e-15 -21.266492276468234 6.8343026654407213 3.8093708819482278e-16 0.99144486137381049 -0.13052619222005143 3.0123483703918028e-16 -0.13052619222005143 -0.99144486137381049 -1 3.3835908235470711e-16 -3.4837999884673654e-16 
1 -1.3437637144077918e-15 -5.5396190382681798e-15 4.0345158423206122 -4.2872767463603027e-16 -0.13052619222005124 0.99144486137381049 1.7667102737289516e-16 0.99144486137381049 0.13052619222005124 -1 2.3111977311208678e-16 -4.019996534680467e-16 
1 0 0 0 3.4177976428442018e-16 -0.13052619222005171 -0.99144486137381049 -2.6361893772450525e-16 -0.99144486137381049 0.13052619222005171 -1 2.1675242995787106e-16 -3.7326496715961512e-16 
1 2.4458298227408098e-15 21.266492276468238 6.8343026654407124 2.7949785945127841e-16 0.99144486137381072 0.13052619222004991 3.5920011060691983e-16 0.13052619222004991 -0.99144486137381072 -1 3.2399173920049149e-16 -3.19645312538305e-16 
1 0 0 0 -4.2872767463603032e-16 -0.13052619222005135 0.99144486137381049 1.7667102737289506e-16 0.99144486137381049 0.13052619222005135 -1 2.3111977311208673e-16 -4.0199965346804665e-16 
1 1.031523603290814e-14 47.050086999999998 0.39626256397077475 3.3306690738754711e-16 1 -3.3306690738754696e-16 3.3306690738754691e-16 -3.3306690738754706e-16 -1 -1 3.3306690738754701e-16 -3.3306690738754701e-16 
1 1.0979766651431078e-14 47.050086999999998 -1.5989240000000158 -3.8857805861880469e-16 3.3306690738754711e-16 1 2.2204460492503131e-16 1 -3.3306690738754701e-16 -1 2.2204460492503118e-16 -3.8857805861880479e-16 
1 1.2336459187523019e-14 53.160086999999997 -1.5989240000000178 -3.3306690738754711e-16 -1 3.3306690738754696e-16 -3.3306690738754691e-16 3.3306690738754706e-16 1 -1 3.3306690738754701e-16 -3.3306690738754701e-16 
1 2.4500000000000002 50.062169372253649 3.2548095062542921 1 -2.2704704898485277e-16 1.0362048807870267e-15 -1.0362048807870267e-15 0 1 -2.2704704898485277e-16 -1 -2.3526726032639558e-31 
1 -3.2000000000000024 -4.3037591534203914 3.1386044910418001 -3.4177976428442023e-16 0.13052619222005157 0.99144486137381049 2.6361893772450516e-16 0.99144486137381049 -0.13052619222005157 -1 2.1675242995787101e-16 -3.7326496715961512e-16 
1 -3.2000000000000024 -4.3037591534203914 3.1386044910418001 3.8093708819482308e-16 0.99144486137381049 -0.13052619222005216 3.0123483703918008e-16 -0.13052619222005213 -0.99144486137381027 -1 3.3835908235470721e-16 -3.4837999884673673e-16 
1 -3.2000000000000015 -4.5126010609724743 1.5522927128437038 -3.4177976428442018e-16 0.13052619222005166 0.99144486137381049 2.6361893772450516e-16 0.99144486137381049 -0.13052619222005166 -1 2.1675242995787096e-16 -3.7326496715961507e-16 
1 -3.2000000000000011 -0.33797970792514925 2.6164997221615938 3.8093708819482288e-16 0.99144486137381049 -0.13052619222005163 3.0123483703918023e-16 -0.13052619222005163 -0.99144486137381049 -1 3.3835908235470711e-16 -3.4837999884673654e-16 
1 -6.2271166473167026e-16 -1.1416885323015182 1.1085036592955293 -3.8093708819482264e-16 -0.99144486137381049 0.13052619222005099 -3.0123483703918038e-16 0.13052619222005099 0.99144486137381049 -1 3.3835908235470716e-16 -3.4837999884673654e-16 
1 1.2049999999999996 -0.84921229819624444 1.0699984325906149 0.70710678118654735 -0.70105738464997813 0.09229595564125706 -3.0531133177191805e-16 0.13052619222005096 0.99144486137381049 0.70710678118654768 0.7010573846499778 -0.092295955641256588 
1 -1.0355139500639786e-15 -5.147397659625723e-15 3.1090268264300538 1 0 3.3306690738754686e-16 -3.3306690738754686e-16 0 1 0 -1 0 
1 -3.2000000000000011 0.33797970792513976 2.6164997221615933 -4.2872767463603032e-16 -0.13052619222005135 0.99144486137381049 1.7667102737289506e-16 0.99144486137381049 0.13052619222005135 -1 2.3111977311208673e-16 -4.0199965346804665e-16 
1 -1.0355139500639786e-15 -5.147397659625723e-15 3.1090268264300538 1 0 3.3306690738754686e-16 -3.3306690738754686e-16 0 1 0 -1 0 
1 1.2049999999999992 0.64037039064415158 2.6563102107887095 0.70710678118654779 0.70105738464997769 0.092295955641257421 3.6082248300317578e-16 0.13052619222005149 -0.99144486137381049 -0.70710678118654746 0.70105738464997824 0.092295955641256977 
1 -3.2000000000000011 0.33797970792513976 2.6164997221615933 2.7949785945127782e-16 0.99144486137381049 0.13052619222005121 3.5920011060692057e-16 0.13052619222005121 -0.99144486137381049 -1 3.2399173920049149e-16 -3.1964531253830544e-16 
1 -6.9042028349808598e-16 0.93284662474942603 2.6948154374936246 2.7949785945127772e-16 0.99144486137381049 0.13052619222005155 3.5920011060692032e-16 0.13052619222005155 -0.99144486137381049 -1 3.2399173920049144e-16 -3.1964531253830505e-16 
1 -3.2000000000000002 4.3037591534203816 3.1386044910417987 2.7949785945127772e-16 0.99144486137381049 0.13052619222005146 3.5920011060692008e-16 0.13052619222005146 -0.99144486137381049 -1 3.2399173920049134e-16 -3.196453125383048e-16 
1 -3.2000000000000002 0.54682161547722175 1.0301879439634962 -4.2872767463603032e-16 -0.13052619222005135 0.99144486137381049 1.7667102737289506e-16 0.99144486137381049 0.13052619222005135 -1 2.3111977311208673e-16 -4.0199965346804665e-16 
1 -3.1999999999999975 16.112505939046052 3.0794491618183022 -2.7949785945127727e-16 -0.99144486137381027 -0.13052619222005252 -3.5920011060692052e-16 -0.13052619222005252 0.99144486137381027 -1 3.2399173920049134e-16 -3.19645312538305e-16 
1 -3.1999999999999975 16.112505939046052 3.0794491618183022 -4.2872767463603032e-16 -0.13052619222005143 0.99144486137381049 1.7667102737289504e-16 0.99144486137381049 0.13052619222005143 -1 2.3111977311208673e-16 -4.0199965346804665e-16 
1 -3.1999999999999971 20.078285384541292 3.6015539306985076 -2.7949785945127821e-16 -0.9914448613738106 -0.13052619222005032 -3.5920011060692017e-16 -0.13052619222005032 0.9914448613738106 -1 3.2399173920049149e-16 -3.1964531253830524e-16 
1 -3.1999999999999975 19.869443476989211 5.1878657088966058 4.2872767463603032e-16 0.13052619222005141 -0.99144486137381049 -1.7667102737289506e-16 -0.99144486137381049 -0.13052619222005141 -1 2.3111977311208673e-16 -4.0199965346804665e-16 
1 2.5779937229004743e-15 19.274576560164924 5.109549993564575 2.7949785945127727e-16 0.99144486137381027 0.13052619222005252 3.5920011060692052e-16 0.13052619222005252 -0.99144486137381027 -1 3.2399173920049134e-16 -3.19645312538305e-16 
1 1.2049999999999983 19.567052794270197 5.1480552202694909 -0.70710678118654813 0.70105738464997747 0.092295955641257657 3.3306690738754681e-16 0.13052619222005254 -0.99144486137381027 0.70710678118654713 0.70105738464997835 0.092295955641258254 
1 -1.0355139500639786e-15 -5.147397659625723e-15 3.1090268264300538 1 0 3.3306690738754686e-16 -3.3306690738754686e-16 0 1 0 -1 0 
1 -3.2000000000000064 -19.869443476989218 5.1878657088966111 -3.4177976428442028e-16 0.13052619222005141 0.99144486137381049 2.6361893772450511e-16 0.99144486137381049 -0.13052619222005141 -1 2.1675242995787101e-16 -3.7326496715961512e-16 
1 -3.2000000000000064 -19.869443476989218 5.1878657088966111 3.8093708819482264e-16 0.99144486137381049 -0.13052619222005096 3.0123483703918038e-16 -0.13052619222005096 -0.99144486137381049 -1 3.3835908235470716e-16 -3.4837999884673654e-16 
1 -3.200000000000006 -20.078285384541299 3.6015539306985138 -3.4177976428442028e-16 0.13052619222005141 0.99144486137381049 2.6361893772450511e-16 0.99144486137381049 -0.13052619222005141 -1 2.1675242995787101e-16 -3.7326496715961512e-16 
1 -3.2000000000000046 -16.112505939046059 3.0794491618183084 -3.8093708819482342e-16 -0.99144486137381027 0.13052619222005318 -3.0123483703918008e-16 0.13052619222005318 0.99144486137381027 -1 3.3835908235470711e-16 -3.4837999884673703e-16 
1 -1.0355139500639786e-15 -5.147397659625723e-15 3.1090268264300538 1 0 3.3306690738754686e-16 -3.3306690738754686e-16 0 1 0 -1 0 
1 1.2049999999999987 -19.775894701822288 3.5617434420713998 -0.70710678118654813 -0.70105738464997758 0.092295955641256436 -3.6082248300317578e-16 0.13052619222005088 0.99144486137381049 -0.70710678118654713 0.70105738464997858 -0.092295955641257088 
1 -5.4996620126350159e-15 -19.483418467717012 3.5232382153664843 -3.8093708819482259e-16 -0.99144486137381049 0.13052619222005091 -3.0123483703918038e-16 0.13052619222005091 0.99144486137381049 -1 3.3835908235470711e-16 -3.4837999884673649e-16 
1 5.4064917619894956e-17 50.062169372253656 3.2548095062542917 -1 2.2216710140662468e-16 -1.0451332415498664e-15 1.0451332415498664e-15 0 -1 -2.2216710140662468e-16 -1 -2.3219422285884353e-31 
Triangulations 0

TShapes 270
Ve
1e-07
-6.99838992859843e-15 -21.2664922764682 6.83430266544072
0 0

0101101
*
Ve
1e-07
2.44999999999999 -21.2664922764682 6.83430266544072
0 0

0101101
*
Ed
 1e-07 1 1 0
1  1 0 0 2.45
0

0101000
+270 14 -269 14 *
Ve
1.00000000111022e-07
-1.34376371440779e-15 -5.6506413407307e-15 4.03451584232061
0 0

0101101
*
Ve
1.00000000111022e-07
2.45 -6.46665526383019e-15 4.03451584232061
0 0

0101101
*
Ed
 1.00000000111022e-07 1 1 0
1  2 0 0 2.45
0

0101000
+267 14 -266 14 *
Ed
 1e-07 1 1 0
1  3 0 0 21.45
0

0101000
+270 18 -267 18 *
Ed
 1e-07 1 1 0
1  4 0 0 21.45
0

0101000
+269 21 -266 21 *
Wi

0101100
+268 0 -265 0 -264 17 +263 20 *
Fa
0  1e-07 1 0

0101000
+262 0 *
Ve
1e-07
-5.79345058044171e-15 -21.7885970453484 2.86852321994548
0 0

0101101
*
Ve
1e-07
2.44999999999999 -21.7885970453484 2.86852321994548
0 0

0101101
*
Ed
 1e-07 1 1 0
1  5 0 0 2.45
0

0101000
+260 14 -259 14 *
Ed
 1e-07 1 1 0
1  6 0 0 4
0

0101000
+270 18 -260 18 *
Ed
 1e-07 1 1 0
1  7 0 0 4
0

0101000
+269 21 -259 21 *
Wi

0101100
+268 0 -258 0 -257 17 +256 20 *
Fa
0  1e-07 2 0

0101000
+255 0 *
Ve
1e-07
2.44582982274081e-15 21.2664922764682 6.83430266544071
0 0

0101101
*
Ve
1e-07
2.45 21.2664922764682 6.83430266544071
0 0

0101101
*
Ed
 1e-07 1 1 0
1  8 0 0 2.45
0

0101000
+253 14 -252 14 *
Ed
 1e-07 1 1 0
1  9 0 0 21.45
0

0101000
+267 18 -253 18 *
Ed
 1e-07 1 1 0
1  10 0 0 21.45
0

0101000
+266 21 -252 21 *
Wi

0101100
+265 0 -251 0 -250 17 +249 20 *
Fa
0  1e-07 3 0

0101000
+248 0 *
Ve
1.00000011534612e-07
1.03152360329081e-14 47.050087 0.396262563970775
0 0

0101101
*
Ed
 1e-07 1 1 0
1  11 0 3.03588542062669 21.9766099903496
0

0101000
+246 23 -260 18 *
Ve
1.00000011523631e-07
2.45000000000001 47.050087 0.396262563970776
0 0

0101101
*
Ed
 1e-07 1 1 0
1  12 0 3.03588542062669 21.9766099903496
0

0101000
+244 25 -259 21 *
Ed
 1.00000002498002e-07 1 1 0
1  13 0 0 2.45
0

0101000
+246 0 -244 0 *
Wi

0101100
-245 22 -258 12 +243 24 +242 0 *
Fa
0  1e-07 4 12

0101000
+241 0 *
Ve
1e-07
3.88263026516849e-15 21.7885970453484 2.86852321994547
0 0

0101101
*
Ve
1e-07
2.45 21.7885970453484 2.86852321994547
0 0

0101101
*
Ed
 1e-07 1 1 0
1  14 0 0 2.45
0

0101000
+239 14 -238 14 *
Ed
 1e-07 1 1 0
1  15 0 0 4
0

0101000
+253 18 -239 18 *
Ed
 1e-07 1 1 0
1  16 0 0 4
0

0101000
+252 21 -238 21 *
Wi

0101100
+251 0 -237 0 -236 17 +235 20 *
Fa
0  1e-07 5 0

0101000
+234 0 *
Ve
1.00000011588019e-07
1.16679745211385e-14 53.160087 0.408134196288219
0 0

0101101
*
Ed
 1e-07 1 1 0
1  17 0 3.12683752851804 21.9766099903496
0

0101000
+232 23 -239 18 *
Ve
1.0000001157524e-07
2.45000000000001 53.160087 0.40813419628822
0 0

0101101
*
Ed
 1e-07 1 1 0
1  18 0 3.12683752851804 21.9766099903496
0

0101000
+230 25 -238 21 *
Ed
 1.00000003053113e-07 1 1 0
1  19 0 0 2.45
0

0101000
+232 0 -230 0 *
Wi

0101100
-231 22 -237 12 +229 24 +228 0 *
Fa
0  1e-07 6 12

0101000
+227 0 *
Ve
1e-07
47.050087 -1.598924 0
0 0

0101101
*
Ed
 1e-07 1 1 0
1  20 0 0 2.45
0

0101000
+225 28 -225 30 *
Ed
 1e-07 1 1 0
1  21 0 0 1.99518656397079
0

0101000
+246 31 -225 0 *
Ed
 1e-07 1 1 0
1  21 0 0 1.99518656397079
0

0101000
+244 32 -225 0 *
Wi

0101100
+242 0 -224 0 -223 28 +222 30 *
Fa
0  1e-07 7 0

0101000
+221 0 *
Ve
1e-07
53.160087 -1.598924 0
0 0

0101101
*
Ed
 1e-07 1 1 0
1  22 0 0 2.45
0

0101000
+219 28 -219 30 *
Ed
 1e-07 1 1 0
1  23 0 0 6.11
0

0101000
+225 0 -219 0 *
Wi

0101100
+224 0 -218 0 -217 28 +217 30 *
Fa
0  1e-07 8 0

0101000
+216 0 *
Ed
 1e-07 1 1 0
1  24 0 0 2.00705819628824
0

0101000
+219 0 -232 31 *
Ed
 1e-07 1 1 0
1  24 0 0 2.00705819628824
0

0101000
+219 0 -230 32 *
Wi

0101100
+218 0 -228 0 -214 28 +213 30 *
Fa
0  1e-07 9 0

0101000
+212 0 *
Wi

0101100
