<?xml version='1.0' encoding='utf-8'?>
<!-- FreeCAD DocumentObject -->
<Document SchemaVersion="4" FileVersion="2">
<Object name="Body" Extensions="True">
  <Extensions Count="1">
    <Extension type="App::OriginGroupExtension" name="OriginGroupExtension">
    </Extension>
  </Extensions>
  <Properties Count="21" TransientCount="2">
    <_Property name="_ElementMapVersion" type="App::PropertyString" status="234881024"/>
    <_Property name="_GroupTouched" type="App::PropertyBool" status="100663425"/>
    <Property name="AutoGroupSolids" type="App::PropertyBool" status="134217728">
      <Bool value="false"/>
    </Property>
    <Property name="BaseFeature" type="App::PropertyLink">
      <Link value=""/>
    </Property>
    <Property name="ClaimAllChildren" type="App::PropertyBool" status="8">
      <Bool value="false"/>
    </Property>
    <Property name="ColoredElements" type="App::PropertyLinkSubHidden" status="218103808">
      <LinkSub value="" count="0">
      </LinkSub>
    </Property>
    <Property name="ExportMode" type="App::PropertyEnumeration" status="8">
      <Integer value="0"/>
    </Property>
    <Property name="ExpressionEngine" type="App::PropertyExpressionEngine" status="67108864">
      <ExpressionEngine count="0"></ExpressionEngine>
    </Property>
    <Property name="FixShape" type="App::PropertyEnumeration">
      <Integer value="0"/>
    </Property>
    <Property name="Group" type="App::PropertyLinkList">
      <LinkList count="7">
        <Link value="Sketch"/>
        <Link value="Boolean"/>
        <Link value="Sketch002"/>
        <Link value="Sketch001"/>
        <Link value="Pad"/>
        <Link value="Sketch003"/>
        <Link value="Pad001"/>
      </LinkList>
    </Property>
    <Property name="InvalidShape" type="App::PropertyBool" status="67108864">
      <Bool value="false"/>
    </Property>
    <Property name="Label" type="App::PropertyString" status="134217728">
      <String value="Body"/>
    </Property>
    <Property name="Label2" type="App::PropertyString" status="128">
      <String value=""/>
    </Property>
    <Property name="Origin" type="App::PropertyLink" status="67108864">
      <Link value="Origin001"/>
    </Property>
    <Property name="Placement" type="App::PropertyPlacement" status="8388608">
      <PropertyPlacement Px="0" Py="0" Pz="0" Q0="0" Q1="0" Q2="0" Q3="1" A="0" Ox="0" Oy="0" Oz="1"/>
    </Property>
    <Property name="Shape" type="Part::PropertyPartShape">
      <Part HasherIndex="0" ElementMap="1.15.70200.4" brep="1">
<![CDATA[

CASCADE Topology V1, (c) Matra-Datavision
Locations 41
1
              1               0               0               0 
              0               1               0               0 
              0               0               1               0 
1
              1               0               0               0 
              0               1               0               0 
              0               0               1               0 
1
              1               0               0               0 
              0               1               0               0 
              0               0               1               0 
1
              1               0               0               0 
              0               1               0               0 
              0               0               1               0 
1
              1               0               0               0 
              0               1               0               0 
              0               0               1               0 
1
              1               0               0               0 
              0               1               0               0 
              0               0               1               0 
1
              1               0               0               0 
              0               1               0               0 
              0               0               1               0 
1
              1               0               0               0 
              0               1               0               0 
              0               0               1               0 
1
              1               0               0               0 
              0               1               0               0 
              0               0               1               0 
1
              1               0               0               0 
              0               1               0              94 
              0               0               1               0 
1
              1               0               0               0 
              0               1               0               0 
              0               0               1               0 
2  2 1 3 1 4 1 5 1 6 1 7 1 8 1 9 1 10 1 11 1 0
2  11 -1 10 -1 9 -1 8 -1 7 -1 6 -1 5 -1 4 -1 3 -1 2 -1 0
1
              1               0               0               0 
              0               1               0               0 
              0               0               1               0 
1
2.22044604925031e-16 -3.33066907387547e-16               1               0 
              1 3.33066907387547e-16 -2.22044604925031e-16               0 
-3.33066907387547e-16               1 3.33066907387547e-16               0 
2  14 1 15 1 0
2  11 -1 10 -1 9 -1 8 -1 7 -1 6 -1 5 -1 4 -1 3 -1 2 -1 15 -1 14 -1 0
1
              1               0               0            2.45 
              0               1               0 -8.1601392309949e-16 
              0               0               1 9.52016243616072e-16 
2  14 1 15 1 18 1 0
2  11 -1 10 -1 9 -1 8 -1 7 -1 6 -1 5 -1 4 -1 3 -1 2 -1 18 -1 15 -1 14 -1 0
2  14 1 15 1 2 1 3 1 4 1 5 1 6 1 7 1 8 1 9 1 10 1 11 1 0
2  14 1 15 1 18 1 2 1 3 1 4 1 5 1 6 1 7 1 8 1 9 1 10 1 11 1 0
1
              1               0               0               0 
              0               1               0               0 
              0               0               1               0 
1
2.22044604925031e-16 -3.33066907387547e-16               1               0 
              1 3.33066907387547e-16 -2.22044604925031e-16               0 
-3.33066907387547e-16               1 3.33066907387547e-16               0 
2  23 1 24 1 0
2  24 -1 23 -1 0
1
              1               0               0               0 
              0               1               0               0 
              0               0               1               0 
1
2.22044604925031e-16 -3.33066907387547e-16               1               0 
              1 3.33066907387547e-16 -2.22044604925031e-16               0 
-3.33066907387547e-16               1 3.33066907387547e-16               0 
2  27 1 28 1 2 1 3 1 4 1 5 1 6 1 7 1 8 1 9 1 10 1 11 1 0
2  11 -1 10 -1 9 -1 8 -1 7 -1 6 -1 5 -1 4 -1 3 -1 2 -1 28 -1 27 -1 0
1
              1               0               0            2.45 
              0               1               0 -8.1601392309949e-16 
              0               0               1 9.52016243616072e-16 
2  23 1 24 1 31 1 0
2  31 -1 24 -1 23 -1 0
2  2 -1 0
2  11 -1 10 -1 9 -1 8 -1 7 -1 6 -1 5 -1 4 -1 3 -1 0
1
              1               0               0             1.5 
              0               1               0 -4.9960036108132e-16 
              0               0               1 5.82867087928207e-16 
2  27 1 28 1 36 1 2 1 0
2  11 -1 10 -1 9 -1 8 -1 7 -1 6 -1 5 -1 4 -1 3 -1 2 -1 36 -1 28 -1 27 -1 0
2  27 1 28 1 2 1 0
2  27 1 28 1 36 1 0
2  3 1 4 1 5 1 6 1 7 1 8 1 9 1 10 1 11 1 0
Curve2ds 0
Curves 72
1 -8.6639049910329583e-15 -19.063975276176482 13.303189342008626 1 -3.3306690738754696e-16 3.8857805861880479e-16 
1 -7.831820883804031e-15 -20.754448323139279 9.6779581938620236 1 -3.3306690738754696e-16 3.8857805861880479e-16 
1 -19.063975276176485 13.303189342008618 -4.6996327479611036e-31 -0.42261826174069916 -0.90630778703665016 -1.0418344516240549e-32 
1 -19.063975276176485 13.303189342008618 -4.6996327479611036e-31 -0.42261826174069916 -0.90630778703665016 -1.0418344516240549e-32 
1 -8.3208410722892556e-16 1.6904730469627987 3.6252311481465993 1 -3.3306690738754696e-16 3.8857805861880479e-16 
1 -19.063975276176485 13.303189342008618 -4.6996327479611036e-31 0.90630778703664994 -0.4226182617406995 2.2342211915330679e-32 
1 -19.063975276176485 13.303189342008618 -4.6996327479611036e-31 0.90630778703664994 -0.4226182617406995 2.2342211915330679e-32 
1 0 0 0 -0.90630778703664994 0.42261826174069944 -2.2342211915330679e-32 
1 0 0 0 -0.90630778703664994 0.42261826174069944 -2.2342211915330679e-32 
1 1.6343917808738778e-14 82 5.5956918978599939 1 -3.3306690738754696e-16 3.8857805861880479e-16 
1 1.690473046962798 3.6252311481465997 4.1673378064962229e-32 -0.4226182617406995 -0.90630778703664994 -1.0418344516240557e-32 
1 0 0 0 -0.90630778703664994 0.42261826174069944 -2.2342211915330679e-32 
1 88 -2 1.0846837446788893e-30 0 1 0 
1 88 -2 1.0846837446788893e-30 -1 0 -1.2325951644078288e-32 
1 82 -2 1.0107280348144196e-30 0 1 0 
1 -3.1114525380770676e-15 -6.6482231416554214 5.914707960003196 -3.4200091195650799e-16 -0.90630778703664994 0.42261826174069972 
1 -2.4978912098356407e-15 -4.1136799742485284 4.4289136921164332 -2.0802102680723072e-16 0.42261826174070005 0.90630778703664971 
1 -2.5009465067812199e-15 -7.3244123604405429 4.4646155007445527 -3.4200091195650799e-16 -0.90630778703664994 0.42261826174069972 
1 -1.5920156074337319 1.7915549952346266 -3.9246214787692169e-32 0.42261826174069944 0.90630778703664994 1.0418344516240554e-32 
1 -5.5539431922523532e-15 -13.762739269893363 9.2322613146671699 -3.4200091195650789e-16 -0.90630778703665005 0.42261826174069939 
1 -18.358709667612001 9.6099928374370442 -4.5257713522131585e-31 0.42261826174070038 0.9063077870366496 1.0418344516240579e-32 
1 -5.1654817658815364e-15 -14.438928488678485 7.7821688554085302 -3.4200091195650804e-16 -0.90630778703664994 0.42261826174069983 
1 -6.2749533841814631e-15 -15.055575691970013 8.6485011248530395 2.0802102680723102e-16 -0.42261826174069916 -0.90630778703665005 
1 1.690473046962798 3.6252311481465997 4.1673378064962229e-32 -0.4226182617406995 -0.90630778703664994 -1.0418344516240557e-32 
1 0 0 0 -0.90630778703664994 0.42261826174069944 -2.2342211915330679e-32 
1 88 -2 1.0846837446788893e-30 0 1 0 
1 2.4500000000000366 42.217762492339034 1.865174681370263e-14 5.6638679546219992e-16 -1 -4.4408920985006262e-16 
1 82 -2 1.0107280348144196e-30 0 1 0 
1 2.4499999999999971 -6.6482231416554214 5.9147079600031969 -3.4200091195650799e-16 -0.90630778703664994 0.42261826174069972 
1 2.4499999999999993 -0.48844882610193008 2.7384406451536361 -2.0802102680723082e-16 0.42261826174069972 0.90630778703664983 
1 2.4499999999999975 -4.1136799742485293 4.428913692116434 -2.0802102680723072e-16 0.42261826174070005 0.90630778703664971 
1 2.4499999999999975 -7.3244123604405429 4.4646155007445536 -3.4200091195650799e-16 -0.90630778703664994 0.42261826174069972 
1 2.4499999999999944 -13.762739269893363 9.2322613146671699 -3.4200091195650789e-16 -0.90630778703665005 0.42261826174069939 
1 2.449999999999994 -15.055575691970013 8.6485011248530412 2.0802102680723102e-16 -0.42261826174069916 -0.90630778703665005 
1 2.4499999999999922 -18.34271223072405 11.06402040144517 -2.0802102680723003e-16 0.42261826174070188 0.90630778703664883 
1 2.4499999999999948 -14.438928488678485 7.7821688554085302 -3.4200091195650804e-16 -0.90630778703664994 0.42261826174069983 
1 0 0 0 1 -3.3306690738754696e-16 3.8857805861880479e-16 
1 1.3000000000000234 82 3.6415315207705135e-14 -1 3.3306690738754711e-16 1.4791141972893978e-31 
1 1.5 82 -1.0000000000000275 0 -3.3306690738754696e-16 -1 
1 1.8873791418627661e-14 82 -2.0000000000000275 1 -3.3306690738754696e-16 3.8857805861880479e-16 
1 1.8608055335845854e-14 88 2.7978459489299992 1 -3.3306690738754696e-16 3.8857805861880479e-16 
1 1.3000000000000247 88 3.907985046680551e-14 -1 3.3306690738754711e-16 1.4791141972893978e-31 
1 1.5 88 -1.0000000000000293 0 -3.3306690738754696e-16 -1 
1 2.0206059048177849e-14 88 -2.0000000000000293 1 -3.3306690738754696e-16 3.8857805861880479e-16 
1 1.5 44 -2.0000000000000142 0 1 -3.3306690738754711e-16 
1 -1.2830398011561864e-15 -0.91582638864860977 3.241647454493271 1 -3.3306690738754696e-16 3.8857805861880479e-16 
8 2.4465894629054539 3.2809754647055804
1 -0.82000000000000262 -2.4837388602220138 3.9727770473046813 0.70710678118654768 0.64085638205578854 -0.29883623873011989 
1 -0.91582638864861088 3.2416474544932705 -2.2576863561707232e-32 0.90630778703665005 -0.42261826174069939 2.2342211915330682e-32 
1 -3.2000000000000028 -3.9972728645732181 4.6785495444116485 1 -3.3306690738754696e-16 3.8857805861880479e-16 
1 -3.2000000000000011 -0.37204171642661893 2.9880764974488496 1 -3.3306690738754696e-16 3.8857805861880479e-16 
1 -3.2000000000000024 -4.6734620833583405 3.2284570851530052 1 -3.3306690738754696e-16 3.8857805861880479e-16 
1 -9.5020615826461508e-16 -1.5920156074337313 1.791554995234627 1 -3.3306690738754696e-16 3.8857805861880479e-16 
8 2.4465894629054539 3.2809754647055804
1 -0.82000000000000239 -3.1599280790071353 2.5226845880460376 0.70710678118654768 0.64085638205578854 -0.29883623873011989 
1 1.4999999999999969 -7.3234286897331362 4.4641568075605873 1.4076015744347658e-16 0.90630778703664994 -0.42261826174069972 
1 -3.2000000000000011 -1.0482309352117405 1.5379840381902061 1 -3.3306690738754696e-16 3.8857805861880479e-16 
1 0.90999999999999759 -1.5920156074337317 1.7915549952346277 -2.0802102680723136e-16 0.42261826174069972 0.90630778703664983 
1 -18.226305121048867 11.313656253740108 -4.4931311114452916e-31 0.90630778703664916 -0.42261826174070133 2.234221191533066e-32 
8 -1.8667619023324822 -1.0323759005323598
1 0.17999999999999372 -17.02091576429012 10.751573965624983 -0.70710678118654746 0.64085638205578865 -0.29883623873011994 
1 -3.2000000000000082 -18.226305121048863 11.313656253740112 1 -3.3306690738754696e-16 3.8857805861880479e-16 
1 -7.6100566723514644e-15 -17.682520448826875 11.060085296695693 1 -3.3306690738754696e-16 3.8857805861880479e-16 
1 -3.2000000000000068 -14.601073972902263 9.6231832067773162 1 -3.3306690738754696e-16 3.8857805861880479e-16 
1 -7.2772230294598936e-15 -18.358709667611997 9.6099928374370496 1 -3.3306690738754696e-16 3.8857805861880479e-16 
1 0.90999999999999492 -18.358709667611997 9.6099928374370496 -2.0802102680723107e-16 0.42261826174070066 0.90630778703664949 
1 -18.902494339833989 9.86356379448147 -4.6598246237051417e-31 0.90630778703664583 -0.42261826174070866 2.2342211915330578e-32 
8 -1.8667619023324842 -1.0323759005323594
1 0.17999999999999516 -17.697104983075238 9.3014815063663452 -0.70710678118654757 0.64085638205578854 -0.29883623873012027 
1 -3.2000000000000077 -18.902494339833986 9.8635637944814754 1 -3.3306690738754696e-16 3.8857805861880479e-16 
1 -3.2000000000000064 -15.277263191687382 8.1730907475186747 1 -3.3306690738754696e-16 3.8857805861880479e-16 
1 1.5 0 0 0 1 4.4408920985006262e-16 
1 1.4999999999999973 -0.54113114508175186 2.6254630475129153 3.0186113176955038e-16 -0.42261826174069972 -0.90630778703664983 
1 -18.902494339833989 9.86356379448147 -4.6598246237051417e-31 0.42261826174070161 0.90630778703664894 1.0418344516240609e-32 
1 1.4999999999999976 -1.0572940130821085 1.5422102208076152 -2.0802102680723136e-16 0.42261826174069972 0.90630778703664983 
1 1.4999999999999949 -18.89343126196362 9.8593376118640634 -2.0802102680723107e-16 0.42261826174070066 0.90630778703664949 
Polygon3D 0
PolygonOnTriangulations 0
Surfaces 26
1 -8.6639049910329583e-15 -19.063975276176482 13.303189342008626 4.6608131545360343e-16 0.90630778703665005 -0.42261826174069944 2.0802102680723146e-16 -0.42261826174069944 -0.90630778703665005 -1 3.3449964083309843e-16 -3.8550555182957398e-16 
1 -8.6639049910329583e-15 -19.063975276176482 13.303189342008626 -2.1141116295433081e-16 0.42261826174069977 0.90630778703664983 3.4200091195650794e-16 0.90630778703664983 -0.42261826174069977 -1 2.2061187147947969e-16 -3.3613941417677758e-16 
1 0 0 0 2.1141116295433084e-16 -0.42261826174069972 -0.90630778703664983 -3.4200091195650794e-16 -0.90630778703664983 0.42261826174069972 -1 2.2061187147947972e-16 -3.3613941417677758e-16 
1 2.0363145789243291e-15 84.435524984678054 5.0880780159981773 -1 -5.7105580538270435e-16 -2.1747349252310874e-15 2.1747349252310874e-15 0 -1 5.7105580538270435e-16 -1 1.2418950042217339e-30 
1 2.4500000000000015 84.435524984678068 5.0880780159981782 1 5.6638679546219893e-16 2.1838038703393674e-15 -2.1838038703393674e-15 0 1 5.6638679546219893e-16 -1 1.2368776760394617e-30 
1 -8.3208410722892546e-16 1.6904730469627991 3.6252311481465993 4.6608131545360353e-16 0.90630778703664983 -0.42261826174069977 2.0802102680723141e-16 -0.42261826174069977 -0.90630778703664983 -1 3.3449964083309848e-16 -3.8550555182957417e-16 
1 1.8873791418627661e-14 82 -2.0000000000000275 -3.3306690738754711e-16 -1 3.3306690738754696e-16 -3.3306690738754691e-16 3.3306690738754706e-16 1 -1 3.3306690738754701e-16 -3.3306690738754701e-16 
1 0 0 0 2.1141116295433084e-16 -0.42261826174069972 -0.90630778703664983 -3.4200091195650794e-16 -0.90630778703664983 0.42261826174069972 -1 2.2061187147947972e-16 -3.3613941417677758e-16 
1 2.0206059048177849e-14 88 -2.0000000000000293 -3.3306690738754711e-16 -1 3.3306690738754696e-16 -3.3306690738754691e-16 3.3306690738754706e-16 1 -1 3.3306690738754701e-16 -3.3306690738754701e-16 
1 2.0206059048177849e-14 88 -2.0000000000000293 3.8857805861880469e-16 -3.3306690738754711e-16 -1 -2.2204460492503131e-16 -1 3.3306690738754701e-16 -1 2.2204460492503118e-16 -3.8857805861880479e-16 
1 -3.2000000000000028 -3.9972728645732181 4.6785495444116485 -2.1141116295433089e-16 0.42261826174069972 0.90630778703664994 3.4200091195650794e-16 0.90630778703664994 -0.42261826174069972 -1 2.2061187147947969e-16 -3.3613941417677758e-16 
1 -3.2000000000000028 -3.9972728645732181 4.6785495444116485 4.6608131545360353e-16 0.90630778703664971 -0.42261826174070005 2.0802102680723129e-16 -0.42261826174070005 -0.90630778703664971 -1 3.3449964083309843e-16 -3.8550555182957417e-16 
1 -3.2000000000000024 -4.6734620833583405 3.2284570851530052 -2.1141116295433089e-16 0.42261826174069972 0.90630778703664994 3.4200091195650794e-16 0.90630778703664994 -0.42261826174069972 -1 2.2061187147947969e-16 -3.3613941417677758e-16 
1 -9.5020615826461508e-16 -1.5920156074337313 1.791554995234627 -4.6608131545360343e-16 -0.90630778703664983 0.42261826174069972 -2.0802102680723136e-16 0.42261826174069972 0.90630778703664983 -1 3.3449964083309843e-16 -3.8550555182957407e-16 
1 -3.2000000000000082 -18.226305121048863 11.313656253740112 -2.1141116295433103e-16 0.42261826174069939 0.90630778703665005 3.420009119565073e-16 0.90630778703665005 -0.42261826174069939 -1 2.2061187147947915e-16 -3.3613941417677738e-16 
1 -7.2772230294598936e-15 -18.358709667611997 9.6099928374370496 -4.6608131545360373e-16 -0.90630778703664949 0.42261826174070066 -2.0802102680723102e-16 0.42261826174070066 0.90630778703664949 -1 3.3449964083309838e-16 -3.8550555182957417e-16 
1 -3.2000000000000077 -18.902494339833986 9.8635637944814754 -2.1141116295433084e-16 0.42261826174069983 0.90630778703664994 3.4200091195650804e-16 0.90630778703664983 -0.42261826174069983 -1 2.2061187147947979e-16 -3.3613941417677768e-16 
1 -3.2000000000000064 -15.277263191687382 8.1730907475186747 -4.6608131545360334e-16 -0.90630778703665005 0.42261826174069916 -2.0802102680723166e-16 0.42261826174069916 0.90630778703665005 -1 3.3449964083309843e-16 -3.8550555182957407e-16 
1 2.6000000000000001 0 0 0 -4.4408920985006262e-16 1 -1 0 0 -0 -1 -4.4408920985006262e-16 
1 -3.2000000000000011 -0.37204171642661893 2.9880764974488496 4.6608131545360343e-16 0.90630778703664983 -0.42261826174069972 2.0802102680723136e-16 -0.42261826174069972 -0.90630778703664983 -1 3.3449964083309843e-16 -3.8550555182957407e-16 
1 -3.2000000000000082 -18.226305121048863 11.313656253740112 4.6608131545360403e-16 0.90630778703664883 -0.42261826174070188 2.080210268072305e-16 -0.42261826174070188 -0.90630778703664883 -1 3.3449964083309838e-16 -3.8550555182957437e-16 
1 1.5 0 0 -1 0 0 0 4.4408920985006262e-16 -1 0 -1 -4.4408920985006262e-16 
1 1.2049999999999976 -1.3246548102579201 1.6668826080211214 0.70710678118654746 -0.64085638205578854 0.29883623873012027 -3.3306690738754696e-16 0.42261826174069966 0.90630778703664994 0.70710678118654768 0.64085638205578854 -0.29883623873011972 
1 -4.2793475582371081e-15 -9.6353849346330751 6.4247220893549386 1 0 3.3306690738754903e-16 -3.3306690738754903e-16 0 1 0 -1 0 
1 -4.2793475582371081e-15 -9.6353849346330751 6.4247220893549386 1 0 3.3306690738754903e-16 -3.3306690738754903e-16 0 1 0 -1 0 
1 1.204999999999995 -18.626070464787809 9.7346652246505556 -0.70710678118654768 -0.64085638205578821 0.29883623873012033 -3.6082248300317588e-16 0.42261826174070061 0.9063077870366496 -0.70710678118654746 0.64085638205578821 -0.29883623873012088 
Triangulations 0

TShapes 178
Ve
1e-07
-8.66390499103296e-15 74.9360247238235 13.3031893420086
0 0

0101101
*
Ve
1e-07
2.44999999999999 74.9360247238235 13.3031893420086
0 0

0101101
*
Ed
 1e-07 1 1 0
1  1 0 0 2.45
0

0101000
+178 13 -177 13 *
Ve
1e-07
-7.83182088380403e-15 73.2455516768607 9.67795819386202
0 0

0101101
*
Ve
1e-07
2.44999999999999 73.2455516768607 9.67795819386203
0 0

0101101
*
Ed
 1e-07 1 1 0
1  2 0 0 2.45
0

0101000
+175 13 -174 13 *
Ed
 1e-07 1 1 0
1  3 0 0 4
0

0101000
+178 17 -175 17 *
Ed
 1e-07 1 1 0
1  4 0 0 4
0

0101000
+177 20 -174 20 *
Wi

0101100
+176 0 -173 0 -172 16 +171 19 *
Fa
0  1e-07 1 0

0101000
+170 0 *
Ve
1.00000000496507e-07
-8.32084107228926e-16 95.6904730469628 3.6252311481466
0 0

0101101
*
Ve
1.00000000496507e-07
2.45 95.6904730469628 3.6252311481466
0 0

0101101
*
Ed
 1.00000000496507e-07 1 1 0
1  5 0 0 2.45
0

0101000
+168 13 -167 13 *
Ed
 1e-07 1 1 0
1  6 0 0 22.9
0

0101000
+178 17 -168 17 *
Ed
 1e-07 1 1 0
1  7 0 0 22.9
0

0101000
+177 20 -167 20 *
Wi

0101100
+176 0 -166 0 -165 16 +164 19 *
Fa
0  1e-07 2 0

0101000
+163 0 *
Ve
1.00000022048481e-07
1.63439178087388e-14 82 5.59569189785999
0 0

0101101
*
Ed
 1e-07 1 1 0
1  8 0 13.2405350275499 22.9
0

0101000
+161 17 -175 17 *
Ve
1.00000022048481e-07
2.45000000000002 82 5.59569189785999
0 0

0101101
*
Ed
 1e-07 1 1 0
1  9 0 13.2405350275499 22.9
0

0101000
+159 20 -174 20 *
Ed
 1.00000005329071e-07 1 1 0
1  10 0 0 2.45
0

0101000
+161 0 -159 0 *
Wi

0101100
-160 21 -173 12 +158 22 +157 0 *
Fa
0  1e-07 3 12

0101000
+156 0 *
Ve
1e-07
0 94 0
0 0

0101101
*
Ed
 1e-07 1 1 0
1  11 0 0 4
0

0101000
+168 17 -154 17 *
Ve
1.00000022048481e-07
1.86080553358459e-14 88 2.79784594893
0 0

0101101
*
Ed
 1e-07 1 1 0
1  12 0 0 6.62026751377495
0

0101000
+154 17 -152 17 *
Ve
1e-07
2.02060590481778e-14 88 -2.00000000000003
0 0

0101101
*
Ed
 1e-07 1 1 0
1  13 0 0 4.79784594893003
0

0101000
+150 26 -152 26 *
Ve
1e-07
1.88737914186277e-14 82 -2.00000000000003
0 0

0101101
*
Ed
 1e-07 1 1 0
1  14 0 0 6
0

0101000
+150 26 -148 26 *
Ed
 1e-07 1 1 0
1  15 0 0 7.59569189786002
0

0101000
+148 26 -161 26 *
Wi

0101100
-172 21 +165 21 +153 21 +151 21 -149 25 +147 25 +146 25 +160 21 *
Ve
1.50000001913616e-07
-1.28303980115619e-15 93.0841736113514 3.24164745449327
0 0

0101101
*
Ve
1.50000001136823e-07
-2.66453525910038e-15 90.0027271354268 4.67854954441165
0 0

0101101
*
Ed
 1.5e-07 1 1 0
1  16 0 -6.325 -2.925
0

0101000
+144 13 -143 13 *
Ve
1.50000001332269e-07
-2.22044604925031e-15 89.3265379166417 3.22845708515301
0 0

0101101
*
Ed
 1.5e-07 1 1 0
1  17 0 -1.32455731279608 0.275442687203924
0

0101000
+141 13 -143 13 *
Ve
1.50000002556957e-07
-9.50206158264615e-16 92.4079843925663 1.79155499523463
0 0

0101101
*
Ed
 1.5e-07 1 1 0
1  18 0 -6.325 -2.925
0

0101000
+139 13 -141 13 *
Ed
 1e-07 1 1 0
1  19 0 0 1.6
0

0101000
+139 30 -144 30 *
Wi

0101100
+142 12 -140 12 -138 12 +137 29 *
Ve
1.5000000263375e-07
-6.66133814775094e-15 79.3989260270977 9.62318320677732
0 0

0101101
*
Ve
1.50000001867706e-07
-7.61005667235146e-15 76.3174795511731 11.0600852966957
0 0

0101101
*
Ed
 1.5e-07 1 1 0
1  20 0 0.925 4.325
0

0101000
+135 13 -134 13 *
Ve
1.50000007133531e-07
-7.27722302945989e-15 75.641290332388 9.60999283743705
0 0

0101101
*
Ed
 1e-07 1 1 0
1  21 0 0 1.6
0

0101000
+132 30 -134 30 *
Ve
1.5000000261758e-07
-6.21724893790088e-15 78.7227368083126 8.17309074751868
0 0

0101101
*
Ed
 1.5e-07 1 1 0
1  22 0 0.924999999999995 4.325
0

0101000
+130 13 -132 13 *
Ed
 1.5e-07 1 1 0
1  23 0 -1.07544268720364 0.524557312796362
0

0101000
+135 13 -130 13 *
Wi

0101100
+133 12 -131 29 -129 12 -128 12 *
Fa
0  1e-07 4 0

0101000
+145 0 +136 0 +127 0 *
Ve
1e-07
2.45 94 9.52016243616072e-16
0 0

0101101
*
Ed
 1e-07 1 1 0
1  24 0 0 4
0

0101000
+167 20 -125 20 *
Ve
1.00000022048481e-07
2.45000000000002 88 2.79784594893
0 0

0101101
*
Ed
 1e-07 1 1 0
1  25 0 0 6.62026751377495
0

0101000
+125 20 -123 20 *
Ve
1.50000008882311e-07
2.45000000000002 88 3.90798504668055e-14
0 0

0101101
*
Ed
 1e-07 1 1 0
1  26 0 2.00000000000007 4.79784594893003
0

0101000
+121 33 -123 33 *
Ve
1.50000003997973e-07
2.45000000000002 82 3.64153152077051e-14
0 0

0101101
*
Ed
 1.5e-07 1 1 0
1  27 0 -45.782237507661 -39.782237507661
0

0101000
+121 0 -119 0 *
Ed
 1e-07 1 1 0
1  28 0 2.00000000000006 7.59569189786002
0

0101000
+119 33 -159 33 *
Wi

0101100
-164 22 -124 22 -122 22 +120 32 -118 0 -117 32 -158 22 +171 22 *
Ve
1.50000002448161e-07
2.45 93.6279582835734 2.98807649744885
0 0

0101101
*
Ve
1.50000000444089e-07
2.45 90.0027271354268 4.67854954441165
0 0

0101101
*
Ed
 1.5e-07 1 1 0
1  29 0 -6.925 -2.925
0

0101000
+115 13 -114 13 *
Ve
1.50000002328823e-07
2.45 92.9517690647883 1.53798403819021
0 0

0101101
*
Ed
 1.5e-07 1 1 0
1  30 0 -1.32455731279608 0.275442687203923
0

0101000
+112 13 -115 13 *
Ve
1.50000001601186e-07
2.45 89.3265379166417 3.22845708515301
0 0

0101101
*
Ed
 1.5e-07 1 1 0
1  31 0 -1.32455731279608 0.275442687203924
0

0101000
+110 13 -114 13 *
Ed
 1.5e-07 1 1 0
1  32 0 -6.925 -2.925
0

0101000
+112 13 -110 13 *
Wi

0101100
-113 12 -111 12 +109 12 +108 12 *
Ve
1.50000001776357e-07
2.44999999999999 79.3989260270977 9.62318320677732
0 0

0101101
*
Ve
1.50000001831027e-07
2.44999999999999 75.7736948789511 11.3136562537401
0 0

0101101
*
Ed
 1.5e-07 1 1 0
1  33 0 0.925000000000001 4.925
0

0101000
+106 13 -105 13 *
Ve
1.50000001831027e-07
2.44999999999999 78.7227368083126 8.17309074751868
0 0

0101101
*
Ed
 1.5e-07 1 1 0
1  34 0 -1.07544268720364 0.524557312796364
0

0101000
+106 13 -103 13 *
Ve
1.50000003580362e-07
2.44999999999999 75.097505660166 9.86356379448148
0 0

0101101
*
Ed
 1.5e-07 1 1 0
1  35 0 -1.32455731279638 0.275442687203626
0

0101000
+101 13 -105 13 *
Ed
 1.5e-07 1 1 0
1  36 0 0.924999999999996 4.925
0

0101000
+103 13 -101 13 *
Wi

0101100
-104 12 +102 12 +100 12 +99 12 *
Fa
0  1e-07 5 0

0101000
+116 0 +107 0 +98 0 *
Ed
 1e-07 1 1 0
1  37 0 0 2.45
0

0101000
+154 13 -125 13 *
Wi

0101100
+166 0 -96 0 -153 16 +124 19 *
Fa
0  1e-07 6 0

0101000
+95 0 *
Ve
1.5e-07
1.5 82 3.64153152077051e-14
0 0

0101101
*
Ed
 1.5e-07 1 1 0
1  38 0 -1.15 -0.199999999999977
0

0101000
+119 0 -93 0 *
Ve
1.5e-07
1.5 82 -2.00000000000003
0 0

0101101
*
Ed
 1.5e-07 1 1 0
1  39 0 -1.00000000000006 1
0

0101000
+93 0 -91 0 *
Ed
 1e-07 1 1 0
1  40 0 0 1.49999999999998
0

0101000
+148 0 -91 0 *
Wi

0101100
-146 25 -157 0 +117 32 -92 0 -90 0 +89 0 *
Fa
0  1e-07 7 0

0101000
+88 0 *
Ed
 1.00000004884981e-07 1 1 0
1  41 0 0 2.45
0

0101000
+152 0 -123 0 *
Wi

0101100
-151 21 -86 0 +122 22 +96 12 *
Fa
0  1e-07 8 12

0101000
+85 0 *
Ve
1.5e-07
1.5 88 3.90798504668055e-14
0 0

0101101
*
Ed
 1.5e-07 1 1 0
1  42 0 -1.15 -0.199999999999975
0

0101000
+121 0 -83 0 *
Ve
1.5e-07
1.5 88 -2.00000000000003
0 0

0101101
*
Ed
 1.5e-07 1 1 0
1  43 0 -1.00000000000007 1
0

0101000
+83 0 -81 0 *
Ed
 1e-07 1 1 0
1  44 0 0 1.49999999999998
0

0101000
+150 0 -81 0 *
Wi

0101100
-149 25 -86 0 +120 32 -82 0 -80 0 +79 0 *
Fa
0  1e-07 9 0

0101000
+78 0 *
Ed
 1.5e-07 1 1 0
1  45 0 38 44
0

0101000
+91 0 -81 0 *
Wi

0101100
-147 25 -89 0 -76 0 +79 0 *
Fa
0  1e-07 10 0

0101000
+75 0 *
Ve
1.00000000111022e-07
0.909999999999997 93.0841736113514 3.24164745449327
0 0

0101101
*
Ed
 1.00000000111022e-07 1 1 0
1  46 0 0 0.909999999999998
0

0101000
-73 13 +144 13 *
Ve
1.00000000111022e-07
1.5 93.618895205703 2.99230268006626
0 0

0101101
*
Ed
 1e-07 1 1 0
1  47 0 2.44658946290545 3.28097546470558
0

0101000
+73 35 -71 35 *
Ve
2.12133034355964e-07
1.5 93.6279582835734 2.98807649744885
0 0

0101101
*
Ed
 1.00000000111022e-07 1 1 0
1  48 0 0.589999999999999 0.6
0

0101000
+71 38 -69 38 *
Ed
 1e-07 1 1 0
1  49 0 3.2 5.65
0

0101000
+143 13 -114 13 *
Ed
 1e-07 1 1 0
1  50 0 4.7 5.65
0

0101000
+69 13 -115 13 *
Wi

0101100
-72 2 -70 0 +142 2 -68 37 +67 2 -66 2 -113 2 *
Fa
0  1e-07 11 0

0101000
+65 34 *
Ed
 1e-07 1 1 0
1  51 0 3.2 5.65
0

0101000
+141 13 -110 13 *
Wi

0101100
+140 0 -63 0 -109 0 +67 0 *
Fa
0  1e-07 12 0

0101000
+62 0 *
Ve
1.00000000496507e-07
0.909999999999997 92.4079843925663 1.79155499523463
0 0

0101101
*
Ed
 1.00000000496507e-07 1 1 0
1  52 0 0 0.909999999999998
0

0101000
-60 13 +139 13 *
Ve
1.5e-07
1.5 92.9427059869179 1.54221022080761
0 0

0101101
*
Ed
 1e-07 1 1 0
1  53 0 2.44658946290545 3.28097546470558
0

0101000
+60 35 -58 35 *
Ve
1.50000002782211e-07
1.5 92.9517690647883 1.53798403819021
0 0

0101101
*
Ed
 1.5e-07 1 1 0
1  54 0 6.91391463946192 6.92391463946192
0

0101000
+58 13 -56 13 *
Ed
 1e-07 1 1 0
1  55 0 4.7 5.65
0

0101000
+56 13 -112 13 *
Wi

0101100
-59 2 -57 0 +138 2 -55 2 +63 2 -54 2 -108 2 *
Fa
0  1e-07 13 0

0101000
+53 34 *
Ed
 1e-07 1 1 0
1  56 0 1.56400838818098e-16 1.6
0

0101000
+60 35 -73 35 *
Wi

0101100
+59 2 +51 0 -137 39 -72 2 *
Fa
0  1e-07 14 0

0101000
+50 34 *
Ve
1.00000001776357e-07
1.49999999999999 75.7827579568215 11.3094300711227
0 0

0101101
*
Ve
1.00000003972055e-07
1.49999999999999 75.7736948789511 11.3136562537401
0 0

0101101
*
Ed
 1.00000001776357e-07 1 1 0
1  57 0 0 0.0100000000000002
0

0101000
-48 38 +47 38 *
Ve
1e-07
0.909999999999994 76.3174795511731 11.0600852966957
0 0

0101101
*
Ed
 1e-07 1 1 0
1  58 0 -1.86676190233248 -1.03237590053236
0

0101000
+48 35 -45 35 *
Ed
 1e-07 1 1 0
1  59 0 4.7 5.65
0

0101000
+47 13 -105 13 *
Ed
 1e-07 1 1 0
1  60 0 0 0.910000000000002
0

0101000
-45 13 +134 13 *
Ed
 1e-07 1 1 0
1  61 0 3.2 5.65
0

0101000
+135 13 -106 13 *
Wi

0101100
-46 37 -44 0 +43 2 +42 2 -104 2 +133 2 -41 2 *
Fa
0  1e-07 15 0

0101000
+40 34 *
Ve
1.00000006404746e-07
0.909999999999995 75.641290332388 9.60999283743705
0 0

0101101
*
Ed
 1.00000006404746e-07 1 1 0
1  62 0 0 0.910000000000002
0

0101000
-38 13 +132 13 *
Ed
 1e-07 1 1 0
1  63 0 6.33430481160371e-15 1.6
0

0101000
+38 35 -45 35 *
Wi

0101100
+37 2 +36 0 -131 39 -42 2 *
Fa
0  1e-07 16 0

0101000
+35 34 *
Ve
1.00000006404746e-07
1.49999999999999 75.1065687380364 9.85933761186407
0 0

0101101
*
Ve
1.00000006404746e-07
1.49999999999999 75.097505660166 9.86356379448148
0 0

0101101
*
Ed
 1.00000006404746e-07 1 1 0
1  64 0 0 0.0100000000000027
0

0101000
-33 38 +32 38 *
Ed
 1e-07 1 1 0
1  65 0 -1.86676190233248 -1.03237590053236
0

0101000
+33 35 -38 35 *
Ed
 1e-07 1 1 0
1  66 0 4.7 5.65
0

0101000
+32 13 -101 13 *
Ed
 1e-07 1 1 0
1  67 0 3.2 5.65
0

0101000
+130 13 -103 13 *
Wi

0101100
-31 37 -30 0 +29 2 +37 2 -99 2 +129 2 -28 2 *
Fa
0  1e-07 17 0

0101000
+27 34 *
Wi

0101100
+128 0 -41 0 -102 0 +28 0 *
Fa
0  1e-07 18 0

0101000
+25 0 *
Ed
 1e-07 1 1 0
1  68 0 82 88
0

0101000
+93 0 -83 0 *
Wi

0101100
-23 0 +82 0 -118 0 -92 0 *
Fa
0  1e-07 19 0

0101000
+22 0 *
Ed
 1.5e-07 1 1 0
1  69 0 -0.400099673778123 1.19990032622188
0

0101000
+69 13 -56 13 *
Wi

0101100
-54 0 -111 0 +66 0 -20 0 *
Fa
0  1e-07 20 0

0101000
+19 0 *
Ed
 1.00000003972055e-07 1 1 0
1  70 0 0 1.6
0

0101000
+32 38 -47 38 *
Wi

0101100
-29 0 -100 0 +43 0 +17 40 *
Fa
0  1e-07 21 0

0101000
+16 0 *
Wi

0101100
-90 0 -76 0 +80 0 +23 0 *
Fa
0  1e-07 22 0

0101000
+14 0 *
Ed
 1e-07 1 1 0
1  71 0 2.26352069474555e-16 1.6
0

0101000
+58 35 -71 35 *
Wi

0101100
-57 0 +51 0 -12 0 +70 0 *
Fa
0  1e-07 23 0

0101000
+11 0 *
Wi

0101100
-68 37 -12 0 -20 2 +55 2 *
Fa
0  1e-07 24 36

0101000
+9 34 *
Ed
 1e-07 1 1 0
1  72 0 7.99067266161595e-15 1.60000000000001
0

0101000
+33 35 -48 35 *
Wi

0101100
-46 37 +7 0 -17 37 +31 37 *
Fa
0  1e-07 25 36

0101000
+6 34 *
Wi

0101100
-30 0 +7 0 -36 0 +44 0 *
Fa
0  1e-07 26 0

0101000
+4 0 *
Sh

0101100
-169 12 +162 12 +155 0 +126 0 +97 0 +94 12 +87 0 +84 0 -77 0 +74 0 
-64 12 +61 12 +52 12 +49 12 -39 12 -34 12 +26 12 +24 12 -21 0 -18 12 
+15 12 -13 0 -10 41 +8 12 +5 12 -3 41 *
So

0100000
+2 0 *

+1 1 ]]>
      </Part>
      <ElementMap new="1" count="1"><Element key="Dummy" value="Dummy"/></ElementMap>
      <ElementMap2 count="146">
<![CDATA[
1 PostfixCount 22
Edge
Face
Vertex
;:G3#d08;CUT;:H-13a9:c,E
;:G4#d1a;CUT;:H-13a9:c,E
;:G5#d8a;CUT;:H-13a9:c,E
;:M;CUT;:H-13a9:7,F
;:G3#d09;CUT;:H-13a9:c,E
;:G4#d1b;CUT;:H-13a9:c,E
;:G5#d18;CUT;:H-13a9:c,E
;:G#d24;CUT;:H-13a9:b,V
;:G2#d2b;CUT;:H-13a9:c,V
;:M;CUT;:H-13a9:7,E
;:H1391,V
;:H1391,E
;:H1391,F
;:G#d22;CUT;:H1391:b,V
;:M;CUT;:H1391:7,E
;:G#d23;CUT;:H1391:b,V
;:M;CUT;:H1391:7,F
;:G#d25;CUT;:H1391:b,V
;:G#d2a;CUT;:H1391:b,V

MapCount 2

ElementMap 1 2 3

Edge

ChildCount 0

NameCount 73
0
$#c2d.f 0
$#c31.f 0
$#c32.f 0
$#c33.f 0
$#d72.f 0
$#c2f.f 0
$#c30.f 0
$#d73.f 0
$#d74.f 0
$#c3e.f 0
$#c35.f 0
$#d75.f 0
$#c29.f 0
$#c2b.f 0
$#c46.f 0
$#d76.f 0
$#d77.f 0
$#d78.f 0
$#c51.f 0
$#d79.f 0
$#c4b.f 0
$#d7a.f 0
$#d7b.f 0
$#c36.f 0
$#d88.f 0
$#d03.12 0
$#ba1.6.79b.b8c.d62.d89.d8a 0
$#d05.12 0
$#d7c.f 0
$#d80.f 0
$#d7f.f 0
$#d81.f 0
$#d82.f 0
$#d83.f 0
$#d85.f 0
$#d84.f 0
$#c37.f 0
$#ba1.5.b5a.d19.d1a 0
$#ba2.9.b5a.d19.d1b 0
$#d16.12 0
$#c25.f 0
$#ba1.4.b58.d07.d08 0
$#ba2.8.b58.d07.d09 0
$#d0a.12 0
$#ba2.a.b5b.d17.d18 0
$#c73.f 0
$#c74.f 0
$#c75.f 0
$#c76.f 0
$#c77.f 0
$#c79.f 0
$#c7b.f 0
$#c7c.f 0
$#d7e.f 0
$#c7e.f 0
$#c82.f 0
$#c62.f 0
$#c63.f 0
$#c64.f 0
$#c65.f 0
$#c67.f 0
$#c6d.f 0
$#c72.f 0
$#c6a.f 0
$#c6b.f 0
$#c6c.f 0
$#c69.f 0
$#ba7.d 0
$#d7d.f 0
$#c70.f 0
$#c83.f 0
$#c71.f 0

Face

ChildCount 0

NameCount 27
0
$#cc9.10 0
$#cc8.10 0
$#d86.10 0
$#d87.10 0
$#d89.14.79b.b8c.d62 0
$#cca.10 0
$#d19.14.b5a 0
$#d8b.10 0
$#d07.14.b58 0
$#d17.14.b5b 0
$#cd9.10 0
$#cda.10 0
$#cdb.10 0
$#cdd.10 0
$#cd2.10 0
$#cd8.10 0
$#cd4.10 0
$#cd3.10 0
$#ba1.7 0
$#cdc.10 0
$#cd5.10 0
$#ba2.7 0
$#cde.10 0
$#cdf.10 0
$#cd6.10 0
$#cd7.10 0

Vertex

ChildCount 0

NameCount 49
0
$#bb3.e 0
$#bb5.e 0
$#bb9.e 0
$#bbb.e 0
$#bb7.e 0
$#d63.e 0
$#bc5.e 0
$#bc6.e 0
$#bbf.e 0
$#ba9.e 0
$#bb1.e 0
$#bb2.e 0
$#bd2.e 0
$#d64.e 0
$#d65.e 0
$#bd5.e 0
$#d66.e 0
$#bcf.e 0
$#bd0.e 0
$#d67.e 0
$#bc1.e 0
$#bad.e 0
$#d03.11.b9a.ba1.d22 0
$#d05.13.b9a.ba1.d23 0
$#d69.e 0
$#d68.e 0
$#d6d.e 0
$#d6c.e 0
$#d6f.e 0
$#d6e.e 0
$#d70.e 0
$#d71.e 0
$#ba7.c.b5a.d19.d2b 0
$#d16.16.b9b.ba2.d2a 0
$#ba7.b.b58.d07.d24 0
$#d0a.15.b9b.ba2.d25 0
$#bf0.e 0
$#bf1.e 0
$#bf2.e 0
$#bf6.e 0
$#d6a.e 0
$#d6b.e 0
$#be6.e 0
$#be7.e 0
$#be8.e 0
$#bee.e 0
$#bec.e 0
$#bed.e 0

EndMap

ElementMap 2 1 3

Edge

ChildCount 1
1 0 72 5033 1 ;:H13a9,E 0

NameCount 0

Face

ChildCount 1
1 0 26 5033 1 ;:H13a9,F 0

NameCount 0

Vertex

ChildCount 1
1 0 48 5033 1 ;:H13a9,V 0

NameCount 0

EndMap
]]>
      </ElementMap2>
    </Property>
    <Property name="SingleSolid" type="App::PropertyBool">
      <Bool value="false"/>
    </Property>
    <Property name="Tip" type="App::PropertyLink">
      <Link value="Pad001"/>
    </Property>
    <Property name="TreeRank" type="App::PropertyInteger" status="2184">
      <Integer value="13"/>
    </Property>
    <Property name="ValidateShape" type="App::PropertyBool">
      <Bool value="false"/>
    </Property>
    <Property name="Visibility" type="App::PropertyBool" status="648">
      <Bool value="true"/>
    </Property>
    <Property name="_ExportChildren" type="App::PropertyLinkList" status="218104320">
      <LinkList count="5">
        <Link value="Boolean"/>
        <Link value="Sketch002"/>
        <Link value="Sketch001"/>
        <Link value="Pad"/>
        <Link value="Pad001"/>
      </LinkList>
    </Property>
    <Property name="_GroupVersion" type="App::PropertyInteger" status="218103808">
      <Integer value="1"/>
    </Property>
  </Properties>
</Object>
</Document>
