<?xml version='1.0' encoding='utf-8'?>
<!-- FreeCAD DocumentObject -->
<Document SchemaVersion="4" FileVersion="2">
<Object name="Pad">
  <Properties Count="47" TransientCount="2">
    <_Property name="_Body" type="App::PropertyLinkHidden" status="251658240"/>
    <_Property name="_ElementMapVersion" type="App::PropertyString" status="234881024"/>
    <Property name="AddSubShape" type="Part::PropertyPartShape">
      <Part HasherIndex="0" ElementMap="1.15.70200.4" brep="1">
<![CDATA[

CASCADE Topology V1, (c) Matra-Datavision
Locations 5
1
              1               0               0               0 
              0               1               0               0 
              0               0               1               0 
1
2.22044604925031e-16 -3.33066907387547e-16               1               0 
              1 3.33066907387547e-16 -2.22044604925031e-16               0 
-3.33066907387547e-16               1 3.33066907387547e-16               0 
2  1 1 2 1 0
1
              1               0               0            2.45 
              0               1               0 -8.1601392309949e-16 
              0               0               1 9.52016243616072e-16 
2  1 1 2 1 4 1 0
Curve2ds 0
Curves 8
1 2.0206059048177849e-14 88 -2.0000000000000293 1 -3.3306690738754696e-16 3.8857805861880479e-16 
1 1.8608055335845854e-14 88 2.7978459489299992 1 -3.3306690738754696e-16 3.8857805861880479e-16 
1 88 -2 0 0 1 0 
1 1.6343917808738778e-14 82 5.5956918978599939 1 -3.3306690738754696e-16 3.8857805861880479e-16 
1 82 5.5956918978600214 0 0.90630778703664994 -0.42261826174069961 0 
1 1.8873791418627661e-14 82 -2.0000000000000275 1 -3.3306690738754696e-16 3.8857805861880479e-16 
1 82 -2 0 0 1 0 
1 88 -2 0 -1 0 0 
Polygon3D 0
PolygonOnTriangulations 0
Surfaces 5
1 2.0206059048177849e-14 88 -2.0000000000000293 -3.3306690738754711e-16 -1 3.3306690738754696e-16 -3.3306690738754691e-16 3.3306690738754706e-16 1 -1 3.3306690738754701e-16 -3.3306690738754701e-16 
1 1.6343917808738778e-14 82 5.5956918978599939 -2.1141116295433079e-16 0.42261826174069989 0.90630778703664983 3.4200091195650809e-16 0.90630778703664983 -0.42261826174069989 -1 2.2061187147947984e-16 -3.3613941417677768e-16 
1 1.8873791418627661e-14 82 -2.0000000000000275 -3.3306690738754711e-16 -1 3.3306690738754696e-16 -3.3306690738754691e-16 3.3306690738754706e-16 1 -1 3.3306690738754701e-16 -3.3306690738754701e-16 
1 2.0206059048177849e-14 88 -2.0000000000000293 3.8857805861880469e-16 -3.3306690738754711e-16 -1 -2.2204460492503131e-16 -1 3.3306690738754701e-16 -1 2.2204460492503118e-16 -3.8857805861880479e-16 
1 1.8381799810040619e-14 84.664443785109853 1.2534513401412219 1 0 3.3306690738754667e-16 -3.3306690738754667e-16 0 1 0 -1 0 
Triangulations 0

TShapes 24
Ve
1e-07
88 -2 0
0 0

0101101
*
Ed
 1e-07 1 1 0
1  1 0 0 2.45
0

0101000
+24 3 -24 5 *
Ve
1e-07
88 2.79784594893003 0
0 0

0101101
*
Ed
 1e-07 1 1 0
1  2 0 0 2.45
0

0101000
+22 3 -22 5 *
Ed
 1e-07 1 1 0
1  3 0 0 4.79784594893003
0

0101000
+24 0 -22 0 *
Wi

0101100
+23 0 -21 0 -20 3 +20 5 *
Fa
0  1e-07 1 0

0101000
+19 0 *
Ve
1e-07
82 5.59569189786002 0
0 0

0101101
*
Ed
 1e-07 1 1 0
1  4 0 0 2.45
0

0101000
+17 3 -17 5 *
Ed
 1e-07 1 1 0
1  5 0 0 6.62026751377495
0

0101000
+17 0 -22 0 *
Wi

0101100
+16 0 -21 0 -15 3 +15 5 *
Fa
0  1e-07 2 0

0101000
+14 0 *
Ve
1e-07
82 -2 0
0 0

0101101
*
Ed
 1e-07 1 1 0
1  6 0 0 2.45
0

0101000
+12 3 -12 5 *
Ed
 1e-07 1 1 0
1  7 0 0 7.59569189786002
0

0101000
+12 0 -17 0 *
Wi

0101100
+11 0 -16 0 -10 3 +10 5 *
Fa
0  1e-07 3 0

0101000
+9 0 *
Ed
 1e-07 1 1 0
1  8 0 0 6
0

0101000
+24 0 -12 0 *
Wi

0101100
+23 0 -11 0 -7 3 +7 5 *
Fa
0  1e-07 4 0

0111000
+6 0 *
Wi

0101100
+20 0 -15 0 -10 0 -7 0 *
Fa
0  1e-07 5 0

0101000
+4 3 *
Sh

0101100
+18 0 -13 0 -8 0 -5 0 +3 0 -3 4 *
So

1100000
-2 0 *

+1 0 ]]>
      </Part>
      <ElementMap new="1" count="1"><Element key="Dummy" value="Dummy"/></ElementMap>
      <ElementMap2 count="26">
<![CDATA[
6 PostfixCount 11
Edge
Face
Vertex
;:G;XTR;:H1390:7,F
;FAC;:H1390:4,F
;:G;XTR;:H1390:7,E
;:G0;XTR;:H1390:8,F
;:U;XTR;:H1390:7,E
;:U;XTR;:H1390:7,V
;SKT;:H1390,E
;SKT;:H1390,V

MapCount 1

ElementMap 1 6 3

Edge

ChildCount 0

NameCount 13
0
$#b4f.6 0
$#b50.6 0
;g6.a 0
$#b58.8 0
$#b51.6 0
;g12.a 0
$#b59.8 0
$#b52.6 0
;g9.a 0
$#b5a.8 0
;g7.a 0
$#b5b.8 0

Face

ChildCount 0

NameCount 7
0
$#b4e.4 0
$#b54.4 0
$#b55.4 0
$#b56.4 0
$#b4e.5 0
$#b57.7 0

Vertex

ChildCount 0

NameCount 9
0
;g6v1.b 0
$#b5c.9 0
;g6v2.b 0
$#b5d.9 0
;g9v2.b 0
$#b5e.9 0
;g7v2.b 0
$#b5f.9 0

EndMap
]]>
      </ElementMap2>
    </Property>
    <Property name="AddSubType" type="App::PropertyEnumeration">
      <Integer value="0"/>
    </Property>
    <Property name="AllowMultiFace" type="App::PropertyBool">
      <Bool value="true"/>
    </Property>
    <Property name="AlongSketchNormal" type="App::PropertyBool">
      <Bool value="false"/>
    </Property>
    <Property name="AutoTaperInnerAngle" type="App::PropertyBool">
      <Bool value="true"/>
    </Property>
    <Property name="BaseFeature" type="App::PropertyLink" status="8">
      <Link value="Boolean"/>
    </Property>
    <Property name="CheckUpToFaceLimits" type="App::PropertyBool">
      <Bool value="true"/>
    </Property>
    <Property name="ClaimChildren" type="App::PropertyBool" status="134217728">
      <Bool value="false"/>
    </Property>
    <Property name="ColoredElements" type="App::PropertyLinkSubHidden" status="218103808">
      <LinkSub value="" count="0">
      </LinkSub>
    </Property>
    <Property name="Direction" type="App::PropertyVector" status="4">
      <PropertyVector valueX="1" valueY="-3.33066907387547e-16" valueZ="3.885780586188048e-16"/>
    </Property>
    <Property name="ExpressionEngine" type="App::PropertyExpressionEngine" status="67108864">
      <ExpressionEngine count="0"></ExpressionEngine>
    </Property>
    <Property name="Fit" type="App::PropertyDistance">
      <Float value="0"/>
    </Property>
    <Property name="FitJoin" type="App::PropertyEnumeration">
      <Integer value="0"/>
    </Property>
    <Property name="FixShape" type="App::PropertyEnumeration">
      <Integer value="0"/>
    </Property>
    <Property name="InnerFit" type="App::PropertyDistance">
      <Float value="0"/>
    </Property>
    <Property name="InnerFitJoin" type="App::PropertyEnumeration">
      <Integer value="0"/>
    </Property>
    <Property name="InvalidShape" type="App::PropertyBool" status="67108864">
      <Bool value="false"/>
    </Property>
    <Property name="Label" type="App::PropertyString" status="134217728">
      <String value="Pad"/>
    </Property>
    <Property name="Label2" type="App::PropertyString" status="128">
      <String value=""/>
    </Property>
    <Property name="Length" type="App::PropertyLength">
      <Float value="2.45"/>
    </Property>
    <Property name="Length2" type="App::PropertyLength" status="4">
      <Float value="1.2"/>
    </Property>
    <Property name="Linearize" type="App::PropertyBool">
      <Bool value="true"/>
    </Property>
    <Property name="Midplane" type="App::PropertyBool">
      <Bool value="false"/>
    </Property>
    <Property name="NewSolid" type="App::PropertyBool">
      <Bool value="false"/>
    </Property>
    <Property name="Offset" type="App::PropertyLength" status="4">
      <Float value="0"/>
    </Property>
    <Property name="Placement" type="App::PropertyPlacement" status="8388620">
      <PropertyPlacement Px="0" Py="0" Pz="0" Q0="0" Q1="0" Q2="0" Q3="1" A="0" Ox="0" Oy="0" Oz="1"/>
    </Property>
    <Property name="Profile" type="App::PropertyLinkSub">
      <LinkSub value="Sketch" count="1">
        <Sub value=""/>
      </LinkSub>
    </Property>
    <Property name="ReferenceAxis" type="App::PropertyLinkSub">
      <LinkSub value="Sketch" count="1">
        <Sub value="N_Axis"/>
      </LinkSub>
    </Property>
    <Property name="Refine" type="App::PropertyBool">
      <Bool value="true"/>
    </Property>
    <Property name="Reversed" type="App::PropertyBool">
      <Bool value="false"/>
    </Property>
    <Property name="Shape" type="Part::PropertyPartShape">
      <Part HasherIndex="0" ElementMap="1.15.70200.4" brep="1">
<![CDATA[

CASCADE Topology V1, (c) Matra-Datavision
Locations 43
1
              1               0               0               0 
              0               1               0               0 
              0               0               1               0 
1
              1               0               0               0 
              0               1               0               0 
              0               0               1               0 
1
              1               0               0               0 
              0               1               0               0 
              0               0               1               0 
1
              1               0               0               0 
              0               1               0               0 
              0               0               1               0 
1
              1               0               0               0 
              0               1               0               0 
              0               0               1               0 
1
              1               0               0               0 
              0               1               0               0 
              0               0               1               0 
1
              1               0               0               0 
              0               1               0               0 
              0               0               1               0 
1
              1               0               0               0 
              0               1               0               0 
              0               0               1               0 
1
              1               0               0               0 
              0               1               0              94 
              0               0               1               0 
1
              1               0               0               0 
              0               1               0               0 
              0               0               1               0 
2  1 1 2 1 3 1 4 1 5 1 6 1 7 1 8 1 9 1 10 1 0
1
              1               0               0               0 
              0               1               0               0 
              0               0               1               0 
2  12 -1 1 -1 0
1
              1               0               0               0 
              0               1               0               0 
              0               0               1               0 
1
2.22044604925031e-16 -3.33066907387547e-16               1               0 
              1 3.33066907387547e-16 -2.22044604925031e-16               0 
-3.33066907387547e-16               1 3.33066907387547e-16               0 
2  14 1 15 1 0
2  12 -1 1 -1 15 -1 14 -1 0
1
              1               0               0            2.45 
              0               1               0 -8.1601392309949e-16 
              0               0               1 9.52016243616072e-16 
2  14 1 15 1 18 1 0
2  12 -1 1 -1 18 -1 15 -1 14 -1 0
2  14 1 15 1 1 1 2 1 3 1 4 1 5 1 6 1 7 1 8 1 9 1 10 1 0
2  10 -1 9 -1 8 -1 7 -1 6 -1 5 -1 4 -1 3 -1 2 -1 1 -1 15 -1 14 -1 0
2  14 1 15 1 18 1 1 1 2 1 3 1 4 1 5 1 6 1 7 1 8 1 9 1 10 1 0
2  10 -1 9 -1 8 -1 7 -1 6 -1 5 -1 4 -1 3 -1 2 -1 1 -1 18 -1 15 -1 14 -1 0
1
              1               0               0               0 
              0               1               0               0 
              0               0               1               0 
1
2.22044604925031e-16 -3.33066907387547e-16               1               0 
              1 3.33066907387547e-16 -2.22044604925031e-16               0 
-3.33066907387547e-16               1 3.33066907387547e-16               0 
2  25 1 26 1 0
1
              1               0               0            2.45 
              0               1               0 -8.1601392309949e-16 
              0               0               1 9.52016243616072e-16 
2  25 1 26 1 28 1 0
2  26 -1 25 -1 0
2  28 -1 26 -1 25 -1 0
1
              1               0               0               0 
              0               1               0               0 
              0               0               1               0 
1
2.22044604925031e-16 -3.33066907387547e-16               1               0 
              1 3.33066907387547e-16 -2.22044604925031e-16               0 
-3.33066907387547e-16               1 3.33066907387547e-16               0 
2  32 1 33 1 1 1 2 1 3 1 4 1 5 1 6 1 7 1 8 1 9 1 10 1 0
2  12 -1 1 -1 33 -1 32 -1 0
2  1 -1 0
2  12 -1 0
1
              1               0               0             1.5 
              0               1               0 -4.9960036108132e-16 
              0               0               1 5.82867087928207e-16 
2  32 1 33 1 38 1 1 1 0
2  12 -1 1 -1 38 -1 33 -1 32 -1 0
2  32 1 33 1 1 1 0
2  2 1 3 1 4 1 5 1 6 1 7 1 8 1 9 1 10 1 0
2  32 1 33 1 38 1 0
Curve2ds 0
Curves 61
1 -8.6639049910329583e-15 -19.063975276176482 13.303189342008626 1 -3.3306690738754696e-16 3.8857805861880479e-16 
1 -7.831820883804031e-15 -20.754448323139279 9.6779581938620236 1 -3.3306690738754696e-16 3.8857805861880479e-16 
1 -19.063975276176485 13.303189342008618 -2.3498163739805536e-31 -0.42261826174069916 -0.90630778703665016 -5.2091722581202786e-33 
1 -19.063975276176485 13.303189342008618 -2.3498163739805536e-31 -0.42261826174069916 -0.90630778703665016 -5.2091722581202786e-33 
1 -8.3208410722892556e-16 1.6904730469627987 3.6252311481465993 1 -3.3306690738754696e-16 3.8857805861880479e-16 
1 -19.063975276176485 13.303189342008618 -2.3498163739805536e-31 0.90630778703664994 -0.4226182617406995 1.1171105957665349e-32 
1 -19.063975276176485 13.303189342008618 -2.3498163739805536e-31 0.90630778703664994 -0.4226182617406995 1.1171105957665349e-32 
1 0 0 0 -0.90630778703664994 0.42261826174069944 -1.1171105957665349e-32 
1 0 0 0 -0.90630778703664994 0.42261826174069944 -1.1171105957665349e-32 
1 1.6343917808738778e-14 82 5.5956918978599939 1 -3.3306690738754696e-16 3.8857805861880479e-16 
1 0 0 0 1 -3.3306690738754696e-16 3.8857805861880479e-16 
1 1.690473046962798 3.6252311481465997 2.0836689032481131e-32 -0.4226182617406995 -0.90630778703664994 -5.2091722581202827e-33 
1 1.690473046962798 3.6252311481465997 2.0836689032481131e-32 -0.4226182617406995 -0.90630778703664994 -5.2091722581202827e-33 
1 1.8608055335845854e-14 88 2.7978459489299992 1 -3.3306690738754696e-16 3.8857805861880479e-16 
1 2.0206059048177849e-14 88 -2.0000000000000293 1 -3.3306690738754696e-16 3.8857805861880479e-16 
1 88 -2 0 0 1 0 
1 1.8873791418627661e-14 82 -2.0000000000000275 1 -3.3306690738754696e-16 3.8857805861880479e-16 
1 82 -2 0 0 1 0 
1 88 -2 0 -1 0 0 
1 -3.1114525380770676e-15 -6.6482231416554214 5.914707960003196 -3.4200091195650799e-16 -0.90630778703664994 0.42261826174069972 
1 -2.4978912098356407e-15 -4.1136799742485284 4.4289136921164332 -2.0802102680723072e-16 0.42261826174070005 0.90630778703664971 
1 -2.5009465067812199e-15 -7.3244123604405429 4.4646155007445527 -3.4200091195650799e-16 -0.90630778703664994 0.42261826174069972 
1 -1.5920156074337319 1.7915549952346266 -1.9623107393846101e-32 0.42261826174069944 0.90630778703664994 5.209172258120282e-33 
1 -5.5539431922523532e-15 -13.762739269893363 9.2322613146671699 -3.4200091195650789e-16 -0.90630778703665005 0.42261826174069939 
1 -18.358709667612001 9.6099928374370442 -2.262885676106581e-31 0.42261826174070038 0.9063077870366496 5.2091722581202936e-33 
1 -5.1654817658815364e-15 -14.438928488678485 7.7821688554085302 -3.4200091195650804e-16 -0.90630778703664994 0.42261826174069983 
1 -6.2749533841814631e-15 -15.055575691970013 8.6485011248530395 2.0802102680723102e-16 -0.42261826174069916 -0.90630778703665005 
1 -1.2830398011561864e-15 -0.91582638864860977 3.241647454493271 1 -3.3306690738754696e-16 3.8857805861880479e-16 
8 2.4465894629054539 3.2809754647055804
1 -0.82000000000000262 -2.4837388602220138 3.9727770473046813 0.70710678118654768 0.64085638205578854 -0.29883623873011989 
1 -0.91582638864861088 3.2416474544932705 -1.1288431780853626e-32 0.90630778703665005 -0.42261826174069939 1.117110595766535e-32 
1 -3.2000000000000028 -3.9972728645732181 4.6785495444116485 1 -3.3306690738754696e-16 3.8857805861880479e-16 
1 -3.2000000000000011 -0.37204171642661893 2.9880764974488496 1 -3.3306690738754696e-16 3.8857805861880479e-16 
1 2.4499999999999971 -6.6482231416554214 5.9147079600031969 -3.4200091195650799e-16 -0.90630778703664994 0.42261826174069972 
1 -9.5020615826461508e-16 -1.5920156074337313 1.791554995234627 1 -3.3306690738754696e-16 3.8857805861880479e-16 
1 0.90999999999999759 -1.5920156074337317 1.7915549952346277 -2.0802102680723136e-16 0.42261826174069972 0.90630778703664983 
8 2.4465894629054539 3.2809754647055804
1 -0.82000000000000239 -3.1599280790071353 2.5226845880460376 0.70710678118654768 0.64085638205578854 -0.29883623873011989 
1 1.4999999999999976 -1.0572940130821085 1.5422102208076152 -2.0802102680723136e-16 0.42261826174069972 0.90630778703664983 
1 1.4999999999999973 -0.54113114508175186 2.6254630475129153 3.0186113176955038e-16 -0.42261826174069972 -0.90630778703664983 
1 1.4999999999999969 -7.3234286897331362 4.4641568075605873 1.4076015744347658e-16 0.90630778703664994 -0.42261826174069972 
1 -3.2000000000000024 -4.6734620833583405 3.2284570851530052 1 -3.3306690738754696e-16 3.8857805861880479e-16 
1 2.4499999999999975 -4.1136799742485293 4.428913692116434 -2.0802102680723072e-16 0.42261826174070005 0.90630778703664971 
1 -3.2000000000000011 -1.0482309352117405 1.5379840381902061 1 -3.3306690738754696e-16 3.8857805861880479e-16 
1 2.4499999999999993 -0.48844882610193008 2.7384406451536361 -2.0802102680723082e-16 0.42261826174069972 0.90630778703664983 
1 2.4499999999999975 -7.3244123604405429 4.4646155007445536 -3.4200091195650799e-16 -0.90630778703664994 0.42261826174069972 
1 -18.226305121048867 11.313656253740108 -2.246565555722648e-31 0.90630778703664916 -0.42261826174070133 1.117110595766534e-32 
8 -1.8667619023324822 -1.0323759005323598
1 0.17999999999999372 -17.02091576429012 10.751573965624983 -0.70710678118654746 0.64085638205578865 -0.29883623873011994 
1 -3.2000000000000082 -18.226305121048863 11.313656253740112 1 -3.3306690738754696e-16 3.8857805861880479e-16 
1 -7.6100566723514644e-15 -17.682520448826875 11.060085296695693 1 -3.3306690738754696e-16 3.8857805861880479e-16 
1 2.4499999999999944 -13.762739269893363 9.2322613146671699 -3.4200091195650789e-16 -0.90630778703665005 0.42261826174069939 
1 -3.2000000000000068 -14.601073972902263 9.6231832067773162 1 -3.3306690738754696e-16 3.8857805861880479e-16 
1 2.449999999999994 -15.055575691970013 8.6485011248530412 2.0802102680723102e-16 -0.42261826174069916 -0.90630778703665005 
1 -3.2000000000000064 -15.277263191687382 8.1730907475186747 1 -3.3306690738754696e-16 3.8857805861880479e-16 
1 -18.902494339833989 9.86356379448147 -2.3299123118525731e-31 0.90630778703664583 -0.42261826174070866 1.1171105957665298e-32 
8 -1.8667619023324842 -1.0323759005323594
1 0.17999999999999516 -17.697104983075238 9.3014815063663452 -0.70710678118654746 0.64085638205578843 -0.29883623873012022 
1 -3.2000000000000077 -18.902494339833986 9.8635637944814754 1 -3.3306690738754696e-16 3.8857805861880479e-16 
1 -7.2772230294598936e-15 -18.358709667611997 9.6099928374370496 1 -3.3306690738754696e-16 3.8857805861880479e-16 
1 2.4499999999999948 -14.438928488678485 7.7821688554085302 -3.4200091195650804e-16 -0.90630778703664994 0.42261826174069983 
1 2.4499999999999922 -18.34271223072405 11.06402040144517 -2.0802102680723003e-16 0.42261826174070188 0.90630778703664883 
1 -18.902494339833989 9.86356379448147 -2.3299123118525731e-31 0.42261826174070161 0.90630778703664894 5.2091722581203087e-33 
1 1.4999999999999949 -18.89343126196362 9.8593376118640634 -2.0802102680723107e-16 0.42261826174070066 0.90630778703664949 
1 0.90999999999999492 -18.358709667611997 9.6099928374370496 -2.0802102680723107e-16 0.42261826174070066 0.90630778703664949 
Polygon3D 0
PolygonOnTriangulations 0
Surfaces 23
1 -8.6639049910329583e-15 -19.063975276176482 13.303189342008626 4.6608131545360343e-16 0.90630778703665005 -0.42261826174069944 2.0802102680723146e-16 -0.42261826174069944 -0.90630778703665005 -1 3.3449964083309843e-16 -3.8550555182957398e-16 
1 -8.6639049910329583e-15 -19.063975276176482 13.303189342008626 -2.1141116295433081e-16 0.42261826174069977 0.90630778703664983 3.4200091195650794e-16 0.90630778703664983 -0.42261826174069977 -1 2.2061187147947969e-16 -3.3613941417677758e-16 
1 0 0 0 2.1141116295433084e-16 -0.42261826174069972 -0.90630778703664983 -3.4200091195650794e-16 -0.90630778703664983 0.42261826174069972 -1 2.2061187147947972e-16 -3.3613941417677758e-16 
1 -8.3208410722892546e-16 1.6904730469627991 3.6252311481465993 4.6608131545360353e-16 0.90630778703664983 -0.42261826174069977 2.0802102680723141e-16 -0.42261826174069977 -0.90630778703664983 -1 3.3449964083309848e-16 -3.8550555182957417e-16 
1 2.0206059048177849e-14 88 -2.0000000000000293 -3.3306690738754711e-16 -1 3.3306690738754696e-16 -3.3306690738754691e-16 3.3306690738754706e-16 1 -1 3.3306690738754701e-16 -3.3306690738754701e-16 
1 1.8873791418627661e-14 82 -2.0000000000000275 -3.3306690738754711e-16 -1 3.3306690738754696e-16 -3.3306690738754691e-16 3.3306690738754706e-16 1 -1 3.3306690738754701e-16 -3.3306690738754701e-16 
1 2.0206059048177849e-14 88 -2.0000000000000293 3.8857805861880469e-16 -3.3306690738754711e-16 -1 -2.2204460492503131e-16 -1 3.3306690738754701e-16 -1 2.2204460492503118e-16 -3.8857805861880479e-16 
1 2.0363145789243291e-15 84.435524984678054 5.0880780159981773 -1 -5.7105580538270435e-16 -2.1747349252310874e-15 2.1747349252310874e-15 0 -1 5.7105580538270435e-16 -1 1.2418950042217339e-30 
1 -3.2000000000000028 -3.9972728645732181 4.6785495444116485 -2.1141116295433089e-16 0.42261826174069972 0.90630778703664994 3.4200091195650794e-16 0.90630778703664994 -0.42261826174069972 -1 2.2061187147947969e-16 -3.3613941417677758e-16 
1 -9.5020615826461508e-16 -1.5920156074337313 1.791554995234627 -4.6608131545360343e-16 -0.90630778703664983 0.42261826174069972 -2.0802102680723136e-16 0.42261826174069972 0.90630778703664983 -1 3.3449964083309843e-16 -3.8550555182957407e-16 
1 1.2049999999999976 -1.3246548102579201 1.6668826080211214 0.70710678118654746 -0.64085638205578854 0.29883623873012027 -3.3306690738754691e-16 0.42261826174069961 0.90630778703664983 0.70710678118654768 0.64085638205578854 -0.29883623873011972 
1 -4.2793475582371081e-15 -9.6353849346330751 6.4247220893549386 1 0 3.3306690738754903e-16 -3.3306690738754903e-16 0 1 0 -1 0 
1 -3.2000000000000028 -3.9972728645732181 4.6785495444116485 4.6608131545360353e-16 0.90630778703664971 -0.42261826174070005 2.0802102680723129e-16 -0.42261826174070005 -0.90630778703664971 -1 3.3449964083309843e-16 -3.8550555182957417e-16 
1 -3.2000000000000011 -0.37204171642661893 2.9880764974488496 4.6608131545360343e-16 0.90630778703664983 -0.42261826174069972 2.0802102680723136e-16 -0.42261826174069972 -0.90630778703664983 -1 3.3449964083309843e-16 -3.8550555182957407e-16 
1 -3.2000000000000024 -4.6734620833583405 3.2284570851530052 -2.1141116295433089e-16 0.42261826174069972 0.90630778703664994 3.4200091195650794e-16 0.90630778703664994 -0.42261826174069972 -1 2.2061187147947969e-16 -3.3613941417677758e-16 
1 -3.2000000000000082 -18.226305121048863 11.313656253740112 -2.1141116295433103e-16 0.42261826174069939 0.90630778703665005 3.420009119565073e-16 0.90630778703665005 -0.42261826174069939 -1 2.2061187147947915e-16 -3.3613941417677738e-16 
1 -3.2000000000000064 -15.277263191687382 8.1730907475186747 -4.6608131545360334e-16 -0.90630778703665005 0.42261826174069916 -2.0802102680723166e-16 0.42261826174069916 0.90630778703665005 -1 3.3449964083309843e-16 -3.8550555182957407e-16 
1 -3.2000000000000077 -18.902494339833986 9.8635637944814754 -2.1141116295433084e-16 0.42261826174069983 0.90630778703664994 3.4200091195650799e-16 0.90630778703664971 -0.42261826174069977 -1 2.2061187147947979e-16 -3.3613941417677768e-16 
1 -3.2000000000000082 -18.226305121048863 11.313656253740112 4.6608131545360403e-16 0.90630778703664883 -0.42261826174070188 2.080210268072305e-16 -0.42261826174070188 -0.90630778703664883 -1 3.3449964083309838e-16 -3.8550555182957437e-16 
1 -4.2793475582371081e-15 -9.6353849346330751 6.4247220893549386 1 0 3.3306690738754903e-16 -3.3306690738754903e-16 0 1 0 -1 0 
1 1.204999999999995 -18.626070464787809 9.7346652246505556 -0.70710678118654768 -0.64085638205578821 0.29883623873012033 -3.6082248300317588e-16 0.42261826174070061 0.9063077870366496 -0.70710678118654746 0.64085638205578821 -0.29883623873012088 
1 -7.2772230294598936e-15 -18.358709667611997 9.6099928374370496 -4.6608131545360373e-16 -0.90630778703664949 0.42261826174070066 -2.0802102680723102e-16 0.42261826174070066 0.90630778703664949 -1 3.3449964083309838e-16 -3.8550555182957417e-16 
1 2.4500000000000015 84.435524984678068 5.0880780159981782 1 5.6638679546219893e-16 2.1838038703393674e-15 -2.1838038703393674e-15 0 1 5.6638679546219893e-16 -1 1.2368776760394617e-30 
Triangulations 0

TShapes 161
Ve
1e-07
-8.66390499103296e-15 -19.0639752761765 13.3031893420086
0 0

0101101
*
Ve
1e-07
2.44999999999999 -19.0639752761765 13.3031893420086
0 0

0101101
*
Ed
 1e-07 1 1 0
1  1 0 0 2.45
0

0101000
+161 13 -160 13 *
Ve
1e-07
-7.83182088380403e-15 -20.7544483231393 9.67795819386202
0 0

0101101
*
Ve
1e-07
2.44999999999999 -20.7544483231393 9.67795819386203
0 0

0101101
*
Ed
 1e-07 1 1 0
1  2 0 0 2.45
0

0101000
+158 13 -157 13 *
Ed
 1e-07 1 1 0
1  3 0 0 4
0

0101000
+161 17 -158 17 *
Ed
 1e-07 1 1 0
1  4 0 0 4
0

0101000
+160 20 -157 20 *
Wi

0101100
+159 0 -156 0 -155 16 +154 19 *
Fa
0  1e-07 1 0

0111000
+153 0 *
Ve
1.00000000496507e-07
-8.32084107228926e-16 1.6904730469628 3.6252311481466
0 0

0101101
*
Ve
1.00000000496507e-07
2.45 1.6904730469628 3.6252311481466
0 0

0101101
*
Ed
 1.00000000496507e-07 1 1 0
1  5 0 0 2.45
0

0101000
+151 13 -150 13 *
Ed
 1e-07 1 1 0
1  6 0 0 22.9
0

0101000
+161 17 -151 17 *
Ed
 1e-07 1 1 0
1  7 0 0 22.9
0

0101000
+160 20 -150 20 *
Wi

0101100
+159 0 -149 0 -148 16 +147 19 *
Fa
0  1e-07 2 0

0111000
+146 0 *
Ve
1.00000022048481e-07
1.63439178087388e-14 82 5.59569189785999
0 0

0101101
*
Ed
 1e-07 1 1 0
1  8 0 13.2405350275499 22.9
0

0101000
+144 22 -158 17 *
Ve
1.00000022048481e-07
2.45000000000002 82 5.59569189785999
0 0

0101101
*
Ed
 1e-07 1 1 0
1  9 0 13.2405350275499 22.9
0

0101000
+142 24 -157 20 *
Ed
 1.00000005329071e-07 1 1 0
1  10 0 0 2.45
0

0101000
+144 0 -142 0 *
Wi

0101100
-143 21 -156 11 +141 23 +140 0 *
Fa
0  1e-07 3 11

0111000
+139 0 *
Ve
1e-07
0 0 0
0 0

0101101
*
Ve
1e-07
2.45 -8.1601392309949e-16 9.52016243616072e-16
0 0

0101101
*
Ed
 1e-07 1 1 0
1  11 0 0 2.45
0

0101000
+137 13 -136 13 *
Ed
 1e-07 1 1 0
1  12 0 0 4
0

0101000
+151 17 -137 17 *
Ed
 1e-07 1 1 0
1  13 0 0 4
0

0101000
+150 20 -136 20 *
Wi

0101100
+149 0 -135 0 -134 16 +133 19 *
Fa
0  1e-07 4 0

0111000
+132 0 *
Ve
1.00000022048481e-07
1.86080553358459e-14 88 2.79784594893
0 0

0101101
*
Ed
 1e-07 1 1 0
1  8 0 0 6.62026751377495
0

0101000
+137 17 -130 22 *
Ve
1.00000022048481e-07
2.45000000000002 88 2.79784594893
0 0

0101101
*
Ed
 1.00000004884981e-07 1 1 0
1  14 0 0 2.45
0

0101000
+130 0 -128 0 *
Ed
 1e-07 1 1 0
1  9 0 0 6.62026751377495
0

0101000
+136 20 -128 24 *
Wi

0101100
-129 21 -127 0 +126 23 +135 11 *
Fa
0  1e-07 3 11

0111000
+125 0 *
Ve
1e-07
88 -2 0
0 0

0101101
*
Ed
 1e-07 1 1 0
1  15 0 0 2.45
0

0101000
+123 27 -123 29 *
Ed
 1e-07 1 1 0
1  16 0 0 4.79784594893003
0

0101000
+123 0 -130 30 *
Ed
 1e-07 1 1 0
1  16 0 0 4.79784594893003
0

0101000
+123 0 -128 31 *
Wi

0101100
+122 0 -127 0 -121 27 +120 29 *
Fa
0  1e-07 5 0

0101000
+119 0 *
Ve
1e-07
82 -2 0
0 0

0101101
*
Ed
 1e-07 1 1 0
1  17 0 0 2.45
0

0101000
+117 27 -117 29 *
Ed
 1e-07 1 1 0
1  18 0 0 7.59569189786002
0

0101000
+117 0 -144 30 *
Ed
 1e-07 1 1 0
1  18 0 0 7.59569189786002
0

0101000
+117 0 -142 31 *
Wi

0101100
+116 0 -140 0 -115 27 +114 29 *
Fa
0  1e-07 6 0

0101000
+113 0 *
Ed
 1e-07 1 1 0
1  19 0 0 6
0

0101000
+123 0 -117 0 *
Wi

0101100
+122 0 -116 0 -111 27 +111 29 *
Fa
0  1e-07 7 0

0111000
+110 0 *
Wi

0101100
-155 21 +148 21 +134 21 +129 21 -121 27 +111 27 +115 27 +143 21 *
Ve
1.50000001913616e-07
-1.28303980115619e-15 -0.91582638864861 3.24164745449327
0 0

0101101
*
Ve
1.50000001136823e-07
-2.66453525910038e-15 -3.99727286457322 4.67854954441165
0 0

0101101
*
Ed
 1.5e-07 1 1 0
1  20 0 -6.325 -2.925
0

0101000
+107 13 -106 13 *
Ve
1.50000001332269e-07
-2.22044604925031e-15 -4.67346208335834 3.22845708515301
0 0

0101101
*
Ed
 1.5e-07 1 1 0
1  21 0 -1.32455731279608 0.275442687203924
0

0101000
+104 13 -106 13 *
Ve
1.50000002556957e-07
-9.50206158264615e-16 -1.59201560743373 1.79155499523463
0 0

0101101
*
Ed
 1.5e-07 1 1 0
1  22 0 -6.325 -2.925
0

0101000
+102 13 -104 13 *
Ed
 1e-07 1 1 0
1  23 0 0 1.6
0

0101000
+102 35 -107 35 *
Wi

0101100
+105 11 -103 11 -101 11 +100 34 *
Ve
1.5000000263375e-07
-6.66133814775094e-15 -14.6010739729023 9.62318320677732
0 0

0101101
*
Ve
1.50000001867706e-07
-7.61005667235146e-15 -17.6825204488269 11.0600852966957
0 0

0101101
*
Ed
 1.5e-07 1 1 0
1  24 0 0.925 4.325
0

0101000
+98 13 -97 13 *
Ve
1.50000007133531e-07
-7.27722302945989e-15 -18.358709667612 9.60999283743705
0 0

0101101
*
Ed
 1e-07 1 1 0
1  25 0 0 1.6
0

0101000
+95 35 -97 35 *
Ve
1.5000000261758e-07
-6.21724893790088e-15 -15.2772631916874 8.17309074751868
0 0

0101101
*
Ed
 1.5e-07 1 1 0
1  26 0 0.924999999999995 4.325
0

0101000
+93 13 -95 13 *
Ed
 1.5e-07 1 1 0
1  27 0 -1.07544268720364 0.524557312796362
0

0101000
+98 13 -93 13 *
Wi

0101100
+96 11 -94 34 -92 11 -91 11 *
Fa
0  1e-07 8 0

0111000
+108 0 +99 0 +90 0 *
Ve
1.00000000111022e-07
0.909999999999997 -0.915826388648611 3.24164745449327
0 0

0101101
*
Ed
 1.00000000111022e-07 1 1 0
1  28 0 0 0.909999999999998
0

0101000
-88 13 +107 13 *
Ve
1.00000000111022e-07
1.5 -0.381104794296987 2.99230268006626
0 0

0101101
*
Ed
 1e-07 1 1 0
1  29 0 2.44658946290545 3.28097546470558
0

0101000
+88 37 -86 37 *
Ve
2.12133034355964e-07
1.5 -0.37204171642662 2.98807649744885
0 0

0101101
*
Ed
 1.00000000111022e-07 1 1 0
1  30 0 0.589999999999999 0.6
0

0101000
+86 40 -84 40 *
Ve
1.50000000444089e-07
2.45 -3.99727286457322 4.67854954441165
0 0

0101101
*
Ed
 1e-07 1 1 0
1  31 0 3.2 5.65
0

0101000
+106 13 -82 13 *
Ve
1.50000002448161e-07
2.45 -0.372041716426621 2.98807649744885
0 0

0101101
*
Ed
 1e-07 1 1 0
1  32 0 4.7 5.65
0

0101000
+84 13 -80 13 *
Ed
 1.5e-07 1 1 0
1  33 0 -6.925 -2.925
0

0101000
+80 13 -82 13 *
Wi

0101100
-87 1 -85 0 +105 1 -83 39 +81 1 -79 1 -78 1 *
Fa
0  1e-07 9 0

0111000
+77 36 *
Ve
1.00000000496507e-07
0.909999999999997 -1.59201560743373 1.79155499523463
0 0

0101101
*
Ed
 1.00000000496507e-07 1 1 0
1  34 0 0 0.909999999999998
0

0101000
-75 13 +102 13 *
Ed
 1e-07 1 1 0
1  35 0 1.56400838818098e-16 1.6
0

0101000
+75 37 -88 37 *
Wi

0101100
+74 1 +73 0 -100 41 -87 1 *
Fa
0  1e-07 10 0

0111000
+72 36 *
Ve
1.5e-07
1.5 -1.05729401308211 1.54221022080761
0 0

0101101
*
Ed
 1e-07 1 1 0
1  36 0 2.44658946290545 3.28097546470558
0

0101000
+75 37 -70 37 *
Ed
 1e-07 1 1 0
1  37 0 2.26352069474555e-16 1.6
0

0101000
+70 37 -86 37 *
Wi

0101100
-69 0 +73 0 -68 0 +85 0 *
Fa
0  1e-07 11 0

0111000
+67 0 *
Ve
1.50000002782211e-07
1.5 -1.04823093521174 1.53798403819021
0 0

0101101
*
Ed
 1.5e-07 1 1 0
1  38 0 -0.400099673778123 1.19990032622188
0

0101000
+84 13 -65 13 *
Ed
 1.5e-07 1 1 0
1  39 0 6.91391463946192 6.92391463946192
0

0101000
+70 13 -65 13 *
Wi

0101100
-83 39 -68 0 -64 1 +63 1 *
Fa
0  1e-07 12 38

0111000
+62 36 *
Ve
1.50000001601186e-07
2.45 -4.67346208335834 3.22845708515301
0 0

0101101
*
Ed
 1e-07 1 1 0
1  40 0 3.2 5.65
0

0101000
+104 13 -60 13 *
Ed
 1.5e-07 1 1 0
1  41 0 -1.32455731279608 0.275442687203924
0

0101000
+60 13 -82 13 *
Wi

0101100
+103 0 -59 0 -58 0 +81 0 *
Fa
0  1e-07 13 0

0111000
+57 0 *
Ve
1.50000002328823e-07
2.45 -1.04823093521174 1.53798403819021
0 0

0101101
*
Ed
 1e-07 1 1 0
1  42 0 4.7 5.65
0

0101000
+65 13 -55 13 *
Ed
 1.5e-07 1 1 0
1  43 0 -1.32455731279608 0.275442687203923
0

0101000
+55 13 -80 13 *
Wi

0101100
-54 0 -53 0 +79 0 -64 0 *
Fa
0  1e-07 14 0

0111000
+52 0 *
Ed
 1.5e-07 1 1 0
1  44 0 -6.925 -2.925
0

0101000
+55 13 -60 13 *
Wi

0101100
-74 1 -69 0 +101 1 -63 1 +59 1 -54 1 -50 1 *
Fa
0  1e-07 15 0

0111000
+49 36 *
Ve
1.00000001776357e-07
1.49999999999999 -18.2172420431785 11.3094300711227
0 0

0101101
*
Ve
1.00000003972055e-07
1.49999999999999 -18.2263051210489 11.3136562537401
0 0

0101101
*
Ed
 1.00000001776357e-07 1 1 0
1  45 0 0 0.0100000000000002
0

0101000
-47 40 +46 40 *
Ve
1e-07
0.909999999999994 -17.6825204488269 11.0600852966957
0 0

0101101
*
Ed
 1e-07 1 1 0
1  46 0 -1.86676190233248 -1.03237590053236
0

0101000
+47 37 -44 37 *
Ve
1.50000001831027e-07
2.44999999999999 -18.2263051210489 11.3136562537401
0 0

0101101
*
Ed
 1e-07 1 1 0
1  47 0 4.7 5.65
0

0101000
+46 13 -42 13 *
Ed
 1e-07 1 1 0
1  48 0 0 0.910000000000002
0

0101000
-44 13 +97 13 *
Ve
1.50000001776357e-07
2.44999999999999 -14.6010739729023 9.62318320677732
0 0

0101101
*
Ed
 1.5e-07 1 1 0
1  49 0 0.925000000000001 4.925
0

0101000
+39 13 -42 13 *
Ed
 1e-07 1 1 0
1  50 0 3.2 5.65
0

0101000
+98 13 -39 13 *
Wi

0101100
-45 39 -43 0 +41 1 +40 1 -38 1 +96 1 -37 1 *
Fa
0  1e-07 16 0

0111000
+36 36 *
Ve
1.50000001831027e-07
2.44999999999999 -15.2772631916874 8.17309074751868
0 0

0101101
*
Ed
 1.5e-07 1 1 0
1  51 0 -1.07544268720364 0.524557312796364
0

0101000
+39 13 -34 13 *
Ed
 1e-07 1 1 0
1  52 0 3.2 5.65
0

0101000
+93 13 -34 13 *
Wi

0101100
+91 0 -37 0 -33 0 +32 0 *
Fa
0  1e-07 17 0

0111000
+31 0 *
Ve
1.00000006404746e-07
1.49999999999999 -18.8934312619636 9.85933761186407
0 0

0101101
*
Ve
1.00000006404746e-07
1.49999999999999 -18.902494339834 9.86356379448148
0 0

0101101
*
Ed
 1.00000006404746e-07 1 1 0
1  53 0 0 0.0100000000000027
0

0101000
-29 40 +28 40 *
Ve
1.00000006404746e-07
0.909999999999995 -18.358709667612 9.60999283743705
0 0

0101101
*
Ed
 1e-07 1 1 0
1  54 0 -1.86676190233248 -1.03237590053236
0

0101000
+29 37 -26 37 *
Ve
1.50000003580362e-07
2.44999999999999 -18.902494339834 9.86356379448148
0 0

0101101
*
Ed
 1e-07 1 1 0
1  55 0 4.7 5.65
0

0101000
+28 13 -24 13 *
Ed
 1.00000006404746e-07 1 1 0
1  56 0 0 0.910000000000002
0

0101000
-26 13 +95 13 *
Ed
 1.5e-07 1 1 0
1  57 0 0.924999999999996 4.925
0

0101000
+34 13 -24 13 *
Wi

0101100
-27 39 -25 0 +23 1 +22 1 -21 1 +92 1 -32 1 *
Fa
0  1e-07 18 0

0111000
+20 36 *
Ed
 1.5e-07 1 1 0
1  58 0 -1.32455731279638 0.275442687203626
0

0101000
+24 13 -42 13 *
Ed
 1.00000003972055e-07 1 1 0
1  59 0 0 1.6
0

0101000
+28 40 -46 40 *
Wi

0101100
-23 0 -18 0 +41 0 +17 43 *
Fa
0  1e-07 19 0

0111000
+16 0 *
Ed
 1e-07 1 1 0
1  60 0 7.99067266161595e-15 1.60000000000001
0

0101000
+29 37 -47 37 *
Wi

0101100
-45 39 +14 0 -17 39 +27 39 *
Fa
0  1e-07 20 38

0111000
+13 36 *
Ed
 1e-07 1 1 0
1  61 0 6.33430481160371e-15 1.6
0

0101000
+26 37 -44 37 *
Wi

0101100
-25 0 +14 0 -11 0 +43 0 *
Fa
0  1e-07 21 0

0111000
+10 0 *
Wi

0101100
+22 1 +11 0 -94 41 -40 1 *
Fa
0  1e-07 22 0

0111000
+8 36 *
Wi

0101100
+154 23 -141 23 -114 29 -111 29 +120 29 -126 23 -133 23 -147 23 *
Wi

0101100
-78 11 -53 11 +50 11 +58 11 *
Wi

0101100
-38 11 +33 11 +21 11 +18 11 *
Fa
0  1e-07 23 0

0101000
+6 0 +5 0 +4 0 *
Sh

0101100
-152 11 +145 11 +138 0 +131 11 +124 0 -118 0 +112 0 +109 0 +89 0 -76 11 
+71 11 -66 42 +61 11 +56 11 -51 11 +48 11 -35 11 +30 11 +19 11 +15 11 
+12 11 -9 42 -7 11 +3 0 *
So

1100000
+2 0 *

+1 0 ]]>
      </Part>
      <ElementMap new="1" count="1"><Element key="Dummy" value="Dummy"/></ElementMap>
      <ElementMap2 count="134">
<![CDATA[
7 PostfixCount 18
Edge
Face
Vertex
;:H1394,V
;:H1394,E
;:H1394,F
;:M3;FUS;:H1394:8,E
;:M;FUS;:H1394:7,E
;:M2;FUS;:H1394:8,F
;:M;FUS;:H1394:7,F
;:M#d62;RFI;:H1394:b,F
;:M;FUS;:H-1391:7,E
;:H-1391,V
;:M;FUS;:H-1391:7,V
;:H-1391,E
;:M;FUS;:H-1391:7,F
;:H-1391,F
;:M#d60;RFI;:H1394:b,F

MapCount 1

ElementMap 1 7 3

Edge

ChildCount 0

NameCount 67
0
$#5c1.5 0
$#5c3.5 0
$#598.5 0
$#57c.5 0
$#d59.5 0
$#597.5 0
$#57b.5 0
$#64c.7 0
$#648.7 0
$#b5e.c 0
$#a1a.5 0
$#599.5 0
$#57d.5 0
$#64c.8 0
$#b5d.c 0
$#648.8 0
$#b5c.f 0
$#b4e.c 0
$#b89.c 0
$#b5f.f 0
$#b55.c 0
$#b8a.c 0
$#b56.f 0
$#b81.f 0
$#d41.5 0
$#d44.5 0
$#d45.5 0
$#602.5 0
$#d48.5 0
$#603.5 0
$#d4b.5 0
$#d49.5 0
$#5e9.5 0
$#5ea.5 0
$#5eb.5 0
$#5ec.5 0
$#5ed.5 0
$#d42.5 0
$#5ef.5 0
$#60b.5 0
$#5f0.5 0
$#60c.5 0
$#d4e.5 0
$#d4f.5 0
$#5ee.5 0
$#d50.5 0
$#5f2.5 0
$#d51.5 0
$#d52.5 0
$#5f4.5 0
$#5f5.5 0
$#5f6.5 0
$#5f7.5 0
$#d53.5 0
$#5f8.5 0
$#d56.5 0
$#5fe.5 0
$#5fb.5 0
$#5fc.5 0
$#5f9.5 0
$#5fd.5 0
$#d55.5 0
$#d54.5 0
$#5fa.5 0
$#60d.5 0
$#60e.5 0

Face

ChildCount 0

NameCount 25
0
$#61b.6 0
$#61a.6 0
$#650.9 0
$#61c.6 0
$#650.a 0
$#b58.10 0
$#b5a.10 0
$#b5b.11 0
$#d61.12 0
$#62c.6 0
$#642.6 0
$#643.6 0
$#644.6 0
$#62d.6 0
$#62f.6 0
$#62e.6 0
$#630.6 0
$#633.6 0
$#632.6 0
$#631.6 0
$#645.6 0
$#646.6 0
$#647.6 0
$#79b.b.b8c.d62 0

Vertex

ChildCount 0

NameCount 45
0
$#518.4 0
$#4fc.4 0
$#51c.4 0
$#4fe.4 0
$#51b.4 0
$#d3b.4 0
$#b51.e 0
$#b8d.e 0
$#654.4 0
$#652.4 0
$#b50.e 0
$#b8e.e 0
$#b4f.d 0
$#b7f.d 0
$#b52.d 0
$#b80.d 0
$#53c.4 0
$#d2d.4 0
$#d32.4 0
$#540.4 0
$#d34.4 0
$#542.4 0
$#546.4 0
$#d35.4 0
$#55a.4 0
$#55b.4 0
$#55c.4 0
$#d2e.4 0
$#d2f.4 0
$#55d.4 0
$#d30.4 0
$#d38.4 0
$#d39.4 0
$#d3a.4 0
$#560.4 0
$#561.4 0
$#562.4 0
$#d3d.4 0
$#d3c.4 0
$#d3f.4 0
$#564.4 0
$#563.4 0
$#565.4 0
$#d3e.4 0

EndMap
]]>
      </ElementMap2>
    </Property>
    <Property name="Suppress" type="App::PropertyBool">
      <Bool value="false"/>
    </Property>
    <Property name="SuppressedShape" type="Part::PropertyPartShape">
      <Part ElementMap="0.15.70200.4" brep="1">
<![CDATA[

CASCADE Topology V1, (c) Matra-Datavision
Locations 0
Curve2ds 0
Curves 0
Polygon3D 0
PolygonOnTriangulations 0
Surfaces 0
Triangulations 0

TShapes 0

*]]>
      </Part>
      <ElementMap/>
    </Property>
    <Property name="TaperAngle" type="App::PropertyAngle">
      <Float value="0"/>
    </Property>
    <Property name="TaperAngle2" type="App::PropertyAngle" status="4">
      <Float value="0"/>
    </Property>
    <Property name="TaperAngleRev" type="App::PropertyAngle" status="4">
      <Float value="0"/>
    </Property>
    <Property name="TaperInnerAngle" type="App::PropertyAngle">
      <Float value="0"/>
    </Property>
    <Property name="TaperInnerAngleRev" type="App::PropertyAngle">
      <Float value="0"/>
    </Property>
    <Property name="TreeRank" type="App::PropertyInteger" status="2184">
      <Integer value="16"/>
    </Property>
    <Property name="Type" type="App::PropertyEnumeration">
      <Integer value="0"/>
    </Property>
    <Property name="UpToFace" type="App::PropertyLinkSub" status="4">
      <LinkSub value="" count="0">
      </LinkSub>
    </Property>
    <Property name="UseCustomVector" type="App::PropertyBool">
      <Bool value="false"/>
    </Property>
    <Property name="UsePipeForDraft" type="App::PropertyBool">
      <Bool value="false"/>
    </Property>
    <Property name="ValidateShape" type="App::PropertyBool">
      <Bool value="true"/>
    </Property>
    <Property name="Visibility" type="App::PropertyBool" status="648">
      <Bool value="false"/>
    </Property>
    <Property name="_ProfileBasedVersion" type="App::PropertyInteger" status="67108864">
      <Integer value="1"/>
    </Property>
    <Property name="_Siblings" type="App::PropertyLinkList" status="218103808">
      <LinkList count="0">
      </LinkList>
    </Property>
  </Properties>
</Object>
</Document>
