<?xml version='1.0' encoding='utf-8'?>
<!-- FreeCAD DocumentObject -->
<Document SchemaVersion="4" FileVersion="2">
<Object name="Pad001">
  <Properties Count="47" TransientCount="2">
    <_Property name="_Body" type="App::PropertyLinkHidden" status="251658240"/>
    <_Property name="_ElementMapVersion" type="App::PropertyString" status="234881024"/>
    <Property name="AddSubShape" type="Part::PropertyPartShape">
      <Part HasherIndex="0" ElementMap="1.15.70200.4" brep="1">
<![CDATA[

CASCADE Topology V1, (c) Matra-Datavision
Locations 5
1
              1               0               0               0 
              0               1               0               0 
              0               0               1               0 
1
              1               0               0               0 
              0 -4.44089209850063e-16              -1               0 
              0               1 -4.44089209850063e-16               0 
2  1 1 2 1 0
1
              1               0               0              -0 
              0               1               0              90 
              0               0               1 3.99680288865056e-14 
2  1 1 2 1 4 1 0
Curve2ds 0
Curves 8
1 1.5 1.5498713423767186e-15 -3.4900000000000002 -0 1 4.4408920985006262e-16 
1 2.6000000000000001 1.5498713423767186e-15 -3.4900000000000002 -0 1 4.4408920985006262e-16 
1 1.5 -3.4900000000000002 0 1 0 0 
1 2.6000000000000001 4.4408920985006262e-16 -1 -0 1 4.4408920985006262e-16 
1 2.6000000000000001 -3.4900000000000002 0 0 1 0 
1 1.5 4.4408920985006262e-16 -1 -0 1 4.4408920985006262e-16 
1 2.6000000000000001 -1 0 -1 0 0 
1 1.5 -1 0 0 -1 0 
Polygon3D 0
PolygonOnTriangulations 0
Surfaces 5
1 1.5 1.5498713423767186e-15 -3.4900000000000002 0 4.4408920985006262e-16 -1 1 0 0 0 -1 -4.4408920985006262e-16 
1 2.6000000000000001 1.5498713423767186e-15 -3.4900000000000002 1 0 0 0 -4.4408920985006262e-16 1 0 -1 -4.4408920985006262e-16 
1 2.6000000000000001 4.4408920985006262e-16 -1 0 -4.4408920985006262e-16 1 -1 0 0 -0 -1 -4.4408920985006262e-16 
1 1.5 4.4408920985006262e-16 -1 -1 0 -0 0 4.4408920985006262e-16 -1 0 -1 -4.4408920985006262e-16 
1 2.0499999999999998 9.9698027611339062e-16 -2.2450000000000001 0 1 4.4408920985006262e-16 0 -4.4408920985006262e-16 1 1 0 -0 
Triangulations 0

TShapes 24
Ve
1e-07
1.5 -3.49 0
0 0

0101101
*
Ed
 1e-07 1 1 0
1  1 0 0 90
0

0101000
+24 3 -24 5 *
Ve
1e-07
2.6 -3.49 0
0 0

0101101
*
Ed
 1e-07 1 1 0
1  2 0 0 90
0

0101000
+22 3 -22 5 *
Ed
 1e-07 1 1 0
1  3 0 0 1.1
0

0101000
+24 0 -22 0 *
Wi

0101100
+23 0 -21 0 -20 3 +20 5 *
Fa
0  1e-07 1 0

0101000
+19 0 *
Ve
1e-07
2.6 -1 0
0 0

0101101
*
Ed
 1e-07 1 1 0
1  4 0 0 90
0

0101000
+17 3 -17 5 *
Ed
 1e-07 1 1 0
1  5 0 0 2.49
0

0101000
+22 0 -17 0 *
Wi

0101100
+21 0 -16 0 -15 3 +15 5 *
Fa
0  1e-07 2 0

0101000
+14 0 *
Ve
1e-07
1.5 -1 0
0 0

0101101
*
Ed
 1e-07 1 1 0
1  6 0 0 90
0

0101000
+12 3 -12 5 *
Ed
 1e-07 1 1 0
1  7 0 0 1.1
0

0101000
+17 0 -12 0 *
Wi

0101100
+16 0 -11 0 -10 3 +10 5 *
Fa
0  1e-07 3 0

0101000
+9 0 *
Ed
 1e-07 1 1 0
1  8 0 0 2.49
0

0101000
+12 0 -24 0 *
Wi

0101100
+11 0 -23 0 -7 3 +7 5 *
Fa
0  1e-07 4 0

0101000
+6 0 *
Wi

0101100
+20 0 +15 0 +10 0 +7 0 *
Fa
0  1e-07 5 0

0101000
-4 3 *
Sh

0101100
-18 0 -13 0 -8 0 -5 0 +3 0 -3 4 *
So

1100000
-2 0 *

+1 0 ]]>
      </Part>
      <ElementMap new="1" count="1"><Element key="Dummy" value="Dummy"/></ElementMap>
      <ElementMap2 count="26">
<![CDATA[
14 PostfixCount 11
Edge
Face
Vertex
;:G;XTR;:H13a8:7,F
;FAC;:H13a8:4,F
;:G;XTR;:H13a8:7,E
;:G0;XTR;:H13a8:8,F
;:U;XTR;:H13a8:7,E
;:U;XTR;:H13a8:7,V
;SKT;:H13a8,E
;SKT;:H13a8,V

MapCount 1

ElementMap 1 14 3

Edge

ChildCount 0

NameCount 13
0
$#b95.6 0
$#b96.6 0
;g3.a 0
$#b9f.8 0
$#b97.6 0
;g4.a 0
$#ba0.8 0
$#b98.6 0
;g5.a 0
$#ba1.8 0
;g6.a 0
$#ba2.8 0

Face

ChildCount 0

NameCount 7
0
$#b93.4 0
$#b99.4 0
$#b9a.4 0
$#b9b.4 0
$#b93.5 0
$#b9d.7 0

Vertex

ChildCount 0

NameCount 9
0
;g3v1.b 0
$#ba4.9 0
;g3v2.b 0
$#ba5.9 0
;g4v2.b 0
$#ba6.9 0
;g5v2.b 0
$#ba7.9 0

EndMap
]]>
      </ElementMap2>
    </Property>
    <Property name="AddSubType" type="App::PropertyEnumeration">
      <Integer value="1"/>
    </Property>
    <Property name="AllowMultiFace" type="App::PropertyBool">
      <Bool value="true"/>
    </Property>
    <Property name="AlongSketchNormal" type="App::PropertyBool">
      <Bool value="false"/>
    </Property>
    <Property name="AutoTaperInnerAngle" type="App::PropertyBool">
      <Bool value="true"/>
    </Property>
    <Property name="BaseFeature" type="App::PropertyLink" status="8">
      <Link value="Pad"/>
    </Property>
    <Property name="CheckUpToFaceLimits" type="App::PropertyBool">
      <Bool value="true"/>
    </Property>
    <Property name="ClaimChildren" type="App::PropertyBool" status="134217728">
      <Bool value="false"/>
    </Property>
    <Property name="ColoredElements" type="App::PropertyLinkSubHidden" status="218103808">
      <LinkSub value="" count="0">
      </LinkSub>
    </Property>
    <Property name="Direction" type="App::PropertyVector" status="4">
      <PropertyVector valueX="0" valueY="-1" valueZ="-4.440892098500626e-16"/>
    </Property>
    <Property name="ExpressionEngine" type="App::PropertyExpressionEngine" status="67108864">
      <ExpressionEngine count="0"></ExpressionEngine>
    </Property>
    <Property name="Fit" type="App::PropertyDistance">
      <Float value="0"/>
    </Property>
    <Property name="FitJoin" type="App::PropertyEnumeration">
      <Integer value="0"/>
    </Property>
    <Property name="FixShape" type="App::PropertyEnumeration">
      <Integer value="0"/>
    </Property>
    <Property name="InnerFit" type="App::PropertyDistance">
      <Float value="0"/>
    </Property>
    <Property name="InnerFitJoin" type="App::PropertyEnumeration">
      <Integer value="0"/>
    </Property>
    <Property name="InvalidShape" type="App::PropertyBool" status="67108864">
      <Bool value="false"/>
    </Property>
    <Property name="Label" type="App::PropertyString" status="134217728">
      <String value="Pad001"/>
    </Property>
    <Property name="Label2" type="App::PropertyString" status="128">
      <String value=""/>
    </Property>
    <Property name="Length" type="App::PropertyLength">
      <Float value="90"/>
    </Property>
    <Property name="Length2" type="App::PropertyLength" status="4">
      <Float value="10"/>
    </Property>
    <Property name="Linearize" type="App::PropertyBool">
      <Bool value="true"/>
    </Property>
    <Property name="Midplane" type="App::PropertyBool">
      <Bool value="false"/>
    </Property>
    <Property name="NewSolid" type="App::PropertyBool">
      <Bool value="false"/>
    </Property>
    <Property name="Offset" type="App::PropertyLength" status="4">
      <Float value="0"/>
    </Property>
    <Property name="Placement" type="App::PropertyPlacement" status="8388620">
      <PropertyPlacement Px="0" Py="0" Pz="0" Q0="0" Q1="0" Q2="0" Q3="1" A="0" Ox="0" Oy="0" Oz="1"/>
    </Property>
    <Property name="Profile" type="App::PropertyLinkSub">
      <LinkSub value="Sketch003" count="1">
        <Sub value=""/>
      </LinkSub>
    </Property>
    <Property name="ReferenceAxis" type="App::PropertyLinkSub">
      <LinkSub value="Sketch003" count="1">
        <Sub value="N_Axis"/>
      </LinkSub>
    </Property>
    <Property name="Refine" type="App::PropertyBool">
      <Bool value="false"/>
    </Property>
    <Property name="Reversed" type="App::PropertyBool">
      <Bool value="true"/>
    </Property>
    <Property name="Shape" type="Part::PropertyPartShape">
      <Part HasherIndex="0" ElementMap="1.15.70200.4" brep="1">
<![CDATA[

CASCADE Topology V1, (c) Matra-Datavision
Locations 49
1
              1               0               0               0 
              0               1               0               0 
              0               0               1               0 
1
              1               0               0               0 
              0               1               0               0 
              0               0               1               0 
1
              1               0               0               0 
              0               1               0               0 
              0               0               1               0 
1
              1               0               0               0 
              0               1               0               0 
              0               0               1               0 
1
              1               0               0               0 
              0               1               0               0 
              0               0               1               0 
1
              1               0               0               0 
              0               1               0               0 
              0               0               1               0 
1
              1               0               0               0 
              0               1               0               0 
              0               0               1               0 
1
              1               0               0               0 
              0               1               0               0 
              0               0               1               0 
1
              1               0               0               0 
              0               1               0              94 
              0               0               1               0 
1
              1               0               0               0 
              0               1               0               0 
              0               0               1               0 
1
              1               0               0               0 
              0               1               0               0 
              0               0               1               0 
2  1 1 2 1 3 1 4 1 5 1 6 1 7 1 8 1 9 1 10 1 11 1 0
1
              1               0               0               0 
              0               1               0               0 
              0               0               1               0 
2  13 -1 1 -1 0
1
              1               0               0               0 
              0               1               0               0 
              0               0               1               0 
1
2.22044604925031e-16 -3.33066907387547e-16               1               0 
              1 3.33066907387547e-16 -2.22044604925031e-16               0 
-3.33066907387547e-16               1 3.33066907387547e-16               0 
2  15 1 16 1 0
2  13 -1 1 -1 16 -1 15 -1 0
1
              1               0               0            2.45 
              0               1               0 -8.1601392309949e-16 
              0               0               1 9.52016243616072e-16 
2  15 1 16 1 19 1 0
2  13 -1 1 -1 19 -1 16 -1 15 -1 0
2  1 1 2 1 3 1 4 1 5 1 6 1 7 1 8 1 9 1 10 1 0
2  15 1 16 1 1 1 2 1 3 1 4 1 5 1 6 1 7 1 8 1 9 1 10 1 0
2  10 -1 9 -1 8 -1 7 -1 6 -1 5 -1 4 -1 3 -1 2 -1 1 -1 16 -1 15 -1 0
2  15 1 16 1 19 1 1 1 2 1 3 1 4 1 5 1 6 1 7 1 8 1 9 1 10 1 0
2  10 -1 9 -1 8 -1 7 -1 6 -1 5 -1 4 -1 3 -1 2 -1 1 -1 19 -1 16 -1 15 -1 0
1
              1               0               0               0 
              0               1               0               0 
              0               0               1               0 
1
2.22044604925031e-16 -3.33066907387547e-16               1               0 
              1 3.33066907387547e-16 -2.22044604925031e-16               0 
-3.33066907387547e-16               1 3.33066907387547e-16               0 
2  27 1 28 1 0
2  28 -1 27 -1 0
1
              1               0               0               0 
              0               1               0               0 
              0               0               1               0 
1
2.22044604925031e-16 -3.33066907387547e-16               1               0 
              1 3.33066907387547e-16 -2.22044604925031e-16               0 
-3.33066907387547e-16               1 3.33066907387547e-16               0 
2  31 1 32 1 1 1 2 1 3 1 4 1 5 1 6 1 7 1 8 1 9 1 10 1 0
2  13 -1 1 -1 32 -1 31 -1 0
2  15 1 16 1 19 1 1 1 2 1 3 1 4 1 5 1 6 1 7 1 8 1 9 1 10 1 11 1 0
1
              1               0               0            2.45 
              0               1               0 -8.1601392309949e-16 
              0               0               1 9.52016243616072e-16 
2  27 1 28 1 36 1 11 1 0
2  11 -1 36 -1 28 -1 27 -1 0
2  36 -1 28 -1 27 -1 0
2  27 1 28 1 11 1 0
2  11 -1 0
2  1 -1 0
2  13 -1 0
1
              1               0               0             1.5 
              0               1               0 -4.9960036108132e-16 
              0               0               1 5.82867087928207e-16 
2  31 1 32 1 44 1 1 1 0
2  13 -1 1 -1 44 -1 32 -1 31 -1 0
2  31 1 32 1 1 1 0
2  31 1 32 1 44 1 0
2  2 1 3 1 4 1 5 1 6 1 7 1 8 1 9 1 10 1 11 1 0
Curve2ds 12
8 -47.773883982479482 -31.019435659340203
1 -5.7746973563433013 42.226116017520518 -4.440892098500637e-16 1 
8 -47.773883982479482 -31.019435659340203
1 0.14999999999996438 -42.226116017520518 -5.1465611592465116e-16 1 
8 -1.1499999999999952 -0.19999999999997664
1 2.0000000000000635 -1.3000000000000049 3.3306690738754716e-16 1 
8 -1.1499999999999952 -0.19999999999997664
1 1.2999999999999767 -82 1 -3.3306690738754711e-16 
8 -1.0000000000000639 0.99999999999999956
1 0.99999999999999956 -1.4999999999999813 -1 3.3306690738754691e-16 
8 -1.0000000000000639 0.99999999999999956
1 1.0000000000000639 -82 1 7.7715611723760958e-16 
8 -1.1499999999999952 -0.19999999999997509
1 2.0000000000000679 -1.3000000000000049 3.3306690738754716e-16 1 
8 -1.1499999999999952 -0.19999999999997509
1 1.2999999999999752 -88 1 -3.3306690738754711e-16 
8 -1.0000000000000684 0.99999999999999956
1 0.99999999999999956 -1.49999999999998 -1 3.3306690738754691e-16 
8 -1.0000000000000684 0.99999999999999956
1 1.0000000000000684 -88 1 7.7715611723760958e-16 
8 38 44
1 44 -1.4999999999999893 -1 2.2204460492503131e-16 
8 38 44
1 2.0000000000000338 -44 7.7715611723760978e-16 -1 
Curves 68
1 -8.6639049910329583e-15 -19.063975276176482 13.303189342008626 1 -3.3306690738754696e-16 3.8857805861880479e-16 
1 -7.831820883804031e-15 -20.754448323139279 9.6779581938620236 1 -3.3306690738754696e-16 3.8857805861880479e-16 
1 -19.063975276176485 13.303189342008618 -2.3498163739805536e-31 -0.42261826174069916 -0.90630778703665016 -5.2091722581202786e-33 
1 -19.063975276176485 13.303189342008618 -2.3498163739805536e-31 -0.42261826174069916 -0.90630778703665016 -5.2091722581202786e-33 
1 -8.3208410722892556e-16 1.6904730469627987 3.6252311481465993 1 -3.3306690738754696e-16 3.8857805861880479e-16 
1 -19.063975276176485 13.303189342008618 -2.3498163739805536e-31 0.90630778703664994 -0.4226182617406995 1.1171105957665349e-32 
1 -19.063975276176485 13.303189342008618 -2.3498163739805536e-31 0.90630778703664994 -0.4226182617406995 1.1171105957665349e-32 
1 0 0 0 -0.90630778703664994 0.42261826174069944 -1.1171105957665349e-32 
1 0 0 0 -0.90630778703664994 0.42261826174069944 -1.1171105957665349e-32 
1 1.6343917808738778e-14 82 5.5956918978599939 1 -3.3306690738754696e-16 3.8857805861880479e-16 
1 1.690473046962798 3.6252311481465997 2.0836689032481131e-32 -0.4226182617406995 -0.90630778703664994 -5.2091722581202827e-33 
1 88 -3 0 0 1 0 
1 88 -3 0 -1 0 0 
1 82 -3 0 0 1 0 
1 -3.1114525380770676e-15 -6.6482231416554214 5.914707960003196 -3.4200091195650799e-16 -0.90630778703664994 0.42261826174069972 
1 -2.4978912098356407e-15 -4.1136799742485284 4.4289136921164332 -2.0802102680723072e-16 0.42261826174070005 0.90630778703664971 
1 -2.5009465067812199e-15 -7.3244123604405429 4.4646155007445527 -3.4200091195650799e-16 -0.90630778703664994 0.42261826174069972 
1 -1.5920156074337319 1.7915549952346266 -1.9623107393846101e-32 0.42261826174069944 0.90630778703664994 5.209172258120282e-33 
1 -5.5539431922523532e-15 -13.762739269893363 9.2322613146671699 -3.4200091195650789e-16 -0.90630778703665005 0.42261826174069939 
1 -18.358709667612001 9.6099928374370442 -2.262885676106581e-31 0.42261826174070038 0.9063077870366496 5.2091722581202936e-33 
1 -5.1654817658815364e-15 -14.438928488678485 7.7821688554085302 -3.4200091195650804e-16 -0.90630778703664994 0.42261826174069983 
1 -6.2749533841814631e-15 -15.055575691970013 8.6485011248530395 2.0802102680723102e-16 -0.42261826174069916 -0.90630778703665005 
1 1.690473046962798 3.6252311481465997 2.0836689032481131e-32 -0.4226182617406995 -0.90630778703664994 -5.2091722581202827e-33 
1 2.4500000000000357 42.226116017520518 -0.99999999999998135 5.1465611592465116e-16 -1 -4.4408920985006262e-16 
1 2.4499999999999971 -6.6482231416554214 5.9147079600031969 -3.4200091195650799e-16 -0.90630778703664994 0.42261826174069972 
1 2.4499999999999993 -0.48844882610193008 2.7384406451536361 -2.0802102680723082e-16 0.42261826174069972 0.90630778703664983 
1 2.4499999999999975 -4.1136799742485293 4.428913692116434 -2.0802102680723072e-16 0.42261826174070005 0.90630778703664971 
1 2.4499999999999975 -7.3244123604405429 4.4646155007445536 -3.4200091195650799e-16 -0.90630778703664994 0.42261826174069972 
1 2.4499999999999944 -13.762739269893363 9.2322613146671699 -3.4200091195650789e-16 -0.90630778703665005 0.42261826174069939 
1 2.449999999999994 -15.055575691970013 8.6485011248530412 2.0802102680723102e-16 -0.42261826174069916 -0.90630778703665005 
1 2.4499999999999922 -18.34271223072405 11.06402040144517 -2.0802102680723003e-16 0.42261826174070188 0.90630778703664883 
1 2.4499999999999948 -14.438928488678485 7.7821688554085302 -3.4200091195650804e-16 -0.90630778703664994 0.42261826174069983 
1 0 0 0 1 -3.3306690738754696e-16 3.8857805861880479e-16 
1 1.3000000000000234 82 -0.99999999999996358 -1 3.3306690738754711e-16 1.4791141972893978e-31 
1 1.5 82 -2.0000000000000275 0 -3.3306690738754696e-16 -1 
1 1.9206858326015208e-14 82 -3.0000000000000275 1 -3.3306690738754696e-16 3.8857805861880479e-16 
1 1.8608055335845854e-14 88 2.7978459489299992 1 -3.3306690738754696e-16 3.8857805861880479e-16 
1 1.3000000000000249 88 -0.99999999999996092 -1 3.3306690738754711e-16 1.4791141972893978e-31 
1 1.5 88 -2.0000000000000293 0 -3.3306690738754696e-16 -1 
1 2.0539125955565396e-14 88 -3.0000000000000293 1 -3.3306690738754696e-16 3.8857805861880479e-16 
1 1.5 44 -3.0000000000000142 0 1 -3.3306690738754711e-16 
1 -1.2830398011561864e-15 -0.91582638864860977 3.241647454493271 1 -3.3306690738754696e-16 3.8857805861880479e-16 
8 2.4465894629054539 3.2809754647055804
1 -0.82000000000000262 -2.4837388602220138 3.9727770473046813 0.70710678118654768 0.64085638205578854 -0.29883623873011989 
1 -0.91582638864861088 3.2416474544932705 -1.1288431780853626e-32 0.90630778703665005 -0.42261826174069939 1.117110595766535e-32 
1 -3.2000000000000028 -3.9972728645732181 4.6785495444116485 1 -3.3306690738754696e-16 3.8857805861880479e-16 
1 -3.2000000000000011 -0.37204171642661893 2.9880764974488496 1 -3.3306690738754696e-16 3.8857805861880479e-16 
1 -3.2000000000000024 -4.6734620833583405 3.2284570851530052 1 -3.3306690738754696e-16 3.8857805861880479e-16 
1 -9.5020615826461508e-16 -1.5920156074337313 1.791554995234627 1 -3.3306690738754696e-16 3.8857805861880479e-16 
8 2.4465894629054539 3.2809754647055804
1 -0.82000000000000239 -3.1599280790071353 2.5226845880460376 0.70710678118654768 0.64085638205578854 -0.29883623873011989 
1 1.4999999999999969 -7.3234286897331362 4.4641568075605873 1.4076015744347658e-16 0.90630778703664994 -0.42261826174069972 
1 -3.2000000000000011 -1.0482309352117405 1.5379840381902061 1 -3.3306690738754696e-16 3.8857805861880479e-16 
1 0.90999999999999759 -1.5920156074337317 1.7915549952346277 -2.0802102680723136e-16 0.42261826174069972 0.90630778703664983 
1 -18.226305121048867 11.313656253740108 -2.246565555722648e-31 0.90630778703664916 -0.42261826174070133 1.117110595766534e-32 
8 -1.8667619023324822 -1.0323759005323598
1 0.17999999999999372 -17.02091576429012 10.751573965624983 -0.70710678118654746 0.64085638205578865 -0.29883623873011994 
1 -3.2000000000000082 -18.226305121048863 11.313656253740112 1 -3.3306690738754696e-16 3.8857805861880479e-16 
1 -7.6100566723514644e-15 -17.682520448826875 11.060085296695693 1 -3.3306690738754696e-16 3.8857805861880479e-16 
1 -3.2000000000000068 -14.601073972902263 9.6231832067773162 1 -3.3306690738754696e-16 3.8857805861880479e-16 
1 -7.2772230294598936e-15 -18.358709667611997 9.6099928374370496 1 -3.3306690738754696e-16 3.8857805861880479e-16 
1 0.90999999999999492 -18.358709667611997 9.6099928374370496 -2.0802102680723107e-16 0.42261826174070066 0.90630778703664949 
1 -18.902494339833989 9.86356379448147 -2.3299123118525731e-31 0.90630778703664583 -0.42261826174070866 1.1171105957665298e-32 
8 -1.8667619023324842 -1.0323759005323594
1 0.17999999999999516 -17.697104983075238 9.3014815063663452 -0.70710678118654757 0.64085638205578854 -0.29883623873012027 
1 -3.2000000000000077 -18.902494339833986 9.8635637944814754 1 -3.3306690738754696e-16 3.8857805861880479e-16 
1 -3.2000000000000064 -15.277263191687382 8.1730907475186747 1 -3.3306690738754696e-16 3.8857805861880479e-16 
1 1.5 4.4408920985006262e-16 -1 -0 1 4.4408920985006262e-16 
1 1.4999999999999973 -0.54113114508175186 2.6254630475129153 3.0186113176955038e-16 -0.42261826174069972 -0.90630778703664983 
1 -18.902494339833989 9.86356379448147 -2.3299123118525731e-31 0.42261826174070161 0.90630778703664894 5.2091722581203087e-33 
1 1.4999999999999976 -1.0572940130821085 1.5422102208076152 -2.0802102680723136e-16 0.42261826174069972 0.90630778703664983 
1 1.4999999999999949 -18.89343126196362 9.8593376118640634 -2.0802102680723107e-16 0.42261826174070066 0.90630778703664949 
Polygon3D 0
PolygonOnTriangulations 0
Surfaces 25
1 -8.6639049910329583e-15 -19.063975276176482 13.303189342008626 4.6608131545360343e-16 0.90630778703665005 -0.42261826174069944 2.0802102680723146e-16 -0.42261826174069944 -0.90630778703665005 -1 3.3449964083309843e-16 -3.8550555182957398e-16 
1 -8.6639049910329583e-15 -19.063975276176482 13.303189342008626 -2.1141116295433081e-16 0.42261826174069977 0.90630778703664983 3.4200091195650794e-16 0.90630778703664983 -0.42261826174069977 -1 2.2061187147947969e-16 -3.3613941417677758e-16 
1 0 0 0 2.1141116295433084e-16 -0.42261826174069972 -0.90630778703664983 -3.4200091195650794e-16 -0.90630778703664983 0.42261826174069972 -1 2.2061187147947972e-16 -3.3613941417677758e-16 
1 2.5888805488212543e-15 84.452232035041021 4.7746973563433182 -1 -5.1975644049654725e-16 -2.0622007920140488e-15 2.0622007920140488e-15 0 -1 5.1975644049654725e-16 -1 1.0718421432463826e-30 
1 2.450000000000002 84.452232035041035 4.7746973563433199 1 5.1465611592465027e-16 2.0659910114743914e-15 -2.0659910114743914e-15 0 1 5.1465611592465027e-16 -1 1.0632749095006498e-30 
1 2.6000000000000001 4.4408920985006262e-16 -1 0 -4.4408920985006262e-16 1 -1 0 0 -0 -1 -4.4408920985006262e-16 
1 -8.3208410722892546e-16 1.6904730469627991 3.6252311481465993 4.6608131545360353e-16 0.90630778703664983 -0.42261826174069977 2.0802102680723141e-16 -0.42261826174069977 -0.90630778703664983 -1 3.3449964083309848e-16 -3.8550555182957417e-16 
1 1.9206858326015208e-14 82 -3.0000000000000275 -3.3306690738754711e-16 -1 3.3306690738754696e-16 -3.3306690738754691e-16 3.3306690738754706e-16 1 -1 3.3306690738754701e-16 -3.3306690738754701e-16 
1 1.5 4.4408920985006262e-16 -1 -1 0 -0 0 4.4408920985006262e-16 -1 0 -1 -4.4408920985006262e-16 
1 2.0539125955565396e-14 88 -3.0000000000000293 -3.3306690738754711e-16 -1 3.3306690738754696e-16 -3.3306690738754691e-16 3.3306690738754706e-16 1 -1 3.3306690738754701e-16 -3.3306690738754701e-16 
1 2.0539125955565396e-14 88 -3.0000000000000293 3.8857805861880469e-16 -3.3306690738754711e-16 -1 -2.2204460492503131e-16 -1 3.3306690738754701e-16 -1 2.2204460492503118e-16 -3.8857805861880479e-16 
1 -3.2000000000000028 -3.9972728645732181 4.6785495444116485 -2.1141116295433089e-16 0.42261826174069972 0.90630778703664994 3.4200091195650794e-16 0.90630778703664994 -0.42261826174069972 -1 2.2061187147947969e-16 -3.3613941417677758e-16 
1 -3.2000000000000028 -3.9972728645732181 4.6785495444116485 4.6608131545360353e-16 0.90630778703664971 -0.42261826174070005 2.0802102680723129e-16 -0.42261826174070005 -0.90630778703664971 -1 3.3449964083309843e-16 -3.8550555182957417e-16 
1 -3.2000000000000024 -4.6734620833583405 3.2284570851530052 -2.1141116295433089e-16 0.42261826174069972 0.90630778703664994 3.4200091195650794e-16 0.90630778703664994 -0.42261826174069972 -1 2.2061187147947969e-16 -3.3613941417677758e-16 
1 -9.5020615826461508e-16 -1.5920156074337313 1.791554995234627 -4.6608131545360343e-16 -0.90630778703664983 0.42261826174069972 -2.0802102680723136e-16 0.42261826174069972 0.90630778703664983 -1 3.3449964083309843e-16 -3.8550555182957407e-16 
1 -3.2000000000000082 -18.226305121048863 11.313656253740112 -2.1141116295433103e-16 0.42261826174069939 0.90630778703665005 3.4200091195650735e-16 0.90630778703665005 -0.42261826174069939 -1 2.206118714794792e-16 -3.3613941417677738e-16 
1 -7.2772230294598936e-15 -18.358709667611997 9.6099928374370496 -4.6608131545360373e-16 -0.90630778703664949 0.42261826174070066 -2.0802102680723102e-16 0.42261826174070066 0.90630778703664949 -1 3.3449964083309838e-16 -3.8550555182957417e-16 
1 -3.2000000000000077 -18.902494339833986 9.8635637944814754 -2.1141116295433084e-16 0.42261826174069983 0.90630778703664994 3.4200091195650799e-16 0.90630778703664971 -0.42261826174069977 -1 2.2061187147947979e-16 -3.3613941417677768e-16 
1 -3.2000000000000064 -15.277263191687382 8.1730907475186747 -4.6608131545360334e-16 -0.90630778703665005 0.42261826174069916 -2.0802102680723166e-16 0.42261826174069916 0.90630778703665005 -1 3.3449964083309843e-16 -3.8550555182957407e-16 
1 -3.2000000000000011 -0.37204171642661893 2.9880764974488496 4.6608131545360343e-16 0.90630778703664983 -0.42261826174069972 2.0802102680723136e-16 -0.42261826174069972 -0.90630778703664983 -1 3.3449964083309843e-16 -3.8550555182957407e-16 
1 -3.2000000000000082 -18.226305121048863 11.313656253740112 4.6608131545360403e-16 0.90630778703664883 -0.42261826174070188 2.080210268072305e-16 -0.42261826174070188 -0.90630778703664883 -1 3.3449964083309838e-16 -3.8550555182957437e-16 
1 1.2049999999999976 -1.3246548102579201 1.6668826080211214 0.70710678118654746 -0.64085638205578854 0.29883623873012027 -3.3306690738754691e-16 0.42261826174069961 0.90630778703664983 0.70710678118654768 0.64085638205578854 -0.29883623873011972 
1 -4.2793475582371081e-15 -9.6353849346330751 6.4247220893549386 1 0 3.3306690738754903e-16 -3.3306690738754903e-16 0 1 0 -1 0 
1 -4.2793475582371081e-15 -9.6353849346330751 6.4247220893549386 1 0 3.3306690738754903e-16 -3.3306690738754903e-16 0 1 0 -1 0 
1 1.204999999999995 -18.626070464787809 9.7346652246505556 -0.70710678118654768 -0.64085638205578821 0.29883623873012033 -3.6082248300317588e-16 0.42261826174070061 0.9063077870366496 -0.70710678118654746 0.64085638205578821 -0.29883623873012088 
Triangulations 0

TShapes 178
Ve
1e-07
-8.66390499103296e-15 -19.0639752761765 13.3031893420086
0 0

0101101
*
Ve
1e-07
2.44999999999999 -19.0639752761765 13.3031893420086
0 0

0101101
*
Ed
 1e-07 1 1 0
1  1 0 0 2.45
0

0101000
+178 14 -177 14 *
Ve
1e-07
-7.83182088380403e-15 -20.7544483231393 9.67795819386202
0 0

0101101
*
Ve
1e-07
2.44999999999999 -20.7544483231393 9.67795819386203
0 0

0101101
*
Ed
 1e-07 1 1 0
1  2 0 0 2.45
0

0101000
+175 14 -174 14 *
Ed
 1e-07 1 1 0
1  3 0 0 4
0

0101000
+178 18 -175 18 *
Ed
 1e-07 1 1 0
1  4 0 0 4
0

0101000
+177 21 -174 21 *
Wi

0101100
+176 0 -173 0 -172 17 +171 20 *
Fa
0  1e-07 1 0

0111000
+170 0 *
Ve
1.00000000496507e-07
-8.32084107228926e-16 1.6904730469628 3.6252311481466
0 0

0101101
*
Ve
1.00000000496507e-07
2.45 1.6904730469628 3.6252311481466
0 0

0101101
*
Ed
 1.00000000496507e-07 1 1 0
1  5 0 0 2.45
0

0101000
+168 14 -167 14 *
Ed
 1e-07 1 1 0
1  6 0 0 22.9
0

0101000
+178 18 -168 18 *
Ed
 1e-07 1 1 0
1  7 0 0 22.9
0

0101000
+177 21 -167 21 *
Wi

0101100
+176 0 -166 0 -165 17 +164 20 *
Fa
0  1e-07 2 0

0111000
+163 0 *
Ve
1.00000022048481e-07
1.63439178087388e-14 82 5.59569189785999
0 0

0101101
*
Ed
 1e-07 1 1 0
1  8 0 13.2405350275499 22.9
0

0101000
+161 24 -175 18 *
Ve
1.00000022048481e-07
2.45000000000002 82 5.59569189785999
0 0

0101101
*
Ed
 1e-07 1 1 0
1  9 0 13.2405350275499 22.9
0

0101000
+159 26 -174 21 *
Ed
 1.00000005329071e-07 1 1 0
1  10 0 0 2.45
0

0101000
+161 0 -159 0 *
Wi

0101100
-160 23 -173 22 +158 25 +157 0 *
Fa
0  1e-07 3 22

0111000
+156 0 *
Ve
1e-07
0 0 0
0 0

0101101
*
Ed
 1e-07 1 1 0
1  11 0 0 4
0

0101000
+168 18 -154 18 *
Ve
1.00000022048481e-07
1.86080553358459e-14 88 2.79784594893
0 0

0101101
*
Ed
 1e-07 1 1 0
1  8 0 0 6.62026751377495
0

0101000
+154 18 -152 24 *
Ve
1e-07
88 -3 0
0 0

0101101
*
Ed
 1e-07 1 1 0
1  12 0 0 5.79784594893003
0

0101000
+150 0 -152 30 *
Ve
1e-07
82 -3 0
0 0

0101101
*
Ed
 1e-07 1 1 0
1  13 0 0 6
0

0101000
+150 0 -148 0 *
Ed
 1e-07 1 1 0
1  14 0 0 8.59569189786002
0

0101000
+148 0 -161 30 *
Wi

0101100
-172 23 +165 23 +153 23 +151 23 -149 29 +147 29 +146 29 +160 23 *
Ve
1.50000001913616e-07
-1.28303980115619e-15 -0.91582638864861 3.24164745449327
0 0

0101101
*
Ve
1.50000001136823e-07
-2.66453525910038e-15 -3.99727286457322 4.67854954441165
0 0

0101101
*
Ed
 1.5e-07 1 1 0
1  15 0 -6.325 -2.925
0

0101000
+144 14 -143 14 *
Ve
1.50000001332269e-07
-2.22044604925031e-15 -4.67346208335834 3.22845708515301
0 0

0101101
*
Ed
 1.5e-07 1 1 0
1  16 0 -1.32455731279608 0.275442687203924
0

0101000
+141 14 -143 14 *
Ve
1.50000002556957e-07
-9.50206158264615e-16 -1.59201560743373 1.79155499523463
0 0

0101101
*
Ed
 1.5e-07 1 1 0
1  17 0 -6.325 -2.925
0

0101000
+139 14 -141 14 *
Ed
 1e-07 1 1 0
1  18 0 0 1.6
0

0101000
+139 34 -144 34 *
Wi

0101100
+142 22 -140 22 -138 22 +137 33 *
Ve
1.5000000263375e-07
-6.66133814775094e-15 -14.6010739729023 9.62318320677732
0 0

0101101
*
Ve
1.50000001867706e-07
-7.61005667235146e-15 -17.6825204488269 11.0600852966957
0 0

0101101
*
Ed
 1.5e-07 1 1 0
1  19 0 0.925 4.325
0

0101000
+135 14 -134 14 *
Ve
1.50000007133531e-07
-7.27722302945989e-15 -18.358709667612 9.60999283743705
0 0

0101101
*
Ed
 1e-07 1 1 0
1  20 0 0 1.6
0

0101000
+132 34 -134 34 *
Ve
1.5000000261758e-07
-6.21724893790088e-15 -15.2772631916874 8.17309074751868
0 0

0101101
*
Ed
 1.5e-07 1 1 0
1  21 0 0.924999999999995 4.325
0

0101000
+130 14 -132 14 *
Ed
 1.5e-07 1 1 0
1  22 0 -1.07544268720364 0.524557312796362
0

0101000
+135 14 -130 14 *
Wi

0101100
+133 22 -131 33 -129 22 -128 22 *
Fa
0  1e-07 4 0

0111000
+145 0 +136 0 +127 0 *
Ve
1e-07
2.45 -8.1601392309949e-16 9.52016243616072e-16
0 0

0101101
*
Ed
 1e-07 1 1 0
1  23 0 0 4
0

0101000
+167 21 -125 21 *
Ve
1.00000022048481e-07
2.45000000000002 88 2.79784594893
0 0

0101101
*
Ed
 1e-07 1 1 0
1  9 0 0 6.62026751377495
0

0101000
+125 21 -123 26 *
Ve
1.50000007550333e-07
2.45000000000002 88 -0.999999999999961
0 0

0101101
*
Ed
 1e-07 1 1 0
1  12 0 2.00000000000007 5.79784594893003
0

0101000
+121 38 -123 39 *
Ve
1.50000003110606e-07
2.45000000000002 82 -0.999999999999964
0 0

0101101
*
Ed
 1.5e-07 1 1 0
1  24 0 -45.7738839824795 -39.7738839824795
2  1 5 11 -45.7738839824795 -39.7738839824795
2  2 6 0 -45.7738839824795 -39.7738839824795
0

0101000
+121 0 -119 0 *
Ed
 1e-07 1 1 0
1  14 0 2.00000000000006 8.59569189786002
0

0101000
+119 38 -159 39 *
Wi

0101100
-164 35 -124 35 -122 35 +120 37 -118 0 -117 37 -158 35 +171 35 *
Ve
1.50000002448161e-07
2.45 -0.372041716426621 2.98807649744885
0 0

0101101
*
Ve
1.50000000444089e-07
2.45 -3.99727286457322 4.67854954441165
0 0

0101101
*
Ed
 1.5e-07 1 1 0
1  25 0 -6.925 -2.925
0

0101000
+115 14 -114 14 *
Ve
1.50000002328823e-07
2.45 -1.04823093521174 1.53798403819021
0 0

0101101
*
Ed
 1.5e-07 1 1 0
1  26 0 -1.32455731279608 0.275442687203923
0

0101000
+112 14 -115 14 *
Ve
1.50000001601186e-07
2.45 -4.67346208335834 3.22845708515301
0 0

0101101
*
Ed
 1.5e-07 1 1 0
1  27 0 -1.32455731279608 0.275442687203924
0

0101000
+110 14 -114 14 *
Ed
 1.5e-07 1 1 0
1  28 0 -6.925 -2.925
0

0101000
+112 14 -110 14 *
Wi

0101100
-113 12 -111 12 +109 12 +108 12 *
Ve
1.50000001776357e-07
2.44999999999999 -14.6010739729023 9.62318320677732
0 0

0101101
*
Ve
1.50000001831027e-07
2.44999999999999 -18.2263051210489 11.3136562537401
0 0

0101101
*
Ed
 1.5e-07 1 1 0
1  29 0 0.925000000000001 4.925
0

0101000
+106 14 -105 14 *
Ve
1.50000001831027e-07
2.44999999999999 -15.2772631916874 8.17309074751868
0 0

0101101
*
Ed
 1.5e-07 1 1 0
1  30 0 -1.07544268720364 0.524557312796364
0

0101000
+106 14 -103 14 *
Ve
1.50000003580362e-07
2.44999999999999 -18.902494339834 9.86356379448148
0 0

0101101
*
Ed
 1.5e-07 1 1 0
1  31 0 -1.32455731279638 0.275442687203626
0

0101000
+101 14 -105 14 *
Ed
 1.5e-07 1 1 0
1  32 0 0.924999999999996 4.925
0

0101000
+103 14 -101 14 *
Wi

0101100
-104 12 +102 12 +100 12 +99 12 *
Fa
0  1e-07 5 11

0101000
+116 0 +107 0 +98 0 *
Ed
 1e-07 1 1 0
1  33 0 0 2.45
0

0101000
+154 14 -125 14 *
Wi

0101100
+166 0 -96 0 -153 17 +124 20 *
Fa
0  1e-07 7 0

0111000
+95 0 *
Ve
1.5e-07
1.5 82 -0.999999999999964
0 0

0101101
*
Ed
 1.5e-07 1 1 0
1  34 0 -1.15 -0.199999999999977
2  3 8 11 -1.15 -0.199999999999977
2  4 6 0 -1.15 -0.199999999999977
0

0101000
+119 0 -93 0 *
Ve
1.5e-07
1.5 82 -3.00000000000003
0 0

0101101
*
Ed
 1.5e-07 1 1 0
1  35 0 -1.00000000000006 1
2  5 8 11 -1.00000000000006 1
2  6 9 0 -1.00000000000006 1
0

0101000
+93 0 -91 0 *
Ed
 1e-07 1 1 0
1  36 0 0 1.49999999999998
0

0101000
+148 29 -91 41 *
Wi

0101100
-146 40 -157 11 +117 37 -92 0 -90 0 +89 11 *
Fa
0  1e-07 8 11

0101000
+88 0 *
Ed
 1.00000004884981e-07 1 1 0
1  37 0 0 2.45
0

0101000
+152 0 -123 0 *
Wi

0101100
-151 23 -86 0 +122 25 +96 22 *
Fa
0  1e-07 3 22

0111000
+85 0 *
Ve
1.5e-07
1.5 88 -0.999999999999961
0 0

0101101
*
Ed
 1.5e-07 1 1 0
1  38 0 -1.15 -0.199999999999975
2  7 10 11 -1.15 -0.199999999999975
2  8 6 0 -1.15 -0.199999999999975
0

0101000
+121 0 -83 0 *
Ve
1.5e-07
1.5 88 -3.00000000000003
0 0

0101101
*
Ed
 1.5e-07 1 1 0
1  39 0 -1.00000000000007 1
2  9 10 11 -1.00000000000007 1
2  10 9 0 -1.00000000000007 1
0

0101000
+83 0 -81 0 *
Ed
 1e-07 1 1 0
1  40 0 0 1.49999999999998
0

0101000
+150 29 -81 41 *
Wi

0101100
-149 40 -86 11 +120 37 -82 0 -80 0 +79 11 *
Fa
0  1e-07 10 11

0101000
+78 0 *
Ed
 1.5e-07 1 1 0
1  41 0 38 44
2  11 11 11 38 44
2  12 9 0 38 44
0

0101000
+91 0 -81 0 *
Wi

0101100
-147 40 -89 11 -76 0 +79 11 *
Fa
0  1e-07 11 11

0101000
+75 0 *
Ve
1.00000000111022e-07
0.909999999999997 -0.915826388648611 3.24164745449327
0 0

0101101
*
Ed
 1.00000000111022e-07 1 1 0
1  42 0 0 0.909999999999998
0

0101000
-73 14 +144 14 *
Ve
1.00000000111022e-07
1.5 -0.381104794296987 2.99230268006626
0 0

0101101
*
Ed
 1e-07 1 1 0
1  43 0 2.44658946290545 3.28097546470558
0

0101000
+73 43 -71 43 *
Ve
2.12133034355964e-07
1.5 -0.37204171642662 2.98807649744885
0 0

0101101
*
Ed
 1.00000000111022e-07 1 1 0
1  44 0 0.589999999999999 0.6
0

0101000
+71 46 -69 46 *
Ed
 1e-07 1 1 0
1  45 0 3.2 5.65
0

0101000
+143 14 -114 14 *
Ed
 1e-07 1 1 0
1  46 0 4.7 5.65
0

0101000
+69 14 -115 14 *
Wi

0101100
-72 1 -70 0 +142 1 -68 45 +67 1 -66 1 -113 1 *
Fa
0  1e-07 12 0

0111000
+65 42 *
Ed
 1e-07 1 1 0
1  47 0 3.2 5.65
0

0101000
+141 14 -110 14 *
Wi

0101100
+140 0 -63 0 -109 0 +67 0 *
Fa
0  1e-07 13 0

0111000
+62 0 *
Ve
1.00000000496507e-07
0.909999999999997 -1.59201560743373 1.79155499523463
0 0

0101101
*
Ed
 1.00000000496507e-07 1 1 0
1  48 0 0 0.909999999999998
0

0101000
-60 14 +139 14 *
Ve
1.5e-07
1.5 -1.05729401308211 1.54221022080761
0 0

0101101
*
Ed
 1e-07 1 1 0
1  49 0 2.44658946290545 3.28097546470558
0

0101000
+60 43 -58 43 *
Ve
1.50000002782211e-07
1.5 -1.04823093521174 1.53798403819021
0 0

0101101
*
Ed
 1.5e-07 1 1 0
1  50 0 6.91391463946192 6.92391463946192
0

0101000
+58 14 -56 14 *
Ed
 1e-07 1 1 0
1  51 0 4.7 5.65
0

0101000
+56 14 -112 14 *
Wi

0101100
-59 1 -57 0 +138 1 -55 1 +63 1 -54 1 -108 1 *
Fa
0  1e-07 14 0

0111000
+53 42 *
Ed
 1e-07 1 1 0
1  52 0 1.56400838818098e-16 1.6
0

0101000
+60 43 -73 43 *
Wi

0101100
+59 1 +51 0 -137 47 -72 1 *
Fa
0  1e-07 15 0

0111000
+50 42 *
Ve
1.00000001776357e-07
1.49999999999999 -18.2172420431785 11.3094300711227
0 0

0101101
*
Ve
1.00000003972055e-07
1.49999999999999 -18.2263051210489 11.3136562537401
0 0

0101101
*
Ed
 1.00000001776357e-07 1 1 0
1  53 0 0 0.0100000000000002
0

0101000
-48 46 +47 46 *
Ve
1e-07
0.909999999999994 -17.6825204488269 11.0600852966957
0 0

0101101
*
Ed
 1e-07 1 1 0
1  54 0 -1.86676190233248 -1.03237590053236
0

0101000
+48 43 -45 43 *
Ed
 1e-07 1 1 0
1  55 0 4.7 5.65
0

0101000
+47 14 -105 14 *
Ed
 1e-07 1 1 0
1  56 0 0 0.910000000000002
0

0101000
-45 14 +134 14 *
Ed
 1e-07 1 1 0
1  57 0 3.2 5.65
0

0101000
+135 14 -106 14 *
Wi

0101100
-46 45 -44 0 +43 1 +42 1 -104 1 +133 1 -41 1 *
Fa
0  1e-07 16 0

0111000
+40 42 *
Ve
1.00000006404746e-07
0.909999999999995 -18.358709667612 9.60999283743705
0 0

0101101
*
Ed
 1.00000006404746e-07 1 1 0
1  58 0 0 0.910000000000002
0

0101000
-38 14 +132 14 *
Ed
 1e-07 1 1 0
1  59 0 6.33430481160371e-15 1.6
0

0101000
+38 43 -45 43 *
Wi

0101100
+37 1 +36 0 -131 47 -42 1 *
Fa
0  1e-07 17 0

0111000
+35 42 *
Ve
1.00000006404746e-07
1.49999999999999 -18.8934312619636 9.85933761186407
0 0

0101101
*
Ve
1.00000006404746e-07
1.49999999999999 -18.902494339834 9.86356379448148
0 0

0101101
*
Ed
 1.00000006404746e-07 1 1 0
1  60 0 0 0.0100000000000027
0

0101000
-33 46 +32 46 *
Ed
 1e-07 1 1 0
1  61 0 -1.86676190233248 -1.03237590053236
0

0101000
+33 43 -38 43 *
Ed
 1e-07 1 1 0
1  62 0 4.7 5.65
0

0101000
+32 14 -101 14 *
Ed
 1e-07 1 1 0
1  63 0 3.2 5.65
0

0101000
+130 14 -103 14 *
Wi

0101100
-31 45 -30 0 +29 1 +37 1 -99 1 +129 1 -28 1 *
Fa
0  1e-07 18 0

0111000
+27 42 *
Wi

0101100
+128 0 -41 0 -102 0 +28 0 *
Fa
0  1e-07 19 0

0111000
+25 0 *
Ed
 1e-07 1 1 0
1  64 0 82 88
0

0101000
+93 0 -83 0 *
Wi

0101100
-23 0 +82 0 -118 0 -92 0 *
Fa
0  1e-07 6 0

0101000
+22 0 *
Ed
 1.5e-07 1 1 0
1  65 0 -0.400099673778123 1.19990032622188
0

0101000
+69 14 -56 14 *
Wi

0101100
-54 0 -111 0 +66 0 -20 0 *
Fa
0  1e-07 20 0

0111000
+19 0 *
Ed
 1.00000003972055e-07 1 1 0
1  66 0 0 1.6
0

0101000
+32 46 -47 46 *
Wi

0101100
-29 0 -100 0 +43 0 +17 48 *
Fa
0  1e-07 21 0

0111000
+16 0 *
Wi

0101100
-90 0 -76 0 +80 0 +23 0 *
Fa
0  1e-07 9 0

0101000
+14 0 *
Ed
 1e-07 1 1 0
1  67 0 2.26352069474555e-16 1.6
0

0101000
+58 43 -71 43 *
Wi

0101100
-57 0 +51 0 -12 0 +70 0 *
Fa
0  1e-07 22 0

0111000
+11 0 *
Wi

0101100
-68 45 -12 0 -20 1 +55 1 *
Fa
0  1e-07 23 44

0111000
+9 42 *
Ed
 1e-07 1 1 0
1  68 0 7.99067266161595e-15 1.60000000000001
0

0101000
+33 43 -48 43 *
Wi

0101100
-46 45 +7 0 -17 45 +31 45 *
Fa
0  1e-07 24 44

0111000
+6 42 *
Wi

0101100
-30 0 +7 0 -36 0 +44 0 *
Fa
0  1e-07 25 0

0111000
+4 0 *
Sh

0101100
-169 12 +162 12 +155 11 +126 11 +97 0 +94 12 +87 0 +84 11 -77 0 +74 0 
-64 12 +61 12 +52 12 +49 12 -39 12 -34 12 +26 12 +24 12 -21 0 -18 12 
+15 12 -13 0 -10 49 +8 12 +5 12 -3 49 *
So

0100000
+2 0 *

+1 0 ]]>
      </Part>
      <ElementMap new="1" count="1"><Element key="Dummy" value="Dummy"/></ElementMap>
      <ElementMap2 count="146">
<![CDATA[
2 PostfixCount 22
Edge
Face
Vertex
;:G3#d08;CUT;:H-13a9:c,E
;:G4#d1a;CUT;:H-13a9:c,E
;:G5#d8a;CUT;:H-13a9:c,E
;:M;CUT;:H-13a9:7,F
;:G3#d09;CUT;:H-13a9:c,E
;:G4#d1b;CUT;:H-13a9:c,E
;:G5#d18;CUT;:H-13a9:c,E
;:G#d24;CUT;:H-13a9:b,V
;:G2#d2b;CUT;:H-13a9:c,V
;:M;CUT;:H-13a9:7,E
;:H1391,V
;:H1391,E
;:H1391,F
;:G#d22;CUT;:H1391:b,V
;:M;CUT;:H1391:7,E
;:G#d23;CUT;:H1391:b,V
;:M;CUT;:H1391:7,F
;:G#d25;CUT;:H1391:b,V
;:G#d2a;CUT;:H1391:b,V

MapCount 1

ElementMap 1 2 3

Edge

ChildCount 0

NameCount 73
0
$#c2d.f 0
$#c31.f 0
$#c32.f 0
$#c33.f 0
$#d72.f 0
$#c2f.f 0
$#c30.f 0
$#d73.f 0
$#d74.f 0
$#c3e.f 0
$#c35.f 0
$#d75.f 0
$#c29.f 0
$#c2b.f 0
$#c46.f 0
$#d76.f 0
$#d77.f 0
$#d78.f 0
$#c51.f 0
$#d79.f 0
$#c4b.f 0
$#d7a.f 0
$#d7b.f 0
$#c36.f 0
$#d88.f 0
$#d03.12 0
$#ba1.6.79b.b8c.d62.d89.d8a 0
