<?xml version='1.0' encoding='utf-8'?>
<!-- FreeCAD DocumentObject -->
<Document SchemaVersion="4" FileVersion="2">
<Object name="Reference">
  <Properties Count="35" TransientCount="1">
    <_Property name="_ElementMapVersion" type="App::PropertyString" status="234881024"/>
    <Property name="BindCopyOnChange" type="App::PropertyEnumeration">
      <Integer value="0"/>
    </Property>
    <Property name="BindMode" type="App::PropertyEnumeration">
      <Integer value="0"/>
    </Property>
    <Property name="Cache_Binder" type="App::PropertyMatrix" group="Cache" attr="0" ro="0" hide="1" doc="" status="69206016">
      <PropertyMatrix a11="1" a12="0" a13="0" a14="0" a21="0" a22="1" a23="0" a24="0" a31="0" a32="0" a33="1" a34="0" a41="0" a42="0" a43="0" a44="1"/>
    </Property>
    <Property name="ClaimChildren" type="App::PropertyBool" status="134217728">
      <Bool value="false"/>
    </Property>
    <Property name="ColoredElements" type="App::PropertyLinkSubHidden" status="218103808">
      <LinkSub value="" count="0">
      </LinkSub>
    </Property>
    <Property name="Context" type="App::PropertyXLink" status="67108864">
      <XLink file="" stamp="" name="Part" sub="Body.Boolean.Reference."/>
    </Property>
    <Property name="EdgeTolerance" type="App::PropertyPrecision">
      <Float value="1e-06"/>
    </Property>
    <Property name="ExpressionEngine" type="App::PropertyExpressionEngine" status="67108864">
      <ExpressionEngine count="1" cdata="1">
        <Expressions><![CDATA[
0:.Placement.Rotation.Angle
0:0
0:

]]>
        </Expressions>
      </ExpressionEngine>
    </Property>
    <Property name="FaceMaker" type="App::PropertyString">
      <String value=""/>
    </Property>
    <Property name="FillStyle" type="App::PropertyEnumeration">
      <Integer value="0"/>
    </Property>
    <Property name="FixShape" type="App::PropertyEnumeration">
      <Integer value="0"/>
    </Property>
    <Property name="Fuse" type="App::PropertyBool">
      <Bool value="true"/>
    </Property>
    <Property name="InvalidShape" type="App::PropertyBool" status="67108864">
      <Bool value="false"/>
    </Property>
    <Property name="Label" type="App::PropertyString" status="134217728">
      <String value="Reference(*rib)"/>
    </Property>
    <Property name="Label2" type="App::PropertyString" status="128">
      <String value=""/>
    </Property>
    <Property name="MakeFace" type="App::PropertyBool">
      <Bool value="true"/>
    </Property>
    <Property name="MergeEdges" type="App::PropertyBool">
      <Bool value="true"/>
    </Property>
    <Property name="Offset" type="App::PropertyFloat">
      <Float value="0"/>
    </Property>
    <Property name="OffsetFill" type="App::PropertyBool">
      <Bool value="false"/>
    </Property>
    <Property name="OffsetIntersection" type="App::PropertyBool">
      <Bool value="false"/>
    </Property>
    <Property name="OffsetJoinType" type="App::PropertyEnumeration">
      <Integer value="0"/>
    </Property>
    <Property name="OffsetOpenResult" type="App::PropertyBool">
      <Bool value="false"/>
    </Property>
    <Property name="Outline" type="App::PropertyBool">
      <Bool value="false"/>
    </Property>
    <Property name="PartialLoad" type="App::PropertyBool" status="1024">
      <Bool value="false"/>
    </Property>
    <Property name="Placement" type="App::PropertyPlacement" status="8388608">
      <PropertyPlacement Px="0" Py="94" Pz="0" Q0="0" Q1="0" Q2="0" Q3="1" A="0" Ox="1" Oy="0" Oz="0"/>
    </Property>
    <Property name="Refine" type="App::PropertyBool">
      <Bool value="false"/>
    </Property>
    <Property name="Relative" type="App::PropertyBool">
      <Bool value="true"/>
    </Property>
    <Property name="Shape" type="Part::PropertyPartShape">
      <Part HasherIndex="0" ElementMap="1.15.70200.4" brep="1">
<![CDATA[

CASCADE Topology V1, (c) Matra-Datavision
Locations 29
1
              1               0               0               0 
              0               1               0              94 
              0               0               1               0 
1
              1               0               0               0 
              0               1               0               0 
              0               0               1               0 
1
              1               0               0               0 
              0               1               0               0 
              0               0               1               0 
1
              1               0               0               0 
              0               1               0               0 
              0               0               1               0 
1
              1               0               0               0 
              0               1               0               0 
              0               0               1               0 
1
              1               0               0               0 
              0               1               0               0 
              0               0               1               0 
1
              1               0               0               0 
              0               1               0               0 
              0               0               1               0 
2  2 1 3 1 4 1 5 1 6 1 7 1 0
1
              1               0               0               0 
              0               1               0               0 
              0               0               1               0 
2  9 -1 0
1
              1               0               0               0 
              0               1               0               0 
              0               0               1               0 
2  11 -1 9 -1 0
2  11 -1 0
1
              1               0               0               0 
              0               1               0               0 
              0               0               1               0 
1
2.22044604925031e-16 -3.33066907387547e-16               1               0 
              1 3.33066907387547e-16 -2.22044604925031e-16               0 
-3.33066907387547e-16               1 3.33066907387547e-16               0 
1
              1               0               0             1.5 
              0               1               0 -4.9960036108132e-16 
              0               0               1 5.82867087928207e-16 
2  14 1 15 1 16 1 9 1 0
2  11 -1 9 -1 16 -1 15 -1 14 -1 0
2  14 1 15 1 9 1 0
2  11 -1 9 -1 15 -1 14 -1 0
1
              1               0               0               0 
              0               1               0               0 
              0               0               1               0 
1
2.22044604925031e-16 -3.33066907387547e-16               1               0 
              1 3.33066907387547e-16 -2.22044604925031e-16               0 
-3.33066907387547e-16               1 3.33066907387547e-16               0 
2  21 1 22 1 0
2  11 -1 9 -1 22 -1 21 -1 0
2  14 1 15 1 0
1
              1               0               0            2.45 
              0               1               0 -8.1601392309949e-16 
              0               0               1 9.52016243616072e-16 
2  21 1 22 1 26 1 0
2  11 -1 9 -1 26 -1 22 -1 21 -1 0
2  14 1 15 1 16 1 0
Curve2ds 0
Curves 62
1 -1.2830398011561864e-15 -0.91582638864860977 3.241647454493271 1 -3.3306690738754696e-16 3.8857805861880479e-16 
8 2.4465894629054539 3.2809754647055804
1 -0.82000000000000262 -2.4837388602220138 3.9727770473046813 0.70710678118654768 0.64085638205578854 -0.29883623873011989 
1 -3.1114525380770676e-15 -6.6482231416554214 5.914707960003196 -3.4200091195650799e-16 -0.90630778703664994 0.42261826174069972 
1 -0.91582638864861088 3.2416474544932705 -1.1288431780853626e-32 0.90630778703665005 -0.42261826174069939 1.117110595766535e-32 
1 -3.2000000000000028 -3.9972728645732181 4.6785495444116485 1 -3.3306690738754696e-16 3.8857805861880479e-16 
1 -3.2000000000000011 -0.37204171642661893 2.9880764974488496 1 -3.3306690738754696e-16 3.8857805861880479e-16 
1 2.4499999999999971 -6.6482231416554214 5.9147079600031969 -3.4200091195650799e-16 -0.90630778703664994 0.42261826174069972 
1 -9.5020615826461508e-16 -1.5920156074337313 1.791554995234627 1 -3.3306690738754696e-16 3.8857805861880479e-16 
1 0.90999999999999759 -1.5920156074337317 1.7915549952346277 -2.0802102680723136e-16 0.42261826174069972 0.90630778703664983 
1 -1.5920156074337319 1.7915549952346266 -1.9623107393846101e-32 0.42261826174069944 0.90630778703664994 5.209172258120282e-33 
8 2.4465894629054539 3.2809754647055804
1 -0.82000000000000239 -3.1599280790071353 2.5226845880460376 0.70710678118654768 0.64085638205578854 -0.29883623873011989 
1 1.4999999999999976 -1.0572940130821085 1.5422102208076152 -2.0802102680723136e-16 0.42261826174069972 0.90630778703664983 
1 -19.063975276176485 13.303189342008618 -2.3498163739805536e-31 -0.42261826174069916 -0.90630778703665016 -5.2091722581202786e-33 
1 -19.063975276176485 13.303189342008618 -2.3498163739805536e-31 0.90630778703664994 -0.4226182617406995 1.1171105957665349e-32 
1 0 0 0 -0.90630778703664994 0.42261826174069944 -1.1171105957665349e-32 
1 1.690473046962798 3.6252311481465997 2.0836689032481131e-32 -0.4226182617406995 -0.90630778703664994 -5.2091722581202827e-33 
1 -3.1114525380770676e-15 -6.6482231416554214 5.914707960003196 -3.4200091195650799e-16 -0.90630778703664994 0.42261826174069972 
1 -2.4978912098356407e-15 -4.1136799742485284 4.4289136921164332 -2.0802102680723072e-16 0.42261826174070005 0.90630778703664971 
1 -2.5009465067812199e-15 -7.3244123604405429 4.4646155007445527 -3.4200091195650799e-16 -0.90630778703664994 0.42261826174069972 
1 -1.0477221717858995 1.5367698953374935 -1.2914172825861684e-32 -0.90568418946262907 0.42395300324142149 -1.1163419524122605e-32 
1 -0.37204171642662098 2.988076497448851 -4.5857682062544169e-33 -0.42206665202183224 -0.90656480256575234 -5.2023731433991213e-33 
1 -5.5539431922523532e-15 -13.762739269893363 9.2322613146671699 -3.4200091195650789e-16 -0.90630778703665005 0.42261826174069939 
1 -6.2749533841814631e-15 -15.055575691970013 8.6485011248530395 2.0802102680723102e-16 -0.42261826174069916 -0.90630778703665005 
1 -5.5539431922523532e-15 -13.762739269893363 9.2322613146671699 -3.4200091195650789e-16 -0.90630778703665005 0.42261826174069939 
1 -5.1654817658815364e-15 -14.438928488678485 7.7821688554085302 -3.4200091195650804e-16 -0.90630778703664994 0.42261826174069983 
1 -7.625089022869575e-15 -18.342712230724047 11.06402040144517 -2.0802102680723003e-16 0.42261826174070188 0.90630778703664883 
1 -5.1654817658815364e-15 -14.438928488678485 7.7821688554085302 -3.4200091195650804e-16 -0.90630778703664994 0.42261826174069983 
1 1.4999999999999973 -0.54113114508175186 2.6254630475129153 3.0186113176955038e-16 -0.42261826174069972 -0.90630778703664983 
1 1.4999999999999969 -7.3234286897331362 4.4641568075605873 1.4076015744347658e-16 0.90630778703664994 -0.42261826174069972 
1 -3.2000000000000024 -4.6734620833583405 3.2284570851530052 1 -3.3306690738754696e-16 3.8857805861880479e-16 
1 2.4499999999999975 -4.1136799742485293 4.428913692116434 -2.0802102680723072e-16 0.42261826174070005 0.90630778703664971 
1 -3.2000000000000011 -1.0482309352117405 1.5379840381902061 1 -3.3306690738754696e-16 3.8857805861880479e-16 
1 2.4499999999999993 -0.48844882610193008 2.7384406451536361 -2.0802102680723082e-16 0.42261826174069972 0.90630778703664983 
1 -19.063975276176485 13.303189342008618 -2.3498163739805536e-31 -0.42261826174069916 -0.90630778703665016 -5.2091722581202786e-33 
1 -19.063975276176485 13.303189342008618 -2.3498163739805536e-31 0.90630778703664994 -0.4226182617406995 1.1171105957665349e-32 
1 0 0 0 -0.90630778703664994 0.42261826174069944 -1.1171105957665349e-32 
1 1.690473046962798 3.6252311481465997 2.0836689032481131e-32 -0.4226182617406995 -0.90630778703664994 -5.2091722581202827e-33 
1 2.4499999999999975 -7.3244123604405429 4.4646155007445536 -3.4200091195650799e-16 -0.90630778703664994 0.42261826174069972 
1 2.4499999999999944 -13.762739269893363 9.2322613146671699 -3.4200091195650789e-16 -0.90630778703665005 0.42261826174069939 
1 2.4499999999999922 -18.34271223072405 11.06402040144517 -2.0802102680723003e-16 0.42261826174070188 0.90630778703664883 
1 2.4499999999999948 -14.438928488678485 7.7821688554085302 -3.4200091195650804e-16 -0.90630778703664994 0.42261826174069983 
1 2.449999999999994 -15.055575691970013 8.6485011248530412 2.0802102680723102e-16 -0.42261826174069916 -0.90630778703665005 
1 -9.2571096622250034e-16 -0.48844882610192969 2.7384406451536352 -2.0802102680723082e-16 0.42261826174069972 0.90630778703664983 
1 -2.5009465067812199e-15 -7.3244123604405429 4.4646155007445527 -3.4200091195650799e-16 -0.90630778703664994 0.42261826174069972 
1 -8.6639049910329583e-15 -19.063975276176482 13.303189342008626 1 -3.3306690738754696e-16 3.8857805861880479e-16 
1 -7.831820883804031e-15 -20.754448323139279 9.6779581938620236 1 -3.3306690738754696e-16 3.8857805861880479e-16 
1 -8.3208410722892556e-16 1.6904730469627987 3.6252311481465993 1 -3.3306690738754696e-16 3.8857805861880479e-16 
1 0 0 0 1 -3.3306690738754696e-16 3.8857805861880479e-16 
1 -18.226305121048867 11.313656253740108 -2.246565555722648e-31 0.90630778703664916 -0.42261826174070133 1.117110595766534e-32 
8 -1.8667619023324822 -1.0323759005323598
1 0.17999999999999372 -17.02091576429012 10.751573965624983 -0.70710678118654746 0.64085638205578865 -0.29883623873011994 
1 -3.2000000000000082 -18.226305121048863 11.313656253740112 1 -3.3306690738754696e-16 3.8857805861880479e-16 
1 -7.6100566723514644e-15 -17.682520448826875 11.060085296695693 1 -3.3306690738754696e-16 3.8857805861880479e-16 
1 -3.2000000000000068 -14.601073972902263 9.6231832067773162 1 -3.3306690738754696e-16 3.8857805861880479e-16 
1 -3.2000000000000064 -15.277263191687382 8.1730907475186747 1 -3.3306690738754696e-16 3.8857805861880479e-16 
1 -18.358709667612001 9.6099928374370442 -2.262885676106581e-31 0.42261826174070038 0.9063077870366496 5.2091722581202936e-33 
1 -18.902494339833989 9.86356379448147 -2.3299123118525731e-31 0.90630778703664583 -0.42261826174070866 1.1171105957665298e-32 
8 -1.8667619023324842 -1.0323759005323594
1 0.17999999999999516 -17.697104983075238 9.3014815063663452 -0.70710678118654746 0.64085638205578843 -0.29883623873012022 
1 -3.2000000000000077 -18.902494339833986 9.8635637944814754 1 -3.3306690738754696e-16 3.8857805861880479e-16 
1 -7.2772230294598936e-15 -18.358709667611997 9.6099928374370496 1 -3.3306690738754696e-16 3.8857805861880479e-16 
1 -18.902494339833989 9.86356379448147 -2.3299123118525731e-31 0.42261826174070161 0.90630778703664894 5.2091722581203087e-33 
1 1.4999999999999949 -18.89343126196362 9.8593376118640634 -2.0802102680723107e-16 0.42261826174070066 0.90630778703664949 
1 0.90999999999999492 -18.358709667611997 9.6099928374370496 -2.0802102680723107e-16 0.42261826174070066 0.90630778703664949 
Polygon3D 0
PolygonOnTriangulations 0
Surfaces 23
1 -3.2000000000000028 -3.9972728645732181 4.6785495444116485 -2.1141116295433089e-16 0.42261826174069972 0.90630778703664994 3.4200091195650794e-16 0.90630778703664994 -0.42261826174069972 -1 2.2061187147947969e-16 -3.3613941417677758e-16 
1 -9.5020615826461508e-16 -1.5920156074337313 1.791554995234627 -4.6608131545360343e-16 -0.90630778703664983 0.42261826174069972 -2.0802102680723136e-16 0.42261826174069972 0.90630778703664983 -1 3.3449964083309843e-16 -3.8550555182957407e-16 
1 1.2049999999999976 -1.3246548102579201 1.6668826080211214 0.70710678118654746 -0.64085638205578854 0.29883623873012027 -3.3306690738754691e-16 0.42261826174069961 0.90630778703664983 0.70710678118654768 0.64085638205578854 -0.29883623873011972 
1 -4.3319524955164791e-15 -9.5319876380882409 6.6515946710043128 1 -2.2204460492503146e-16 3.3306690738754647e-16 -3.3306690738754647e-16 0 1 -2.2204460492503146e-16 -1 -7.3955709864469791e-32 
1 -4.2793475582371081e-15 -9.6353849346330751 6.4247220893549386 1 0 3.3306690738754903e-16 -3.3306690738754903e-16 0 1 0 -1 0 
1 -3.2000000000000028 -3.9972728645732181 4.6785495444116485 4.6608131545360353e-16 0.90630778703664971 -0.42261826174070005 2.0802102680723129e-16 -0.42261826174070005 -0.90630778703664971 -1 3.3449964083309843e-16 -3.8550555182957417e-16 
1 -3.2000000000000011 -0.37204171642661893 2.9880764974488496 4.6608131545360343e-16 0.90630778703664983 -0.42261826174069972 2.0802102680723136e-16 -0.42261826174069972 -0.90630778703664983 -1 3.3449964083309843e-16 -3.8550555182957407e-16 
1 -4.3319524955164791e-15 -9.5319876380882409 6.6515946710043128 1 -2.2204460492503146e-16 3.3306690738754647e-16 -3.3306690738754647e-16 0 1 -2.2204460492503146e-16 -1 -7.3955709864469791e-32 
1 -3.2000000000000024 -4.6734620833583405 3.2284570851530052 -2.1141116295433089e-16 0.42261826174069972 0.90630778703664994 3.4200091195650794e-16 0.90630778703664994 -0.42261826174069972 -1 2.2061187147947969e-16 -3.3613941417677758e-16 
1 -4.2793475582371081e-15 -9.6353849346330751 6.4247220893549386 1 0 3.3306690738754903e-16 -3.3306690738754903e-16 0 1 0 -1 0 
1 -8.6639049910329583e-15 -19.063975276176482 13.303189342008626 4.6608131545360343e-16 0.90630778703665005 -0.42261826174069944 2.0802102680723146e-16 -0.42261826174069944 -0.90630778703665005 -1 3.3449964083309843e-16 -3.8550555182957398e-16 
1 -8.6639049910329583e-15 -19.063975276176482 13.303189342008626 -2.1141116295433081e-16 0.42261826174069977 0.90630778703664983 3.4200091195650794e-16 0.90630778703664983 -0.42261826174069977 -1 2.2061187147947969e-16 -3.3613941417677758e-16 
1 0 0 0 2.1141116295433084e-16 -0.42261826174069972 -0.90630778703664983 -3.4200091195650794e-16 -0.90630778703664983 0.42261826174069972 -1 2.2061187147947972e-16 -3.3613941417677758e-16 
1 -8.3208410722892546e-16 1.6904730469627991 3.6252311481465993 4.6608131545360353e-16 0.90630778703664983 -0.42261826174069977 2.0802102680723141e-16 -0.42261826174069977 -0.90630778703664983 -1 3.3449964083309848e-16 -3.8550555182957417e-16 
1 -4.3319524955164791e-15 -9.5319876380882409 6.6515946710043128 1 -2.2204460492503146e-16 3.3306690738754647e-16 -3.3306690738754647e-16 0 1 -2.2204460492503146e-16 -1 -7.3955709864469791e-32 
1 -3.2000000000000082 -18.226305121048863 11.313656253740112 -2.1141116295433103e-16 0.42261826174069939 0.90630778703665005 3.420009119565073e-16 0.90630778703665005 -0.42261826174069939 -1 2.2061187147947915e-16 -3.3613941417677738e-16 
1 -3.2000000000000064 -15.277263191687382 8.1730907475186747 -4.6608131545360334e-16 -0.90630778703665005 0.42261826174069916 -2.0802102680723166e-16 0.42261826174069916 0.90630778703665005 -1 3.3449964083309843e-16 -3.8550555182957407e-16 
1 -4.2793475582371081e-15 -9.6353849346330751 6.4247220893549386 1 0 3.3306690738754903e-16 -3.3306690738754903e-16 0 1 0 -1 0 
1 -3.2000000000000077 -18.902494339833986 9.8635637944814754 -2.1141116295433084e-16 0.42261826174069983 0.90630778703664994 3.4200091195650799e-16 0.90630778703664971 -0.42261826174069977 -1 2.2061187147947979e-16 -3.3613941417677768e-16 
1 -3.2000000000000082 -18.226305121048863 11.313656253740112 4.6608131545360403e-16 0.90630778703664883 -0.42261826174070188 2.080210268072305e-16 -0.42261826174070188 -0.90630778703664883 -1 3.3449964083309838e-16 -3.8550555182957437e-16 
1 -4.2793475582371081e-15 -9.6353849346330751 6.4247220893549386 1 0 3.3306690738754903e-16 -3.3306690738754903e-16 0 1 0 -1 0 
1 1.204999999999995 -18.626070464787809 9.7346652246505556 -0.70710678118654768 -0.64085638205578821 0.29883623873012033 -3.6082248300317588e-16 0.42261826174070061 0.9063077870366496 -0.70710678118654746 0.64085638205578821 -0.29883623873012088 
1 -7.2772230294598936e-15 -18.358709667611997 9.6099928374370496 -4.6608131545360373e-16 -0.90630778703664949 0.42261826174070066 -2.0802102680723102e-16 0.42261826174070066 0.90630778703664949 -1 3.3449964083309838e-16 -3.8550555182957417e-16 
Triangulations 0

TShapes 156
Ve
1.00000000111022e-07
0.909999999999997 -0.915826388648611 3.24164745449327
0 0

0101101
*
Ve
1.50000001913616e-07
-1.28303980115619e-15 -0.91582638864861 3.24164745449327
0 0

0101101
*
Ed
 1.00000000111022e-07 1 1 0
1  1 0 0 0.909999999999998
0

0101000
-156 12 +155 12 *
Ve
1.00000000111022e-07
1.5 -0.381104794296987 2.99230268006626
0 0

0101101
*
Ed
 1e-07 1 1 0
1  2 0 2.44658946290545 3.28097546470558
0

0101000
+156 13 -153 13 *
Ve
1.50000001136823e-07
-2.66453525910038e-15 -3.99727286457322 4.67854954441165
0 0

0101101
*
Ed
 1.5e-07 1 1 0
1  3 0 -6.325 -2.925
0

0101000
+155 12 -151 12 *
Ve
2.12133034355964e-07
1.5 -0.37204171642662 2.98807649744885
0 0

0101101
*
Ed
 1.00000000111022e-07 1 1 0
1  4 0 0.589999999999999 0.6
0

0101000
+153 18 -149 18 *
Ve
1.50000000444089e-07
2.45 -3.99727286457322 4.67854954441165
0 0

0101101
*
Ed
 1e-07 1 1 0
1  5 0 3.2 5.65
0

0101000
+151 12 -147 12 *
Ve
1.50000002448161e-07
2.45 -0.372041716426621 2.98807649744885
0 0

0101101
*
Ed
 1e-07 1 1 0
1  6 0 4.7 5.65
0

0101000
+149 12 -145 12 *
Ed
 1.5e-07 1 1 0
1  7 0 -6.925 -2.925
0

0101000
+145 12 -147 12 *
Wi

0101100
-154 9 -152 0 +150 9 -148 17 +146 9 -144 9 -143 9 *
Fa
0  1e-07 1 0

0101000
+142 10 *
Ve
1.00000000496507e-07
0.909999999999997 -1.59201560743373 1.79155499523463
0 0

0101101
*
Ve
1.50000002556957e-07
-9.50206158264615e-16 -1.59201560743373 1.79155499523463
0 0

0101101
*
Ed
 1.00000000496507e-07 1 1 0
1  8 0 0 0.909999999999998
0

0101000
-140 12 +139 12 *
Ed
 1e-07 1 1 0
1  9 0 1.56400838818098e-16 1.6
0

0101000
+140 13 -156 13 *
Ed
 1e-07 1 1 0
1  10 0 0 1.6
0

0101000
+139 20 -155 20 *
Wi

0101100
+138 9 +137 0 -136 19 -154 9 *
Fa
0  1e-07 2 0

0101000
+135 10 *
Ve
1.5e-07
1.5 -1.05729401308211 1.54221022080761
0 0

0101101
*
Ed
 1e-07 1 1 0
1  11 0 2.44658946290545 3.28097546470558
0

0101000
+140 13 -133 13 *
Ed
 1e-07 1 1 0
1  12 0 2.26352069474555e-16 1.6
0

0101000
+133 13 -153 13 *
Wi

0101100
-132 0 +137 0 -131 0 +152 0 *
Fa
0  1e-07 3 0

0101000
+130 0 *
Ve
1e-07
-8.66390499103296e-15 -19.0639752761765 13.3031893420086
0 0

0101101
*
Ve
1e-07
-7.83182088380403e-15 -20.7544483231393 9.67795819386202
0 0

0101101
*
Ed
 1e-07 1 1 0
1  13 0 0 4
0

0101000
+128 24 -127 24 *
Ve
1.00000000496507e-07
-8.32084107228926e-16 1.6904730469628 3.6252311481466
0 0

0101101
*
Ed
 1e-07 1 1 0
1  14 0 0 22.9
0

0101000
+128 24 -125 24 *
Ve
1e-07
0 0 0
0 0

0101101
*
Ed
 1e-07 1 1 0
1  15 0 0 22.9
0

0101000
+123 24 -127 24 *
Ed
 1e-07 1 1 0
1  16 0 0 4
0

0101000
+125 24 -123 24 *
Wi

0101100
+126 23 -124 23 -122 23 -121 23 *
Ve
1.5000000216054e-07
-8.88178419700125e-16 -0.37204171642662 2.98807649744885
0 0

0101101
*
Ed
 1.5e-07 1 1 0
1  17 0 -6.925 -6.325
0

0101000
+119 12 -155 12 *
Ve
1.50000001332269e-07
-2.22044604925031e-15 -4.67346208335834 3.22845708515301
0 0

0101101
*
Ed
 1.5e-07 1 1 0
1  18 0 -1.32455731279608 0.275442687203924
0

0101000
+117 12 -151 12 *
Ed
 1.5e-07 1 1 0
1  19 0 -6.325 -2.925
0

0101000
+139 12 -117 12 *
Ve
1e-07
-7.44488252111739e-16 -1.0477221717859 1.53676989533749
0 0

0101101
*
Ed
 1e-07 1 1 0
1  20 0 0 0.600974867377092
0

0101000
+114 20 -139 20 *
Ed
 1e-07 1 1 0
1  21 0 0 1.60088567083553
0

0101000
+119 20 -114 20 *
Wi

0101100
-118 0 -150 0 +116 0 +115 0 +113 25 +112 25 *
Ve
1.5000000263375e-07
-6.66133814775094e-15 -14.6010739729023 9.62318320677732
0 0

0101101
*
Ve
1.50000001867706e-07
-7.61005667235146e-15 -17.6825204488269 11.0600852966957
0 0

0101101
*
Ed
 1.5e-07 1 1 0
1  22 0 0.925 4.325
0

0101000
+110 12 -109 12 *
Ve
1.5000000261758e-07
-6.21724893790088e-15 -15.2772631916874 8.17309074751868
0 0

0101101
*
Ed
 1.5e-07 1 1 0
1  23 0 -1.07544268720364 0.524557312796362
0

0101000
+110 12 -107 12 *
Ve
1.5000000404323e-07
-7.99360577730113e-15 -18.2263051210489 11.3136562537401
0 0

0101101
*
Ed
 1.5e-07 1 1 0
1  24 0 4.325 4.925
0

0101000
+109 12 -105 12 *
Ve
1.50000007133531e-07
-7.27722302945989e-15 -18.358709667612 9.60999283743705
0 0

0101101
*
Ed
 1.5e-07 1 1 0
1  25 0 0.924999999999995 4.325
0

0101000
+107 12 -103 12 *
Ve
1.50000001787576e-07
-7.54951656745106e-15 -18.902494339834 9.86356379448148
0 0

0101101
*
Ed
 1.5e-07 1 1 0
1  26 0 -1.32455731279638 0.275442687203624
0

0101000
+101 12 -105 12 *
Ed
 1.5e-07 1 1 0
1  27 0 4.325 4.925
0

0101000
+103 12 -101 12 *
Wi

0101100
-108 0 +106 0 -104 0 +102 0 +100 0 +99 0 *
Fa
0  1e-07 4 0

0101000
+120 0 +111 0 +98 0 *
Ve
1.50000002782211e-07
1.5 -1.04823093521174 1.53798403819021
0 0

0101101
*
Ed
 1.5e-07 1 1 0
1  28 0 -0.400099673778123 1.19990032622188
0

0101000
+149 12 -96 12 *
Ed
 1.5e-07 1 1 0
1  29 0 6.91391463946192 6.92391463946192
0

0101000
+133 12 -96 12 *
Wi

0101100
-148 17 -131 0 -95 9 +94 9 *
Fa
0  1e-07 5 16

0101000
+93 10 *
Ve
1.50000001601186e-07
2.45 -4.67346208335834 3.22845708515301
0 0

0101101
*
Ed
 1e-07 1 1 0
1  30 0 3.2 5.65
0

0101000
+117 12 -91 12 *
Ed
 1.5e-07 1 1 0
1  31 0 -1.32455731279608 0.275442687203924
0

0101000
+91 12 -147 12 *
Wi

0101100
+116 0 -90 0 -89 0 +146 0 *
Fa
0  1e-07 6 0

0101000
+88 0 *
Ve
1.50000002328823e-07
2.45 -1.04823093521174 1.53798403819021
0 0

0101101
*
Ed
 1e-07 1 1 0
1  32 0 4.7 5.65
0

0101000
+96 12 -86 12 *
Ed
 1.5e-07 1 1 0
1  33 0 -1.32455731279608 0.275442687203923
0

0101000
+86 12 -145 12 *
Wi

0101100
-85 0 -84 0 +144 0 -95 0 *
Fa
0  1e-07 7 0

0101000
+83 0 *
Ve
1e-07
2.44999999999999 -19.0639752761765 13.3031893420086
0 0

0101101
*
Ve
1e-07
2.44999999999999 -20.7544483231393 9.67795819386203
0 0

0101101
*
Ed
 1e-07 1 1 0
1  34 0 0 4
0

0101000
+81 28 -80 28 *
Ve
1.00000000496507e-07
2.45 1.6904730469628 3.6252311481466
0 0

0101101
*
Ed
 1e-07 1 1 0
1  35 0 0 22.9
0

0101000
+81 28 -78 28 *
Ve
1e-07
2.45 -8.1601392309949e-16 9.52016243616072e-16
0 0

0101101
*
Ed
 1e-07 1 1 0
1  36 0 0 22.9
0

0101000
+76 28 -80 28 *
Ed
 1e-07 1 1 0
1  37 0 0 4
0

0101000
+78 28 -76 28 *
Wi

0101100
+79 27 -77 27 -75 27 -74 27 *
Ed
 1.5e-07 1 1 0
1  38 0 -6.925 -2.925
0

0101000
+86 12 -91 12 *
Wi

0101100
-143 0 +89 0 +72 0 -84 0 *
Ve
1.50000001776357e-07
2.44999999999999 -14.6010739729023 9.62318320677732
0 0

0101101
*
Ve
1.50000001831027e-07
2.44999999999999 -18.2263051210489 11.3136562537401
0 0

0101101
*
Ed
 1.5e-07 1 1 0
1  39 0 0.925000000000001 4.925
0

0101000
+70 12 -69 12 *
Ve
1.50000003580362e-07
2.44999999999999 -18.902494339834 9.86356379448148
0 0

0101101
*
Ed
 1.5e-07 1 1 0
1  40 0 -1.32455731279638 0.275442687203626
0

0101000
+67 12 -69 12 *
Ve
1.50000001831027e-07
2.44999999999999 -15.2772631916874 8.17309074751868
0 0

0101101
*
Ed
 1.5e-07 1 1 0
1  41 0 0.924999999999996 4.925
0

0101000
+65 12 -67 12 *
Ed
 1.5e-07 1 1 0
1  42 0 -1.07544268720364 0.524557312796364
0

0101000
+70 12 -65 12 *
Wi

0101100
-68 0 +66 0 +64 0 +63 0 *
Fa
0  1e-07 8 26

0101000
+73 0 +71 0 +62 0 *
Wi

0101100
-138 9 -132 0 +115 9 -94 9 +90 9 -85 9 -72 9 *
Fa
0  1e-07 9 0

0101000
+60 10 *
Ve
1.5000000218214e-07
-8.88178419700125e-16 -1.04823093521174 1.53798403819021
0 0

0101101
*
Ed
 1.5e-07 1 1 0
1  43 0 -1.32455731279608 0.275442687203923
0

0101000
+58 12 -119 12 *
Ed
 1.5e-07 1 1 0
1  44 0 -6.925 -6.325
0

0101000
+58 12 -139 12 *
Wi

0101100
+57 0 -56 0 -136 25 +118 0 *
Fa
0  1e-07 10 0

0101000
+55 0 *
Ed
 1e-07 1 1 0
1  45 0 0 2.45
0

0101000
+128 12 -81 12 *
Ed
 1e-07 1 1 0
1  46 0 0 2.45
0

0101000
+127 12 -80 12 *
Wi

0101100
+53 0 -52 0 -126 23 +79 27 *
Fa
0  1e-07 11 0

0101000
+51 0 *
Ed
 1.00000000496507e-07 1 1 0
1  47 0 0 2.45
0

0101000
+125 12 -78 12 *
Wi

0101100
+53 0 -49 0 -124 23 +77 27 *
Fa
0  1e-07 12 0

0101000
+48 0 *
Ed
 1e-07 1 1 0
1  48 0 0 2.45
0

0101000
+123 12 -76 12 *
Wi

0101100
+46 0 -52 0 -122 23 +75 27 *
Fa
0  1e-07 13 0

0101000
+45 0 *
Wi

0101100
+49 0 -46 0 -121 23 +74 27 *
Fa
0  1e-07 14 0

0101000
+43 0 *
Wi

0101100
-112 25 -113 25 +56 0 -57 0 *
Fa
0  1e-07 15 0

0101000
+41 0 *
Ve
1.00000001776357e-07
1.49999999999999 -18.2172420431785 11.3094300711227
0 0

0101101
*
Ve
1.00000003972055e-07
1.49999999999999 -18.2263051210489 11.3136562537401
0 0

0101101
*
Ed
 1.00000001776357e-07 1 1 0
1  49 0 0 0.0100000000000002
0

0101000
-39 18 +38 18 *
Ve
1e-07
0.909999999999994 -17.6825204488269 11.0600852966957
0 0

0101101
*
Ed
 1e-07 1 1 0
1  50 0 -1.86676190233248 -1.03237590053236
0

0101000
+39 13 -36 13 *
Ed
 1e-07 1 1 0
1  51 0 4.7 5.65
0

0101000
+38 12 -69 12 *
Ed
 1e-07 1 1 0
1  52 0 0 0.910000000000002
0

0101000
-36 12 +109 12 *
Ed
 1e-07 1 1 0
1  53 0 3.2 5.65
0

0101000
+110 12 -70 12 *
Wi

0101100
-37 17 -35 0 +34 9 +33 9 -68 9 +108 9 -32 9 *
Fa
0  1e-07 16 0

0101000
+31 10 *
Ed
 1e-07 1 1 0
1  54 0 3.2 5.65
0

0101000
+107 12 -65 12 *
Wi

0101100
+106 0 -32 0 -63 0 +29 0 *
Fa
0  1e-07 17 0

0101000
+28 0 *
Ed
 1e-07 1 1 0
1  55 0 0 1.6
0

0101000
+103 20 -109 20 *
Wi

0101100
-104 0 -26 25 +99 0 +100 0 *
Fa
0  1e-07 18 0

0101000
-25 0 *
Ve
1.00000006404746e-07
1.49999999999999 -18.8934312619636 9.85933761186407
0 0

0101101
*
Ve
1.00000006404746e-07
1.49999999999999 -18.902494339834 9.86356379448148
0 0

0101101
*
Ed
 1.00000006404746e-07 1 1 0
1  56 0 0 0.0100000000000027
0

0101000
-23 18 +22 18 *
Ve
1.00000006404746e-07
0.909999999999995 -18.358709667612 9.60999283743705
0 0

0101101
*
Ed
 1e-07 1 1 0
1  57 0 -1.86676190233248 -1.03237590053236
0

0101000
+23 13 -20 13 *
Ed
 1e-07 1 1 0
1  58 0 4.7 5.65
0

0101000
+22 12 -67 12 *
Ed
 1.00000006404746e-07 1 1 0
1  59 0 0 0.910000000000002
0

0101000
-20 12 +103 12 *
Wi

0101100
-21 17 -19 0 +18 9 +17 9 -64 9 +102 9 -29 9 *
Fa
0  1e-07 19 0

0101000
+16 10 *
Ed
 1.00000003972055e-07 1 1 0
1  60 0 0 1.6
0

0101000
+22 18 -38 18 *
Wi

0101100
-18 0 -66 0 +34 0 +14 29 *
Fa
0  1e-07 20 0

0101000
+13 0 *
Ed
 1e-07 1 1 0
1  61 0 7.99067266161595e-15 1.60000000000001
0

0101000
+23 13 -39 13 *
Wi

0101100
-37 17 +11 0 -14 17 +21 17 *
Fa
0  1e-07 21 16

0101000
+10 10 *
Ed
 1e-07 1 1 0
1  62 0 6.33430481160371e-15 1.6
0

0101000
+20 13 -36 13 *
Wi

0101100
-19 0 +11 0 -8 0 +35 0 *
Fa
0  1e-07 22 0

0101000
+7 0 *
Wi

0101100
+17 9 +8 0 -26 19 -33 9 *
Fa
0  1e-07 23 0

0101000
+5 10 *
Sh

0101100
-141 9 +134 9 -129 0 -97 9 +92 9 +87 9 -82 9 +61 9 +59 9 -54 9 
-50 9 +47 9 +44 9 +42 9 -40 9 -30 9 +27 9 -24 9 +15 9 +12 9 
+9 9 -6 0 -4 9 *
So

0100000
+3 0 *
Co

0100000
+2 8 *

+1 1 ]]>
      </Part>
      <ElementMap new="1" count="1"><Element key="Dummy" value="Dummy"/></ElementMap>
      <ElementMap2 count="126">
<![CDATA[
10 PostfixCount 13
Edge
Face
Vertex
;:U;CHF;:Hee1:7,V;:Hee2,V;:Hed1:8,V;:X;BND:0:0;:Hecf:b,V;:H-138f:15,V;:H138f,V
;:Hee1,V;:Hee2,V;:Hed1:8,V;:X;BND:0:0;:Hecf:b,V;:H-138f:15,V;:H138f,V
;:Hee1,E;:Hee2,E;:Hed1:8,E;:X;BND:0:0;:Hecf:b,E;:H-138f:15,E;:H138f,E
;:Hee1,F;:Hee2,F;:Hed1:8,F;:X;BND:0:0;:Hecf:b,F;:H-138f:15,F;:H138f,F
;:M;CHF;:Hee1:7,E;:Hee2,E;:Hed1:8,E;:X;BND:0:0;:Hecf:b,E;:H-138f:15,E;:H138f,E
;:M;CHF;:Hee1:7,F;:Hee2,F;:Hed1:8,F;:X;BND:0:0;:Hecf:b,F;:H-138f:15,F;:H138f,F
;:G;CHF;:Hee1:7,F;:Hee2,F;:Hed1:8,F;:X;BND:0:0;:Hecf:b,F;:H-138f:15,F;:H138f,F
;:U;CHF;:Hee1:7,E;:Hee2,E;:Hed1:8,E;:X;BND:0:0;:Hecf:b,E;:H-138f:15,E;:H138f,E
;:U3;CHF;:Hee1:8,E;:Hee2,E;:Hed1:8,E;:X;BND:0:0;:Hecf:b,E;:H-138f:15,E;:H138f,E
;:U4;CHF;:Hee1:8,E;:Hee2,E;:Hed1:8,E;:X;BND:0:0;:Hecf:b,E;:H-138f:15,E;:H138f,E

MapCount 2

ElementMap 1 9 3

Edge

ChildCount 0

NameCount 63
0
;#939.8 0
;#987.d 0
;#12b8.6 0
;#93a.8 0
;#4b8.6 0
;#b0c.6 0
;#12c3.6 0
;#93b.8 0
;#986.b 0
;#8d3.6 0
;#987.b 0
;#987.c 0
;#f10.6 0
;#f0d.6 0
;#f15.6 0
;#f13.6 0
;#12b7.6 0
;#12b9.6 0
;#12bb.6 0
;#12d3.6 0
;#12d4.6 0
;#12bd.6 0
;#12c2.6 0
;#12be.6 0
;#12c0.6 0
;#12bf.6 0
;#12c1.6 0
;#12d7.6 0
;#12d9.8 0
;#4b9.6 0
;#12c4.6 0
;#b0d.6 0
;#12c6.6 0
;#f11.6 0
;#f0e.6 0
;#f4f.6 0
;#f14.6 0
;#12c5.6 0
;#12c7.6 0
;#12c8.6 0
;#12c9.6 0
;#12ca.6 0
;#12d5.6 0
;#12d6.6 0
;#f0b.6 0
;#f0f.6 0
;#12b6.6 0
;#f79.6 0
;#93d.8 0
;#989.d 0
;#b0e.6 0
;#93e.8 0
;#4ba.6 0
;#4bb.6 0
;#8da.6 0
;#93f.8 0
;#989.b 0
;#b0f.6 0
;#940.8 0
;#8ec.6 0
;#988.b 0
;#989.c 0

Face

ChildCount 0

NameCount 24
0
;#b1b.9 0
;#963.9 0
;#964.a 0
;#f85.7 0
;#965.9 0
;#4d8.7 0
;#b24.7 0
;#f86.7 0
;#b1c.9 0
;#90e.7 0
;#f83.7 0
;#f82.7 0
;#f87.7 0
;#f84.7 0
;#12d8.7 0
;#b1d.9 0
;#4d9.7 0
;#910.7 0
;#b1e.9 0
;#b25.7 0
;#966.9 0
;#967.a 0
;#968.9 0

Vertex

ChildCount 0

NameCount 42
0
;#9a3.4 0
;#7ea.5 0
;#9a4.4 0
;#12a7.5 0
;#82c.5 0
;#12af.5 0
;#12ae.5 0
;#9a5.4 0
;#7ee.5 0
;#126f.4 0
;#ea4.5 0
;#eaa.5 0
;#ea8.5 0
;#eb0.5 0
;#12a6.5 0
;#12a8.5 0
;#12cf.5 0
;#12aa.5 0
;#7f0.5 0
;#12ad.5 0
;#12ab.5 0
;#7f4.5 0
;#12ac.5 0
;#12d2.5 0
;#12b0.5 0
;#12b1.5 0
;#ea6.5 0
;#eac.5 0
;#12a5.5 0
;#ee2.5 0
;#12b2.5 0
;#12b3.5 0
;#12b4.5 0
;#12b5.5 0
;#12d1.5 0
;#9a7.4 0
;#82e.5 0
;#9a8.4 0
;#9a9.4 0
;#82f.5 0
;#9aa.4 0

EndMap

ElementMap 2 10 3

Edge

ChildCount 1
1 0 62 0 1 ;:H,E 0

NameCount 0

Face

ChildCount 1
1 0 23 0 1 ;:H,F 0

NameCount 0

Vertex

ChildCount 1
1 0 41 0 1 ;:H,V 0

NameCount 0

EndMap
]]>
      </ElementMap2>
    </Property>
    <Property name="SplitEdges" type="App::PropertyBool">
      <Bool value="false"/>
    </Property>
    <Property name="Support" type="App::PropertyXLinkSubList">
      <XLinkSubList count="1">
        <XLink file="" stamp="" name="Binder" sub=""/>
      </XLinkSubList>
    </Property>
    <Property name="TightBound" type="App::PropertyBool">
      <Bool value="false"/>
    </Property>
    <Property name="TreeRank" type="App::PropertyInteger" status="2184">
      <Integer value="18"/>
    </Property>
    <Property name="ValidateShape" type="App::PropertyBool">
      <Bool value="false"/>
    </Property>
    <Property name="Visibility" type="App::PropertyBool" status="648">
      <Bool value="false"/>
    </Property>
    <Property name="_Version" type="App::PropertyInteger" status="83886080">
      <Integer value="8"/>
    </Property>
  </Properties>
</Object>
</Document>
