<?xml version='1.0' encoding='utf-8'?>
<!-- FreeCAD DocumentObject -->
<Document SchemaVersion="4" FileVersion="2">
<Object name="Body001" Extensions="True">
  <Extensions Count="1">
    <Extension type="App::OriginGroupExtension" name="OriginGroupExtension">
    </Extension>
  </Extensions>
  <Properties Count="21" TransientCount="2">
    <_Property name="_ElementMapVersion" type="App::PropertyString" status="234881024"/>
    <_Property name="_GroupTouched" type="App::PropertyBool" status="100663424"/>
    <Property name="AutoGroupSolids" type="App::PropertyBool" status="134217728">
      <Bool value="false"/>
    </Property>
    <Property name="BaseFeature" type="App::PropertyLink">
      <Link value=""/>
    </Property>
    <Property name="ClaimAllChildren" type="App::PropertyBool" status="8">
      <Bool value="false"/>
    </Property>
    <Property name="ColoredElements" type="App::PropertyLinkSubHidden" status="218103808">
      <LinkSub value="" count="0">
      </LinkSub>
    </Property>
    <Property name="ExportMode" type="App::PropertyEnumeration" status="8">
      <Integer value="0"/>
    </Property>
    <Property name="ExpressionEngine" type="App::PropertyExpressionEngine" status="67108864">
      <ExpressionEngine count="0"></ExpressionEngine>
    </Property>
    <Property name="FixShape" type="App::PropertyEnumeration">
      <Integer value="0"/>
    </Property>
    <Property name="Group" type="App::PropertyLinkList">
      <LinkList count="9">
        <Link value="Sketch004"/>
        <Link value="Sketch005"/>
        <Link value="Sketch006"/>
        <Link value="Pad003"/>
        <Link value="Pad004"/>
        <Link value="Pad005"/>
        <Link value="Boolean"/>
        <Link value="PolarPattern"/>
        <Link value="Chamfer001"/>
      </LinkList>
    </Property>
    <Property name="InvalidShape" type="App::PropertyBool" status="67108864">
      <Bool value="false"/>
    </Property>
    <Property name="Label" type="App::PropertyString" status="134217728">
      <String value="cut"/>
    </Property>
    <Property name="Label2" type="App::PropertyString" status="128">
      <String value=""/>
    </Property>
    <Property name="Origin" type="App::PropertyLink" status="67108864">
      <Link value="Origin002"/>
    </Property>
    <Property name="Placement" type="App::PropertyPlacement" status="8388608">
      <PropertyPlacement Px="0" Py="0" Pz="0" Q0="0" Q1="0" Q2="0" Q3="1" A="0" Ox="0" Oy="0" Oz="1"/>
    </Property>
    <Property name="Shape" type="Part::PropertyPartShape">
      <Part HasherIndex="0" ElementMap="1.15.70200.4" brep="1">
<![CDATA[

CASCADE Topology V1, (c) Matra-Datavision
Locations 117
1
              1               0               0               0 
              0               1               0               0 
              0               0               1               0 
1
              1               0               0               0 
              0               1               0               0 
              0               0               1               0 
1
              1               0               0               0 
              0               1               0               0 
              0               0               1               0 
2  2 1 3 1 0
1
              1               0               0               0 
              0               1               0               0 
              0               0               1               0 
1
              1               0               0               0 
              0               1               0               0 
              0               0               1               0 
1
              1               0               0               0 
              0               1               0               0 
              0               0               1               0 
1
              1               0               0               0 
              0               1               0               0 
              0               0               1               0 
2  5 1 6 1 7 1 8 1 0
2  3 -1 2 -1 0
2  5 1 6 1 7 1 8 1 2 1 3 1 0
1
              1               0               0               0 
              0               1               0               0 
              0               0               1               0 
2  12 -1 3 -1 2 -1 8 -1 7 -1 6 -1 5 -1 0
2  12 -1 0
1
              1               0               0               0 
              0               1               0               0 
              0               0               1               0 
1
              1               0               0               0 
              0               1               0               0 
              0               0               1              16 
1
              1               0               0               0 
              0               1               0               0 
              0               0               1              10 
2  15 1 16 1 17 1 5 1 6 1 7 1 8 1 2 1 3 1 0
2  12 -1 3 -1 2 -1 8 -1 7 -1 6 -1 5 -1 17 -1 16 -1 15 -1 0
2  8 -1 7 -1 6 -1 5 -1 0
1
              1               0               0               0 
              0               1               0               0 
              0               0               1               0 
1
              1               0               0               0 
              0               1               0               0 
              0               0               1              16 
1
              1               0               0               0 
              0               1               0               0 
              0               0               1               2 
2  21 1 22 1 23 1 5 1 6 1 7 1 8 1 2 1 3 1 0
2  12 -1 3 -1 2 -1 8 -1 7 -1 6 -1 5 -1 23 -1 22 -1 21 -1 0
1
              1               0               0               0 
              0               1               0               0 
              0               0               1               0 
1
              1               0               0               0 
              0               1               0               0 
              0               0               1               0 
1
              1               0               0               0 
              0               1               0               0 
              0               0               1              18 
1
              1               0               0               0 
              0               1               0               0 
              0               0               1               0 
1
              1               0               0               0 
              0               1               0               0 
              0               0               1               0 
1
              1               0               0               0 
              0               1               0               0 
              0               0               1               0 
1
              1               0               0               0 
              0               1               0               0 
              0               0               1               0 
2  26 1 27 1 28 1 29 1 30 1 31 1 32 1 2 1 3 1 0
2  12 -1 3 -1 2 -1 32 -1 31 -1 30 -1 29 -1 28 -1 27 -1 26 -1 0
2  23 -1 22 -1 21 -1 0
2  15 1 16 1 5 1 6 1 7 1 8 1 0
2  12 -1 3 -1 2 -1 8 -1 7 -1 6 -1 5 -1 16 -1 15 -1 0
2  15 1 16 1 17 1 5 1 6 1 7 1 8 1 0
2  12 -1 3 -1 2 -1 0
2  26 1 27 1 29 1 30 1 31 1 32 1 2 1 3 1 0
2  32 -1 31 -1 30 -1 29 -1 27 -1 26 -1 0
2  12 -1 3 -1 2 -1 32 -1 31 -1 30 -1 29 -1 27 -1 26 -1 0
2  29 1 30 1 31 1 32 1 2 1 3 1 0
2  32 -1 31 -1 30 -1 29 -1 0
2  12 -1 3 -1 2 -1 32 -1 31 -1 30 -1 29 -1 0
2  21 1 22 1 5 1 6 1 7 1 8 1 2 1 3 1 0
2  8 -1 7 -1 6 -1 5 -1 22 -1 21 -1 0
2  12 -1 3 -1 2 -1 8 -1 7 -1 6 -1 5 -1 22 -1 21 -1 0
2  8 -1 7 -1 6 -1 5 -1 17 -1 16 -1 15 -1 0
2  17 1 5 1 6 1 7 1 8 1 0
2  29 1 30 1 31 1 32 1 0
2  5 1 6 1 7 1 8 1 32 -1 31 -1 30 -1 29 -1 0
2  26 1 27 1 29 1 30 1 31 1 32 1 0
2  26 1 27 1 28 1 29 1 30 1 31 1 32 1 0
2  21 1 22 1 5 1 6 1 7 1 8 1 0
2  22 -1 21 -1 0
2  21 1 22 1 23 1 5 1 6 1 7 1 8 1 0
2  26 1 27 1 0
1
              1               0               0               0 
              0               1               0               0 
              0               0               1               0 
1
              1               0               0              -0 
              0               1               0              -0 
              0               0               1              -0 
1
-2.22044604925031e-16               1 9.86076131526263e-32               0 
             -1 -2.22044604925031e-16 6.66133814775094e-16               0 
6.66133814775094e-16 4.93038065763132e-32               1               0 
2  59 1 60 1 61 1 3 1 0
2  3 -1 61 -1 60 -1 59 -1 0
2  5 1 6 1 7 1 8 1 59 1 60 1 61 1 3 1 0
2  12 -1 3 -1 61 -1 60 -1 59 -1 8 -1 7 -1 6 -1 5 -1 0
2  15 1 16 1 17 1 5 1 6 1 7 1 8 1 59 1 60 1 61 1 3 1 0
2  12 -1 3 -1 61 -1 60 -1 59 -1 8 -1 7 -1 6 -1 5 -1 17 -1 16 -1 15 -1 0
2  21 1 22 1 23 1 5 1 6 1 7 1 8 1 59 1 60 1 61 1 3 1 0
2  12 -1 3 -1 61 -1 60 -1 59 -1 8 -1 7 -1 6 -1 5 -1 23 -1 22 -1 21 -1 0
2  26 1 27 1 28 1 29 1 30 1 31 1 32 1 59 1 60 1 61 1 3 1 0
2  12 -1 3 -1 61 -1 60 -1 59 -1 32 -1 31 -1 30 -1 29 -1 28 -1 27 -1 26 -1 0
2  12 -1 3 -1 61 -1 60 -1 59 -1 8 -1 7 -1 6 -1 5 -1 16 -1 15 -1 0
2  12 -1 3 -1 61 -1 60 -1 59 -1 0
2  26 1 27 1 29 1 30 1 31 1 32 1 59 1 60 1 61 1 3 1 0
2  12 -1 3 -1 61 -1 60 -1 59 -1 32 -1 31 -1 30 -1 29 -1 27 -1 26 -1 0
2  29 1 30 1 31 1 32 1 59 1 60 1 61 1 3 1 0
2  12 -1 3 -1 61 -1 60 -1 59 -1 32 -1 31 -1 30 -1 29 -1 0
2  21 1 22 1 5 1 6 1 7 1 8 1 59 1 60 1 61 1 3 1 0
2  12 -1 3 -1 61 -1 60 -1 59 -1 8 -1 7 -1 6 -1 5 -1 22 -1 21 -1 0
1
             -1 -1.22464679914736e-16 6.66133814775094e-16               0 
1.22464679914736e-16              -1 6.66133814775094e-16               0 
6.66133814775094e-16 6.66133814775094e-16               1               0 
2  59 1 60 1 80 1 3 1 0
2  3 -1 80 -1 60 -1 59 -1 0
2  5 1 6 1 7 1 8 1 59 1 60 1 80 1 3 1 0
2  12 -1 3 -1 80 -1 60 -1 59 -1 8 -1 7 -1 6 -1 5 -1 0
2  15 1 16 1 17 1 5 1 6 1 7 1 8 1 59 1 60 1 80 1 3 1 0
2  12 -1 3 -1 80 -1 60 -1 59 -1 8 -1 7 -1 6 -1 5 -1 17 -1 16 -1 15 -1 0
2  21 1 22 1 23 1 5 1 6 1 7 1 8 1 59 1 60 1 80 1 3 1 0
2  12 -1 3 -1 80 -1 60 -1 59 -1 8 -1 7 -1 6 -1 5 -1 23 -1 22 -1 21 -1 0
2  26 1 27 1 28 1 29 1 30 1 31 1 32 1 59 1 60 1 80 1 3 1 0
2  12 -1 3 -1 80 -1 60 -1 59 -1 32 -1 31 -1 30 -1 29 -1 28 -1 27 -1 26 -1 0
2  12 -1 3 -1 80 -1 60 -1 59 -1 8 -1 7 -1 6 -1 5 -1 16 -1 15 -1 0
2  12 -1 3 -1 80 -1 60 -1 59 -1 0
2  26 1 27 1 29 1 30 1 31 1 32 1 59 1 60 1 80 1 3 1 0
2  12 -1 3 -1 80 -1 60 -1 59 -1 32 -1 31 -1 30 -1 29 -1 27 -1 26 -1 0
2  29 1 30 1 31 1 32 1 59 1 60 1 80 1 3 1 0
2  12 -1 3 -1 80 -1 60 -1 59 -1 32 -1 31 -1 30 -1 29 -1 0
2  21 1 22 1 5 1 6 1 7 1 8 1 59 1 60 1 80 1 3 1 0
2  12 -1 3 -1 80 -1 60 -1 59 -1 8 -1 7 -1 6 -1 5 -1 22 -1 21 -1 0
1
1.11022302462516e-16              -1 6.66133814775094e-16               0 
              1 1.11022302462516e-16 -2.46519032881569e-32               0 
-4.93038065763132e-32 6.66133814775094e-16               1               0 
2  59 1 60 1 99 1 3 1 0
2  3 -1 99 -1 60 -1 59 -1 0
2  5 1 6 1 7 1 8 1 59 1 60 1 99 1 3 1 0
2  12 -1 3 -1 99 -1 60 -1 59 -1 8 -1 7 -1 6 -1 5 -1 0
2  15 1 16 1 17 1 5 1 6 1 7 1 8 1 59 1 60 1 99 1 3 1 0
2  12 -1 3 -1 99 -1 60 -1 59 -1 8 -1 7 -1 6 -1 5 -1 17 -1 16 -1 15 -1 0
2  21 1 22 1 23 1 5 1 6 1 7 1 8 1 59 1 60 1 99 1 3 1 0
2  12 -1 3 -1 99 -1 60 -1 59 -1 8 -1 7 -1 6 -1 5 -1 23 -1 22 -1 21 -1 0
2  26 1 27 1 28 1 29 1 30 1 31 1 32 1 59 1 60 1 99 1 3 1 0
2  12 -1 3 -1 99 -1 60 -1 59 -1 32 -1 31 -1 30 -1 29 -1 28 -1 27 -1 26 -1 0
2  12 -1 3 -1 99 -1 60 -1 59 -1 8 -1 7 -1 6 -1 5 -1 16 -1 15 -1 0
2  12 -1 3 -1 99 -1 60 -1 59 -1 0
2  26 1 27 1 29 1 30 1 31 1 32 1 59 1 60 1 99 1 3 1 0
2  12 -1 3 -1 99 -1 60 -1 59 -1 32 -1 31 -1 30 -1 29 -1 27 -1 26 -1 0
2  29 1 30 1 31 1 32 1 59 1 60 1 99 1 3 1 0
2  12 -1 3 -1 99 -1 60 -1 59 -1 32 -1 31 -1 30 -1 29 -1 0
2  21 1 22 1 5 1 6 1 7 1 8 1 59 1 60 1 99 1 3 1 0
2  12 -1 3 -1 99 -1 60 -1 59 -1 8 -1 7 -1 6 -1 5 -1 22 -1 21 -1 0
Curve2ds 56
7 0 0  5 6 2  0.36001297001045623 -2.0930360723121941  0.36209745118009234 -1.6857791872992625  0.36415446727824463 -1.2729464493986242  0.36618448194209829 -0.85443990202412223  0.36818794857599846 -0.43015890714681126  0.37016531057441704 5.0242958677880797e-15 
 2.3235150460340686 6 2.3772395984438863 6
1 2.126044292656597 0 0 1 
1 2.1260442926567582 0 0 -1 
1 0 -2.0930360723121808 1 0 
1 0 -2.0930360723121808 1 0 
1 0 -2 1 0 
1 0 0 0 1 
1 0.37016531057482016 0 0 1 
1 0 0 1 0 
1 1.7558789820821801 -0.51999999999999957 1 0 
1 2.0293410045219242 0 0 -1 
1 1.3857136715076095 16 0 -1 
1 1.3857136715073599 -0.51999999999999957 1 0 
1 0 0 1 0 
1 0 16 1 0 
1 1.7558789820821838 16 0 -1 
1 0 0 1 0 
1 0 0 1 0 
1 0 -10 1 0 
1 2.4962096032313328 0 0 -1 
7 0 0  5 6 2  -0.01015234056387726 -2.0930360723121808  -0.0080678593942415944 -1.6857791872992522  -0.0060108432961030189 -1.2729464493987397  -0.003980828632215605 -0.85443990202401743  -0.0019773619983354251 -0.43015890714682736  8.3488771451811772e-14 -1.4389387571946218e-14 
 2.3235150460340677 6 2.377239598443885 6
1 1.8525822702170176 16 0 -1 
1 0 0 1 0 
7 0 0  5 6 2  0.36001297001045612 -2.0930360723121835  0.36209745118009223 -1.6857791872992516  0.36415446727824463 -1.2729464493986971  0.36618448194209785 -0.85443990202414  0.36818794857599846 -0.43015890714680383  0.37016531057441704 1.2560739669470201e-14 
 2.3235150460340681 6 2.3772395984438859 6
1 2.126044292656597 -1.2314834080354802e-15 0 1 
1 0 -2.0930360723121808 1 0 
1 0 -2.0930360723121808 1 0 
1 0 0 0 1 
1 0.37016531057482016 0 0 1 
1 0 0 1 0 
1 1.7558789820821801 -0.51999999999999957 1 0 
1 1.3857136715073599 -0.51999999999999957 1 0 
1 0 0 1 0 
7 0 0  5 6 2  -0.01015234056387726 -2.0930360723121808  -0.0080678593942415944 -1.6857791872992554  -0.0060108432961030189 -1.2729464493987184  -0.003980828632215605 -0.85443990202402631  -0.0019773619983354251 -0.43015890714684141  8.3488771451811772e-14 -3.1848181315536048e-14 
 2.3235150460340681 6 2.377239598443885 6
7 0 0  5 6 2  0.36001297001045596 -2.0930360723121861  0.36209745118009207 -1.6857791872992545  0.36415446727824508 -1.2729464493986189  0.36618448194209829 -0.8544399020241169  0.36818794857599846 -0.43015890714680632  0.37016531057441704 1.0048591735576159e-14 
 2.3235150460340686 6 2.3772395984438863 6
1 2.126044292656597 2.6365572389878632e-15 0 1 
1 0 -2.0930360723121808 1 0 
1 0 -2.0930360723121808 1 0 
1 0 0 0 1 
1 0.37016531057482016 0 0 1 
1 0 0 1 0 
1 1.7558789820821801 -0.51999999999999957 1 0 
1 1.3857136715073599 -0.51999999999999957 1 0 
1 0 0 1 0 
7 0 0  5 6 2  -0.01015234056387726 -2.0930360723121808  -0.0080678593942415944 -1.685779187299252  -0.0060108432961030189 -1.2729464493987477  -0.003980828632215605 -0.85443990202402009  -0.0019773619983354251 -0.43015890714683053  8.3488771451811772e-14 -1.7358697481459262e-14 
 2.3235150460340681 6 2.3772395984438854 6
7 0 0  5 6 2  0.36001297001045629 -2.0930360723121915  0.3620974511800924 -1.6857791872992598  0.36415446727824419 -1.2729464493986811  0.36618448194209918 -0.85443990202416309  0.36818794857599846 -0.43015890714680866  0.37016531057441704 7.536443801682118e-15 
 2.323515046034069 6 2.3772395984438868 6
1 2.126044292656597 -1.4610298711774096e-15 0 1 
1 0 -2.0930360723121808 1 0 
1 0 -2.0930360723121808 1 0 
1 0 0 0 1 
1 0.37016531057482016 0 0 1 
1 0 0 1 0 
1 1.7558789820821801 -0.51999999999999957 1 0 
1 1.3857136715073599 -0.51999999999999957 1 0 
1 0 0 1 0 
7 0 0  5 6 2  -0.01015234056387726 -2.0930360723121808  -0.0080678593942415944 -1.6857791872992522  -0.0060108432961030189 -1.2729464493987424  -0.003980828632215605 -0.85443990202401654  -0.0019773619983354251 -0.43015890714683019  8.3488771451811772e-14 -1.7053922831046594e-14 
 2.3235150460340677 6 2.377239598443885 6
Curves 144
1 -12.579743291454509 21.625274014988754 18 -0.67453202809387314 0.73824558452832378 0 
8 2.3235150460340686 2.3772395984438863
5 3.9127015980001203 3.5750197488975317 45.319999999975217 0.73824558452832378 0.67453202809387314 0 0 0 -1 -0.67453202809387314 0.73824558452832378 0 5.3000000000000087 5.300000000000006
1 -8.43671579159213 17.090912960264802 16 0 0 1 
8 -2 -0.51999999999999957
1 -15.18203607251384 24.473368805529415 16 -0 -0 -1 
1 -15.18203607253086 24.473368805548038 0 0.67453202809387314 -0.73824558452832378 0 
1 -15.18203607253086 24.473368805548041 16 0 0 1 
1 5.2999999999999998 28.308126041802669 0 0 -1 0 
2 0 0 18 0 -0 1 0.18402777777802296 0.98292104311896933 0 -0.98292104311896933 0.18402777777802296 0 27.319999999975202
1 -5.2999999999999998 18.308126041827641 0 1 0 0 
2 0 0 18 0 0 1 -0.18402777777777402 0.98292104311901585 0 -0.98292104311901585 -0.18402777777777402 0 27.319999999975202
2 4.5218388080925853e-22 0 0 0 0 1 1 0 0 0 1 0 19.05983943172674
1 -5.2999999999953289 28.308126041803284 16.52 -0.13012728959335501 0.69503013496041088 -0.70710678118654768 
2 0 0 16.52 0 0 1 -0.18402777777777402 0.98292104311901585 0 -0.98292104311901585 -0.18402777777777402 0 28.799999999975203
1 -16.262118987592363 9.9408734624697495 16 0 0 1 
1 -8.43671579159213 17.090912960264802 16 0 0 1 
1 -16.262118987592363 9.9408734624697477 0 0.73824558452832378 0.67453202809387303 0 
1 -16.262118987592363 9.9408734624697477 0 0.73824558452832378 0.67453202809387303 0 
1 5.2999999999999972 28.308126041827641 0 0 0 1 
2 0 0 16.52 0 -0 1 0.18402777777802296 0.98292104311896933 0 -0.98292104311896933 0.18402777777802296 0 28.799999999975203
2 0 0 0 0 0 1 1 0 0 0 1 0 28.800000000000001
1 -5.2999999999999989 28.308126041827641 0 0 0 1 
2 4.5218388080925853e-22 0 0 0 0 1 1 0 0 0 1 0 28.799999999975203
2 4.5218388080925853e-22 0 0 0 0 1 1 0 0 0 1 0 28.799999999975203
2 0 0 0 0 0 1 1 0 0 0 1 0 28.800000000000004
1 -23.007439268531094 17.323329307752985 16 0 0 1 
1 -23.007439268531094 17.323329307752989 0 0.67453202809387303 -0.73824558452832389 0 
8 2.3235150460340677 2.377239598443885
5 5.3000000000000167 -4.9359881261571944e-14 45.319999999975188 1 -9.3131851436927899e-15 -5.1783493318363108e-15 -5.1783493318363108e-15 4.8226926066109414e-29 -1 9.3131851436927899e-15 1 0 5.3000000000000194 5.3000000000000167
1 5.2999999999999998 18.308126041827641 0 0 0 1 
1 5.2999999999999998 28.308126041827641 0 0 -1 0 
1 -5.2999999999999998 18.308126041827641 0 0 0 1 
1 -5.2999999999999998 18.308126041827641 0 0 0 1 
1 -5.2999999999999998 18.308126041827641 0 1 0 0 
2 4.5218388080925853e-22 0 0 0 0 1 1 0 0 0 1 0 19.05983943172674
1 -23.007439268531094 17.323329307752989 0 0.67453202809387303 -0.73824558452832389 0 
1 -5.2999999999999998 24.508167314563419 16 0 1 0 
1 -5.2999999999999998 28.308126041827641 0 0 -1 0 
1 -12.579743291454509 21.625274014988754 18 -0.67453202809387314 0.73824558452832378 4.0410250152113947e-48 
8 2.3235150460340681 2.3772395984438859
5 3.575019748897533 -3.9127015980000928 45.319999999975224 0.67453202809387303 -0.73824558452832389 4.9177034746272143e-16 -2.4651903288156619e-31 -6.6613381477509412e-16 -1 0.73824558452832389 0.67453202809387303 -4.4932859306215284e-16 5.3000000000000131 5.3000000000000087
1 -8.43671579159213 17.090912960264802 16 0 5.4738221262688167e-48 1 
8 -1.9999999999999982 -0.5199999999999978
1 24.473368805529418 15.182036072513849 15.999999999999991 -9.8607613152626344e-32 -6.6613381477509402e-16 -1 
1 -15.18203607253086 24.473368805548038 1.3396286767214589e-46 0.67453202809387314 -0.73824558452832378 -4.0410250152113947e-48 
1 -15.18203607253086 24.473368805548041 16 0 5.4738221262688167e-48 1 
1 5.2999999999999998 28.308126041802669 1.5495364668082595e-46 -3.2842932757612881e-47 -1 -5.4738221262688167e-48 
2 0 1.1990408665951691e-14 18 9.8607613152626476e-32 6.6613381477509392e-16 1 0.98292104311896922 -0.18402777777802318 1.2258712563585774e-16 0.18402777777802318 0.98292104311896922 -6.547569440755536e-16 27.319999999975202
1 -5.2999999999999998 18.308126041827641 1.0021542541827448e-46 1 3.2842932757612881e-47 0 
2 0 1.1990408665951691e-14 18 9.8607613152626454e-32 6.6613381477509392e-16 1 0.98292104311901596 0.18402777777777385 -1.2258712563569186e-16 -0.18402777777777385 0.98292104311901596 -6.5475694407558476e-16 27.319999999975202
2 4.5218388080925853e-22 1.4851044791494916e-68 0 1.7977637202018031e-94 -5.4738221262688167e-48 1 1 3.2842932757612881e-47 0 3.2842932757612881e-47 1 5.4738221262688167e-48 19.05983943172674
1 28.308126041803284 5.2999999999953333 16.519999999999996 0.69503013496041077 0.13012728959335432 -0.70710678118654791 
2 -1.4593926746588699e-31 1.1004530620084552e-14 16.52 9.8607613152626454e-32 6.6613381477509392e-16 1 0.98292104311901596 0.18402777777777385 -1.2258712563569186e-16 -0.18402777777777385 0.98292104311901596 -6.5475694407558476e-16 28.799999999975203
1 -16.262118987592363 9.9408734624697495 16 0 5.4738221262688167e-48 1 
1 -8.43671579159213 17.090912960264802 16 0 5.4738221262688167e-48 1 
1 -16.262118987592363 9.9408734624697477 5.4414573113305408e-47 0.73824558452832378 0.67453202809387303 3.6922683402572212e-48 
1 -16.262118987592363 9.9408734624697477 5.4414573113305408e-47 0.73824558452832378 0.67453202809387303 3.6922683402572212e-48 
1 5.2999999999999972 28.308126041827641 1.5495364668096264e-46 0 5.4738221262688167e-48 1 
2 -1.4593926746588699e-31 1.1004530620084552e-14 16.52 9.8607613152626476e-32 6.6613381477509392e-16 1 0.98292104311896922 -0.18402777777802318 1.2258712563585774e-16 0.18402777777802318 0.98292104311896922 -6.547569440755536e-16 28.799999999975203
2 0 0 0 1.7977637202018031e-94 -5.4738221262688167e-48 1 1 3.2842932757612881e-47 0 3.2842932757612881e-47 1 5.4738221262688167e-48 28.800000000000001
1 -5.2999999999999989 28.308126041827641 1.5495364668096264e-46 0 5.4738221262688167e-48 1 
2 4.5218388080925853e-22 1.4851044791494916e-68 0 1.7977637202018031e-94 -5.4738221262688167e-48 1 1 3.2842932757612881e-47 0 3.2842932757612881e-47 1 5.4738221262688167e-48 28.799999999975203
2 4.5218388080925853e-22 1.4851044791494916e-68 0 1.7977637202018031e-94 -5.4738221262688167e-48 1 1 3.2842932757612881e-47 0 3.2842932757612881e-47 1 5.4738221262688167e-48 28.799999999975203
2 0 0 0 1.7977637202018031e-94 -5.4738221262688167e-48 1 1 3.2842932757612881e-47 0 3.2842932757612881e-47 1 5.4738221262688167e-48 28.800000000000004
1 -23.007439268531094 17.323329307752985 16 0 5.4738221262688167e-48 1 
1 -23.007439268531094 17.323329307752989 9.4824823265419372e-47 0.67453202809387303 -0.73824558452832389 -4.0410250152113953e-48 
8 2.3235150460340681 2.377239598443885
5 -5.0536717667674606e-14 -5.2999999999999856 45.319999999975202 -9.5352297486178212e-15 -1 -4.5122155170612168e-15 4.9278142984508183e-29 4.5122155170612168e-15 -1 1 -9.5352297486178212e-15 6.253131354051123e-30 5.3000000000000203 5.3000000000000158
1 5.2999999999999998 18.308126041827641 1.0021542541827448e-46 0 5.4738221262688167e-48 1 
1 5.2999999999999998 28.308126041827641 1.5495364668096264e-46 -3.2842932757612881e-47 -1 -5.4738221262688167e-48 
1 -5.2999999999999998 18.308126041827641 1.0021542541827448e-46 0 5.4738221262688167e-48 1 
1 -5.2999999999999998 18.308126041827641 1.0021542541827448e-46 0 5.4738221262688167e-48 1 
1 -5.2999999999999998 18.308126041827641 1.0021542541827448e-46 1 3.2842932757612881e-47 0 
2 4.5218388080925853e-22 1.4851044791494916e-68 0 1.7977637202018031e-94 -5.4738221262688167e-48 1 1 3.2842932757612881e-47 0 3.2842932757612881e-47 1 5.4738221262688167e-48 19.05983943172674
1 -23.007439268531094 17.323329307752989 9.4824823265419372e-47 0.67453202809387303 -0.73824558452832389 -4.0410250152113953e-48 
1 -5.2999999999999998 24.508167314563419 16 3.2842932757612881e-47 1 5.4738221262688167e-48 
1 -5.2999999999999998 28.308126041827641 1.5495364668096264e-46 -3.2842932757612881e-47 -1 -5.4738221262688167e-48 
1 -12.579743291454509 21.625274014988754 18 -0.67453202809387314 0.73824558452832378 0 
8 2.3235150460340686 2.3772395984438863
5 -3.912701598000091 -3.5750197488975024 45.319999999975231 -0.73824558452832389 -0.67453202809387303 9.4109894052487417e-16 -6.6613381477509432e-16 -6.6613381477509402e-16 -1 0.67453202809387303 -0.73824558452832389 4.2441754400568791e-17 5.3000000000000105 5.300000000000006
1 -8.43671579159213 17.090912960264802 16 0 0 1 
8 -2.0000000000000036 -0.52000000000000313
1 15.182036072513849 -24.473368805529407 16.000000000000004 -6.6613381477509412e-16 -6.6613381477509392e-16 -1 
1 -15.18203607253086 24.473368805548038 0 0.67453202809387314 -0.73824558452832378 0 
1 -15.18203607253086 24.473368805548041 16 0 0 1 
1 5.2999999999999998 28.308126041802669 0 -1.7516230804060213e-46 -1 0 
2 1.1990408665951691e-14 1.0658141036401503e-14 18 6.6613381477509392e-16 6.6613381477509392e-16 1 -0.18402777777802304 -0.98292104311896933 7.7734406971141139e-16 0.98292104311896933 -0.18402777777802304 -5.32169818439696e-16 27.319999999975202
1 -5.2999999999999998 18.308126041827641 0 1 1.7516230804060213e-46 0 
2 1.1990408665951691e-14 1.0658141036401503e-14 18 6.6613381477509402e-16 6.6613381477509392e-16 1 0.18402777777777393 -0.98292104311901596 5.3216981843989282e-16 0.98292104311901596 0.18402777777777393 -7.7734406971127669e-16 27.319999999975202
2 4.5218388080925853e-22 7.9205572221306263e-68 0 0 0 1 1 1.7516230804060213e-46 0 1.7516230804060213e-46 1 0 19.05983943172674
1 5.2999999999953369 -28.308126041803273 16.520000000000014 0.13012728959335448 -0.69503013496041122 -0.70710678118654746 
2 1.1004530620084552e-14 9.6722629905343643e-15 16.52 6.6613381477509402e-16 6.6613381477509392e-16 1 0.18402777777777393 -0.98292104311901596 5.3216981843989282e-16 0.98292104311901596 0.18402777777777393 -7.7734406971127669e-16 28.799999999975203
1 -16.262118987592363 9.9408734624697495 16 0 0 1 
1 -8.43671579159213 17.090912960264802 16 0 0 1 
1 -16.262118987592363 9.9408734624697477 0 0.73824558452832378 0.67453202809387303 0 
1 -16.262118987592363 9.9408734624697477 0 0.73824558452832378 0.67453202809387303 0 
1 5.2999999999999972 28.308126041827641 0 0 0 1 
2 1.1004530620084552e-14 9.6722629905343643e-15 16.52 6.6613381477509392e-16 6.6613381477509392e-16 1 -0.18402777777802304 -0.98292104311896933 7.7734406971141139e-16 0.98292104311896933 -0.18402777777802304 -5.32169818439696e-16 28.799999999975203
2 0 0 0 0 0 1 1 1.7516230804060213e-46 0 1.7516230804060213e-46 1 0 28.800000000000001
1 -5.2999999999999989 28.308126041827641 0 0 0 1 
2 4.5218388080925853e-22 7.9205572221306263e-68 0 0 0 1 1 1.7516230804060213e-46 0 1.7516230804060213e-46 1 0 28.799999999975203
2 4.5218388080925853e-22 7.9205572221306263e-68 0 0 0 1 1 1.7516230804060213e-46 0 1.7516230804060213e-46 1 0 28.799999999975203
2 0 0 0 0 0 1 1 1.7516230804060213e-46 0 1.7516230804060213e-46 1 0 28.800000000000004
1 -23.007439268531094 17.323329307752985 16 0 0 1 
1 -23.007439268531094 17.323329307752989 0 0.67453202809387303 -0.73824558452832389 0 
8 2.3235150460340681 2.3772395984438854
5 -5.2999999999999847 7.8865860921160588e-14 45.319999999975202 -1 9.4356498236075235e-15 -4.5122155170612231e-15 4.5122155170612168e-15 -6.6613381477514283e-16 -1 -9.4356498236075266e-15 -1 6.6613381477510024e-16 5.3000000000000194 5.3000000000000149
1 5.2999999999999998 18.308126041827641 0 0 0 1 
1 5.2999999999999998 28.308126041827641 0 -1.7516230804060213e-46 -1 0 
1 -5.2999999999999998 18.308126041827641 0 0 0 1 
1 -5.2999999999999998 18.308126041827641 0 0 0 1 
1 -5.2999999999999998 18.308126041827641 0 1 1.7516230804060213e-46 0 
2 4.5218388080925853e-22 7.9205572221306263e-68 0 0 0 1 1 1.7516230804060213e-46 0 1.7516230804060213e-46 1 0 19.05983943172674
1 -23.007439268531094 17.323329307752989 0 0.67453202809387303 -0.73824558452832389 0 
1 -5.2999999999999998 24.508167314563419 16 1.7516230804060213e-46 1 0 
1 -5.2999999999999998 28.308126041827641 0 -1.7516230804060213e-46 -1 0 
1 -12.579743291454509 21.625274014988754 18 -0.67453202809387314 0.73824558452832378 0 
8 2.323515046034069 2.3772395984438868
5 -3.5750197488975006 3.912701598000119 45.319999999975217 -0.67453202809387303 0.73824558452832389 4.4932859306215274e-16 -6.6613381477509432e-16 0 -1 -0.73824558452832389 -0.67453202809387303 4.9177034746272173e-16 5.300000000000006 5.3000000000000034
1 -8.43671579159213 17.090912960264802 16 0 0 1 
8 -2 -0.51999999999999957
1 -24.473368805529404 -15.182036072513842 16.000000000000018 -6.6613381477509402e-16 2.4651903288156898e-32 -1 
1 -15.18203607253086 24.473368805548038 0 0.67453202809387314 -0.73824558452832378 0 
1 -15.18203607253086 24.473368805548041 16 0 0 1 
1 5.2999999999999998 28.308126041802669 0 3.2842932757612881e-47 -1 0 
2 1.0658141036401503e-14 0 18 6.6613381477509392e-16 -4.9303806576313227e-32 1 -0.98292104311896933 0.18402777777802307 6.547569440755537e-16 -0.18402777777802307 -0.98292104311896933 1.2258712563585774e-16 27.319999999975202
1 -5.2999999999999998 18.308126041827641 0 1 -3.2842932757612881e-47 0 
2 1.0658141036401503e-14 0 18 6.6613381477509392e-16 -2.4651903288156613e-32 1 -0.98292104311901596 -0.18402777777777393 6.5475694407558476e-16 0.18402777777777393 -0.98292104311901596 -1.2258712563569184e-16 27.319999999975202
2 4.5218388080925853e-22 -1.4851044791494916e-68 0 -0 -0 1 1 -3.2842932757612881e-47 0 -3.2842932757612881e-47 1 0 19.05983943172674
1 -28.308126041803273 -5.2999999999953253 16.520000000000017 -0.69503013496041144 -0.13012728959335496 -0.70710678118654724 
2 9.6722629905343643e-15 3.6484816866472206e-32 16.52 6.6613381477509392e-16 -2.4651903288156613e-32 1 -0.98292104311901596 -0.18402777777777393 6.5475694407558476e-16 0.18402777777777393 -0.98292104311901596 -1.2258712563569184e-16 28.799999999975203
1 -16.262118987592363 9.9408734624697495 16 0 0 1 
1 -8.43671579159213 17.090912960264802 16 0 0 1 
1 -16.262118987592363 9.9408734624697477 0 0.73824558452832378 0.67453202809387303 0 
1 -16.262118987592363 9.9408734624697477 0 0.73824558452832378 0.67453202809387303 0 
1 5.2999999999999972 28.308126041827641 0 0 0 1 
2 9.6722629905343643e-15 3.6484816866472206e-32 16.52 6.6613381477509392e-16 -4.9303806576313227e-32 1 -0.98292104311896933 0.18402777777802307 6.547569440755537e-16 -0.18402777777802307 -0.98292104311896933 1.2258712563585774e-16 28.799999999975203
2 0 0 0 -0 -0 1 1 -3.2842932757612881e-47 0 -3.2842932757612881e-47 1 0 28.800000000000001
1 -5.2999999999999989 28.308126041827641 0 0 0 1 
2 4.5218388080925853e-22 -1.4851044791494916e-68 0 -0 -0 1 1 -3.2842932757612881e-47 0 -3.2842932757612881e-47 1 0 28.799999999975203
2 4.5218388080925853e-22 -1.4851044791494916e-68 0 -0 -0 1 1 -3.2842932757612881e-47 0 -3.2842932757612881e-47 1 0 28.799999999975203
2 0 0 0 -0 -0 1 1 -3.2842932757612881e-47 0 -3.2842932757612881e-47 1 0 28.800000000000004
1 -23.007439268531094 17.323329307752985 16 0 0 1 
1 -23.007439268531094 17.323329307752989 0 0.67453202809387303 -0.73824558452832389 0 
8 2.3235150460340677 2.377239598443885
5 7.8805216320663827e-14 5.3000000000000167 45.319999999975188 9.4242074461553024e-15 1 -5.1783493318363171e-15 -6.6613381477514283e-16 -5.1783493318363108e-15 -1 -1 9.4242074461553056e-15 6.6613381477509402e-16 5.3000000000000194 5.3000000000000167
1 5.2999999999999998 18.308126041827641 0 0 0 1 
1 5.2999999999999998 28.308126041827641 0 3.2842932757612881e-47 -1 0 
1 -5.2999999999999998 18.308126041827641 0 0 0 1 
1 -5.2999999999999998 18.308126041827641 0 0 0 1 
1 -5.2999999999999998 18.308126041827641 0 1 -3.2842932757612881e-47 0 
2 4.5218388080925853e-22 -1.4851044791494916e-68 0 -0 -0 1 1 -3.2842932757612881e-47 0 -3.2842932757612881e-47 1 0 19.05983943172674
1 -23.007439268531094 17.323329307752989 0 0.67453202809387303 -0.73824558452832389 0 
1 -5.2999999999999998 24.508167314563419 16 -3.2842932757612881e-47 1 0 
1 -5.2999999999999998 28.308126041827641 0 3.2842932757612881e-47 -1 0 
Polygon3D 0
PolygonOnTriangulations 0
Surfaces 56
1 -15.18203607253086 24.473368805548038 16 0.73824558452832378 0.67453202809387314 0 0.67453202809387314 -0.73824558452832378 0 0 0 -1 
3 0 0 16.52 -0 -0 -1 -0.18402777777777402 0.98292104311901585 0 -0.98292104311901585 -0.18402777777777402 0 28.799999999975203
0.78539816339744806
2 4.5218388080925853e-22 0 16 -0 -0 -1 1 0 0 0 1 0 28.799999999975203
1 -3.5912993375707916 23.219423275076313 18 0 0 1 1 0 0 0 1 0 
3 0 0 16.52 -0 -0 -1 0.18402777777802296 0.98292104311896933 0 -0.98292104311896933 0.18402777777802296 0 28.799999999975203
0.78539816339744806
2 4.5218388080925853e-22 0 16 -0 -0 -1 1 0 0 0 1 0 19.05983943172674
1 -16.262118987592363 9.9408734624697477 16 -0.67453202809387303 0.73824558452832378 0 0.73824558452832378 0.67453202809387303 0 0 0 -1 
1 -15.777252131995205 17.2675073048045 16 0 0 1 1 0 0 0 1 0 
1 5.3000000000000451 23.308126041824391 8.9999999999959854 1 -9.3131851436927899e-15 -5.1783493318363108e-15 9.3131851436927899e-15 1 0 5.1783493318363108e-15 -4.8226926066109414e-29 1 
1 -5.2999999999999998 18.308126041827641 0 0 1 0 1 0 0 0 0 -1 
1 -23.007439268531094 17.323329307752989 16 0.73824558452832389 0.67453202809387303 0 0.67453202809387303 -0.73824558452832389 0 0 0 -1 
1 -13.010983794233878 19.564083133781498 16 -0 -0 -1 -1 0 0 0 1 0 
1 -3.4447217015400045e-16 23.389922901925608 0 0 0 1 1 0 0 0 1 0 
1 -5.2999999999999998 28.308126041827641 0 1 0 0 0 -1 0 0 0 -1 
1 -15.18203607253086 24.473368805548038 16 0.73824558452832378 0.67453202809387314 3.6922683402572218e-48 0.67453202809387314 -0.73824558452832378 -4.0410250152113947e-48 0 -5.4738221262688167e-48 -1 
3 -1.4593926746588699e-31 1.1004530620084552e-14 16.52 -9.8607613152626344e-32 -6.6613381477509402e-16 -1 0.98292104311901596 0.18402777777777385 -1.2258712563569186e-16 -0.18402777777777385 0.98292104311901596 -6.5475694407558476e-16 28.799999999975203
0.78539816339744795
2 4.5218388080925853e-22 8.7581154020301067e-47 16 -0 -5.4738221262688167e-48 -1 1 3.2842932757612881e-47 0 3.2842932757612881e-47 1 5.4738221262688167e-48 28.799999999975203
1 -3.5912993375707916 23.219423275076313 18 0 5.4738221262688167e-48 1 1 3.2842932757612881e-47 0 3.2842932757612881e-47 1 5.4738221262688167e-48 
3 -1.4593926746588699e-31 1.1004530620084552e-14 16.52 -9.8607613152626344e-32 -6.6613381477509402e-16 -1 0.98292104311896922 -0.18402777777802318 1.2258712563585777e-16 0.18402777777802318 0.98292104311896922 -6.547569440755536e-16 28.799999999975203
0.78539816339744795
2 4.5218388080925853e-22 8.7581154020301067e-47 16 -0 -5.4738221262688167e-48 -1 1 3.2842932757612881e-47 0 3.2842932757612881e-47 1 5.4738221262688167e-48 19.05983943172674
1 -16.262118987592363 9.9408734624697477 16 -0.67453202809387303 0.73824558452832378 4.0410250152113947e-48 0.73824558452832378 0.67453202809387303 3.6922683402572212e-48 0 -5.4738221262688167e-48 -1 
1 -15.777252131995205 17.2675073048045 16 0 5.4738221262688167e-48 1 1 3.2842932757612881e-47 0 3.2842932757612881e-47 1 5.4738221262688167e-48 
1 5.3000000000000451 23.308126041824391 8.9999999999959854 1 -9.3131851436927899e-15 -5.1783493318363108e-15 9.3131851436927899e-15 1 5.4738221262688167e-48 5.1783493318363108e-15 -4.8226926066109414e-29 1 
1 -5.2999999999999998 18.308126041827641 1.0021542541827448e-46 3.2842932757612881e-47 1 5.4738221262688167e-48 1 3.2842932757612881e-47 0 0 -5.4738221262688167e-48 -1 
1 -23.007439268531094 17.323329307752989 16 0.73824558452832389 0.67453202809387303 3.6922683402572212e-48 0.67453202809387303 -0.73824558452832389 -4.0410250152113953e-48 0 -5.4738221262688167e-48 -1 
1 -13.010983794233878 19.564083133781498 16 -0 -5.4738221262688167e-48 -1 -1 -3.2842932757612881e-47 0 3.2842932757612881e-47 1 5.4738221262688167e-48 
1 -3.4447217015400045e-16 23.389922901925608 1.2803227751228212e-46 0 5.4738221262688167e-48 1 1 3.2842932757612881e-47 0 3.2842932757612881e-47 1 5.4738221262688167e-48 
1 -5.2999999999999998 28.308126041827641 1.5495364668096264e-46 1 3.2842932757612881e-47 0 -3.2842932757612881e-47 -1 -5.4738221262688167e-48 0 -5.4738221262688167e-48 -1 
1 -15.18203607253086 24.473368805548038 16 0.73824558452832378 0.67453202809387314 0 0.67453202809387314 -0.73824558452832378 0 0 0 -1 
3 1.1004530620084552e-14 9.6722629905343643e-15 16.52 -6.6613381477509412e-16 -6.6613381477509392e-16 -1 0.18402777777777393 -0.98292104311901596 5.3216981843989282e-16 0.98292104311901596 0.18402777777777393 -7.7734406971127669e-16 28.799999999975203
0.78539816339744795
2 4.5218388080925853e-22 7.9205572221306263e-68 16 -0 -0 -1 1 1.7516230804060213e-46 0 1.7516230804060213e-46 1 0 28.799999999975203
1 -3.5912993375707916 23.219423275076313 18 0 0 1 1 1.7516230804060213e-46 0 1.7516230804060213e-46 1 0 
3 1.1004530620084552e-14 9.6722629905343643e-15 16.52 -6.6613381477509412e-16 -6.6613381477509392e-16 -1 -0.18402777777802304 -0.98292104311896933 7.7734406971141149e-16 0.98292104311896933 -0.18402777777802304 -5.32169818439696e-16 28.799999999975203
0.78539816339744795
2 4.5218388080925853e-22 7.9205572221306263e-68 16 -0 -0 -1 1 1.7516230804060213e-46 0 1.7516230804060213e-46 1 0 19.05983943172674
1 -16.262118987592363 9.9408734624697477 16 -0.67453202809387303 0.73824558452832378 0 0.73824558452832378 0.67453202809387303 0 0 0 -1 
1 -15.777252131995205 17.2675073048045 16 0 0 1 1 1.7516230804060213e-46 0 1.7516230804060213e-46 1 0 
1 5.3000000000000451 23.308126041824391 8.9999999999959854 1 -9.3131851436927899e-15 -5.1783493318363108e-15 9.3131851436927899e-15 1 0 5.1783493318363108e-15 -4.8226926066109414e-29 1 
1 -5.2999999999999998 18.308126041827641 0 1.7516230804060213e-46 1 0 1 1.7516230804060213e-46 0 0 0 -1 
1 -23.007439268531094 17.323329307752989 16 0.73824558452832389 0.67453202809387303 0 0.67453202809387303 -0.73824558452832389 0 0 0 -1 
1 -13.010983794233878 19.564083133781498 16 -0 -0 -1 -1 -1.7516230804060213e-46 0 1.7516230804060213e-46 1 0 
1 -3.4447217015400045e-16 23.389922901925608 0 0 0 1 1 1.7516230804060213e-46 0 1.7516230804060213e-46 1 0 
1 -5.2999999999999998 28.308126041827641 0 1 1.7516230804060213e-46 0 -1.7516230804060213e-46 -1 0 0 0 -1 
1 -15.18203607253086 24.473368805548038 16 0.73824558452832378 0.67453202809387314 0 0.67453202809387314 -0.73824558452832378 0 0 -0 -1 
3 9.6722629905343643e-15 3.6484816866472206e-32 16.52 -6.6613381477509402e-16 2.4651903288156898e-32 -1 -0.98292104311901596 -0.18402777777777393 6.5475694407558476e-16 0.18402777777777393 -0.98292104311901596 -1.2258712563569184e-16 28.799999999975203
0.78539816339744806
2 4.5218388080925853e-22 -1.4851044791494916e-68 16 0 0 -1 1 -3.2842932757612881e-47 0 -3.2842932757612881e-47 1 0 28.799999999975203
1 -3.5912993375707916 23.219423275076313 18 0 0 1 1 -3.2842932757612881e-47 0 -3.2842932757612881e-47 1 0 
3 9.6722629905343643e-15 3.6484816866472206e-32 16.52 -6.6613381477509402e-16 2.4651903288156898e-32 -1 -0.98292104311896933 0.18402777777802307 6.547569440755537e-16 -0.18402777777802307 -0.98292104311896933 1.2258712563585774e-16 28.799999999975203
0.78539816339744806
2 4.5218388080925853e-22 -1.4851044791494916e-68 16 0 0 -1 1 -3.2842932757612881e-47 0 -3.2842932757612881e-47 1 0 19.05983943172674
1 -16.262118987592363 9.9408734624697477 16 -0.67453202809387303 0.73824558452832378 0 0.73824558452832378 0.67453202809387303 0 0 0 -1 
1 -15.777252131995205 17.2675073048045 16 0 0 1 1 -3.2842932757612881e-47 0 -3.2842932757612881e-47 1 0 
1 5.3000000000000451 23.308126041824391 8.9999999999959854 1 -9.3131851436927899e-15 -5.1783493318363108e-15 9.3131851436927899e-15 1 0 5.1783493318363108e-15 -4.8226926066109414e-29 1 
1 -5.2999999999999998 18.308126041827641 0 -3.2842932757612881e-47 1 0 1 -3.2842932757612881e-47 0 0 0 -1 
1 -23.007439268531094 17.323329307752989 16 0.73824558452832389 0.67453202809387303 0 0.67453202809387303 -0.73824558452832389 0 0 -0 -1 
1 -13.010983794233878 19.564083133781498 16 0 0 -1 -1 3.2842932757612881e-47 0 -3.2842932757612881e-47 1 0 
1 -3.4447217015400045e-16 23.389922901925608 0 0 0 1 1 -3.2842932757612881e-47 0 -3.2842932757612881e-47 1 0 
