<?xml version='1.0' encoding='utf-8'?>
<!-- FreeCAD DocumentObject -->
<Document SchemaVersion="4" FileVersion="2">
<Object name="Chamfer001">
  <Properties Count="28" TransientCount="2">
    <_Property name="_Body" type="App::PropertyLinkHidden" status="251658240"/>
    <_Property name="_ElementMapVersion" type="App::PropertyString" status="234881024"/>
    <Property name="AddSubShape" type="Part::PropertyPartShape" status="128">
      <Part ElementMap="0.15.70200.4" brep="1">
<![CDATA[

CASCADE Topology V1, (c) Matra-Datavision
Locations 0
Curve2ds 0
Curves 0
Polygon3D 0
PolygonOnTriangulations 0
Surfaces 0
Triangulations 0

TShapes 0

*]]>
      </Part>
      <ElementMap/>
    </Property>
    <Property name="AddSubType" type="App::PropertyEnumeration" status="12">
      <Integer value="0"/>
    </Property>
    <Property name="Angle" type="App::PropertyAngle" status="4">
      <Float value="45"/>
    </Property>
    <Property name="Base" type="App::PropertyLinkSub">
      <LinkSub value="PolarPattern" count="4">
        <Sub value="Edge28" shadow=";#5dd;:M2#5ee;FUS;:Haa0:c,E;:Ha9f,E;:Ha9f:8,E.Edge28"/>
        <Sub value="Edge118" shadow=";#5dd;:M2#5ee;FUS;:Haa0:c,E;I3;:Ha9f:3,E;:Ha9f:d,E;:Ha9f:17,E.Edge118"/>
        <Sub value="Edge88" shadow=";#5dd;:M2#5ee;FUS;:Haa0:c,E;I2;:Ha9f:3,E;:Ha9f:d,E;:Ha9f:17,E.Edge88"/>
        <Sub value="Edge58" shadow=";#5dd;:M2#5ee;FUS;:Haa0:c,E;I1;:Ha9f:3,E;:Ha9f:d,E;:Ha9f:17,E.Edge58"/>
      </LinkSub>
    </Property>
    <Property name="BaseFeature" type="App::PropertyLink" status="8">
      <Link value="PolarPattern"/>
    </Property>
    <Property name="ChamferInfo" type="Part::PropertyChamferEdges">
      <EdgeChamferInfo/>
    </Property>
    <Property name="ChamferType" type="App::PropertyEnumeration">
      <Integer value="0"/>
    </Property>
    <Property name="ColoredElements" type="App::PropertyLinkSubHidden" status="218103808">
      <LinkSub value="" count="0">
      </LinkSub>
    </Property>
    <Property name="ExpressionEngine" type="App::PropertyExpressionEngine" status="67108864">
      <ExpressionEngine count="0"></ExpressionEngine>
    </Property>
    <Property name="FixShape" type="App::PropertyEnumeration">
      <Integer value="0"/>
    </Property>
    <Property name="FlipDirection" type="App::PropertyBool">
      <Bool value="false"/>
    </Property>
    <Property name="InvalidShape" type="App::PropertyBool" status="67108864">
      <Bool value="false"/>
    </Property>
    <Property name="Label" type="App::PropertyString" status="134217728">
      <String value="Chamfer001"/>
    </Property>
    <Property name="Label2" type="App::PropertyString" status="128">
      <String value=""/>
    </Property>
    <Property name="NewSolid" type="App::PropertyBool">
      <Bool value="false"/>
    </Property>
    <Property name="Placement" type="App::PropertyPlacement" status="8388620">
      <PropertyPlacement Px="0" Py="0" Pz="0" Q0="0" Q1="0" Q2="0" Q3="1" A="0" Ox="0" Oy="0" Oz="1"/>
    </Property>
    <Property name="Refine" type="App::PropertyBool">
      <Bool value="false"/>
    </Property>
    <Property name="Shape" type="Part::PropertyPartShape">
      <Part HasherIndex="0" ElementMap="1.15.70200.4" brep="1">
<![CDATA[

CASCADE Topology V1, (c) Matra-Datavision
Locations 106
1
              1               0               0               0 
              0               1               0               0 
              0               0               1               0 
1
              1               0               0               0 
              0               1               0               0 
              0               0               1               0 
1
              1               0               0               0 
              0               1               0               0 
              0               0               1               0 
2  2 1 3 1 0
1
              1               0               0               0 
              0               1               0               0 
              0               0               1               0 
1
              1               0               0               0 
              0               1               0               0 
              0               0               1               0 
1
              1               0               0               0 
              0               1               0               0 
              0               0               1               0 
1
              1               0               0               0 
              0               1               0               0 
              0               0               1               0 
2  5 1 6 1 7 1 8 1 0
2  3 -1 2 -1 0
2  5 1 6 1 7 1 8 1 2 1 3 1 0
1
              1               0               0               0 
              0               1               0               0 
              0               0               1               2 
2  3 -1 2 -1 8 -1 7 -1 6 -1 5 -1 0
2  8 -1 7 -1 6 -1 5 -1 0
1
              1               0               0               0 
              0               1               0               0 
              0               0               1               0 
1
              1               0               0               0 
              0               1               0               0 
              0               0               1              16 
1
              1               0               0               0 
              0               1               0               0 
              0               0               1              10 
2  15 1 16 1 17 1 5 1 6 1 7 1 8 1 2 1 3 1 0
2  8 -1 7 -1 6 -1 5 -1 17 -1 16 -1 15 -1 0
1
              1               0               0               0 
              0               1               0               0 
              0               0               1               0 
1
              1               0               0               0 
              0               1               0               0 
              0               0               1               0 
1
              1               0               0               0 
              0               1               0               0 
              0               0               1               0 
1
              1               0               0               0 
              0               1               0               0 
              0               0               1               0 
2  20 1 21 1 22 1 23 1 8 -1 7 -1 6 -1 5 -1 0
1
              1               0               0               0 
              0               1               0               0 
              0               0               1               0 
1
              1               0               0               0 
              0               1               0               0 
              0               0               1              16 
2  25 1 26 1 12 1 5 1 6 1 7 1 8 1 2 1 3 1 0
2  3 -1 2 -1 8 -1 7 -1 6 -1 5 -1 12 -1 26 -1 25 -1 0
2  8 -1 7 -1 6 -1 5 -1 12 -1 26 -1 25 -1 0
1
              1               0               0               0 
              0               1               0               0 
              0               0               1               0 
1
              1               0               0               0 
              0               1               0               0 
              0               0               1               0 
1
              1               0               0               0 
              0               1               0               0 
              0               0               1              18 
2  30 1 31 1 32 1 20 1 21 1 22 1 23 1 2 1 3 1 0
2  23 -1 22 -1 21 -1 20 -1 32 -1 31 -1 30 -1 0
2  26 -1 25 -1 0
2  12 -1 26 -1 25 -1 0
1
              1               0               0               0 
              0               1               0               0 
              0               0               1               0 
1
              1               0               0               0 
              0               1               0               0 
              0               0               1               0 
1
              1               0               0               0 
              0               1               0               0 
              0               0               1               0 
1
              1               0               0               0 
              0               1               0               0 
              0               0               1               0 
2  37 1 38 1 39 1 40 1 8 -1 7 -1 6 -1 5 -1 12 -1 26 -1 25 -1 0
2  20 1 21 1 22 1 23 1 8 -1 7 -1 6 -1 5 -1 12 -1 26 -1 25 -1 0
2  37 1 38 1 39 1 40 1 8 -1 7 -1 6 -1 5 -1 0
2  15 1 16 1 5 1 6 1 7 1 8 1 0
2  8 -1 7 -1 6 -1 5 -1 16 -1 15 -1 0
2  15 1 16 1 17 1 5 1 6 1 7 1 8 1 0
2  30 1 31 1 20 1 21 1 22 1 23 1 0
2  30 1 31 1 20 1 21 1 22 1 23 1 2 1 3 1 0
2  31 -1 30 -1 0
2  32 -1 31 -1 30 -1 0
2  23 -1 22 -1 21 -1 20 -1 31 -1 30 -1 0
2  20 1 21 1 22 1 23 1 2 1 3 1 0
2  23 -1 22 -1 21 -1 20 -1 0
2  30 1 31 1 0
2  25 1 26 1 5 1 6 1 7 1 8 1 2 1 3 1 0
2  37 1 38 1 39 1 40 1 8 -1 7 -1 6 -1 5 -1 26 -1 25 -1 0
2  20 1 21 1 22 1 23 1 8 -1 7 -1 6 -1 5 -1 26 -1 25 -1 0
2  8 -1 7 -1 6 -1 5 -1 26 -1 25 -1 0
2  16 -1 15 -1 0
2  17 -1 16 -1 15 -1 0
2  20 1 21 1 22 1 23 1 8 -1 7 -1 6 -1 5 -1 17 -1 16 -1 15 -1 0
2  17 1 5 1 6 1 7 1 8 1 0
2  20 1 21 1 22 1 23 1 0
2  37 1 38 1 39 1 40 1 23 -1 22 -1 21 -1 20 -1 0
2  5 1 6 1 7 1 8 1 23 -1 22 -1 21 -1 20 -1 0
2  30 1 31 1 32 1 20 1 21 1 22 1 23 1 0
2  25 1 26 1 5 1 6 1 7 1 8 1 0
2  25 1 26 1 12 1 5 1 6 1 7 1 8 1 0
1
              1               0               0               0 
              0               1               0               0 
              0               0               1               0 
1
              1               0               0              -0 
              0               1               0              -0 
              0               0               1              -0 
1
-2.22044604925031e-16               1 9.86076131526263e-32               0 
             -1 -2.22044604925031e-16 6.66133814775094e-16               0 
6.66133814775094e-16 4.93038065763132e-32               1               0 
2  69 1 70 1 71 1 3 1 0
2  3 -1 71 -1 70 -1 69 -1 0
2  5 1 6 1 7 1 8 1 69 1 70 1 71 1 3 1 0
2  3 -1 71 -1 70 -1 69 -1 8 -1 7 -1 6 -1 5 -1 0
2  15 1 16 1 17 1 5 1 6 1 7 1 8 1 69 1 70 1 71 1 3 1 0
2  25 1 26 1 12 1 5 1 6 1 7 1 8 1 69 1 70 1 71 1 3 1 0
2  3 -1 71 -1 70 -1 69 -1 8 -1 7 -1 6 -1 5 -1 12 -1 26 -1 25 -1 0
2  30 1 31 1 32 1 20 1 21 1 22 1 23 1 69 1 70 1 71 1 3 1 0
2  30 1 31 1 20 1 21 1 22 1 23 1 69 1 70 1 71 1 3 1 0
2  20 1 21 1 22 1 23 1 69 1 70 1 71 1 3 1 0
2  25 1 26 1 5 1 6 1 7 1 8 1 69 1 70 1 71 1 3 1 0
1
             -1 -1.22464679914736e-16 6.66133814775094e-16               0 
1.22464679914736e-16              -1 6.66133814775094e-16               0 
6.66133814775094e-16 6.66133814775094e-16               1               0 
2  69 1 70 1 83 1 3 1 0
2  3 -1 83 -1 70 -1 69 -1 0
2  5 1 6 1 7 1 8 1 69 1 70 1 83 1 3 1 0
2  3 -1 83 -1 70 -1 69 -1 8 -1 7 -1 6 -1 5 -1 0
2  15 1 16 1 17 1 5 1 6 1 7 1 8 1 69 1 70 1 83 1 3 1 0
2  25 1 26 1 12 1 5 1 6 1 7 1 8 1 69 1 70 1 83 1 3 1 0
2  3 -1 83 -1 70 -1 69 -1 8 -1 7 -1 6 -1 5 -1 12 -1 26 -1 25 -1 0
2  30 1 31 1 32 1 20 1 21 1 22 1 23 1 69 1 70 1 83 1 3 1 0
2  30 1 31 1 20 1 21 1 22 1 23 1 69 1 70 1 83 1 3 1 0
2  20 1 21 1 22 1 23 1 69 1 70 1 83 1 3 1 0
2  25 1 26 1 5 1 6 1 7 1 8 1 69 1 70 1 83 1 3 1 0
1
1.11022302462516e-16              -1 6.66133814775094e-16               0 
              1 1.11022302462516e-16 -2.46519032881569e-32               0 
-4.93038065763132e-32 6.66133814775094e-16               1               0 
2  69 1 70 1 95 1 3 1 0
2  3 -1 95 -1 70 -1 69 -1 0
2  5 1 6 1 7 1 8 1 69 1 70 1 95 1 3 1 0
2  3 -1 95 -1 70 -1 69 -1 8 -1 7 -1 6 -1 5 -1 0
2  15 1 16 1 17 1 5 1 6 1 7 1 8 1 69 1 70 1 95 1 3 1 0
2  25 1 26 1 12 1 5 1 6 1 7 1 8 1 69 1 70 1 95 1 3 1 0
2  3 -1 95 -1 70 -1 69 -1 8 -1 7 -1 6 -1 5 -1 12 -1 26 -1 25 -1 0
2  30 1 31 1 32 1 20 1 21 1 22 1 23 1 69 1 70 1 95 1 3 1 0
2  30 1 31 1 20 1 21 1 22 1 23 1 69 1 70 1 95 1 3 1 0
2  20 1 21 1 22 1 23 1 69 1 70 1 95 1 3 1 0
2  25 1 26 1 5 1 6 1 7 1 8 1 69 1 70 1 95 1 3 1 0
Curve2ds 107
8 -6.1420767692380096 3.8579232307619922
1 -4.7157193366123078 0.91706542768955757 -0.67453202809387314 0.73824558452832378 
8 -6.1420767692380096 3.8579232307619922
1 3.8579232307619882 -2 -1 -0 
7 0 0  5 6 2  0.36001297001045623 -2.0930360723121941  0.36209745118009234 -1.6857791872992625  0.36415446727824463 -1.2729464493986242  0.36618448194209829 -0.85443990202412223  0.36818794857599846 -0.43015890714681126  0.37016531057441704 5.0242958677880797e-15 
 2.3235150460340686 6 2.3772395984438863 6
8 2.3235150460340686 2.3772395984438863
5 28.308126041827634 -29.319999999975217 0 1 -1 0 5.3000000000000087 5.300000000000006
1 2.5228633527807078e-11 0 0 1 
1 2.126044292656597 0 0 1 
1 2.1260442926567582 0 0 -1 
1 2.1260442926567582 0 0 -1 
8 2 10
1 2.1260442926567582 0 0 -1 
1 2.1260442926567582 0 0 -1 
1 0 -2.0930360723121808 1 0 
2 3.5912993375707916 -23.219423275076313 0.1840277777780229 0.98292104311896922 -0.98292104311896933 0.18402777777802293 27.319999999975202
1 0 -2.0930360723121808 1 0 
2 3.5912993375707916 -23.219423275076313 -0.18402777777777402 0.98292104311901585 -0.98292104311901585 -0.18402777777777402 27.319999999975202
1 0 0 1 0 
1 0 -2 1 0 
8 1.8525822702170176 2.0293410045219211
1 0 -2 1 0 
8 1.8525822702170176 2.0293410045219211
1 0 -2 1 0 
8 -2.0930360723121808 0
1 0.37016531057482016 0 0 1 
8 -2.0930360723121808 0
1 0 0 0 1 
1 0 0 1 0 
1 1.7558789820821801 -0.51999999999999957 1 0 
1 2.0293410045219242 0 0 -1 
1 2.0293410045219242 0 0 -1 
8 0 2
1 2.0293410045219242 0 0 -1 
1 1.3857136715076095 16 0 -1 
1 0 0 1 0 
1 1.3857136715073599 -0.51999999999999957 1 0 
1 0 0 1 0 
1 0 -18 1 0 
1 0 16 1 0 
1 0 16 1 0 
1 1.7558789820821838 0 0 -1 
1 1.7558789820821838 16 0 -1 
1 1.7558789820821838 16 0 -1 
1 0 0 1 0 
1 0 -2 1 0 
8 1.755878982082167 2.1260442926567582
1 0 0 1 0 
8 1.755878982082167 2.1260442926567582
1 0 0 1 0 
1 0 0 1 0 
8 2.1260442926567582 2.4962096032313328
1 0 0 1 0 
8 2.1260442926567582 2.4962096032322552
1 0 0 1 0 
8 2.1260442926567582 2.4962096032322552
1 0 0 1 0 
1 0 0 1 0 
1 0 0 1 0 
1 0 -10 1 0 
1 0 -10 1 0 
8 2.1260442926567582 2.4962096032313328
1 0 -10 1 0 
1 0 -10 1 0 
1 2.4962096032313328 0 0 -1 
7 0 0  5 6 2  -0.01015234056387726 -2.0930360723121808  -0.0080678593942415944 -1.6857791872992522  -0.0060108432961030189 -1.2729464493987397  -0.003980828632215605 -0.85443990202401743  -0.0019773619983354251 -0.43015890714682736  8.3488771451811772e-14 -1.4389387571946218e-14 
 2.3235150460340677 6 2.377239598443885 6
8 2.3235150460340677 2.377239598443885
5 -23.30812604182444 36.319999999979203 0 -1 1 0 5.3000000000000194 5.3000000000000167
1 1.8525822702170176 16 0 -1 
1 1.8525822702170176 16 0 -1 
1 1.8525822702170176 16 0 -1 
8 1.8525822702170041 2.0293410045219242
1 0 0 1 0 
8 1.8525822702170041 2.0293410045219242
1 0 0 1 0 
8 -6.2000412727357777 3.7999587272642223
1 2.5640239548422015 3.7999587272642223 0 1 
8 -6.2000412727357777 3.7999587272642223
1 3.7999587272642223 -16 -1 -0 
7 0 0  5 6 2  0.36001297001045612 -2.0930360723121835  0.36209745118009223 -1.6857791872992516  0.36415446727824463 -1.2729464493986971  0.36618448194209785 -0.85443990202414  0.36818794857599846 -0.43015890714680383  0.37016531057441704 1.2560739669470201e-14 
 2.3235150460340681 6 2.3772395984438859 6
8 2.3235150460340681 2.3772395984438859
5 28.308126041827641 -29.31999999997522 1.9721522630525295e-31 1 -1 1.9721522630525295e-31 5.3000000000000131 5.3000000000000087
1 2.5226237108644078e-11 -1.7763568393889157e-15 0 1 
1 2.126044292656597 -1.2314834080354802e-15 0 1 
1 0 -2.0930360723121808 1 0 
2 3.5912993375707916 -23.219423275076313 0.18402777777802296 0.98292104311896911 -0.98292104311896933 0.18402777777802298 27.319999999975202
1 0 -2.0930360723121808 1 0 
2 3.5912993375707916 -23.219423275076313 -0.18402777777777404 0.98292104311901585 -0.98292104311901585 -0.18402777777777404 27.319999999975202
8 -2.0930360723121808 0
1 0.37016531057482016 0 0 1 
8 -2.0930360723121808 0
1 0 0 0 1 
1 0 0 1 0 
1 1.7558789820821801 -0.51999999999999957 1 0 
1 0 0 1 0 
1 1.3857136715073599 -0.51999999999999957 1 0 
7 0 0  5 6 2  -0.01015234056387726 -2.0930360723121808  -0.0080678593942415944 -1.6857791872992554  -0.0060108432961030189 -1.2729464493987184  -0.003980828632215605 -0.85443990202402631  -0.0019773619983354251 -0.43015890714684141  8.3488771451811772e-14 -3.1848181315536048e-14 
 2.3235150460340681 6 2.377239598443885 6
8 2.3235150460340681 2.377239598443885
5 -23.30812604182444 36.319999999979217 -7.0064923216240854e-46 -1 1 -7.0064923216240854e-46 5.3000000000000203 5.3000000000000158
7 0 0  5 6 2  0.36001297001045596 -2.0930360723121861  0.36209745118009207 -1.6857791872992545  0.36415446727824508 -1.2729464493986189  0.36618448194209829 -0.8544399020241169  0.36818794857599846 -0.43015890714680632  0.37016531057441704 1.0048591735576159e-14 
 2.3235150460340686 6 2.3772395984438863 6
8 2.3235150460340686 2.3772395984438863
5 28.308126041827638 -29.319999999975224 0 1 -1 0 5.3000000000000105 5.300000000000006
1 2.522743531822558e-11 3.5527136787994312e-15 0 1 
1 2.126044292656597 2.6365572389878632e-15 0 1 
1 0 -2.0930360723121808 1 0 
2 3.5912993375707916 -23.219423275076313 0.1840277777780229 0.98292104311896922 -0.98292104311896933 0.18402777777802293 27.319999999975202
1 0 -2.0930360723121808 1 0 
2 3.5912993375707916 -23.219423275076313 -0.18402777777777404 0.98292104311901585 -0.98292104311901585 -0.18402777777777404 27.319999999975202
8 -2.0930360723121808 0
1 0.37016531057482016 0 0 1 
8 -2.0930360723121808 0
1 0 0 0 1 
1 0 0 1 0 
1 1.7558789820821801 -0.51999999999999957 1 0 
1 0 0 1 0 
1 1.3857136715073599 -0.51999999999999957 1 0 
7 0 0  5 6 2  -0.01015234056387726 -2.0930360723121808  -0.0080678593942415944 -1.685779187299252  -0.0060108432961030189 -1.2729464493987477  -0.003980828632215605 -0.85443990202402009  -0.0019773619983354251 -0.43015890714683053  8.3488771451811772e-14 -1.7358697481459262e-14 
 2.3235150460340681 6 2.3772395984438854 6
8 2.3235150460340681 2.3772395984438854
5 -23.308126041824437 36.31999999997921 0 -1 1 0 5.3000000000000194 5.3000000000000149
7 0 0  5 6 2  0.36001297001045629 -2.0930360723121915  0.3620974511800924 -1.6857791872992598  0.36415446727824419 -1.2729464493986811  0.36618448194209918 -0.85443990202416309  0.36818794857599846 -0.43015890714680866  0.37016531057441704 7.536443801682118e-15 
 2.323515046034069 6 2.3772395984438868 6
8 2.323515046034069 2.3772395984438868
5 28.308126041827634 -29.319999999975213 -2.9582283945787943e-31 1 -1 -2.9582283945787943e-31 5.300000000000006 5.3000000000000034
1 2.522503889906258e-11 -1.2405626595505633e-26 -9.8607613152626476e-32 1 
1 2.126044292656597 -1.4610298711774096e-15 0 1 
1 0 -2.0930360723121808 1 0 
2 3.5912993375707916 -23.219423275076313 0.1840277777780229 0.98292104311896922 -0.98292104311896933 0.18402777777802293 27.319999999975202
1 0 -2.0930360723121808 1 0 
2 3.5912993375707916 -23.219423275076313 -0.18402777777777404 0.98292104311901585 -0.98292104311901585 -0.18402777777777404 27.319999999975202
8 -2.0930360723121808 0
1 0.37016531057482016 0 0 1 
8 -2.0930360723121808 0
1 0 0 0 1 
1 0 0 1 0 
1 1.7558789820821801 -0.51999999999999957 1 0 
1 0 0 1 0 
1 1.3857136715073599 -0.51999999999999957 1 0 
7 0 0  5 6 2  -0.01015234056387726 -2.0930360723121808  -0.0080678593942415944 -1.6857791872992522  -0.0060108432961030189 -1.2729464493987424  -0.003980828632215605 -0.85443990202401654  -0.0019773619983354251 -0.43015890714683019  8.3488771451811772e-14 -1.7053922831046594e-14 
 2.3235150460340677 6 2.377239598443885 6
8 2.3235150460340677 2.377239598443885
5 -23.308126041824437 36.319999999979203 0 -1 1 0 5.3000000000000194 5.3000000000000167
Curves 53
1 -12.579743291454509 21.625274014988754 18 -0.67453202809387314 0.73824558452832378 0 
8 2.3235150460340686 2.3772395984438863
5 3.9127015980001203 3.5750197488975317 45.319999999975217 0.73824558452832378 0.67453202809387314 0 0 0 -1 -0.67453202809387314 0.73824558452832378 0 5.3000000000000087 5.300000000000006
1 -8.43671579159213 17.090912960264802 16 0 0 1 
8 -2 -0.51999999999999957
1 -15.18203607251384 24.473368805529415 16 -0 -0 -1 
1 -15.18203607253086 24.473368805548038 0 0.67453202809387314 -0.73824558452832378 0 
1 -15.18203607253086 24.473368805548041 16 0 0 1 
1 5.2999999999999998 28.308126041802669 0 0 -1 0 
2 0 0 18 0 0 1 0.18402777777802296 0.98292104311896933 -0 -0.98292104311896933 0.18402777777802296 0 27.319999999975202
1 -5.2999999999999998 18.308126041827641 0 1 0 0 
2 0 0 18 0 0 1 -0.18402777777777402 0.98292104311901585 0 -0.98292104311901585 -0.18402777777777402 0 27.319999999975202
2 4.5218388080925853e-22 0 0 0 0 1 1 0 -0 -0 1 0 19.05983943172674
1 -5.2999999999953289 28.308126041803284 16.52 -0.13012728959335501 0.69503013496041088 -0.70710678118654768 
2 0 0 16.52 0 0 1 -0.18402777777777402 0.98292104311901585 0 -0.98292104311901585 -0.18402777777777402 0 28.799999999975203
1 -16.262118987592363 9.9408734624697495 16 0 0 1 
1 -16.262118987592363 9.9408734624697477 0 0.73824558452832378 0.67453202809387303 0 
1 5.2999999999999972 28.308126041827641 0 0 0 1 
2 0 0 16.52 0 0 1 0.18402777777802296 0.98292104311896933 -0 -0.98292104311896933 0.18402777777802296 0 28.799999999975203
2 0 0 0 0 0 1 1 0 -0 -0 1 0 28.800000000000001
1 -5.2999999999999989 28.308126041827641 0 0 0 1 
2 4.5218388080925853e-22 0 0 0 0 1 1 0 -0 -0 1 0 28.799999999975203
2 0 0 0 0 0 1 1 0 -0 -0 1 0 28.800000000000004
1 -23.007439268531094 17.323329307752985 16 0 0 1 
1 -23.007439268531094 17.323329307752989 0 0.67453202809387303 -0.73824558452832389 0 
8 2.3235150460340677 2.377239598443885
5 5.3000000000000167 -4.9359881261571944e-14 45.319999999975188 1 -9.3131851436927899e-15 -5.1783493318363108e-15 -5.1783493318363108e-15 4.8226926066109414e-29 -1 9.3131851436927899e-15 1 0 5.3000000000000194 5.3000000000000167
1 5.2999999999999998 18.308126041827641 0 0 0 1 
1 5.2999999999999998 28.308126041827641 0 0 -1 0 
1 -5.2999999999999998 18.308126041827641 0 0 0 1 
1 -5.2999999999999998 24.508167314563419 16 -0 1 0 
1 -5.2999999999999998 28.308126041827641 0 0 -1 0 
8 2.3235150460340681 2.3772395984438859
5 3.575019748897533 -3.9127015980000928 45.319999999975224 0.67453202809387303 -0.73824558452832389 4.9177034746272143e-16 -2.4651903288156619e-31 -6.6613381477509412e-16 -1 0.73824558452832389 0.67453202809387303 -4.4932859306215284e-16 5.3000000000000131 5.3000000000000087
8 -1.9999999999999982 -0.5199999999999978
1 24.473368805529418 15.182036072513849 15.999999999999991 -9.8607613152626344e-32 -6.6613381477509402e-16 -1 
2 0 1.1990408665951691e-14 18 9.8607613152626344e-32 6.6613381477509402e-16 1 0.98292104311896922 -0.18402777777802318 1.2258712563585774e-16 0.18402777777802318 0.98292104311896922 -6.547569440755536e-16 27.319999999975202
2 0 1.1990408665951691e-14 18 9.8607613152626344e-32 6.6613381477509402e-16 1 0.98292104311901596 0.18402777777777385 -1.2258712563569186e-16 -0.18402777777777385 0.98292104311901596 -6.5475694407558476e-16 27.319999999975202
1 28.308126041803284 5.2999999999953333 16.519999999999996 0.69503013496041077 0.13012728959335432 -0.70710678118654791 
2 -1.4593926746588699e-31 1.1004530620084552e-14 16.52 9.8607613152626344e-32 6.6613381477509402e-16 1 0.98292104311901596 0.18402777777777385 -1.2258712563569186e-16 -0.18402777777777385 0.98292104311901596 -6.5475694407558476e-16 28.799999999975203
2 -1.4593926746588699e-31 1.1004530620084552e-14 16.52 9.8607613152626344e-32 6.6613381477509402e-16 1 0.98292104311896922 -0.18402777777802318 1.2258712563585774e-16 0.18402777777802318 0.98292104311896922 -6.547569440755536e-16 28.799999999975203
8 2.3235150460340681 2.377239598443885
5 -5.0536717667674606e-14 -5.2999999999999856 45.319999999975202 -9.5352297486178212e-15 -1 -4.5122155170612168e-15 4.9278142984508183e-29 4.5122155170612168e-15 -1 1 -9.5352297486178212e-15 6.253131354051123e-30 5.3000000000000203 5.3000000000000158
8 2.3235150460340686 2.3772395984438863
5 -3.912701598000091 -3.5750197488975024 45.319999999975231 -0.73824558452832389 -0.67453202809387303 9.4109894052487417e-16 -6.6613381477509432e-16 -6.6613381477509402e-16 -1 0.67453202809387303 -0.73824558452832389 4.2441754400568791e-17 5.3000000000000105 5.300000000000006
8 -2.0000000000000036 -0.52000000000000313
1 15.182036072513849 -24.473368805529407 16.000000000000004 -6.6613381477509412e-16 -6.6613381477509392e-16 -1 
2 1.1990408665951691e-14 1.0658141036401503e-14 18 6.6613381477509412e-16 6.6613381477509392e-16 1 -0.18402777777802304 -0.98292104311896933 7.7734406971141139e-16 0.98292104311896933 -0.18402777777802304 -5.32169818439696e-16 27.319999999975202
2 1.1990408665951691e-14 1.0658141036401503e-14 18 6.6613381477509412e-16 6.6613381477509392e-16 1 0.18402777777777393 -0.98292104311901596 5.3216981843989282e-16 0.98292104311901596 0.18402777777777393 -7.7734406971127669e-16 27.319999999975202
1 5.2999999999953369 -28.308126041803273 16.520000000000014 0.13012728959335448 -0.69503013496041122 -0.70710678118654746 
2 1.1004530620084552e-14 9.6722629905343643e-15 16.52 6.6613381477509412e-16 6.6613381477509392e-16 1 0.18402777777777393 -0.98292104311901596 5.3216981843989282e-16 0.98292104311901596 0.18402777777777393 -7.7734406971127669e-16 28.799999999975203
2 1.1004530620084552e-14 9.6722629905343643e-15 16.52 6.6613381477509412e-16 6.6613381477509392e-16 1 -0.18402777777802304 -0.98292104311896933 7.7734406971141139e-16 0.98292104311896933 -0.18402777777802304 -5.32169818439696e-16 28.799999999975203
8 2.3235150460340681 2.3772395984438854
5 -5.2999999999999847 7.8865860921160588e-14 45.319999999975202 -1 9.4356498236075235e-15 -4.5122155170612231e-15 4.5122155170612168e-15 -6.6613381477514283e-16 -1 -9.4356498236075266e-15 -1 6.6613381477510024e-16 5.3000000000000194 5.3000000000000149
8 2.323515046034069 2.3772395984438868
5 -3.5750197488975006 3.912701598000119 45.319999999975217 -0.67453202809387303 0.73824558452832389 4.4932859306215264e-16 -6.6613381477509432e-16 0 -1 -0.73824558452832389 -0.67453202809387303 4.9177034746272173e-16 5.300000000000006 5.3000000000000034
8 -2 -0.51999999999999957
1 -24.473368805529404 -15.182036072513842 16.000000000000018 -6.6613381477509402e-16 2.4651903288156898e-32 -1 
2 1.0658141036401503e-14 0 18 6.6613381477509402e-16 -2.4651903288156898e-32 1 -0.98292104311896933 0.18402777777802307 6.547569440755537e-16 -0.18402777777802307 -0.98292104311896933 1.2258712563585774e-16 27.319999999975202
2 1.0658141036401503e-14 0 18 6.6613381477509402e-16 -2.4651903288156898e-32 1 -0.98292104311901596 -0.18402777777777393 6.5475694407558476e-16 0.18402777777777393 -0.98292104311901596 -1.2258712563569184e-16 27.319999999975202
1 -28.308126041803273 -5.2999999999953253 16.520000000000017 -0.69503013496041144 -0.13012728959335496 -0.70710678118654724 
2 9.6722629905343643e-15 3.6484816866472206e-32 16.52 6.6613381477509402e-16 -2.4651903288156898e-32 1 -0.98292104311901596 -0.18402777777777393 6.5475694407558476e-16 0.18402777777777393 -0.98292104311901596 -1.2258712563569184e-16 28.799999999975203
2 9.6722629905343643e-15 3.6484816866472206e-32 16.52 6.6613381477509402e-16 -2.4651903288156898e-32 1 -0.98292104311896933 0.18402777777802307 6.547569440755537e-16 -0.18402777777802307 -0.98292104311896933 1.2258712563585774e-16 28.799999999975203
8 2.3235150460340677 2.377239598443885
5 7.8805216320663827e-14 5.3000000000000167 45.319999999975188 9.4242074461553024e-15 1 -5.1783493318363171e-15 -6.6613381477514283e-16 -5.1783493318363108e-15 -1 -1 9.4242074461553056e-15 6.6613381477509402e-16 5.3000000000000194 5.3000000000000167
Polygon3D 0
PolygonOnTriangulations 0
Surfaces 24
1 -15.18203607253086 24.473368805548038 16 0.73824558452832378 0.67453202809387314 -0 0.67453202809387314 -0.73824558452832378 0 0 -0 -1 
1 -7.8640239548422013 20.708208587299197 16 0 0 1 1 0 -0 -0 1 0 
3 0 0 16.52 -0 -0 -1 -0.18402777777777402 0.98292104311901585 0 -0.98292104311901585 -0.18402777777777402 0 28.799999999975203
0.78539816339744806
2 4.5218388080925853e-22 0 16 -0 -0 -1 1 0 0 -0 1 -0 28.799999999975203
2 0 0 16 -0 -0 -1 1 0 0 -0 1 -0 28.800000000000004
2 4.5218388080925853e-22 0 16 -0 -0 -1 1 0 0 -0 1 -0 28.799999999975203
1 -3.5912993375707916 23.219423275076313 18 0 0 1 1 0 -0 -0 1 0 
3 0 0 16.52 -0 -0 -1 0.18402777777802296 0.98292104311896933 -0 -0.98292104311896933 0.18402777777802296 -0 28.799999999975203
0.78539816339744806
2 4.5218388080925853e-22 0 16 -0 -0 -1 1 0 0 -0 1 -0 19.05983943172674
1 -16.262118987592363 9.9408734624697477 16 -0.67453202809387303 0.73824558452832378 0 0.73824558452832378 0.67453202809387303 0 0 0 -1 
2 0 0 0 -0 -0 -1 1 0 0 -0 1 -0 28.800000000000001
1 -15.777252131995205 17.2675073048045 16 0 0 1 1 0 -0 -0 1 0 
1 5.3000000000000451 23.308126041824391 8.9999999999959854 1 -9.3131851436927899e-15 -5.1783493318363108e-15 9.3131851436927899e-15 1 0 5.1783493318363108e-15 -4.8226926066109414e-29 1 
1 -5.2999999999999998 18.308126041827641 0 0 1 0 1 0 0 0 0 -1 
1 -23.007439268531094 17.323329307752989 16 0.73824558452832389 0.67453202809387303 -0 0.67453202809387303 -0.73824558452832389 0 0 -0 -1 
1 -13.010983794233878 19.564083133781498 16 -0 -0 -1 -1 0 0 0 1 -0 
1 -5.2999999999999998 28.308126041827641 0 1 0 -0 0 -1 0 0 -0 -1 
1 -3.4447217015400045e-16 23.389922901925608 0 0 0 1 1 0 -0 -0 1 0 
3 -1.4593926746588699e-31 1.1004530620084552e-14 16.52 -9.8607613152626344e-32 -6.6613381477509402e-16 -1 0.98292104311901596 0.18402777777777385 -1.2258712563569186e-16 -0.18402777777777385 0.98292104311901596 -6.5475694407558476e-16 28.799999999975203
0.78539816339744795
3 -1.4593926746588699e-31 1.1004530620084552e-14 16.52 -9.8607613152626344e-32 -6.6613381477509402e-16 -1 0.98292104311896922 -0.18402777777802318 1.2258712563585777e-16 0.18402777777802318 0.98292104311896922 -6.547569440755536e-16 28.799999999975203
0.78539816339744795
3 1.1004530620084552e-14 9.6722629905343643e-15 16.52 -6.6613381477509412e-16 -6.6613381477509392e-16 -1 0.18402777777777393 -0.98292104311901596 5.3216981843989282e-16 0.98292104311901596 0.18402777777777393 -7.7734406971127669e-16 28.799999999975203
0.78539816339744795
3 1.1004530620084552e-14 9.6722629905343643e-15 16.52 -6.6613381477509412e-16 -6.6613381477509392e-16 -1 -0.18402777777802304 -0.98292104311896933 7.7734406971141149e-16 0.98292104311896933 -0.18402777777802304 -5.32169818439696e-16 28.799999999975203
0.78539816339744795
3 9.6722629905343643e-15 3.6484816866472206e-32 16.52 -6.6613381477509402e-16 2.4651903288156898e-32 -1 -0.98292104311901596 -0.18402777777777393 6.5475694407558476e-16 0.18402777777777393 -0.98292104311901596 -1.2258712563569184e-16 28.799999999975203
0.78539816339744806
3 9.6722629905343643e-15 3.6484816866472206e-32 16.52 -6.6613381477509402e-16 2.4651903288156898e-32 -1 -0.98292104311896933 0.18402777777802307 6.547569440755537e-16 -0.18402777777802307 -0.98292104311896933 1.2258712563585774e-16 28.799999999975203
0.78539816339744806
Triangulations 0

TShapes 184
Ve
1.50000001776357e-07
-14.1654161734365 23.3607231187733 18
0 0

0101101
*
Ve
1.50003174029574e-07
-8.43671579159067 17.090912960262 18
0 0

0101101
*
Ed
 1.50000001776357e-07 1 1 0
1  1 0 -6.14207676923801 2.35077478301933
2  1 2 12 -6.14207676923801 2.35077478301933
2  2 1 0 -6.14207676923801 2.35077478301933
0

0101000
-184 13 +183 14 *
Ve
1e-07
-15.1820360725138 24.4733688055294 16.52
0 0

0101101
*
Ed
 1e-07 1 1 0
1  2 0 2.32351504603407 2.37723959844389
2  3 3 0 2.32351504603407 2.37723959844389
2  4 1 11 2.32351504603407 2.37723959844389
0

0101000
+184 0 -181 0 *
Ve
1.00000001776357e-07
-8.43671579159213 17.0909129602648 26
0 0

0101101
*
Ed
 1.00000001776357e-07 1 1 0
1  3 0 2 10
0

0101000
+183 14 -179 14 *
Ve
1.50012446120983e-07
-15.1820360725235 24.473368805538 18
0 0

0101101
*
Ed
 1e-07 1 1 0
1  4 0 -2 -0.52
2  5 1 11 -2 -0.52
2  6 4 4 -2 -0.52
0

0101000
+177 4 -181 0 *
Ve
1.00000014020646e-07
-15.1820360725309 24.473368805548 26
0 0

0101101
*
Ed
 1e-07 1 1 0
1  5 0 0 10
0

0101000
+175 19 -179 19 *
Ed
 1.00000001776357e-07 1 1 0
1  6 0 2 10
2  7 5 0 2 10
2  8 6 0 2 10
2  9 5 24 2 10
2  10 4 14 2 10
0

0101000
+177 14 -175 14 *
Wi

0101100
+182 11 +180 0 -178 11 -176 0 +174 18 +173 11 *
Fa
0  1e-07 1 9

0101000
+172 10 *
Ve
1.50000001776357e-07
5.30000000000001 26.800977594085 18
0 0

0101101
*
Ve
1.50000731872491e-07
5.29999999999998 18.3081260418247 18
0 0

0101101
*
Ed
 1.50000001776357e-07 1 1 0
1  7 0 1.50714844771772 9.99999999997503
0

0101000
+170 28 -169 29 *
Ve
1e-07
-5.02763888888422 26.8534028979871 18
0 0

0101101
*
Ed
 1e-07 1 1 0
1  8 0 -0.0101523405638772 0.37016531057482
2  11 8 0 -0.0101523405638772 0.37016531057482
2  12 7 4 -0.0101523405638772 0.37016531057482
0

0101000
+170 0 -167 0 *
Ve
1.50000001776357e-07
-5.3 18.3081260418276 18
0 0

0101101
*
Ed
 1.50000001776357e-07 1 1 0
1  9 0 0 10.6
0

0101000
+165 34 -169 34 *
Ed
 1e-07 1 1 0
1  10 0 0 0.360012970010456
2  13 3 0 0 0.360012970010456
2  14 7 4 0 0.360012970010456
0

0101000
+167 0 -184 0 *
Ed
 1.50000001776357e-07 1 1 0
1  11 0 1.85258227021702 2.02934100452192
2  15 9 35 1.85258227021702 2.02934100452192
2  16 9 36 1.85258227021702 2.02934100452192
2  17 9 41 1.85258227021702 2.02934100452192
2  18 9 42 1.85258227021702 2.02934100452192
0

0101000
+165 29 -183 29 *
Wi

0101100
-168 27 +166 0 +164 33 +163 0 -162 27 -182 11 *
Fa
0  1.50000001776357e-07 7 0

0101000
+161 10 *
Ve
1e-07
-5.29999999999533 28.3081260418033 16.52
0 0

0101101
*
Ed
 1e-07 1 1 0
1  12 0 -2.09303607231218 0
2  19 8 0 -2.09303607231218 0
2  20 3 0 -2.09303607231218 0
4 G1 8 0 3 0
0

0101000
+167 0 -159 0 *
Ed
 1e-07 1 1 0
1  13 0 0 0.370165310574417
2  21 3 0 0 0.370165310574417
2  22 4 4 0 0.370165310574417
0

0101000
+159 0 -181 0 *
Wi

0101100
-158 0 +163 0 -157 0 +180 0 *
Fa
0  0 3 0

0111000
+156 0 *
Ve
1.50000001776357e-07
-16.2621189875924 9.94087346246975 16
0 0

0101101
*
Ve
1.5e-07
-16.2621189875924 9.94087346246975 26
0 0

0101101
*
Ed
 1.00000000888178e-07 1 1 0
1  14 0 0 10
0

0101000
+154 14 -153 14 *
Ve
1.50000001776357e-07
-8.43671579159213 17.0909129602648 16
0 0

0101101
*
Ed
 1.00006345024542e-07 1 1 0
1  3 0 0 2
2  23 9 0 0 2
2  24 9 43 0 2
2  25 9 24 0 2
0

0101000
+151 14 -183 14 *
Ed
 1.50000001776357e-07 1 1 0
1  15 0 0 10.6
0

0101000
+154 45 -151 45 *
Ed
 1.00000001776357e-07 1 1 0
1  15 0 0 10.6
0

0101000
+153 19 -179 19 *
Wi

0101100
+152 9 -150 9 -178 9 -149 44 +148 46 *
Fa
0  1e-07 10 9

0111000
+147 0 *
Ve
1e-07
5.29999999999543 28.3081260418033 16.52
0 0

0101101
*
Ve
1.5e-07
5.3 28.3081260418276 0
0 0

0101101
*
Ed
 1e-07 1 1 0
1  16 0 0 16.52
2  26 4 0 0 16.52
0

0101000
-145 10 +144 47 *
Ed
 1e-07 1 1 0
1  17 0 2.44977063796205e-13 0.37016531057482
2  27 8 0 2.44977063796205e-13 0.37016531057482
2  28 4 4 2.44977063796205e-13 0.37016531057482
0

0101000
+145 0 -159 0 *
Ve
1.00000001831027e-07
-5.3 28.3081260418276 0
0 0

0101101
*
Ed
 1e-07 1 1 0
1  18 0 1.38571367150761 1.75587898208218
2  29 11 49 1.38571367150761 1.75587898208218
2  30 11 50 1.38571367150761 1.75587898208218
2  31 6 49 1.38571367150761 1.75587898208218
2  32 4 51 1.38571367150761 1.75587898208218
0

0101000
+144 0 -141 0 *
Ve
1.50012411416805e-07
-5.29999999999724 28.3081260418155 16
0 0

0101101
*
Ed
 1.00000001831027e-07 1 1 0
1  19 0 0 16
2  33 11 0 0 16
2  34 6 0 0 16
2  35 4 53 0 16
0

0101000
+141 54 -139 53 *
Ve
1.50000001776357e-07
-15.1820360725309 24.473368805548 16
0 0

0101101
*
Ed
 1.50000001776357e-07 1 1 0
1  20 0 1.75587898208217 2.12604429265676
2  36 6 35 1.75587898208217 2.12604429265676
2  37 6 36 1.75587898208217 2.12604429265676
2  38 6 56 1.75587898208217 2.12604429265676
2  39 6 57 1.75587898208217 2.12604429265676
2  40 4 58 1.75587898208217 2.12604429265676
0

0101000
+139 58 -137 58 *
Ve
1.50002018569877e-07
-23.0074392685296 17.3233293077389 16
0 0

0101101
*
Ed
 1.50000001776357e-07 1 1 0
1  20 0 2.12604429265676 2.49620960323226
2  36 6 35 2.12604429265676 2.49620960323226
2  37 6 36 2.12604429265676 2.49620960323226
2  41 5 35 2.12604429265676 2.49620960323226
2  42 6 56 2.12604429265676 2.49620960323226
2  43 6 57 2.12604429265676 2.49620960323226
2  44 4 58 2.12604429265676 2.49620960323226
0

0101000
+137 58 -135 58 *
Ve
1.00000013601305e-07
-23.0074392685311 17.323329307753 26
0 0

0101101
*
Ed
 1.00000010048592e-07 1 1 0
1  21 0 2.12604429265676 2.49620960323133
2  45 5 59 2.12604429265676 2.49620960323133
2  46 5 60 2.12604429265676 2.49620960323133
2  47 6 60 2.12604429265676 2.49620960323133
2  48 5 61 2.12604429265676 2.49620960323133
2  49 4 19 2.12604429265676 2.49620960323133
0

0101000
+175 19 -133 19 *
Ed
 1e-07 1 1 0
1  22 0 0 10
2  50 4 0 0 10
0

0101000
+135 0 -133 0 *
Wi

0101100
+143 4 +142 0 -140 48 +157 0 -138 52 -176 0 -136 55 +173 11 -134 55 +132 18 
-131 4 *
Fa
0  1e-07 4 0

0101000
+130 10 *
Ed
 1.00000001776357e-07 1 1 0
1  23 0 0 10
0

0101000
+133 19 -153 19 *
Wi

0101100
+132 46 +128 46 +148 46 -174 46 *
Fa
0  1e-07 12 62

0111000
+127 0 *
Ed
 1e-07 1 1 0
1  24 0 2.32351504603407 2.37723959844388
2  51 8 0 2.32351504603407 2.37723959844388
2  52 13 4 2.32351504603407 2.37723959844388
0

0101000
+170 0 -145 0 *
Ve
1.5e-07
5.3 18.3081260418276 0
0 0

0101101
*
Ed
 1e-07 1 1 0
1  25 0 0 18
0

0101000
+124 47 -169 0 *
Ed
 1.5e-07 1 1 0
1  26 0 0 10
0

0101000
+144 0 -124 0 *
Wi

0101100
+168 27 -125 0 -123 4 +143 4 -122 48 *
Fa
0  1.5e-07 13 0

0101000
+121 10 *
Wi

0101100
-125 0 +166 0 -142 0 +158 0 *
Fa
0  0 8 0

0111000
+119 0 *
Ve
1e-07
-5.3 18.3081260418276 0
0 0

0101101
*
Ve
1.50003185271952e-07
-5.29999999999887 18.3081260418247 16
0 0

0101101
*
Ed
 1e-07 1 1 0
1  27 0 0 16
0

0101000
+117 54 -116 53 *
Ed
 1.00006346758238e-07 1 1 0
1  27 0 16 18
2  53 9 0 16 18
2  54 9 64 16 18
2  55 9 65 16 18
0

0101000
+116 53 -165 53 *
Ed
 1e-07 1 1 0
1  9 0 0 10.6
0

0101000
+117 0 -124 0 *
Wi

0101000
+115 63 +114 63 -123 0 -113 47 +164 66 *
Fa
0  1e-07 14 63

0111000
+112 0 *
Ed
 1.50000001776357e-07 1 1 0
1  11 0 1.852582270217 2.02934100452192
2  15 9 35 1.852582270217 2.02934100452192
2  16 9 36 1.852582270217 2.02934100452192
2  56 9 56 1.852582270217 2.02934100452192
2  57 9 57 1.852582270217 2.02934100452192
0

0101000
+116 58 -151 58 *
Wi

0101100
-110 67 -150 9 +162 68 +114 63 *
Fa
0  1e-07 9 9

0111000
+109 0 *
Ed
 1.50000001776357e-07 1 1 0
1  23 0 0 10
0

0101000
+135 45 -154 45 *
Wi

0101000
+131 0 -152 9 -107 44 +128 46 *
Fa
0  1e-07 15 9

0111000
+106 0 *
Ed
 1.50000001776357e-07 1 1 0
1  28 0 -6.20004127273578 3.79995872726422
2  58 2 0 -6.20004127273578 3.79995872726422
2  59 17 0 -6.20004127273578 3.79995872726422
0

0101000
+116 53 -139 53 *
Wi

0101100
-104 63 +110 67 -149 44 -107 44 -134 67 -136 67 *
Fa
0  1.50000001776357e-07 16 0

0111000
+103 0 *
Ed
 1e-07 1 1 0
1  29 0 0 10
0

0101000
+141 0 -117 0 *
Wi

0101100
+140 0 +101 0 +113 0 -122 0 *
Fa
0  1e-07 18 0

0111000
+100 54 *
Wi

0101100
-101 47 -115 63 -104 63 +138 63 *
Fa
0  1e-07 17 63

0111000
+98 0 *
Sh

0101100
+171 4 +160 4 -155 0 -146 4 -129 4 +126 4 +120 4 -118 0 -111 4 +108 4 
-105 4 +102 4 -99 52 -97 4 *
So

0100000
+96 0 *
Ve
1.50000001776357e-07
23.3607231187733 14.1654161734365 18
0 0

0101101
*
Ed
 1.50000001776357e-07 1 1 0
1  1 0 -6.14207676923801 2.35077478301933
2  1 2 12 -6.14207676923801 2.35077478301933
2  2 1 0 -6.14207676923801 2.35077478301933
0

0101000
-94 75 +183 14 *
Ve
1e-07
24.4733688055294 15.1820360725138 16.52
0 0

0101101
*
Ed
 1e-07 1 1 0
1  30 0 2.32351504603407 2.37723959844389
2  60 19 0 2.32351504603407 2.37723959844389
2  61 1 74 2.32351504603407 2.37723959844389
0

0101000
+94 0 -92 0 *
Ed
 1e-07 1 1 0
1  31 0 -2 -0.519999999999998
2  62 1 74 -2 -0.519999999999998
