<?xml version='1.0' encoding='utf-8'?>
<!-- FreeCAD DocumentObject -->
<Document SchemaVersion="4" FileVersion="2">
<Object name="Body" Extensions="True">
  <Extensions Count="1">
    <Extension type="App::OriginGroupExtension" name="OriginGroupExtension">
    </Extension>
  </Extensions>
  <Properties Count="21" TransientCount="2">
    <_Property name="_ElementMapVersion" type="App::PropertyString" status="234881024"/>
    <_Property name="_GroupTouched" type="App::PropertyBool" status="100663425"/>
    <Property name="AutoGroupSolids" type="App::PropertyBool" status="134217728">
      <Bool value="false"/>
    </Property>
    <Property name="BaseFeature" type="App::PropertyLink">
      <Link value=""/>
    </Property>
    <Property name="ClaimAllChildren" type="App::PropertyBool" status="8">
      <Bool value="false"/>
    </Property>
    <Property name="ColoredElements" type="App::PropertyLinkSubHidden" status="218103808">
      <LinkSub value="" count="0">
      </LinkSub>
    </Property>
    <Property name="ExportMode" type="App::PropertyEnumeration" status="8">
      <Integer value="0"/>
    </Property>
    <Property name="ExpressionEngine" type="App::PropertyExpressionEngine" status="67108864">
      <ExpressionEngine count="0"></ExpressionEngine>
    </Property>
    <Property name="FixShape" type="App::PropertyEnumeration">
      <Integer value="0"/>
    </Property>
    <Property name="Group" type="App::PropertyLinkList">
      <LinkList count="7">
        <Link value="Sketch"/>
        <Link value="Sketch001"/>
        <Link value="Pad"/>
        <Link value="Sketch002"/>
        <Link value="Pad001"/>
        <Link value="Sketch003"/>
        <Link value="Pad002"/>
      </LinkList>
    </Property>
    <Property name="InvalidShape" type="App::PropertyBool" status="67108864">
      <Bool value="false"/>
    </Property>
    <Property name="Label" type="App::PropertyString" status="134217728">
      <String value="Body"/>
    </Property>
    <Property name="Label2" type="App::PropertyString" status="128">
      <String value=""/>
    </Property>
    <Property name="Origin" type="App::PropertyLink" status="67108864">
      <Link value="Origin001"/>
    </Property>
    <Property name="Placement" type="App::PropertyPlacement" status="8388608">
      <PropertyPlacement Px="0" Py="0" Pz="0" Q0="0" Q1="0" Q2="0" Q3="1" A="0" Ox="0" Oy="0" Oz="1"/>
    </Property>
    <Property name="Shape" type="Part::PropertyPartShape">
      <Part HasherIndex="0" ElementMap="1.15.70200.4" brep="1">
<![CDATA[

CASCADE Topology V1, (c) Matra-Datavision
Locations 24
1
              1               0               0               0 
              0               1               0               0 
              0               0               1               0 
1
              1               0               0               0 
              0               1               0               0 
              0               0               1               0 
1
2.22044604925031e-16 -2.22044604925031e-16               1               0 
              1 2.22044604925031e-16 -2.22044604925031e-16               0 
-2.22044604925031e-16               1 2.22044604925031e-16               0 
2  2 1 3 1 0
2  3 -1 2 -1 0
1
              1               0               0             2.5 
              0               1               0 -5.55111512312578e-16 
              0               0               1 6.93889390390723e-16 
2  2 1 3 1 6 1 0
2  6 -1 3 -1 2 -1 0
1
              1               0               0               0 
              0               1               0               0 
              0               0               1               0 
1
2.22044604925031e-16 -2.22044604925031e-16               1               0 
              1 2.22044604925031e-16 -2.22044604925031e-16               0 
-2.22044604925031e-16               1 2.22044604925031e-16               0 
1
              1               0               0             0.8 
              0               1               0 -1.77635683940025e-16 
              0               0               1 2.22044604925031e-16 
1
              1               0               0             0.8 
              0               1               0 -1.77635683940025e-16 
              0               0               1 2.22044604925031e-16 
2  9 1 10 1 11 1 12 1 0
2  12 -1 11 -1 10 -1 9 -1 0
2  9 1 10 1 11 1 0
2  11 -1 10 -1 9 -1 0
1
              1               0               0               0 
              0               1               0               0 
              0               0               1               0 
1
2.22044604925031e-16 -2.22044604925031e-16               1               0 
              1 2.22044604925031e-16 -2.22044604925031e-16               0 
-2.22044604925031e-16               1 2.22044604925031e-16               0 
2  17 1 18 1 0
2  18 -1 17 -1 0
2  11 1 12 1 0
1
              1               0               0             3.7 
              0               1               0 -8.21565038222616e-16 
              0               0               1 1.02695629777827e-15 
2  17 1 18 1 22 1 0
2  22 -1 18 -1 17 -1 0
Curve2ds 0
Curves 96
1 -1.4028421424599687e-14 -43.471790580112987 19.706602920310448 1 -2.2204460492503131e-16 2.7755575615628914e-16 
1 -1.3362287609824596e-14 -43.471790580112987 16.706602920310463 1 -2.2204460492503131e-16 2.7755575615628914e-16 
1 -43.471790580112994 19.706602920310438 4.7591369829189365e-46 0 -1 0 
1 -43.471790580112994 19.706602920310438 4.7591369829189365e-46 0 -1 0 
1 -43.471790580112994 19.706602920310438 4.7591369829189365e-46 0.90630778703664971 -0.42261826174070005 -9.9219352357818797e-48 
1 -43.471790580112994 19.706602920310438 4.7591369829189365e-46 0.90630778703664971 -0.42261826174070005 -9.9219352357818797e-48 
1 -7.2452857273589306e-15 -22.638149544005287 9.9917165579211655 1 -2.2204460492503131e-16 2.7755575615628914e-16 
1 0.79999999999998828 -36.68020121020573 16.539632786078606 1 -2.2204460492503131e-16 2.7755575615628914e-16 
1 -36.680201210205738 16.539632786078599 4.0156179396083279e-46 0.90630778703664971 -0.42261826174070016 -9.9219352357818797e-48 
1 0.79999999999999061 -29.429738913912541 13.158686692153006 1 -2.2204460492503131e-16 2.7755575615628914e-16 
1 -36.680201210205738 16.539632786078599 4.0156179396083279e-46 0.90630778703664971 -0.42261826174070016 -9.9219352357818797e-48 
1 -43.471790580112994 16.706602920310452 4.7591369829189365e-46 0.90630778703664983 -0.4226182617407 -9.9219352357818809e-48 
1 -43.471790580112994 16.706602920310452 4.7591369829189365e-46 0.90630778703664983 -0.4226182617407 -9.9219352357818809e-48 
1 -6.5791519125838375e-15 -22.638149544005284 6.991716557921178 1 -2.2204460492503131e-16 2.7755575615628914e-16 
1 0.39999999999999108 -30.578805578591002 10.694505277623209 -1 2.2204460492503136e-16 -2.7755575615628918e-16 
1 0.79999999999999893 -23.508883733959863 7.3977465789143899 0 0.90630778703664971 -0.42261826174070022 
1 0.39999999999998842 -37.829267874884202 14.075451371548812 1 -2.2204460492503131e-16 2.7755575615628918e-16 
1 1.599999999999999 -23.508883733959863 7.397746578914389 0 0.90630778703664971 -0.42261826174070022 
1 -2.2208465596390765e-14 6 2.4313038074400712e-61 -0.98480775301220813 0.17364817766693028 1.0781324937118602e-47 
1 -2.2208465596390765e-14 6 2.4313038074400712e-61 0.99619469809174555 0.08715574274765793 -1.0905985160972561e-47 
1 44.500976450530132 15.865628961481697 -4.8718085907095877e-46 -0.93969262078590832 -0.3420201433256691 1.0287420519098875e-47 
1 44.500976450530132 15.865628961481697 -4.8718085907095877e-46 0 -1 0 
1 44.500976450530132 12.865628961481697 -4.8718085907095877e-46 -0.93969262078590832 -0.34202014332566893 1.0287420519098875e-47 
1 0 3 0 0.99619469809174555 0.087155742747658221 -1.0905985160972561e-47 
1 7.4999999999999991 4.3224523553134873 -8.2107331894032241e-47 0 -1 0 
1 -7.4999999999999991 4.3224523553134873 8.2107331894032241e-47 1 0 -1.0947644252537633e-47 
1 -22.638149544005284 6.9917165579211717 2.4783440774351689e-46 0.98480775301220802 -0.17364817766693066 -1.07813249371186e-47 
1 -2.2208465596390765e-14 6 2.4313038074400712e-61 -0.98480775301220813 0.17364817766693028 1.0781324937118602e-47 
1 -2.2208465596390765e-14 6 2.4313038074400712e-61 0.99619469809174555 0.08715574274765793 -1.0905985160972561e-47 
1 44.500976450530132 15.865628961481697 -4.8718085907095877e-46 -0.93969262078590832 -0.3420201433256691 1.0287420519098875e-47 
1 44.500976450530132 15.865628961481697 -4.8718085907095877e-46 0 -1 0 
1 44.500976450530132 12.865628961481697 -4.8718085907095877e-46 -0.93969262078590832 -0.34202014332566893 1.0287420519098875e-47 
1 0 3 0 0.99619469809174555 0.087155742747658221 -1.0905985160972561e-47 
1 2.4999999999999991 7.5 6.7498592989414004 -2.2204460492503155e-16 2.2204460492503136e-16 1 
1 2.4999999999999991 -3.6478930728076322 4.322452355313489 -4.9303806576313304e-32 -1 2.2204460492503136e-16 
1 -22.638149544005284 6.9917165579211717 2.4783440774351689e-46 0.98480775301220802 -0.17364817766693066 -1.07813249371186e-47 
1 -1.3322676295501928e-15 -2.0876197966840577e-14 6 1 -2.2204460492503131e-16 2.7755575615628914e-16 
1 -15.258305784051489 8.6904509896282995 1.6704250362023301e-46 0.98480775301220802 -0.17364817766693064 -1.07813249371186e-47 
1 0.79999999999999682 -7.3798437599538227 7.3012655682928562 1 -2.2204460492503131e-16 2.7755575615628914e-16 
1 -15.258305784051489 8.6904509896282995 1.6704250362023301e-46 0.98480775301220802 -0.17364817766693064 -1.07813249371186e-47 
1 0.79999999999999472 -15.258305784051487 8.6904509896283031 1 -2.2204460492503131e-16 2.7755575615628914e-16 
1 -40.906383827612743 7.476554915712101 4.4782853780246304e-46 0.42261826174070038 0.90630778703664949 -4.6266743841630238e-48 
1 -40.906383827612743 7.476554915712101 4.4782853780246304e-46 0.42261826174070038 0.90630778703664949 -4.6266743841630238e-48 
1 -29.429738913912544 13.158686692152999 3.221863120745778e-46 -0.42261826174069983 -0.90630778703664983 4.6266743841630177e-48 
1 -29.429738913912544 13.158686692152999 3.221863120745778e-46 -0.42261826174069983 -0.90630778703664983 4.6266743841630177e-48 
1 -2.6251117624805891e-15 -7.4999999999999982 4.322452355313489 1 -2.2204460492503131e-16 2.7755575615628914e-16 
1 0.39999999999999747 -7.892873974942324 4.3917266371140045 -1 2.2204460492503131e-16 -2.7755575615628909e-16 
1 1.5999999999999988 -11.553818045701744 5.0372498516535726 0 0.98480775301220802 -0.17364817766693089 
1 0.79999999999999882 -11.553818045701744 5.0372498516535726 0 0.98480775301220802 -0.17364817766693089 
1 0.39999999999999508 -15.771335999039989 5.7809120584494522 1 -2.2204460492503136e-16 2.7755575615628914e-16 
1 3.3076704571852996e-15 22.899905571789869 8.0034821333457469 1 -2.2204460492503131e-16 2.7755575615628914e-16 
1 0.80000000000000027 7.4651739935279409 6.6531180956822382 1 -2.2204460492503131e-16 2.7755575615628914e-16 
1 7.4651739935279391 6.65311809568224 -8.1726069164439554e-47 0.99619469809174555 0.087155742747658346 -1.0905985160972561e-47 
1 0.80000000000000182 15.434731578261907 7.3503640376635033 1 -2.2204460492503131e-16 2.7755575615628914e-16 
1 7.4651739935279391 6.65311809568224 -8.1726069164439554e-47 0.99619469809174555 0.087155742747658346 -1.0905985160972561e-47 
1 6.358324420096747e-15 44.500976450530132 15.865628961481686 1 -2.2204460492503131e-16 2.7755575615628914e-16 
1 29.941670528016367 10.566474974111051 -3.2779075726741382e-46 0.93969262078590832 0.34202014332566899 -1.0287420519098875e-47 
1 0.80000000000000537 37.459211494303631 13.302636120716393 1 -2.2204460492503131e-16 2.7755575615628914e-16 
1 29.941670528016367 10.566474974111051 -3.2779075726741382e-46 0.93969262078590832 0.34202014332566899 -1.0287420519098875e-47 
1 0.80000000000000437 29.94167052801637 10.566474974111044 1 -2.2204460492503131e-16 2.7755575615628914e-16 
1 7.0244582348718409e-15 44.500976450530132 12.865628961481686 1 -2.2204460492503131e-16 2.7755575615628914e-16 
1 3.9738042719603943e-15 22.899905571789873 5.0034821333457522 1 -2.2204460492503131e-16 2.7755575615628914e-16 
1 0.40000000000000635 38.423392908833442 10.653569456037927 1 -2.2204460492503136e-16 2.7755575615628918e-16 
1 1.5999999999999988 23.68910801764159 5.2907283324458625 0 -0.93969262078590843 -0.34202014332566871 
1 0.40000000000000502 30.905851942546171 7.9174083094325773 -1 2.2204460492503136e-16 -2.7755575615628914e-16 
1 0.79999999999999882 23.68910801764159 5.2907283324458634 0 -0.93969262078590843 -0.34202014332566871 
1 8.537837823083033e-16 7.5 3.6561649764444288 -1 2.2204460492503128e-16 -2.7755575615628914e-16 
1 0.40000000000000258 15.695203844762302 4.373152408145196 -1 2.2204460492503131e-16 -2.7755575615628914e-16 
1 1.5999999999999988 0.10821256029584921 3.0094673722770029 0 0.99619469809174555 0.087155742747657999 
1 0.79999999999999882 0.10821256029584926 3.0094673722770029 0 0.99619469809174555 0.087155742747657999 
1 0.40000000000000069 7.725646260028336 3.6759064661639314 1 -2.2204460492503131e-16 2.7755575615628914e-16 
1 0 3 0 0.99619469809174555 0.087155742747658221 -1.0905985160972561e-47 
1 -22.638149544005284 6.9917165579211717 2.4783440774351689e-46 0.98480775301220802 -0.17364817766693066 -1.07813249371186e-47 
1 7.4999999999999991 4.3224523553134873 -8.2107331894032241e-47 0 -1 0 
1 1.6653345369377346e-15 7.4999999999999991 -1.6653345369377346e-15 1 -2.2204460492503131e-16 2.7755575615628914e-16 
1 7.4999999999999991 4.3224523553134873 -8.2107331894032241e-47 0 -1 0 
1 7.0555731139488028e-16 7.5 4.3224523553134855 1 -2.2204460492503131e-16 2.7755575615628914e-16 
1 -7.4999999999999991 4.3224523553134873 8.2107331894032241e-47 1 0 -1.0947644252537633e-47 
1 -2.6251117624805891e-15 -7.4999999999999982 4.322452355313489 1 -2.2204460492503131e-16 2.7755575615628914e-16 
1 -7.3798437599538245 7.3012655682928544 8.0791904123284204e-47 -0.17364817766693053 -0.98480775301220802 1.9010384741990058e-48 
1 -16.994787560720795 -1.1576265404937827 1.8605288836222307e-46 0.17364817766693058 0.98480775301220802 -1.9010384741990064e-48 
1 -7.3798437599538245 7.3012655682928544 8.0791904123284204e-47 -0.17364817766693053 -0.98480775301220802 1.9010384741990058e-48 
1 -16.994787560720795 -1.1576265404937827 1.8605288836222307e-46 0.17364817766693058 0.98480775301220802 -1.9010384741990064e-48 
1 -1.6653345369377346e-15 -7.4999999999999991 1.6653345369377346e-15 1 -2.2204460492503131e-16 2.7755575615628914e-16 
1 -7.4999999999999991 0 8.2107331894032241e-47 0 1 0 
1 -7.4999999999999991 0 8.2107331894032241e-47 0 1 0 
1 8.3367314210045222 -3.3088288852352155 -9.1267569826110055e-47 -0.087155742747658319 0.99619469809174555 9.5415006616705011e-49 
1 8.3367314210045222 -3.3088288852352155 -9.1267569826110055e-47 -0.087155742747658319 0.99619469809174555 9.5415006616705011e-49 
1 15.434731578261905 7.3503640376635069 -1.6897395045222006e-46 0.087155742747658305 -0.99619469809174555 -9.5415006616704996e-49 
1 15.434731578261905 7.3503640376635069 -1.6897395045222006e-46 0.087155742747658305 -0.99619469809174555 -9.5415006616704996e-49 
1 37.459211494303631 13.302636120716402 -4.100901214202048e-46 0.34202014332566932 -0.93969262078590821 -3.7443148563313614e-48 
1 33.361871961273053 1.1695487662519675 -3.6523390583072736e-46 -0.34202014332566866 0.93969262078590843 3.7443148563313541e-48 
1 37.459211494303631 13.302636120716402 -4.100901214202048e-46 0.34202014332566932 -0.93969262078590821 -3.7443148563313614e-48 
1 33.361871961273053 1.1695487662519675 -3.6523390583072736e-46 -0.34202014332566866 0.93969262078590843 3.7443148563313541e-48 
1 7.4999999999999991 0 -8.2107331894032241e-47 -1 0 1.0947644252537633e-47 
1 7.4999999999999991 0 -8.2107331894032241e-47 -1 0 1.0947644252537633e-47 
Polygon3D 0
PolygonOnTriangulations 0
Surfaces 35
1 -1.4028421424599687e-14 -43.471790580112987 19.706602920310448 2.2204460492503136e-16 1 -2.2204460492503131e-16 2.2204460492503131e-16 -2.2204460492503136e-16 -1 -1 2.2204460492503131e-16 -2.2204460492503136e-16 
1 -1.4028421424599687e-14 -43.471790580112987 19.706602920310448 -1.5771083817897305e-16 0.42261826174070027 0.9063077870366496 2.9508085947534956e-16 0.9063077870366496 -0.42261826174070027 -1 2.007826004591102e-16 -2.6764112064610434e-16 
1 -1.3362287609824596e-14 -43.471790580112987 16.706602920310463 -1.5771083817897312e-16 0.42261826174070022 0.90630778703664971 2.9508085947534951e-16 0.90630778703664971 -0.42261826174070022 -1 2.0078260045911008e-16 -2.6764112064610429e-16 
1 -1.9924178725060538e-15 0.20421385438473555 9.1772662425693152 1 0 2.2204460492503155e-16 -2.2204460492503155e-16 0 1 0 -1 0 
1 -1.9924178725060538e-15 0.20421385438473555 9.1772662425693152 1 0 2.2204460492503155e-16 -2.2204460492503155e-16 0 1 0 -1 0 
1 -1.3322676295501928e-15 -2.0876197966840577e-14 6 2.3478141954987417e-16 -0.17364817766693047 -0.98480775301220802 -2.572288894507087e-16 -0.98480775301220802 0.17364817766693047 -1 2.1255163897488743e-16 -2.7588189013233192e-16 
1 0.79999999999998928 -40.906383827612743 7.4765549157121098 -3.1854088571592892e-16 -0.90630778703664938 0.42261826174070061 -1.0740064955071497e-16 0.42261826174070061 0.90630778703664938 -1 2.4330660939095247e-16 -2.3195924043521625e-16 
1 -1.2604031230494708e-15 -0.014775950919599268 5.661575084382604 1 0 0 0 0 1 0 -1 0 
1 0.79999999999999061 -29.429738913912541 13.158686692153006 3.1854088571592882e-16 0.90630778703664971 -0.42261826174070005 1.0740064955071518e-16 -0.42261826174070005 -0.90630778703664971 -1 2.4330660939095247e-16 -2.3195924043521625e-16 
1 -1.2604031230494708e-15 -0.014775950919599268 5.661575084382604 1 0 0 0 0 1 0 -1 0 
1 -6.5791519125838375e-15 -22.638149544005284 6.9917165579211771 -2.3478141954987408e-16 0.17364817766693089 0.98480775301220802 2.5722888945070885e-16 0.98480775301220802 -0.17364817766693089 -1 2.1255163897488745e-16 -2.7588189013233197e-16 
1 -1.3322676295501928e-15 -2.0876197966840577e-14 6 -2.958520351730919e-16 -0.087155742747657708 0.99619469809174555 2.0184719570084107e-16 0.99619469809174555 0.087155742747657708 -1 2.268643100507818e-16 -2.7713408659624814e-16 
1 6.358324420096747e-15 44.500976450530132 15.865628961481686 3.3676082351786863e-16 0.34202014332566888 -0.93969262078590843 -1.327099491322235e-16 -0.93969262078590843 -0.34202014332566888 -1 2.3988554503047538e-16 -2.7106218500658143e-16 
1 6.358324420096747e-15 44.500976450530132 15.865628961481686 2.2204460492503136e-16 1 -2.2204460492503131e-16 2.2204460492503131e-16 -2.2204460492503136e-16 -1 -1 2.2204460492503131e-16 -2.2204460492503136e-16 
1 7.0244582348718409e-15 44.500976450530132 12.865628961481686 3.3676082351786858e-16 0.34202014332566871 -0.93969262078590843 -1.3270994913222347e-16 -0.93969262078590843 -0.34202014332566871 -1 2.3988554503047533e-16 -2.7106218500658143e-16 
1 -6.6613381477509392e-16 6.6613381477509412e-16 3 -2.9585203517309195e-16 -0.087155742747657999 0.99619469809174555 2.0184719570084104e-16 0.99619469809174555 0.087155742747657999 -1 2.268643100507819e-16 -2.7713408659624814e-16 
1 -1.9924178725060538e-15 0.20421385438473555 9.1772662425693152 1 0 2.2204460492503155e-16 -2.2204460492503155e-16 0 1 0 -1 0 
1 7.0555731139488028e-16 7.5 4.3224523553134855 2.2204460492503136e-16 1 -2.2204460492503131e-16 2.2204460492503131e-16 -2.2204460492503136e-16 -1 -1 2.2204460492503131e-16 -2.2204460492503136e-16 
1 -2.6251117624805891e-15 -7.4999999999999982 4.322452355313489 -2.7755575615628909e-16 2.2204460492503136e-16 1 2.2204460492503131e-16 1 -2.2204460492503131e-16 -1 2.2204460492503126e-16 -2.7755575615628914e-16 
1 -1.2604031230494708e-15 -0.014775950919599268 5.661575084382604 1 0 0 0 0 1 0 -1 0 
1 0.79999999999999682 -7.3798437599538227 7.3012655682928562 2.6686829970221013e-16 0.98480775301220802 -0.17364817766693075 1.8011360743869833e-16 -0.17364817766693075 -0.98480775301220802 -1 2.3153757087517516e-16 -2.2371847094898852e-16 
1 -1.2604031230494708e-15 -0.014775950919599268 5.661575084382604 1 0 0 0 0 1 0 -1 0 
1 0.79999999999999649 -16.994787560720795 -1.1576265404937787 -2.6686829970221018e-16 -0.98480775301220802 0.1736481776669308 -1.8011360743869831e-16 0.1736481776669308 0.98480775301220802 -1 2.3153757087517521e-16 -2.2371847094898852e-16 
1 -1.6653345369377346e-15 -7.4999999999999991 1.6653345369377346e-15 -2.2204460492503136e-16 -1 2.2204460492503131e-16 -2.2204460492503131e-16 2.2204460492503136e-16 1 -1 2.2204460492503131e-16 -2.2204460492503136e-16 
1 0.8000000000000026 8.3367314210045222 -3.3088288852352168 -1.9700908008450321e-16 -0.99619469809174555 -0.087155742747658096 -2.4055212063154389e-16 -0.087155742747658096 0.99619469809174555 -1 2.1722489979928067e-16 -2.2246627448507225e-16 
1 -1.2604031230494708e-15 -0.014775950919599268 5.661575084382604 1 0 0 0 0 1 0 -1 0 
1 0.80000000000000182 15.434731578261907 7.3503640376635033 1.9700908008450324e-16 0.99619469809174555 0.087155742747658083 2.4055212063154389e-16 0.087155742747658083 -0.99619469809174555 -1 2.1722489979928069e-16 -2.2246627448507225e-16 
1 -1.2604031230494708e-15 -0.014775950919599268 5.661575084382604 1 0 0 0 0 1 0 -1 0 
1 -1.2604031230494708e-15 -0.014775950919599268 5.661575084382604 1 0 0 0 0 1 0 -1 0 
1 0.80000000000000537 37.459211494303631 13.302636120716393 1.1372401723193581e-16 0.93969262078590832 0.3420201433256691 2.8459740433452513e-16 0.3420201433256691 -0.93969262078590832 -1 2.0420366481958724e-16 -2.2853817607473921e-16 
1 -1.2604031230494708e-15 -0.014775950919599268 5.661575084382604 1 0 0 0 0 1 0 -1 0 
1 0.80000000000000715 33.361871961273053 1.1695487662519604 -1.1372401723193604e-16 -0.93969262078590854 -0.34202014332566844 -2.8459740433452503e-16 -0.34202014332566844 0.93969262078590854 -1 2.0420366481958727e-16 -2.2853817607473916e-16 
1 -4.7988861277142726e-16 5.5159359901180538e-16 2.1612261776567436 1 0 2.2204460492503141e-16 -2.2204460492503141e-16 0 1 0 -1 0 
1 1.6653345369377346e-15 7.4999999999999991 -1.6653345369377346e-15 2.7755575615628909e-16 -2.2204460492503136e-16 -1 -2.2204460492503131e-16 -1 2.2204460492503131e-16 -1 2.2204460492503126e-16 -2.7755575615628914e-16 
1 -4.7988861277142726e-16 5.5159359901180538e-16 2.1612261776567436 1 0 2.2204460492503141e-16 -2.2204460492503141e-16 0 1 0 -1 0 
Triangulations 0

TShapes 239
Ve
1e-07
-1.40284214245997e-14 -43.471790580113 19.7066029203104
0 0

0101101
*
Ve
1e-07
2.49999999999999 -43.471790580113 19.7066029203104
0 0

0101101
*
Ed
 1e-07 1 1 0
1  1 0 0 2.5
0

0101000
+239 0 -238 0 *
Ve
1e-07
-1.33622876098246e-14 -43.471790580113 16.7066029203105
0 0

0101101
*
Ve
1e-07
2.49999999999999 -43.471790580113 16.7066029203105
0 0

0101101
*
Ed
 1e-07 1 1 0
1  2 0 0 2.5
0

0101000
+236 0 -235 0 *
Ed
 1e-07 1 1 0
1  3 0 0 2.99999999999999
0

0101000
+239 5 -236 5 *
Ed
 1e-07 1 1 0
1  4 0 0 2.99999999999999
0

0101000
+238 8 -235 8 *
Wi

0101100
+237 0 -234 0 -233 4 +232 7 *
Fa
0  1e-07 1 0

0101000
+231 0 *
Ve
1e-07
-7.24528572735893e-15 -22.6381495440053 9.99171655792117
0 0

0101101
*
Ed
 1e-07 1 1 0
1  5 0 0 22.9873794908321
0

0101000
+239 5 -229 5 *
Ve
1e-07
2.49999999999999 -22.6381495440053 9.99171655792117
0 0

0101101
*
Ed
 1e-07 1 1 0
1  6 0 0 22.9873794908321
0

0101000
+238 8 -227 8 *
Ed
 1e-07 1 1 0
1  7 0 0 2.5
0

0101000
+229 0 -227 0 *
Wi

0101100
+237 0 -228 4 +226 7 -225 0 *
Ve
1.00000001776357e-07
0.799999999999988 -36.6802012102057 16.5396327860786
0 0

0101101
*
Ve
1.00000001776357e-07
1.59999999999999 -36.6802012102057 16.5396327860786
0 0

0101101
*
Ed
 1e-07 1 1 0
1  8 0 0 0.8
0

0101000
+223 0 -222 0 *
Ve
1.00000001776357e-07
1.59999999999999 -29.4297389139125 13.158686692153
0 0

0101101
*
Ed
 1.00000001776357e-07 1 1 0
1  9 0 0 8
0

0101000
+222 14 -220 14 *
Ve
1.00000001776357e-07
0.799999999999991 -29.4297389139125 13.158686692153
0 0

0101101
*
Ed
 1e-07 1 1 0
1  10 0 0 0.8
0

0101000
+218 0 -220 0 *
Ed
 1.00000001776357e-07 1 1 0
1  11 0 0 8
0

0101000
+223 16 -218 16 *
Wi

0101100
-221 0 -219 13 +217 0 +216 15 *
Fa
0  1e-07 2 0

0101000
+224 0 +215 0 *
Ve
1.00000000444089e-07
-6.57915191258384e-15 -22.6381495440053 6.99171655792118
0 0

0101101
*
Ed
 1e-07 1 1 0
1  12 0 0 22.9873794908321
0

0101000
+236 5 -213 5 *
Ve
1.00000000444089e-07
2.49999999999999 -22.6381495440053 6.99171655792118
0 0

0101101
*
Ed
 1e-07 1 1 0
1  13 0 0 22.9873794908321
0

0101000
+235 8 -211 8 *
Ed
 1.00000000444089e-07 1 1 0
1  14 0 0 2.5
0

0101000
+213 0 -211 0 *
Wi

0101100
+234 0 -212 4 +210 7 -209 0 *
Ve
1.5000000821565e-07
1.59999999999999 -30.578805578591 10.6945052776232
0 0

0101101
*
Ve
1.50000007993606e-07
0.799999999999991 -30.578805578591 10.6945052776232
0 0

0101101
*
Ed
 1.5e-07 1 1 0
1  15 0 -1.2 -0.4
0

0101000
+207 0 -206 0 *
Ve
1.50000011024241e-07
0.799999999999988 -37.8292678748842 14.0754513715488
0 0

0101101
*
Ed
 1.5e-07 1 1 0
1  16 0 -15.8007956521566 -7.80079565215657
0

0101000
+204 0 -206 0 *
Ve
1.50000012749692e-07
1.59999999999999 -37.8292678748842 14.0754513715488
0 0

0101101
*
Ed
 1.5e-07 1 1 0
1  17 0 0.4 1.2
0

0101000
+204 0 -202 0 *
Ed
 1.5e-07 1 1 0
1  18 0 -15.8007956521566 -7.80079565215657
0

0101000
+202 0 -207 0 *
Wi

0101100
-205 0 +203 0 -201 0 -200 0 *
Fa
0  1e-07 3 0

0101000
+208 0 +199 0 *
Ve
1e-07
-1.33226762955019e-15 -2.08761979668406e-14 6
0 0

0101101
*
Ed
 1e-07 1 1 0
1  19 0 0 22.9873794908321
0

0101000
+197 5 -229 5 *
Ve
1e-07
3.3076704571853e-15 22.8999055717899 8.00348213334575
0 0

0101101
*
Ed
 1e-07 1 1 0
1  20 0 0 22.9873794908321
0

0101000
+197 5 -195 5 *
Ve
1e-07
6.35832442009675e-15 44.5009764505301 15.8656289614817
0 0

0101101
*
Ed
 1e-07 1 1 0
1  21 0 0 22.9873794908321
0

0101000
+193 5 -195 5 *
Ve
1e-07
7.02445823487184e-15 44.5009764505301 12.8656289614817
0 0

0101101
*
Ed
 1e-07 1 1 0
1  22 0 0 3
0

0101000
+193 5 -191 5 *
Ve
1.00000000444089e-07
3.97380427196039e-15 22.8999055717899 5.00348213334575
0 0

0101101
*
Ed
 1e-07 1 1 0
1  23 0 0 22.9873794908321
0

0101000
+191 5 -189 5 *
Ve
1.5e-07
8.53502829202395e-16 7.5 3.65616497644443
0 0

0101101
*
Ed
 1e-07 1 1 0
1  24 0 7.5286487815751 22.9873794908321
0

0101000
+187 5 -189 5 *
Ve
1.0000000161999e-07
7.0555731139488e-16 7.5 4.32245235531349
0 0

0101101
*
Ed
 1.0000000161999e-07 1 1 0
1  25 0 0 0.666287378869057
0

0101000
+185 20 -187 20 *
Ve
1.00000002512148e-07
-2.62511176248059e-15 -7.5 4.32245235531349
0 0

0101101
*
Ed
 1.00000001433123e-07 1 1 0
1  26 0 0 15
0

0101000
+183 20 -185 20 *
Ed
 1e-07 1 1 0
1  27 0 0 15.371679901689
0

0101000
+213 5 -183 5 *
Wi

0101100
-228 4 +196 4 -194 4 +192 4 -190 4 -188 4 +186 4 +184 19 +182 19 +181 4 
+212 4 +233 4 *
Fa
0  1e-07 4 0

0101000
+180 0 *
Ve
1e-07
2.5 -2.14313094791532e-14 6
0 0

0101101
*
Ed
 1e-07 1 1 0
1  28 0 0 22.9873794908321
0

0101000
+178 8 -227 8 *
Ve
1e-07
2.5 22.8999055717899 8.00348213334575
0 0

0101101
*
Ed
 1e-07 1 1 0
1  29 0 0 22.9873794908321
0

0101000
+178 8 -176 8 *
Ve
1e-07
2.50000000000001 44.5009764505301 15.8656289614817
0 0

0101101
*
Ed
 1e-07 1 1 0
1  30 0 0 22.9873794908321
0

0101000
+174 8 -176 8 *
Ve
1e-07
2.50000000000001 44.5009764505301 12.8656289614817
0 0

0101101
*
Ed
 1e-07 1 1 0
1  31 0 0 3
0

0101000
+174 8 -172 8 *
Ve
1.00000000444089e-07
2.5 22.8999055717899 5.00348213334575
0 0

0101101
*
Ed
 1e-07 1 1 0
1  32 0 0 22.9873794908321
0

0101000
+172 8 -170 8 *
Ve
1.50000000444089e-07
2.5 7.5 3.65616497644443
0 0

0101101
*
Ed
 1e-07 1 1 0
1  33 0 7.5286487815751 22.9873794908321
0

0101000
+168 8 -170 8 *
Ve
1.50000000993014e-07
2.5 7.5 4.32245235531349
0 0

0101101
*
Ed
 1.5e-07 1 1 0
1  34 0 -3.09369432249697 -2.42740694362791
0

0101000
+168 0 -166 0 *
Ve
1.50000001986027e-07
2.5 -7.5 4.32245235531349
0 0

0101101
*
Ed
 1.5e-07 1 1 0
1  35 0 -11.1478930728076 3.85210692719237
0

0101000
+166 0 -164 0 *
Ed
 1e-07 1 1 0
1  36 0 0 15.371679901689
0

0101000
+211 8 -164 8 *
Wi

0101100
-226 7 +177 7 -175 7 +173 7 -171 7 -169 7 +167 7 -165 0 -163 0 +162 7 
+210 7 +232 7 *
Fa
0  1e-07 5 6

0101000
+161 0 *
Ed
 1e-07 1 1 0
1  37 0 0 2.5
0

0101000
+197 0 -178 0 *
Wi

0101100
+159 0 -196 4 +177 7 -225 0 *
Ve
1.00000003552714e-07
0.799999999999995 -15.2583057840515 8.6904509896283
0 0

0101101
*
Ve
1.00000004528839e-07
0.799999999999997 -7.37984375995382 7.30126556829286
0 0

0101101
*
Ed
 1.00000003552714e-07 1 1 0
1  38 0 0 8
0

0101000
+157 16 -156 16 *
Ve
1.00000004528839e-07
1.6 -7.37984375995382 7.30126556829286
0 0

0101101
*
Ed
 1.00000004528839e-07 1 1 0
1  39 0 0 0.8
0

0101000
+156 0 -154 0 *
Ve
1.00000004440892e-07
1.59999999999999 -15.2583057840515 8.6904509896283
0 0

0101101
*
Ed
 1.00000004440892e-07 1 1 0
1  40 0 0 8
0

0101000
+152 14 -154 14 *
Ed
 1.00000001776357e-07 1 1 0
1  41 0 0 0.8
0

0101000
+157 0 -152 0 *
Wi

0101100
-155 15 -153 0 +151 13 +150 0 *
Fa
0  1e-07 6 0

0101000
+158 0 +149 0 *
Ed
 1e-07 1 1 0
1  42 0 7.28107663889007 10
0

0101000
+204 16 -223 16 *
Ed
 1e-07 1 1 0
1  43 0 7.28107663889007 10
0

0101000
+202 14 -222 14 *
Wi

0101100
-147 15 -221 0 +146 13 +201 0 *
Fa
0  1e-07 7 0

0101000
+145 0 *
Ed
 1e-07 1 1 0
1  44 0 0 2.71892336110994
0

0101000
+220 14 -207 14 *
Wi

0101100
-219 13 -143 13 +200 0 -146 13 *
Fa
0  1e-07 8 21

0101000
+142 0 *
Ed
 1e-07 1 1 0
1  45 0 0 2.71892336110994
0

0101000
+218 16 -206 16 *
Wi

0101100
-140 15 +205 0 +143 13 +217 0 *
Fa
0  1e-07 9 0

0101000
+139 0 *
Wi

0101100
-216 15 -140 15 +203 0 -147 15 *
Fa
0  1e-07 10 11

0101000
+137 0 *
Ed
 1.00000001776357e-07 1 1 0
1  46 0 0 2.5
0

0101000
+183 0 -164 0 *
Wi

0101100
-181 4 -135 0 +162 7 +209 0 *
Ve
1.50000001998401e-07
1.6 -7.89287397494232 4.391726637114
0 0

0101101
*
Ve
1.50000001913324e-07
0.799999999999997 -7.89287397494232 4.391726637114
0 0

0101101
*
Ed
 1.5e-07 1 1 0
1  47 0 -1.2 -0.4
0

0101000
+133 0 -132 0 *
Ve
1.50000003552714e-07
1.6 -15.77133599904 5.78091205844945
0 0

0101101
*
Ed
 1.5e-07 1 1 0
1  48 0 -4.28257996592556 3.71742003407444
0

0101000
+130 0 -133 0 *
Ve
1.50000003552714e-07
0.799999999999995 -15.77133599904 5.78091205844945
0 0

0101101
*
Ed
 1.5e-07 1 1 0
1  49 0 -4.28257996592556 3.71742003407444
0

0101000
+128 0 -132 0 *
Ed
 1.5e-07 1 1 0
1  50 0 0.4 1.2
0

0101000
+128 0 -130 0 *
Wi

0101100
-131 0 -129 0 +127 0 -126 0 *
Fa
0  1e-07 11 0

0101000
+134 0 +125 0 *
Ed
 1e-07 1 1 0
1  51 0 0 2.5
0

0101000
+195 0 -176 0 *
Wi

0101100
+159 0 -194 4 +175 7 -123 0 *
Ve
1.00000005329071e-07
0.8 7.46517399352794 6.65311809568224
0 0

0101101
*
Ve
1.00000005329071e-07
1.6 7.46517399352794 6.65311809568224
0 0

0101101
*
Ed
 1.00000005329071e-07 1 1 0
1  52 0 0 0.8
0

0101000
+121 0 -120 0 *
Ve
1.00000004440892e-07
1.6 15.4347315782619 7.3503640376635
0 0

0101101
*
Ed
 1.00000004440892e-07 1 1 0
1  53 0 0 8
0

0101000
+120 14 -118 14 *
Ve
1.00000004440892e-07
0.800000000000002 15.4347315782619 7.3503640376635
0 0

0101101
*
Ed
 1.00000001776357e-07 1 1 0
1  54 0 0 0.8
0

0101000
+116 0 -118 0 *
Ed
 1.00000004440892e-07 1 1 0
1  55 0 0 8
0

0101000
+121 16 -116 16 *
Wi

0101100
-119 0 -117 13 +115 0 +114 15 *
Fa
0  1e-07 12 0

0101000
+122 0 +113 0 *
Ed
 1e-07 1 1 0
1  56 0 0 2.5
0

0101000
+193 0 -174 0 *
Wi

0101100
+111 0 -192 4 +173 7 -123 0 *
Ve
1.00000001776357e-07
0.800000000000004 29.9416705280164 10.566474974111
0 0

0101101
*
Ve
1.00000001776357e-07
0.800000000000005 37.4592114943036 13.3026361207164
0 0

0101101
*
Ed
 1.00000001776357e-07 1 1 0
1  57 0 0 8
0

0101000
+109 16 -108 16 *
Ve
1.00000001776357e-07
1.60000000000001 37.4592114943036 13.3026361207164
0 0

0101101
*
Ed
 1e-07 1 1 0
1  58 0 0 0.8
0

0101000
+108 0 -106 0 *
Ve
1.00000001776357e-07
1.6 29.9416705280164 10.566474974111
0 0

0101101
*
Ed
 1.00000001776357e-07 1 1 0
1  59 0 0 8
0

0101000
+104 14 -106 14 *
Ed
 1e-07 1 1 0
1  60 0 0 0.8
0

0101000
+109 0 -104 0 *
Wi

0101100
-107 15 -105 0 +103 13 +102 0 *
Fa
0  1e-07 13 0

0101000
+110 0 +101 0 *
Ed
 1e-07 1 1 0
1  61 0 0 2.5
0

0101000
+191 0 -172 0 *
Wi

0101100
+111 0 -99 0 -190 4 +171 7 *
Fa
0  1e-07 14 0

0101000
+98 0 *
Ed
 1.00000000444089e-07 1 1 0
1  62 0 0 2.5
0

0101000
+189 0 -170 0 *
Wi

0101100
+99 0 -188 4 +169 7 -96 0 *
Ve
1.50000007539714e-07
0.800000000000006 38.4233929088334 10.6535694560379
0 0

0101101
*
Ve
1.50000007549517e-07
1.60000000000001 38.4233929088334 10.6535694560379
0 0

0101101
*
Ed
 1.5e-07 1 1 0
1  63 0 0.4 1.2
0

0101000
+94 0 -93 0 *
Ve
1.50000007160723e-07
1.60000000000001 30.9058519425462 7.91740830943258
0 0

0101101
*
Ed
 1.5e-07 1 1 0
1  64 0 -15.679898474534 -7.67989847453403
0

0101000
+93 0 -91 0 *
Ve
1.50000007160723e-07
0.800000000000005 30.9058519425462 7.91740830943258
0 0

0101101
*
Ed
 1.5e-07 1 1 0
1  65 0 -1.2 -0.4
0

0101000
+91 0 -89 0 *
Ed
 1.5e-07 1 1 0
1  66 0 -15.679898474534 -7.67989847453403
0

0101000
+94 0 -89 0 *
Wi

0101100
-92 0 -90 0 -88 0 +87 0 *
Fa
0  1e-07 15 0

0101000
+95 0 +86 0 *
Ed
 1.5e-07 1 1 0
1  67 0 -2.5 2.80953105908657e-19
0

0101000
+168 0 -187 0 *
Wi

0101100
-186 4 -96 0 +167 7 -84 0 *
Ve
1.50000003774758e-07
1.6 15.6952038447623 4.3731524081452
0 0

0101101
*
Ve
1.50000003663736e-07
0.800000000000002 15.6952038447623 4.3731524081452
0 0

0101101
*
Ed
 1.5e-07 1 1 0
1  68 0 -1.2 -0.4
0

0101000
+82 0 -81 0 *
Ve
1.50000002220446e-07
1.6 7.72564626002834 3.67590646616393
0 0

0101101
*
Ed
 1.5e-07 1 1 0
1  69 0 7.64653105896268 15.6465310589627
0

0101000
+79 0 -82 0 *
Ve
1.50000002155663e-07
0.800000000000001 7.72564626002834 3.67590646616393
0 0

0101101
*
Ed
 1.5e-07 1 1 0
1  70 0 7.64653105896268 15.6465310589627
0

0101000
+77 0 -81 0 *
Ed
 1.5e-07 1 1 0
1  71 0 0.4 1.2
0

0101000
+77 0 -79 0 *
Wi

0101100
-80 0 -78 0 +76 0 -75 0 *
Fa
0  1e-07 16 0

0101000
+83 0 +74 0 *
Ve
1.00000001526557e-07
-6.66133814775094e-16 6.66133814775094e-16 3
0 0

0101101
*
Ed
 1.00000001526557e-07 1 1 0
1  72 0 0 7.5286487815751
0

0101000
+72 5 -187 5 *
Ed
 1.00000001526557e-07 1 1 0
1  73 0 15.371679901689 22.9873794908321
0

0101000
+183 5 -72 5 *
Wi

0101100
-182 19 -184 19 +71 4 +70 4 *
Fa
0  1e-07 17 0

0101000
+69 0 *
Ve
1e-07
1.66533453693773e-15 7.5 -1.66533453693773e-15
0 0

0101101
*
Ed
 1e-07 1 1 0
1  74 0 0.666287378869057 4.32245235531349
0

0101000
+187 20 -67 20 *
Ve
1e-07
3.7 7.5 -6.38378239159465e-16
0 0

0101101
*
Ed
 1e-07 1 1 0
1  75 0 0 3.7
0

0101000
+67 0 -65 0 *
Ve
1e-07
3.7 7.5 4.32245235531349
0 0

0101101
*
Ed
 1e-07 1 1 0
1  76 0 0 4.32245235531349
0

0101000
+63 24 -65 24 *
Ed
 1e-07 1 1 0
1  77 0 2.5 3.7
0

0101000
+166 0 -63 0 *
Wi

0101100
+165 0 -84 0 -66 19 -64 0 +62 23 +61 0 *
Fa
0  1e-07 18 0

0101000
+60 0 *
Ve
1e-07
3.7 -7.5 4.32245235531349
0 0

0101101
*
Ed
 1e-07 1 1 0
1  78 0 0 15
0

0101000
+58 24 -63 24 *
Ed
 1e-07 1 1 0
1  79 0 2.5 3.7
0

0101000
+164 0 -58 0 *
Wi

0101100
+163 0 -61 0 +57 23 +56 0 *
Fa
0  1e-07 19 0

0101000
+55 0 *
Ed
 1e-07 1 1 0
1  80 0 0 2.95442325903661
0

0101000
+156 16 -132 16 *
Ed
 1e-07 1 1 0
1  81 0 7.04557674096339 10
0

0101000
+128 16 -157 16 *
Wi

0101100
-155 15 -53 15 +127 0 -52 15 *
Fa
0  1e-07 20 11

0101000
+51 0 *
Ed
 1e-07 1 1 0
1  82 0 0 2.95442325903661
0

0101000
+154 14 -133 14 *
Wi

0101100
-53 15 +131 0 +49 13 +153 0 *
Fa
0  1e-07 21 0

0101000
+48 0 *
Ed
 1e-07 1 1 0
1  83 0 7.04557674096339 10
0

0101000
+130 14 -152 14 *
Wi

0101100
-151 13 -49 13 +129 0 -46 13 *
Fa
0  1e-07 22 21

0101000
+45 0 *
Wi

0101100
-52 15 -150 0 +46 13 +126 0 *
Fa
0  1e-07 23 0

0101000
+43 0 *
Ve
1e-07
-1.66533453693773e-15 -7.5 1.66533453693773e-15
0 0

0101101
*
Ve
1e-07
3.7 -7.5 2.692290834716e-15
0 0

0101101
*
Ed
 1e-07 1 1 0
1  84 0 0 3.7
0

0101000
+41 0 -40 0 *
Ed
 1e-07 1 1 0
1  85 0 0 4.32245235531349
0

0101000
+41 20 -183 20 *
Ed
 1e-07 1 1 0
1  86 0 0 4.32245235531349
0

0101000
+40 24 -58 24 *
Wi

0101100
+39 0 -135 0 -56 0 -38 19 +37 23 *
Fa
0  1e-07 24 0

0101000
+36 0 *
Ed
 1e-07 1 1 0
1  87 0 7.01141590572477 10
0

0101000
+77 16 -121 16 *
Ed
 1e-07 1 1 0
1  88 0 7.01141590572477 10
0

0101000
+79 14 -120 14 *
Wi

0101100
-34 15 -119 0 +33 13 +75 0 *
Fa
0  1e-07 25 0

0101000
+32 0 *
Ed
 1e-07 1 1 0
1  89 0 0 2.98858409427523
0

0101000
+118 14 -82 14 *
Wi

0101100
-117 13 -30 13 +78 0 -33 13 *
Fa
0  1e-07 26 21

0101000
+29 0 *
Ed
 1e-07 1 1 0
1  90 0 0 2.98858409427523
0

0101000
+116 16 -81 16 *
Wi

0101100
-27 15 +80 0 +30 13 +115 0 *
Fa
0  1e-07 27 0

0101000
+26 0 *
Wi

0101100
-114 15 -27 15 +76 0 -34 15 *
Fa
0  1e-07 28 11

0101000
+24 0 *
Ed
 1e-07 1 1 0
1  91 0 0 2.81907786235773
0

0101000
+108 16 -94 16 *
Ed
 1e-07 1 1 0
1  92 0 7.18092213764227 10
0

0101000
+89 16 -109 16 *
Wi

0101100
-107 15 -22 15 -87 0 -21 15 *
Fa
0  1e-07 29 11

0101000
+20 0 *
Ed
 1e-07 1 1 0
1  93 0 0 2.81907786235773
0

0101000
+106 14 -93 14 *
Wi

0101100
-22 15 -92 0 +18 13 +105 0 *
Fa
0  1e-07 30 0

0101000
+17 0 *
Ed
 1e-07 1 1 0
1  94 0 7.18092213764227 10
0

0101000
+91 14 -104 14 *
Wi

0101100
-103 13 -18 13 -90 0 -15 13 *
Fa
0  1e-07 31 21

0101000
+14 0 *
Wi

0101100
-21 15 -102 0 +15 13 -88 0 *
Fa
0  1e-07 32 0

0101000
+12 0 *
Ed
 1e-07 1 1 0
1  95 0 0 15
0

0101000
+67 20 -41 20 *
Wi

0101100
-70 4 -71 4 -66 19 -10 19 -38 19 *
Fa
0  1e-07 33 0

0101000
+9 0 *
Ed
 1e-07 1 1 0
1  96 0 0 15
0

0101000
+65 24 -40 24 *
Wi

0101100
+64 0 -39 0 -10 19 +7 23 *
Fa
0  1e-07 34 0

0101000
+6 0 *
Wi

0101100
+57 0 +62 0 +7 0 +37 0 *
Fa
0  1e-07 35 0

0101000
-4 19 *
Sh

0101100
-230 0 +214 0 -198 0 -179 0 +160 0 -148 0 -144 0 -141 0 -138 0 +136 0 
-124 0 +112 0 -100 0 +97 0 +85 0 -73 0 -68 0 +59 0 +54 0 +50 0 
-47 0 -44 0 -42 0 +35 0 -31 0 -28 0 -25 0 +23 0 +19 0 -16 0 
-13 0 -11 0 -8 0 +5 0 +3 22 *
So

1100000
+2 0 *

+1 1 ]]>
      </Part>
      <ElementMap new="1" count="1"><Element key="Dummy" value="Dummy"/></ElementMap>
      <ElementMap2 count="194">
<![CDATA[
1 PostfixCount 25
Edge
Face
Vertex
;:M;FUS;:H-edf:7,E
;:M;FUS;:H-edf:7,V
;:H-edf,V
;:G#1df;FUS;:H-edf:b,V
;:M2;FUS;:H-edf:8,E
;:H-edf,E
;:M2#1de;FUS;:H-edf:c,F
;:M;FUS;:H-edf:7,F
;:G#1d8;FUS;:H-edf:b,E
;:G2#1d7;FUS;:H-edf:c,E
;:G3#1db;FUS;:H-edf:c,E
;:H-edf,F
;:G#1e2;FUS;:H-edf:b,V
;:G#1e1;FUS;:H-edf:b,V
;:Hedd,V
;:Hedd,E
;:Hedd,F
;:M2;FUS;:Hedd:8,E
;:M;FUS;:Hedd:7,E
;:G#1e0;FUS;:Hedd:b,V
;:M;FUS;:Hedd:7,F
;:M;FUS;:Hedd:7,V

MapCount 2

ElementMap 1 2 3

Edge

ChildCount 0

NameCount 97
0
$#162.13 0
$#163.13 0
$#164.13 0
$#165.13 0
$#166.13 0
$#167.13 0
$#168.13 0
$#16a.13 0
$#16b.13 0
$#16c.13 0
$#16d.13 0
$#16e.13 0
$#16f.13 0
$#170.13 0
$#171.13 0
$#172.13 0
$#173.13 0
$#174.13 0
$#175.13 0
$#176.13 0
$#177.13 0
$#178.13 0
$#179.13 0
$#1d3.15 0
$#115.4 0
$#10f.4 0
$#1d4.16 0
$#17a.13 0
$#17b.13 0
$#17c.13 0
$#17d.13 0
$#17e.13 0
$#1d5.16 0
$#11c.d.19.bc.1d6.1d7 0
$#11b.c.19.bc.1d6.1d8 0
$#1d9.16 0
$#17f.13 0
$#180.13 0
$#181.13 0
$#182.13 0
$#183.13 0
$#184.13 0
$#185.13 0
$#186.13 0
$#187.13 0
$#120.4 0
$#188.13 0
$#18b.13 0
$#189.13 0
$#18a.13 0
$#18c.13 0
$#18d.13 0
$#18e.13 0
$#18f.13 0
$#190.13 0
$#191.13 0
$#192.13 0
$#193.13 0
$#194.13 0
$#195.13 0
$#196.13 0
$#197.13 0
$#198.13 0
$#199.13 0
$#19a.13 0
$#19b.13 0
$#11c.e.22.1da.1db 0
$#19c.13 0
$#19f.13 0
$#19d.13 0
$#19e.13 0
$#1d3.16 0
$#1d4.15 0
$#115.8 0
$#122.9 0
$#1ce.9 0
$#121.4 0
$#1cd.9 0
$#120.8 0
$#1a0.13 0
$#1a1.13 0
$#1a2.13 0
$#1a3.13 0
$#123.9 0
$#117.4 0
$#1d0.9 0
$#1a4.13 0
$#1a5.13 0
$#1a6.13 0
$#1a7.13 0
$#1a8.13 0
$#1a9.13 0
$#1aa.13 0
$#1ab.13 0
$#116.9 0
$#1cf.9 0

Face

ChildCount 0

NameCount 36
0
$#1ad.14 0
$#1af.14 0
$#1b0.14 0
$#1dc.18 0
$#1d6.18.19.bc 0
$#1b1.14 0
$#1b3.14 0
$#1b4.14 0
$#1b5.14 0
$#1b6.14 0
$#1dd.18 0
$#1b7.14 0
$#1b8.14 0
$#1b9.14 0
$#1ba.14 0
$#1da.18.22 0
$#119.a.19.1dc.1de 0
$#11c.b 0
$#11b.b 0
$#1bb.14 0
$#1bc.14 0
$#1bd.14 0
$#1be.14 0
$#11e.b 0
$#1bf.14 0
$#1c0.14 0
$#1c1.14 0
$#1c2.14 0
$#1c3.14 0
$#1c4.14 0
$#1c5.14 0
$#1c6.14 0
$#119.b 0
$#11d.f 0
$#1d2.f 0

Vertex

ChildCount 0

NameCount 64
0
$#125.12 $#126.12 0
$#127.12 0
$#128.12 $#129.12 0
$#12a.12 0
$#12b.12 $#12c.12 0
$#12d.12 0
$#12f.12 0
$#130.12 0
$#131.12 0
$#132.12 0
$#133.12 $#134.12 0
$#135.12 0
$#136.12 0
$#137.12 0
$#138.12 0
$#139.12 0
$#13a.12 $#13b.12 0
$#13c.12 $#13d.12 0
$#13e.12 $#13f.12 0
