<?xml version='1.0' encoding='utf-8'?>
<!-- FreeCAD DocumentObject -->
<Document SchemaVersion="4" FileVersion="2">
<Object name="Pad002">
  <Properties Count="47" TransientCount="2">
    <_Property name="_Body" type="App::PropertyLinkHidden" status="251658240"/>
    <_Property name="_ElementMapVersion" type="App::PropertyString" status="234881024"/>
    <Property name="AddSubShape" type="Part::PropertyPartShape">
      <Part HasherIndex="0" ElementMap="1.15.70200.4" brep="1">
<![CDATA[

CASCADE Topology V1, (c) Matra-Datavision
Locations 5
1
              1               0               0               0 
              0               1               0               0 
              0               0               1               0 
1
2.22044604925031e-16 -2.22044604925031e-16               1               0 
              1 2.22044604925031e-16 -2.22044604925031e-16               0 
-2.22044604925031e-16               1 2.22044604925031e-16               0 
2  1 1 2 1 0
1
              1               0               0             3.7 
              0               1               0 -8.21565038222616e-16 
              0               0               1 1.02695629777827e-15 
2  1 1 2 1 4 1 0
Curve2ds 0
Curves 8
1 -2.6251117624805891e-15 -7.4999999999999982 4.322452355313489 1 -2.2204460492503131e-16 2.7755575615628914e-16 
1 7.0555731139488028e-16 7.5 4.3224523553134855 1 -2.2204460492503131e-16 2.7755575615628914e-16 
1 -7.4999999999999991 4.3224523553134873 0 1 0 0 
1 1.6653345369377346e-15 7.4999999999999991 -1.6653345369377346e-15 1 -2.2204460492503131e-16 2.7755575615628914e-16 
1 7.4999999999999991 4.3224523553134873 0 0 -1 0 
1 -1.6653345369377346e-15 -7.4999999999999991 1.6653345369377346e-15 1 -2.2204460492503131e-16 2.7755575615628914e-16 
1 7.4999999999999991 0 0 -1 0 0 
1 -7.4999999999999991 0 0 0 1 0 
Polygon3D 0
PolygonOnTriangulations 0
Surfaces 5
1 -2.6251117624805891e-15 -7.4999999999999982 4.322452355313489 -2.7755575615628909e-16 2.2204460492503136e-16 1 2.2204460492503131e-16 1 -2.2204460492503131e-16 -1 2.2204460492503126e-16 -2.7755575615628914e-16 
1 7.0555731139488028e-16 7.5 4.3224523553134855 2.2204460492503136e-16 1 -2.2204460492503131e-16 2.2204460492503131e-16 -2.2204460492503136e-16 -1 -1 2.2204460492503131e-16 -2.2204460492503136e-16 
1 1.6653345369377346e-15 7.4999999999999991 -1.6653345369377346e-15 2.7755575615628909e-16 -2.2204460492503136e-16 -1 -2.2204460492503131e-16 -1 2.2204460492503131e-16 -1 2.2204460492503126e-16 -2.7755575615628914e-16 
1 -1.6653345369377346e-15 -7.4999999999999991 1.6653345369377346e-15 -2.2204460492503136e-16 -1 2.2204460492503131e-16 -2.2204460492503131e-16 2.2204460492503136e-16 1 -1 2.2204460492503131e-16 -2.2204460492503136e-16 
1 -4.7988861277142726e-16 5.5159359901180538e-16 2.1612261776567436 1 0 2.2204460492503141e-16 -2.2204460492503141e-16 0 1 0 -1 0 
Triangulations 0

TShapes 24
Ve
1e-07
-7.5 4.32245235531349 0
0 0

0101101
*
Ed
 1e-07 1 1 0
1  1 0 0 3.7
0

0101000
+24 3 -24 5 *
Ve
1e-07
7.5 4.32245235531349 0
0 0

0101101
*
Ed
 1e-07 1 1 0
1  2 0 0 3.7
0

0101000
+22 3 -22 5 *
Ed
 1e-07 1 1 0
1  3 0 0 15
0

0101000
+24 0 -22 0 *
Wi

0101100
+23 0 -21 0 -20 3 +20 5 *
Fa
0  1e-07 1 0

0101000
+19 0 *
Ve
1e-07
7.5 0 0
0 0

0101101
*
Ed
 1e-07 1 1 0
1  4 0 0 3.7
0

0101000
+17 3 -17 5 *
Ed
 1e-07 1 1 0
1  5 0 0 4.32245235531349
0

0101000
+22 0 -17 0 *
Wi

0101100
+21 0 -16 0 -15 3 +15 5 *
Fa
0  1e-07 2 0

0101000
+14 0 *
Ve
1e-07
-7.5 0 0
0 0

0101101
*
Ed
 1e-07 1 1 0
1  6 0 0 3.7
0

0101000
+12 3 -12 5 *
Ed
 1e-07 1 1 0
1  7 0 0 15
0

0101000
+17 0 -12 0 *
Wi

0101100
+16 0 -11 0 -10 3 +10 5 *
Fa
0  1e-07 3 0

0111000
+9 0 *
Ed
 1e-07 1 1 0
1  8 0 0 4.32245235531349
0

0101000
+12 0 -24 0 *
Wi

0101100
+11 0 -23 0 -7 3 +7 5 *
Fa
0  1e-07 4 0

0101000
+6 0 *
Wi

0101100
+20 0 +15 0 +10 0 +7 0 *
Fa
0  1e-07 5 0

0111000
-4 3 *
Sh

0101100
-18 0 -13 0 -8 0 -5 0 +3 0 -3 4 *
So

1100000
-2 0 *

+1 0 ]]>
      </Part>
      <ElementMap new="1" count="1"><Element key="Dummy" value="Dummy"/></ElementMap>
      <ElementMap2 count="26">
<![CDATA[
12 PostfixCount 11
Edge
Face
Vertex
;:G;XTR;:Hede:7,F
;FAC;:Hede:4,F
;:G;XTR;:Hede:7,E
;:G0;XTR;:Hede:8,F
;:U;XTR;:Hede:7,E
;:U;XTR;:Hede:7,V
;SKT;:Hede,E
;SKT;:Hede,V

MapCount 1

ElementMap 1 12 3

Edge

ChildCount 0

NameCount 13
0
$#111.6 0
$#112.6 0
;g26.a 0
$#11b.8 0
$#113.6 0
;g27.a 0
$#11c.8 0
$#114.6 0
;g28.a 0
$#11d.8 0
;g29.a 0
$#11e.8 0

Face

ChildCount 0

NameCount 7
0
$#10f.4 0
$#115.4 0
$#116.4 0
$#117.4 0
$#10f.5 0
$#119.7 0

Vertex

ChildCount 0

NameCount 9
0
;g26v1.b 0
$#120.9 0
;g26v2.b 0
$#121.9 0
;g27v2.b 0
$#122.9 0
;g28v2.b 0
$#123.9 0

EndMap
]]>
      </ElementMap2>
    </Property>
    <Property name="AddSubType" type="App::PropertyEnumeration">
      <Integer value="0"/>
    </Property>
    <Property name="AllowMultiFace" type="App::PropertyBool">
      <Bool value="true"/>
    </Property>
    <Property name="AlongSketchNormal" type="App::PropertyBool">
      <Bool value="false"/>
    </Property>
    <Property name="AutoTaperInnerAngle" type="App::PropertyBool">
      <Bool value="true"/>
    </Property>
    <Property name="BaseFeature" type="App::PropertyLink" status="8">
      <Link value="Pad001"/>
    </Property>
    <Property name="CheckUpToFaceLimits" type="App::PropertyBool">
      <Bool value="true"/>
    </Property>
    <Property name="ClaimChildren" type="App::PropertyBool" status="134217728">
      <Bool value="false"/>
    </Property>
    <Property name="ColoredElements" type="App::PropertyLinkSubHidden" status="218103808">
      <LinkSub value="" count="0">
      </LinkSub>
    </Property>
    <Property name="Direction" type="App::PropertyVector" status="4">
      <PropertyVector valueX="1" valueY="-2.220446049250313e-16" valueZ="2.775557561562891e-16"/>
    </Property>
    <Property name="ExpressionEngine" type="App::PropertyExpressionEngine" status="67108864">
      <ExpressionEngine count="0"></ExpressionEngine>
    </Property>
    <Property name="Fit" type="App::PropertyDistance">
      <Float value="0"/>
    </Property>
    <Property name="FitJoin" type="App::PropertyEnumeration">
      <Integer value="0"/>
    </Property>
    <Property name="FixShape" type="App::PropertyEnumeration">
      <Integer value="0"/>
    </Property>
    <Property name="InnerFit" type="App::PropertyDistance">
      <Float value="0"/>
    </Property>
    <Property name="InnerFitJoin" type="App::PropertyEnumeration">
      <Integer value="0"/>
    </Property>
    <Property name="InvalidShape" type="App::PropertyBool" status="67108864">
      <Bool value="false"/>
    </Property>
    <Property name="Label" type="App::PropertyString" status="134217728">
      <String value="Pad002"/>
    </Property>
    <Property name="Label2" type="App::PropertyString" status="128">
      <String value=""/>
    </Property>
    <Property name="Length" type="App::PropertyLength">
      <Float value="3.7"/>
    </Property>
    <Property name="Length2" type="App::PropertyLength" status="4">
      <Float value="10"/>
    </Property>
    <Property name="Linearize" type="App::PropertyBool">
      <Bool value="true"/>
    </Property>
    <Property name="Midplane" type="App::PropertyBool">
      <Bool value="false"/>
    </Property>
    <Property name="NewSolid" type="App::PropertyBool">
      <Bool value="false"/>
    </Property>
    <Property name="Offset" type="App::PropertyLength" status="4">
      <Float value="0"/>
    </Property>
    <Property name="Placement" type="App::PropertyPlacement" status="8388620">
      <PropertyPlacement Px="0" Py="0" Pz="0" Q0="0" Q1="0" Q2="0" Q3="1" A="0" Ox="0" Oy="0" Oz="1"/>
    </Property>
    <Property name="Profile" type="App::PropertyLinkSub">
      <LinkSub value="Sketch003" count="1">
        <Sub value=""/>
      </LinkSub>
    </Property>
    <Property name="ReferenceAxis" type="App::PropertyLinkSub">
      <LinkSub value="Sketch003" count="1">
        <Sub value="N_Axis"/>
      </LinkSub>
    </Property>
    <Property name="Refine" type="App::PropertyBool">
      <Bool value="false"/>
    </Property>
    <Property name="Reversed" type="App::PropertyBool">
      <Bool value="false"/>
    </Property>
    <Property name="Shape" type="Part::PropertyPartShape">
      <Part HasherIndex="0" ElementMap="1.15.70200.4" brep="1">
<![CDATA[

CASCADE Topology V1, (c) Matra-Datavision
Locations 22
1
              1               0               0               0 
              0               1               0               0 
              0               0               1               0 
1
2.22044604925031e-16 -2.22044604925031e-16               1               0 
              1 2.22044604925031e-16 -2.22044604925031e-16               0 
-2.22044604925031e-16               1 2.22044604925031e-16               0 
2  1 1 2 1 0
1
              1               0               0             2.5 
              0               1               0 -5.55111512312578e-16 
              0               0               1 6.93889390390723e-16 
2  1 1 2 1 4 1 0
1
              1               0               0               0 
              0               1               0               0 
              0               0               1               0 
1
2.22044604925031e-16 -2.22044604925031e-16               1               0 
              1 2.22044604925031e-16 -2.22044604925031e-16               0 
-2.22044604925031e-16               1 2.22044604925031e-16               0 
1
              1               0               0             0.8 
              0               1               0 -1.77635683940025e-16 
              0               0               1 2.22044604925031e-16 
1
              1               0               0             0.8 
              0               1               0 -1.77635683940025e-16 
              0               0               1 2.22044604925031e-16 
2  6 1 7 1 8 1 9 1 0
2  9 -1 8 -1 7 -1 6 -1 0
2  6 1 7 1 8 1 0
2  8 -1 7 -1 6 -1 0
2  8 1 9 1 0
2  2 -1 1 -1 0
1
              1               0               0               0 
              0               1               0               0 
              0               0               1               0 
1
2.22044604925031e-16 -2.22044604925031e-16               1               0 
              1 2.22044604925031e-16 -2.22044604925031e-16               0 
-2.22044604925031e-16               1 2.22044604925031e-16               0 
2  16 1 17 1 0
2  17 -1 16 -1 0
2  4 -1 2 -1 1 -1 0
1
              1               0               0             3.7 
              0               1               0 -8.21565038222616e-16 
              0               0               1 1.02695629777827e-15 
2  16 1 17 1 21 1 0
Curve2ds 38
8 -1.1999999999999997 -0.39999999999999974
1 14.225834960193955 -0.40000000000000024 2.3460026240579409e-17 1 
8 -1.1999999999999997 -0.39999999999999974
1 2.7189233611099368 0.3999999999999998 5.0310188628257994e-17 1 
8 -19.196017448484479 -6.5329408669344744
1 22.026630612350527 -0.80000000000000582 1 2.9508085947534947e-16 
8 -19.196017448484479 -6.5329408669344744
1 1.7361714945317859 23.494107783040263 -0.42261826174070022 -0.90630778703664971 
8 0.40000000000000002 1.2000000000000002
1 6.22583496019395 -0.39999999999999997 -2.346002624057936e-17 -1 
8 0.40000000000000002 1.2000000000000002
1 7.2810766388900667 0.40000000000000002 5.0310188628257994e-17 -1 
8 -19.196017448484479 -6.5329408669344744
1 22.026630612350527 -1.6000000000000059 1 2.9508085947534947e-16 
8 -19.196017448484479 -6.5329408669344744
1 1.7361714945317841 23.494107783040263 -0.42261826174070022 -0.90630778703664971 
8 -3.7498592989414012 -2.4274069436279144
1 -2.4274069436279149 -7.2957861456152653 1 -2.2204460492503136e-16 
8 -3.7498592989414012 -2.4274069436279144
1 -2.4274069436279144 -2.4999999999999987 -1 2.4651903288156619e-31 
8 -11.147893072807632 3.8521069271923665
1 -4.8548138872558262 3.8521069271923674 2.2204460492503136e-16 1 
8 -11.147893072807632 3.8521069271923665
1 3.8521069271923665 -2.5000000000000009 -1 -2.2204460492503128e-16 
8 -1.2 -0.39999999999999991
1 14.972745212415253 -0.40000000000000024 9.6394102515013268e-18 1 
8 -1.2 -0.39999999999999991
1 2.9544232590366133 0.39999999999999991 5.4667812111175744e-17 1 
8 -5.5249052400094198 4.2383645670752346
1 11.255325178340808 -1.6000000000000025 1 2.5722888945070885e-16 
8 -5.5249052400094198 4.2383645670752346
1 -0.62432523272903229 11.539042094782145 -0.17364817766693089 -0.98480775301220802 
8 -5.5249052400094198 4.2383645670752346
1 11.255325178340808 -0.80000000000000249 1 2.5722888945070885e-16 
8 -5.5249052400094198 4.2383645670752346
1 -0.6243252327290314 11.539042094782145 -0.17364817766693089 -0.98480775301220802 
8 0.40000000000000013 1.2000000000000002
1 6.9727452124152522 -0.39999999999999991 -9.6394102515013823e-18 -1 
8 0.40000000000000013 1.2000000000000002
1 7.0455767409633889 0.40000000000000013 5.4667812111175793e-17 -1 
8 0.39999999999999986 1.2
1 6.4676293154390487 -0.40000000000000013 -1.898593190028751e-17 -1 
8 0.39999999999999986 1.2
1 2.8190778623577257 0.39999999999999986 -5.216341918334355e-17 -1 
8 -18.293540387219057 -6.6538380445570269
1 22.147527789973083 -1.5999999999999945 1 -1.3270994913222347e-16 
8 -18.293540387219057 -6.6538380445570269
1 -0.37084675193674244 -23.70388396856119 -0.34202014332566871 0.93969262078590843 
8 -1.2000000000000002 -0.40000000000000008
1 14.467629315439051 -0.39999999999999991 1.8985931900287485e-17 1 
8 -1.2000000000000002 -0.40000000000000008
1 7.180922137642276 0.40000000000000008 -5.2163419183343501e-17 1 
8 -18.293540387219057 -6.6538380445570269
1 22.147527789973083 -0.79999999999999483 1 -1.3270994913222347e-16 
8 -18.293540387219057 -6.6538380445570269
1 -0.37084675193674066 -23.70388396856119 -0.34202014332566871 0.93969262078590843 
8 -2.5 2.8095310590865653e-19
1 7.5286487815751046 -2.8095310590860722e-19 -4.8381156163378165e-18 1 
8 -2.5 2.8095310590865653e-19
1 0.66628737886905665 -2.8095310590865653e-19 5.5511151231257778e-17 1 
8 -1.2 -0.39999999999999997
1 15.755156973659016 -0.40000000000000008 -4.8381156163377919e-18 1 
8 -1.2 -0.39999999999999997
1 2.9885840942752315 0.39999999999999997 5.5299914541548108e-17 1 
8 7.3850638307197096 16.25995046597895
1 0.10862591469632873 -1.5999999999999994 1 2.0184719570084104e-16 
8 7.3850638307197096 16.25995046597895
1 -2.652107712105602 -0.12298851121544883 0.087155742747657999 -0.99619469809174555 
8 7.3850638307197096 16.25995046597895
1 0.10862591469632864 -0.79999999999999949 1 2.0184719570084104e-16 
8 7.3850638307197096 16.25995046597895
1 -2.6521077121056011 -0.12298851121544871 0.087155742747657999 -0.99619469809174555 
8 0.40000000000000024 1.2000000000000004
1 7.7551569736590125 -0.39999999999999974 4.8381156163377919e-18 -1 
8 0.40000000000000024 1.2000000000000004
1 7.0114159057247685 0.40000000000000024 5.5299914541548108e-17 -1 
Curves 66
1 -1.4028421424599687e-14 -43.471790580112987 19.706602920310448 1 -2.2204460492503131e-16 2.7755575615628914e-16 
1 -1.3362287609824596e-14 -43.471790580112987 16.706602920310463 1 -2.2204460492503131e-16 2.7755575615628914e-16 
1 -43.471790580112994 19.706602920310438 0 0 -1 0 
1 -43.471790580112994 19.706602920310438 0 0.90630778703664971 -0.42261826174070005 0 
1 -7.2452857273589306e-15 -22.638149544005287 9.9917165579211655 1 -2.2204460492503131e-16 2.7755575615628914e-16 
1 0.79999999999998828 -36.68020121020573 16.539632786078606 1 -2.2204460492503131e-16 2.7755575615628914e-16 
1 -36.680201210205738 16.539632786078599 0 0.90630778703664971 -0.42261826174070016 0 
1 0.79999999999999061 -29.429738913912541 13.158686692153006 1 -2.2204460492503131e-16 2.7755575615628914e-16 
1 -43.471790580112994 16.706602920310452 0 0.90630778703664983 -0.4226182617407 0 
1 -6.5791519125838375e-15 -22.638149544005284 6.991716557921178 1 -2.2204460492503131e-16 2.7755575615628914e-16 
1 0.39999999999999108 -30.578805578591002 10.694505277623209 -1 2.2204460492503136e-16 -2.7755575615628918e-16 
1 0.79999999999999893 -23.508883733959863 7.3977465789143899 0 0.90630778703664971 -0.42261826174070022 
1 0.39999999999998842 -37.829267874884202 14.075451371548812 1 -2.2204460492503131e-16 2.7755575615628918e-16 
1 1.599999999999999 -23.508883733959863 7.397746578914389 0 0.90630778703664971 -0.42261826174070022 
1 -2.2208465596390765e-14 6 0 -0.98480775301220802 0.17364817766693025 0 
1 -2.2208465596390765e-14 6 0 0.99619469809174555 0.08715574274765793 0 
1 44.500976450530132 15.865628961481697 0 -0.93969262078590821 -0.34202014332566905 0 
1 44.500976450530132 15.865628961481697 0 0 -1 0 
1 44.500976450530132 12.865628961481697 0 -0.93969262078590832 -0.34202014332566893 0 
1 0 3 0 0.99619469809174555 0.087155742747658221 0 
1 7.4999999999999991 4.3224523553134873 0 0 -1 0 
1 -7.4999999999999991 4.3224523553134873 0 1 0 0 
1 -22.638149544005284 6.9917165579211717 0 0.98480775301220791 -0.17364817766693064 0 
1 2.4999999999999991 7.5 6.7498592989414004 -2.2204460492503155e-16 2.2204460492503136e-16 1 
1 2.4999999999999991 -3.6478930728076322 4.322452355313489 -4.9303806576313304e-32 -1 2.2204460492503136e-16 
1 -1.3322676295501928e-15 -2.0876197966840577e-14 6 1 -2.2204460492503131e-16 2.7755575615628914e-16 
1 -15.258305784051489 8.6904509896282995 0 0.98480775301220802 -0.17364817766693064 0 
1 0.79999999999999682 -7.3798437599538227 7.3012655682928562 1 -2.2204460492503131e-16 2.7755575615628914e-16 
1 0.79999999999999472 -15.258305784051487 8.6904509896283031 1 -2.2204460492503131e-16 2.7755575615628914e-16 
1 -40.906383827612743 7.476554915712101 0 0.42261826174070038 0.90630778703664949 0 
1 -29.429738913912544 13.158686692152999 0 -0.42261826174069983 -0.90630778703664983 0 
1 -2.6251117624805891e-15 -7.4999999999999982 4.322452355313489 1 -2.2204460492503131e-16 2.7755575615628914e-16 
1 0.39999999999999747 -7.892873974942324 4.3917266371140045 -1 2.2204460492503131e-16 -2.7755575615628909e-16 
1 1.5999999999999988 -11.553818045701744 5.0372498516535726 0 0.98480775301220802 -0.17364817766693089 
1 0.79999999999999882 -11.553818045701744 5.0372498516535726 0 0.98480775301220802 -0.17364817766693089 
1 0.39999999999999508 -15.771335999039989 5.7809120584494522 1 -2.2204460492503136e-16 2.7755575615628914e-16 
1 3.3076704571852996e-15 22.899905571789869 8.0034821333457469 1 -2.2204460492503131e-16 2.7755575615628914e-16 
1 0.80000000000000027 7.4651739935279409 6.6531180956822382 1 -2.2204460492503131e-16 2.7755575615628914e-16 
1 7.4651739935279391 6.65311809568224 0 0.99619469809174555 0.087155742747658346 0 
1 0.80000000000000182 15.434731578261907 7.3503640376635033 1 -2.2204460492503131e-16 2.7755575615628914e-16 
1 6.358324420096747e-15 44.500976450530132 15.865628961481686 1 -2.2204460492503131e-16 2.7755575615628914e-16 
1 29.941670528016367 10.566474974111051 0 0.93969262078590832 0.34202014332566899 0 
1 0.80000000000000537 37.459211494303631 13.302636120716393 1 -2.2204460492503131e-16 2.7755575615628914e-16 
1 0.80000000000000437 29.94167052801637 10.566474974111044 1 -2.2204460492503131e-16 2.7755575615628914e-16 
1 7.0244582348718409e-15 44.500976450530132 12.865628961481686 1 -2.2204460492503131e-16 2.7755575615628914e-16 
1 3.9738042719603943e-15 22.899905571789873 5.0034821333457522 1 -2.2204460492503131e-16 2.7755575615628914e-16 
1 0.40000000000000635 38.423392908833442 10.653569456037927 1 -2.2204460492503136e-16 2.7755575615628918e-16 
1 1.5999999999999988 23.68910801764159 5.2907283324458625 0 -0.93969262078590843 -0.34202014332566871 
1 0.40000000000000502 30.905851942546171 7.9174083094325773 -1 2.2204460492503136e-16 -2.7755575615628914e-16 
1 0.79999999999999882 23.68910801764159 5.2907283324458634 0 -0.93969262078590843 -0.34202014332566871 
1 8.537837823083033e-16 7.5 3.6561649764444288 -1 2.2204460492503128e-16 -2.7755575615628914e-16 
1 0.40000000000000258 15.695203844762302 4.373152408145196 -1 2.2204460492503131e-16 -2.7755575615628914e-16 
1 1.5999999999999988 0.10821256029584921 3.0094673722770029 -0 0.99619469809174555 0.087155742747657999 
1 0.79999999999999882 0.10821256029584926 3.0094673722770029 -0 0.99619469809174555 0.087155742747657999 
1 0.40000000000000069 7.725646260028336 3.6759064661639314 1 -2.2204460492503131e-16 2.7755575615628914e-16 
1 1.6653345369377346e-15 7.4999999999999991 -1.6653345369377346e-15 1 -2.2204460492503131e-16 2.7755575615628914e-16 
1 7.0555731139488028e-16 7.5 4.3224523553134855 1 -2.2204460492503131e-16 2.7755575615628914e-16 
1 -7.3798437599538245 7.3012655682928544 0 -0.1736481776669305 -0.98480775301220791 0 
1 -16.994787560720795 -1.1576265404937827 0 0.17364817766693055 0.98480775301220791 0 
1 -1.6653345369377346e-15 -7.4999999999999991 1.6653345369377346e-15 1 -2.2204460492503131e-16 2.7755575615628914e-16 
1 -7.4999999999999991 0 0 0 1 0 
1 8.3367314210045222 -3.3088288852352155 0 -0.087155742747658319 0.99619469809174555 0 
1 15.434731578261905 7.3503640376635069 0 0.087155742747658305 -0.99619469809174555 0 
1 37.459211494303631 13.302636120716402 0 0.34202014332566932 -0.93969262078590821 0 
1 33.361871961273053 1.1695487662519675 0 -0.3420201433256686 0.93969262078590832 0 
1 7.4999999999999991 0 0 -1 0 0 
Polygon3D 0
PolygonOnTriangulations 0
Surfaces 28
1 -1.4028421424599687e-14 -43.471790580112987 19.706602920310448 2.2204460492503136e-16 1 -2.2204460492503131e-16 2.2204460492503131e-16 -2.2204460492503136e-16 -1 -1 2.2204460492503131e-16 -2.2204460492503136e-16 
1 -1.4028421424599687e-14 -43.471790580112987 19.706602920310448 -1.5771083817897305e-16 0.42261826174070027 0.9063077870366496 2.9508085947534956e-16 0.9063077870366496 -0.42261826174070027 -1 2.007826004591102e-16 -2.6764112064610434e-16 
1 -1.3362287609824596e-14 -43.471790580112987 16.706602920310463 -1.5771083817897312e-16 0.42261826174070022 0.90630778703664971 2.9508085947534951e-16 0.90630778703664971 -0.42261826174070022 -1 2.0078260045911008e-16 -2.6764112064610429e-16 
1 0.79999999999999061 -29.429738913912541 13.158686692153006 3.1854088571592882e-16 0.90630778703664971 -0.42261826174070005 1.0740064955071518e-16 -0.42261826174070005 -0.90630778703664971 -1 2.4330660939095247e-16 -2.3195924043521625e-16 
1 -1.2604031230494708e-15 -0.014775950919599268 5.661575084382604 1 0 0 -0 0 1 0 -1 0 
1 0.79999999999998928 -40.906383827612743 7.4765549157121098 -3.1854088571592892e-16 -0.90630778703664938 0.42261826174070061 -1.0740064955071497e-16 0.42261826174070061 0.90630778703664938 -1 2.4330660939095247e-16 -2.3195924043521625e-16 
1 -1.9924178725060538e-15 0.20421385438473555 9.1772662425693152 1 0 2.2204460492503155e-16 -2.2204460492503155e-16 0 1 0 -1 0 
1 7.0555731139488028e-16 7.5 4.3224523553134855 2.2204460492503136e-16 1 -2.2204460492503131e-16 2.2204460492503131e-16 -2.2204460492503136e-16 -1 -1 2.2204460492503131e-16 -2.2204460492503136e-16 
1 -2.6251117624805891e-15 -7.4999999999999982 4.322452355313489 -2.7755575615628909e-16 2.2204460492503136e-16 1 2.2204460492503131e-16 1 -2.2204460492503131e-16 -1 2.2204460492503126e-16 -2.7755575615628914e-16 
1 -1.3322676295501928e-15 -2.0876197966840577e-14 6 2.3478141954987417e-16 -0.17364817766693047 -0.98480775301220802 -2.572288894507087e-16 -0.98480775301220802 0.17364817766693047 -1 2.1255163897488743e-16 -2.7588189013233192e-16 
1 -6.5791519125838375e-15 -22.638149544005284 6.9917165579211771 -2.3478141954987408e-16 0.17364817766693089 0.98480775301220802 2.5722888945070885e-16 0.98480775301220802 -0.17364817766693089 -1 2.1255163897488745e-16 -2.7588189013233197e-16 
1 0.79999999999999682 -7.3798437599538227 7.3012655682928562 2.6686829970221013e-16 0.98480775301220802 -0.17364817766693075 1.8011360743869833e-16 -0.17364817766693075 -0.98480775301220802 -1 2.3153757087517516e-16 -2.2371847094898852e-16 
1 -1.2604031230494708e-15 -0.014775950919599268 5.661575084382604 1 0 0 -0 0 1 0 -1 0 
1 0.79999999999999649 -16.994787560720795 -1.1576265404937787 -2.6686829970221018e-16 -0.98480775301220802 0.1736481776669308 -1.8011360743869831e-16 0.1736481776669308 0.98480775301220802 -1 2.3153757087517521e-16 -2.2371847094898852e-16 
1 -1.3322676295501928e-15 -2.0876197966840577e-14 6 -2.958520351730919e-16 -0.087155742747657708 0.99619469809174555 2.0184719570084107e-16 0.99619469809174555 0.087155742747657708 -1 2.268643100507818e-16 -2.7713408659624814e-16 
1 6.358324420096747e-15 44.500976450530132 15.865628961481686 3.3676082351786863e-16 0.34202014332566888 -0.93969262078590843 -1.327099491322235e-16 -0.93969262078590843 -0.34202014332566888 -1 2.3988554503047538e-16 -2.7106218500658143e-16 
1 6.358324420096747e-15 44.500976450530132 15.865628961481686 2.2204460492503136e-16 1 -2.2204460492503131e-16 2.2204460492503131e-16 -2.2204460492503136e-16 -1 -1 2.2204460492503131e-16 -2.2204460492503136e-16 
1 7.0244582348718409e-15 44.500976450530132 12.865628961481686 3.3676082351786858e-16 0.34202014332566871 -0.93969262078590843 -1.3270994913222347e-16 -0.93969262078590843 -0.34202014332566871 -1 2.3988554503047533e-16 -2.7106218500658143e-16 
1 0.80000000000000537 37.459211494303631 13.302636120716393 1.1372401723193581e-16 0.93969262078590832 0.3420201433256691 2.8459740433452513e-16 0.3420201433256691 -0.93969262078590832 -1 2.0420366481958724e-16 -2.2853817607473921e-16 
1 -1.2604031230494708e-15 -0.014775950919599268 5.661575084382604 1 0 0 -0 0 1 0 -1 0 
1 0.80000000000000715 33.361871961273053 1.1695487662519604 -1.1372401723193604e-16 -0.93969262078590854 -0.34202014332566844 -2.8459740433452503e-16 -0.34202014332566844 0.93969262078590854 -1 2.0420366481958727e-16 -2.2853817607473916e-16 
1 -6.6613381477509392e-16 6.6613381477509412e-16 3 -2.9585203517309195e-16 -0.087155742747657999 0.99619469809174555 2.0184719570084104e-16 0.99619469809174555 0.087155742747657999 -1 2.268643100507819e-16 -2.7713408659624814e-16 
1 0.80000000000000182 15.434731578261907 7.3503640376635033 1.9700908008450324e-16 0.99619469809174555 0.087155742747658083 2.4055212063154389e-16 0.087155742747658083 -0.99619469809174555 -1 2.1722489979928069e-16 -2.2246627448507225e-16 
1 -1.2604031230494708e-15 -0.014775950919599268 5.661575084382604 1 0 0 -0 0 1 0 -1 0 
1 0.8000000000000026 8.3367314210045222 -3.3088288852352168 -1.9700908008450321e-16 -0.99619469809174555 -0.087155742747658096 -2.4055212063154389e-16 -0.087155742747658096 0.99619469809174555 -1 2.1722489979928067e-16 -2.2246627448507225e-16 
1 -1.6653345369377346e-15 -7.4999999999999991 1.6653345369377346e-15 -2.2204460492503136e-16 -1 2.2204460492503131e-16 -2.2204460492503131e-16 2.2204460492503136e-16 1 -1 2.2204460492503131e-16 -2.2204460492503136e-16 
1 -4.7988861277142726e-16 5.5159359901180538e-16 2.1612261776567436 1 0 2.2204460492503141e-16 -2.2204460492503141e-16 0 1 0 -1 0 
1 1.6653345369377346e-15 7.4999999999999991 -1.6653345369377346e-15 2.7755575615628909e-16 -2.2204460492503136e-16 -1 -2.2204460492503131e-16 -1 2.2204460492503131e-16 -1 2.2204460492503126e-16 -2.7755575615628914e-16 
Triangulations 0

TShapes 219
Ve
1e-07
-43.471790580113 19.7066029203104 0
0 0

0101101
*
Ed
 1e-07 1 1 0
1  1 0 0 2.5
0

0101000
+219 3 -219 5 *
Ve
1e-07
-43.471790580113 16.7066029203105 0
0 0

0101101
*
Ed
 1e-07 1 1 0
1  2 0 0 2.5
0

0101000
+217 3 -217 5 *
Ed
 1e-07 1 1 0
1  3 0 0 2.99999999999999
0

0101000
+219 0 -217 0 *
Wi

0101100
+218 0 -216 0 -215 3 +215 5 *
Fa
0  1e-07 1 0

0111000
+214 0 *
Ve
1e-07
-22.6381495440053 9.99171655792116 0
0 0

0101101
*
Ed
 1e-07 1 1 0
1  4 0 0 22.9873794908321
0

0101000
+219 0 -212 0 *
Ed
 1e-07 1 1 0
1  5 0 0 2.5
0

0101000
+212 3 -212 5 *
Wi

0101100
+218 0 -211 3 +211 5 -210 0 *
Ve
1.00000001776357e-07
0.799999999999988 -36.6802012102057 16.5396327860786
0 0

0101101
*
Ve
1.00000001776357e-07
1.59999999999999 -36.6802012102057 16.5396327860786
0 0

0101101
*
Ed
 1e-07 1 1 0
1  6 0 0 0.8
0

0101000
+208 0 -207 0 *
Ve
1.00000001776357e-07
1.59999999999999 -29.4297389139125 13.158686692153
0 0

0101101
*
Ed
 1.00000001776357e-07 1 1 0
1  7 0 0 8
0

0101000
+207 11 -205 11 *
Ve
1.00000001776357e-07
0.799999999999991 -29.4297389139125 13.158686692153
0 0

0101101
*
Ed
 1e-07 1 1 0
1  8 0 0 0.8
0

0101000
+203 0 -205 0 *
Ed
 1.00000001776357e-07 1 1 0
1  7 0 0 8
0

0101000
+208 13 -203 13 *
Wi

0101100
-206 0 -204 10 +202 0 +201 12 *
Fa
0  1e-07 2 0

0111000
+209 0 +200 0 *
Ve
1.00000000444089e-07
-22.6381495440053 6.99171655792117 0
0 0

0101101
*
Ed
 1e-07 1 1 0
1  9 0 0 22.9873794908321
0

0101000
+217 0 -198 0 *
Ed
 1.00000000444089e-07 1 1 0
1  10 0 0 2.5
0

0101000
+198 3 -198 5 *
Wi

0101100
+216 0 -197 3 +197 5 -196 0 *
Ve
1.5000000821565e-07
1.59999999999999 -30.578805578591 10.6945052776232
0 0

0101101
*
Ve
1.50000007993606e-07
0.799999999999991 -30.578805578591 10.6945052776232
0 0

0101101
*
Ed
 1.5e-07 1 1 0
1  11 0 -1.2 -0.4
2  1 3 0 -1.2 -0.4
2  2 4 0 -1.2 -0.4
0

0101000
+194 0 -193 0 *
Ve
1.50000011024241e-07
0.799999999999988 -37.8292678748842 14.0754513715488
0 0

0101101
*
Ed
 1.5e-07 1 1 0
1  12 0 -15.8007956521566 -7.80079565215657
2  3 3 0 -15.8007956521566 -7.80079565215657
2  4 5 8 -15.8007956521566 -7.80079565215657
0

0101000
+191 0 -193 0 *
Ve
1.50000012749692e-07
1.59999999999999 -37.8292678748842 14.0754513715488
0 0

0101101
*
Ed
 1.5e-07 1 1 0
1  13 0 0.4 1.2
2  5 3 0 0.4 1.2
2  6 6 0 0.4 1.2
0

0101000
+191 0 -189 0 *
Ed
 1.5e-07 1 1 0
1  14 0 -15.8007956521566 -7.80079565215657
2  7 3 0 -15.8007956521566 -7.80079565215657
2  8 5 14 -15.8007956521566 -7.80079565215657
0

0101000
+189 0 -194 0 *
Wi

0101100
-192 0 +190 0 -188 0 -187 0 *
Fa
0  1e-07 3 0

0111000
+195 0 +186 0 *
Ve
1e-07
-2.22084655963908e-14 6 0
0 0

0101101
*
Ed
 1e-07 1 1 0
1  15 0 0 22.9873794908321
0

0101000
+184 0 -212 0 *
Ve
1e-07
22.8999055717899 8.00348213334575 0
0 0

0101101
*
Ed
 1e-07 1 1 0
1  16 0 0 22.9873794908321
0

0101000
+184 0 -182 0 *
Ve
1e-07
44.5009764505301 15.8656289614817 0
0 0

0101101
*
Ed
 1e-07 1 1 0
1  17 0 0 22.9873794908321
0

0101000
+180 0 -182 0 *
Ve
1e-07
44.5009764505301 12.8656289614817 0
0 0

0101101
*
Ed
 1e-07 1 1 0
1  18 0 0 3
0

0101000
+180 0 -178 0 *
Ve
1.00000000444089e-07
22.8999055717899 5.00348213334576 0
0 0

0101101
*
Ed
 1e-07 1 1 0
1  19 0 0 22.9873794908321
0

0101000
+178 0 -176 0 *
Ve
1.5e-07
8.53502829202395e-16 7.5 3.65616497644443
0 0

0101101
*
Ed
 1e-07 1 1 0
1  20 0 7.5286487815751 22.9873794908321
0

0101000
+174 15 -176 0 *
Ve
1.0000000161999e-07
7.0555731139488e-16 7.5 4.32245235531349
0 0

0101101
*
Ed
 1.0000000161999e-07 1 1 0
1  21 0 0 0.666287378869057
0

0101000
+172 19 -174 19 *
Ve
1.00000002512148e-07
-2.62511176248059e-15 -7.5 4.32245235531349
0 0

0101101
*
Ed
 1.00000001433123e-07 1 1 0
1  22 0 0 15
0

0101000
+170 19 -172 19 *
Ed
 1e-07 1 1 0
1  23 0 0 15.371679901689
0

0101000
+198 0 -170 15 *
Wi

0101100
-211 3 +183 3 -181 3 +179 3 -177 3 -175 3 +173 3 +171 18 +169 18 +168 3 
+197 3 +215 3 *
Fa
0  1e-07 7 0

0101000
+167 0 *
Ve
1.50000000444089e-07
2.5 7.5 3.65616497644443
0 0

0101101
*
Ed
 1e-07 1 1 0
1  20 0 7.5286487815751 22.9873794908321
0

0101000
+165 20 -176 0 *
Ve
1.50000000993014e-07
2.5 7.5 4.32245235531349
0 0

0101101
*
Ed
 1.5e-07 1 1 0
1  24 0 -3.09369432249697 -2.42740694362791
2  9 7 4 -3.09369432249697 -2.42740694362791
2  10 8 0 -3.09369432249697 -2.42740694362791
0

0101000
+165 0 -163 0 *
Ve
1.50000001986027e-07
2.5 -7.5 4.32245235531349
0 0

0101101
*
Ed
 1.5e-07 1 1 0
1  25 0 -11.1478930728076 3.85210692719237
2  11 7 4 -11.1478930728076 3.85210692719237
2  12 9 0 -11.1478930728076 3.85210692719237
0

0101000
+163 0 -161 0 *
Ed
 1e-07 1 1 0
1  23 0 0 15.371679901689
0

0101000
+198 0 -161 20 *
Wi

0101100
-211 5 +183 5 -181 5 +179 5 -177 5 -175 5 +164 5 -162 0 -160 0 +159 5 
+197 5 +215 5 *
Fa
0  1e-07 7 4

0101000
+158 0 *
Ed
 1e-07 1 1 0
1  26 0 0 2.5
0

0101000
+184 3 -184 5 *
Wi

0101100
+156 0 -183 3 +183 5 -210 0 *
Ve
1.00000003552714e-07
0.799999999999995 -15.2583057840515 8.6904509896283
0 0

0101101
*
Ve
1.00000004528839e-07
0.799999999999997 -7.37984375995382 7.30126556829286
0 0

0101101
*
Ed
 1.00000003552714e-07 1 1 0
1  27 0 0 8
0

0101000
+154 13 -153 13 *
Ve
1.00000004528839e-07
1.6 -7.37984375995382 7.30126556829286
0 0

0101101
*
Ed
 1.00000004528839e-07 1 1 0
1  28 0 0 0.8
0

0101000
+153 0 -151 0 *
Ve
1.00000004440892e-07
1.59999999999999 -15.2583057840515 8.6904509896283
0 0

0101101
*
Ed
 1.00000004440892e-07 1 1 0
1  27 0 0 8
0

0101000
+149 11 -151 11 *
Ed
 1.00000001776357e-07 1 1 0
1  29 0 0 0.8
0

0101000
+154 0 -149 0 *
Wi

0101100
-152 12 -150 0 +148 10 +147 0 *
Fa
0  1e-07 10 0

0111000
+155 0 +146 0 *
Ed
 1e-07 1 1 0
1  30 0 7.28107663889007 10
0

0101000
+191 13 -208 13 *
Ed
 1e-07 1 1 0
1  30 0 7.28107663889007 10
0

0101000
+189 11 -207 11 *
Wi

0101100
-144 12 -206 0 +143 10 +188 0 *
Fa
0  1e-07 6 0

0111000
+142 0 *
Ed
 1e-07 1 1 0
1  31 0 0 2.71892336110994
0

0101000
+205 11 -194 11 *
Wi

0101100
-204 10 -140 10 +187 0 -143 10 *
Fa
0  1e-07 5 14

0111000
+139 0 *
Ed
 1e-07 1 1 0
1  31 0 0 2.71892336110994
0

0101000
+203 13 -193 13 *
Wi

0101100
-137 12 +192 0 +140 10 +202 0 *
Fa
0  1e-07 4 0

0111000
+136 0 *
Wi

0101100
-201 12 -137 12 +190 0 -144 12 *
Fa
0  1e-07 5 8

0111000
+134 0 *
Ed
 1.00000001776357e-07 1 1 0
1  32 0 0 2.5
0

0101000
+170 0 -161 0 *
Wi

0101100
-168 3 -132 0 +159 5 +196 0 *
Ve
1.50000001998401e-07
1.6 -7.89287397494232 4.391726637114
0 0

0101101
*
Ve
1.50000001913324e-07
0.799999999999997 -7.89287397494232 4.391726637114
0 0

0101101
*
Ed
 1.5e-07 1 1 0
1  33 0 -1.2 -0.4
2  13 11 0 -1.2 -0.4
2  14 12 0 -1.2 -0.4
0

0101000
+130 0 -129 0 *
Ve
1.50000003552714e-07
1.6 -15.77133599904 5.78091205844945
0 0

0101101
*
Ed
 1.5e-07 1 1 0
1  34 0 -4.28257996592556 3.71742003407444
2  15 11 0 -4.28257996592556 3.71742003407444
2  16 13 14 -4.28257996592556 3.71742003407444
0

0101000
+127 0 -130 0 *
Ve
1.50000003552714e-07
0.799999999999995 -15.77133599904 5.78091205844945
0 0

0101101
*
Ed
 1.5e-07 1 1 0
1  35 0 -4.28257996592556 3.71742003407444
2  17 11 0 -4.28257996592556 3.71742003407444
2  18 13 8 -4.28257996592556 3.71742003407444
0

0101000
+125 0 -129 0 *
Ed
 1.5e-07 1 1 0
1  36 0 0.4 1.2
2  19 11 0 0.4 1.2
2  20 14 0 0.4 1.2
0

0101000
+125 0 -127 0 *
Wi

0101100
-128 0 -126 0 +124 0 -123 0 *
Fa
0  1e-07 11 0

0101000
+131 0 +122 0 *
Ed
 1e-07 1 1 0
1  37 0 0 2.5
0

0101000
+182 3 -182 5 *
Wi

0101100
+156 0 -181 3 +181 5 -120 0 *
Ve
1.00000005329071e-07
0.8 7.46517399352794 6.65311809568224
0 0

0101101
*
Ve
1.00000005329071e-07
1.6 7.46517399352794 6.65311809568224
0 0

0101101
*
Ed
 1.00000005329071e-07 1 1 0
1  38 0 0 0.8
0

0101000
+118 0 -117 0 *
Ve
1.00000004440892e-07
1.6 15.4347315782619 7.3503640376635
0 0

0101101
*
Ed
 1.00000004440892e-07 1 1 0
1  39 0 0 8
0

0101000
+117 11 -115 11 *
Ve
1.00000004440892e-07
0.800000000000002 15.4347315782619 7.3503640376635
0 0

0101101
*
Ed
 1.00000001776357e-07 1 1 0
1  40 0 0 0.8
0

0101000
+113 0 -115 0 *
Ed
 1.00000004440892e-07 1 1 0
1  39 0 0 8
0

0101000
+118 13 -113 13 *
Wi

0101100
-116 0 -114 10 +112 0 +111 12 *
Fa
0  1e-07 15 0

0111000
+119 0 +110 0 *
Ed
 1e-07 1 1 0
1  41 0 0 2.5
0

0101000
+180 3 -180 5 *
Wi

0101100
+108 0 -179 3 +179 5 -120 0 *
Ve
1.00000001776357e-07
0.800000000000004 29.9416705280164 10.566474974111
0 0

0101101
*
Ve
1.00000001776357e-07
0.800000000000005 37.4592114943036 13.3026361207164
0 0

0101101
*
Ed
 1.00000001776357e-07 1 1 0
1  42 0 0 8
0

0101000
+106 13 -105 13 *
Ve
1.00000001776357e-07
1.60000000000001 37.4592114943036 13.3026361207164
0 0

0101101
*
Ed
 1e-07 1 1 0
1  43 0 0 0.8
0

0101000
+105 0 -103 0 *
Ve
1.00000001776357e-07
1.6 29.9416705280164 10.566474974111
0 0

0101101
*
Ed
 1.00000001776357e-07 1 1 0
1  42 0 0 8
0

0101000
+101 11 -103 11 *
Ed
 1e-07 1 1 0
1  44 0 0 0.8
0

0101000
+106 0 -101 0 *
Wi

0101100
-104 12 -102 0 +100 10 +99 0 *
Fa
0  1e-07 16 0

0111000
+107 0 +98 0 *
Ed
 1e-07 1 1 0
1  45 0 0 2.5
0

0101000
+178 3 -178 5 *
Wi

0101100
+108 0 -96 0 -177 3 +177 5 *
Fa
0  1e-07 17 0

0111000
+95 0 *
Ed
 1.00000000444089e-07 1 1 0
1  46 0 0 2.5
0

0101000
+176 3 -176 5 *
Wi

0101100
+96 0 -175 3 +175 5 -93 0 *
Ve
1.50000007539714e-07
0.800000000000006 38.4233929088334 10.6535694560379
0 0

0101101
*
Ve
1.50000007549517e-07
1.60000000000001 38.4233929088334 10.6535694560379
0 0

0101101
*
Ed
 1.5e-07 1 1 0
1  47 0 0.4 1.2
2  21 18 0 0.4 1.2
2  22 19 0 0.4 1.2
0

0101000
+91 0 -90 0 *
Ve
1.50000007160723e-07
1.60000000000001 30.9058519425462 7.91740830943258
0 0

0101101
*
Ed
 1.5e-07 1 1 0
1  48 0 -15.679898474534 -7.67989847453403
2  23 18 0 -15.679898474534 -7.67989847453403
2  24 20 14 -15.679898474534 -7.67989847453403
0

0101000
+90 0 -88 0 *
Ve
1.50000007160723e-07
0.800000000000005 30.9058519425462 7.91740830943258
0 0

0101101
*
Ed
 1.5e-07 1 1 0
1  49 0 -1.2 -0.4
2  25 18 0 -1.2 -0.4
2  26 21 0 -1.2 -0.4
0

0101000
+88 0 -86 0 *
Ed
 1.5e-07 1 1 0
1  50 0 -15.679898474534 -7.67989847453403
2  27 18 0 -15.679898474534 -7.67989847453403
2  28 20 8 -15.679898474534 -7.67989847453403
0

0101000
+91 0 -86 0 *
Wi

0101100
-89 0 -87 0 -85 0 +84 0 *
Fa
0  1e-07 18 0

0111000
+92 0 +83 0 *
Ed
 1.5e-07 1 1 0
1  51 0 -2.5 2.80953105908657e-19
2  29 22 0 -2.5 2.80953105908657e-19
2  30 8 0 -2.5 2.80953105908657e-19
0

0101000
+165 0 -174 0 *
Wi

0101100
-173 3 -93 0 +164 5 -81 0 *
Ve
1.50000003774758e-07
1.6 15.6952038447623 4.3731524081452
0 0

0101101
*
Ve
1.50000003663736e-07
0.800000000000002 15.6952038447623 4.3731524081452
0 0

0101101
*
Ed
 1.5e-07 1 1 0
1  52 0 -1.2 -0.4
2  31 22 0 -1.2 -0.4
2  32 23 0 -1.2 -0.4
0

0101000
+79 0 -78 0 *
Ve
1.50000002220446e-07
1.6 7.72564626002834 3.67590646616393
0 0

0101101
*
Ed
 1.5e-07 1 1 0
1  53 0 7.64653105896268 15.6465310589627
2  33 22 0 7.64653105896268 15.6465310589627
2  34 24 14 7.64653105896268 15.6465310589627
0

0101000
+76 0 -79 0 *
Ve
1.50000002155663e-07
0.800000000000001 7.72564626002834 3.67590646616393
0 0

0101101
*
Ed
 1.5e-07 1 1 0
1  54 0 7.64653105896268 15.6465310589627
2  35 22 0 7.64653105896268 15.6465310589627
2  36 24 8 7.64653105896268 15.6465310589627
0

0101000
+74 0 -78 0 *
Ed
 1.5e-07 1 1 0
1  55 0 0.4 1.2
2  37 22 0 0.4 1.2
2  38 25 0 0.4 1.2
0

0101000
+74 0 -76 0 *
Wi

0101100
-77 0 -75 0 +73 0 -72 0 *
Fa
0  1e-07 22 0

0101000
+80 0 +71 0 *
Ve
1.00000001526557e-07
-6.66133814775094e-16 6.66133814775094e-16 3
0 0

0101101
*
Ed
 1.00000001526557e-07 1 1 0
1  20 0 0 7.5286487815751
0

0101000
+69 15 -174 15 *
Ed
 1.00000001526557e-07 1 1 0
1  23 0 15.371679901689 22.9873794908321
0

0101000
+170 15 -69 15 *
Wi

0101100
-169 18 -171 18 +68 3 +67 3 *
Fa
0  1e-07 7 0

0101000
+66 0 *
Ve
1e-07
7.5 0 0
0 0

0101101
*
Ed
 1e-07 1 1 0
1  21 0 0.666287378869057 4.32245235531349
0

0101000
+174 19 -64 0 *
Ed
 1e-07 1 1 0
1  56 0 0 3.7
0

0101000
+64 18 -64 22 *
Ve
1e-07
7.5 4.32245235531349 0
0 0

0101101
*
Ed
 1e-07 1 1 0
1  21 0 0 4.32245235531349
0

0101000
+61 0 -64 0 *
Ed
 1e-07 1 1 0
1  57 0 2.5 3.7
0

0101000
+163 0 -61 22 *
Wi

0101100
+162 0 -81 0 -63 18 -62 0 +60 22 +59 0 *
Fa
0  1e-07 8 0

0101000
+58 0 *
Ve
1e-07
-7.5 4.32245235531349 0
0 0

0101101
*
Ed
 1e-07 1 1 0
1  22 0 0 15
0

0101000
+56 0 -61 0 *
Ed
 1e-07 1 1 0
1  32 0 2.5 3.7
0

0101000
+161 0 -56 22 *
Wi

0101100
+160 0 -59 0 +55 22 +54 0 *
Fa
0  1e-07 9 0

0101000
+53 0 *
Ed
 1e-07 1 1 0
1  58 0 0 2.95442325903661
0

0101000
+153 13 -129 13 *
Ed
 1e-07 1 1 0
1  59 0 7.04557674096339 10
0

0101000
+125 13 -154 13 *
Wi

0101100
-152 12 -51 12 +124 0 -50 12 *
Fa
0  1e-07 13 8

0111000
+49 0 *
Ed
 1e-07 1 1 0
1  58 0 0 2.95442325903661
0

0101000
+151 11 -130 11 *
Wi

0101100
-51 12 +128 0 +47 10 +150 0 *
Fa
0  1e-07 12 0

0111000
+46 0 *
Ed
 1e-07 1 1 0
1  59 0 7.04557674096339 10
0

0101000
+127 11 -149 11 *
Wi

0101100
-148 10 -47 10 +126 0 -44 10 *
Fa
0  1e-07 13 14

0111000
+43 0 *
Wi

0101100
-50 12 -147 0 +44 10 +123 0 *
Fa
0  1e-07 14 0

0111000
+41 0 *
Ve
1e-07
-7.5 0 0
0 0

0101101
*
Ed
 1e-07 1 1 0
1  60 0 0 3.7
0

0101000
+39 18 -39 22 *
Ed
 1e-07 1 1 0
1  61 0 0 4.32245235531349
0

