<?xml version='1.0' encoding='utf-8'?>
<!-- FreeCAD DocumentObject -->
<Document SchemaVersion="4" FileVersion="2">
<Object name="Pad001">
  <Properties Count="47" TransientCount="2">
    <_Property name="_Body" type="App::PropertyLinkHidden" status="251658240"/>
    <_Property name="_ElementMapVersion" type="App::PropertyString" status="234881024"/>
    <Property name="AddSubShape" type="Part::PropertyPartShape">
      <Part HasherIndex="0" ElementMap="1.15.70200.4" brep="1">
<![CDATA[

CASCADE Topology V1, (c) Matra-Datavision
Locations 8
1
              1               0               0               0 
              0               1               0               0 
              0               0               1               0 
1
2.22044604925031e-16 -2.22044604925031e-16               1               0 
              1 2.22044604925031e-16 -2.22044604925031e-16               0 
-2.22044604925031e-16               1 2.22044604925031e-16               0 
1
              1               0               0             0.8 
              0               1               0 -1.77635683940025e-16 
              0               0               1 2.22044604925031e-16 
2  1 1 2 1 3 1 0
1
              1               0               0             0.8 
              0               1               0 -1.77635683940025e-16 
              0               0               1 2.22044604925031e-16 
2  1 1 2 1 3 1 5 1 0
2  1 1 2 1 0
2  3 1 5 1 0
Curve2ds 0
Curves 32
1 0.79999999999998828 -36.68020121020573 16.539632786078606 1 -2.2204460492503131e-16 2.7755575615628914e-16 
1 0.79999999999999061 -29.429738913912541 13.158686692153006 1 -2.2204460492503131e-16 2.7755575615628914e-16 
1 -36.680201210205738 16.539632786078599 0 0.90630778703664971 -0.42261826174070016 0 
1 0.79999999999999161 -33.655921531319542 4.0956088217865076 1 -2.2204460492503131e-16 2.7755575615628914e-16 
1 -29.429738913912544 13.158686692152999 0 -0.42261826174069983 -0.90630778703664983 0 
1 0.79999999999998928 -40.906383827612743 7.4765549157121098 1 -2.2204460492503131e-16 2.7755575615628914e-16 
1 -33.655921531319542 4.0956088217865014 0 -0.90630778703664983 0.42261826174069983 0 
1 -40.906383827612743 7.476554915712101 0 0.42261826174070038 0.90630778703664949 0 
1 0.80000000000000437 29.94167052801637 10.566474974111044 1 -2.2204460492503131e-16 2.7755575615628914e-16 
1 0.80000000000000537 37.459211494303631 13.302636120716393 1 -2.2204460492503131e-16 2.7755575615628914e-16 
1 29.941670528016367 10.566474974111051 0 0.93969262078590832 0.34202014332566899 0 
1 0.80000000000000826 40.879412927560324 3.9057099128573114 1 -2.2204460492503131e-16 2.7755575615628914e-16 
1 37.459211494303631 13.302636120716402 0 0.34202014332566932 -0.93969262078590821 0 
1 0.80000000000000715 33.361871961273053 1.1695487662519604 1 -2.2204460492503131e-16 2.7755575615628914e-16 
1 40.879412927560324 3.9057099128573198 0 -0.93969262078590843 -0.34202014332566888 0 
1 33.361871961273053 1.1695487662519675 0 -0.3420201433256686 0.93969262078590832 0 
1 0.79999999999999472 -15.258305784051487 8.6904509896283031 1 -2.2204460492503131e-16 2.7755575615628914e-16 
1 0.79999999999999682 -7.3798437599538227 7.3012655682928562 1 -2.2204460492503131e-16 2.7755575615628914e-16 
1 -15.258305784051489 8.6904509896282995 0 0.98480775301220802 -0.17364817766693064 0 
1 0.7999999999999986 -9.1163255366231297 -2.5468119618292242 1 -2.2204460492503131e-16 2.7755575615628914e-16 
1 -7.3798437599538245 7.3012655682928544 0 -0.1736481776669305 -0.98480775301220791 0 
1 0.79999999999999649 -16.994787560720795 -1.1576265404937787 1 -2.2204460492503131e-16 2.7755575615628914e-16 
1 -9.1163255366231297 -2.5468119618292273 0 -0.98480775301220813 0.17364817766693058 0 
1 -16.994787560720795 -1.1576265404937827 0 0.17364817766693055 0.98480775301220791 0 
1 0.80000000000000027 7.4651739935279409 6.6531180956822382 1 -2.2204460492503131e-16 2.7755575615628914e-16 
1 0.80000000000000182 15.434731578261907 7.3503640376635033 1 -2.2204460492503131e-16 2.7755575615628914e-16 
1 7.4651739935279391 6.65311809568224 0 0.99619469809174555 0.087155742747658346 0 
1 0.80000000000000426 16.306289005738488 -2.6115829432539526 1 -2.2204460492503131e-16 2.7755575615628914e-16 
1 15.434731578261905 7.3503640376635069 0 0.087155742747658305 -0.99619469809174555 0 
1 0.8000000000000026 8.3367314210045222 -3.3088288852352168 1 -2.2204460492503131e-16 2.7755575615628914e-16 
1 16.306289005738488 -2.611582943253949 0 -0.99619469809174555 -0.087155742747658291 0 
1 8.3367314210045222 -3.3088288852352155 0 -0.087155742747658319 0.99619469809174555 0 
Polygon3D 0
PolygonOnTriangulations 0
Surfaces 20
1 0.79999999999998828 -36.68020121020573 16.539632786078606 -1.5771083817897302e-16 0.42261826174070038 0.9063077870366496 2.9508085947534961e-16 0.9063077870366496 -0.42261826174070038 -1 2.0078260045911025e-16 -2.6764112064610434e-16 
1 0.79999999999999061 -29.429738913912541 13.158686692153006 3.1854088571592882e-16 0.90630778703664971 -0.42261826174070005 1.0740064955071518e-16 -0.42261826174070005 -0.90630778703664971 -1 2.4330660939095247e-16 -2.3195924043521625e-16 
1 0.79999999999999161 -33.655921531319542 4.0956088217865085 1.5771083817897315e-16 -0.42261826174070005 -0.90630778703664971 -2.9508085947534951e-16 -0.90630778703664971 0.42261826174070005 -1 2.0078260045911015e-16 -2.6764112064610434e-16 
1 0.79999999999998928 -40.906383827612743 7.4765549157121098 -3.1854088571592892e-16 -0.90630778703664938 0.42261826174070061 -1.0740064955071497e-16 0.42261826174070061 0.90630778703664938 -1 2.4330660939095247e-16 -2.3195924043521625e-16 
1 -1.2604031230494708e-15 -0.014775950919599268 5.661575084382604 1 0 0 -0 0 1 0 -1 0 
1 0.80000000000000437 29.94167052801637 10.566474974111044 -3.3676082351786863e-16 -0.34202014332566877 0.93969262078590843 1.3270994913222355e-16 0.93969262078590843 0.34202014332566877 -1 2.3988554503047542e-16 -2.7106218500658148e-16 
1 0.80000000000000537 37.459211494303631 13.302636120716393 1.1372401723193581e-16 0.93969262078590832 0.3420201433256691 2.8459740433452513e-16 0.3420201433256691 -0.93969262078590832 -1 2.0420366481958724e-16 -2.2853817607473921e-16 
1 0.80000000000000826 40.879412927560324 3.9057099128573114 3.3676082351786858e-16 0.34202014332566866 -0.93969262078590854 -1.3270994913222362e-16 -0.93969262078590854 -0.34202014332566866 -1 2.3988554503047538e-16 -2.7106218500658133e-16 
1 0.80000000000000715 33.361871961273053 1.1695487662519604 -1.1372401723193604e-16 -0.93969262078590854 -0.34202014332566844 -2.8459740433452503e-16 -0.34202014332566844 0.93969262078590854 -1 2.0420366481958727e-16 -2.2853817607473916e-16 
1 -1.2604031230494708e-15 -0.014775950919599268 5.661575084382604 1 0 0 -0 0 1 0 -1 0 
1 0.79999999999999472 -15.258305784051487 8.6904509896283031 -2.3478141954987408e-16 0.17364817766693086 0.98480775301220802 2.572288894507088e-16 0.98480775301220802 -0.17364817766693086 -1 2.1255163897488741e-16 -2.7588189013233197e-16 
1 0.79999999999999682 -7.3798437599538227 7.3012655682928562 2.6686829970221013e-16 0.98480775301220802 -0.17364817766693075 1.8011360743869833e-16 -0.17364817766693075 -0.98480775301220802 -1 2.3153757087517516e-16 -2.2371847094898852e-16 
1 0.7999999999999986 -9.1163255366231297 -2.5468119618292251 2.3478141954987417e-16 -0.1736481776669308 -0.98480775301220813 -2.5722888945070885e-16 -0.98480775301220813 0.1736481776669308 -1 2.1255163897488745e-16 -2.7588189013233207e-16 
1 0.79999999999999649 -16.994787560720795 -1.1576265404937787 -2.6686829970221018e-16 -0.98480775301220802 0.1736481776669308 -1.8011360743869831e-16 0.1736481776669308 0.98480775301220802 -1 2.3153757087517521e-16 -2.2371847094898852e-16 
1 -1.2604031230494708e-15 -0.014775950919599268 5.661575084382604 1 0 0 -0 0 1 0 -1 0 
1 0.80000000000000027 7.4651739935279409 6.6531180956822382 -2.95852035173092e-16 -0.087155742747658124 0.99619469809174555 2.0184719570084102e-16 0.99619469809174555 0.087155742747658124 -1 2.268643100507819e-16 -2.7713408659624819e-16 
1 0.80000000000000182 15.434731578261907 7.3503640376635033 1.9700908008450324e-16 0.99619469809174555 0.087155742747658083 2.4055212063154389e-16 0.087155742747658083 -0.99619469809174555 -1 2.1722489979928069e-16 -2.2246627448507225e-16 
1 0.80000000000000426 16.306289005738488 -2.6115829432539526 2.95852035173092e-16 0.087155742747658069 -0.99619469809174555 -2.0184719570084102e-16 -0.99619469809174555 -0.087155742747658069 -1 2.268643100507819e-16 -2.7713408659624819e-16 
1 0.8000000000000026 8.3367314210045222 -3.3088288852352168 -1.9700908008450321e-16 -0.99619469809174555 -0.087155742747658096 -2.4055212063154389e-16 -0.087155742747658096 0.99619469809174555 -1 2.1722489979928067e-16 -2.2246627448507225e-16 
1 -1.2604031230494708e-15 -0.014775950919599268 5.661575084382604 1 0 0 -0 0 1 0 -1 0 
Triangulations 0

TShapes 97
Ve
1e-07
-36.6802012102057 16.5396327860786 0
0 0

0101101
*
Ed
 1e-07 1 1 0
1  1 0 0 0.8
0

0101000
+97 4 -97 6 *
Ve
1e-07
-29.4297389139125 13.158686692153 0
0 0

0101101
*
Ed
 1e-07 1 1 0
1  2 0 0 0.8
0

0101000
+95 4 -95 6 *
Ed
 1e-07 1 1 0
1  3 0 0 8
0

0101000
+97 0 -95 0 *
Wi

0101100
+96 0 -94 0 -93 4 +93 6 *
Fa
0  1e-07 1 0

0101000
+92 0 *
Ve
1.00000000444089e-07
-33.6559215313195 4.0956088217865 0
0 0

0101101
*
Ed
 1.00000000444089e-07 1 1 0
1  4 0 0 0.8
0

0101000
+90 4 -90 6 *
Ed
 1e-07 1 1 0
1  5 0 0 10
0

0101000
+95 0 -90 0 *
Wi

0101100
+94 0 -89 0 -88 4 +88 6 *
Fa
0  1e-07 2 0

0101000
+87 0 *
Ve
1e-07
-40.9063838276127 7.4765549157121 0
0 0

0101101
*
Ed
 1e-07 1 1 0
1  6 0 0 0.8
0

0101000
+85 4 -85 6 *
Ed
 1e-07 1 1 0
1  7 0 0 8
0

0101000
+90 0 -85 0 *
Wi

0101100
+89 0 -84 0 -83 4 +83 6 *
Fa
0  1e-07 3 0

0101000
+82 0 *
Ed
 1e-07 1 1 0
1  8 0 0 10
0

0101000
+85 0 -97 0 *
Wi

0101100
+84 0 -96 0 -80 4 +80 6 *
Fa
0  1e-07 4 0

0101000
+79 0 *
Wi

0101100
+93 0 +88 0 +83 0 +80 0 *
Fa
0  1e-07 5 0

0101000
-77 7 *
Sh

0101100
-91 0 -86 0 -81 0 -78 0 +76 3 -76 8 *
So

0100000
-75 0 *
Ve
1e-07
29.9416705280164 10.5664749741111 0
0 0

0101101
*
Ed
 1e-07 1 1 0
1  9 0 0 0.8
0

0101000
+73 4 -73 6 *
Ve
1e-07
37.4592114943036 13.3026361207164 0
0 0

0101101
*
Ed
 1e-07 1 1 0
1  10 0 0 0.8
0

0101000
+71 4 -71 6 *
Ed
 1e-07 1 1 0
1  11 0 0 8
0

0101000
+73 0 -71 0 *
Wi

0101100
+72 0 -70 0 -69 4 +69 6 *
Fa
0  1e-07 6 0

0101000
+68 0 *
Ve
1.00000000222045e-07
40.8794129275603 3.90570991285732 0
0 0

0101101
*
Ed
 1.00000000222045e-07 1 1 0
1  12 0 0 0.8
0

0101000
+66 4 -66 6 *
Ed
 1e-07 1 1 0
1  13 0 0 10
0

0101000
+71 0 -66 0 *
Wi

0101100
+70 0 -65 0 -64 4 +64 6 *
Fa
0  1e-07 7 0

0101000
+63 0 *
Ve
1e-07
33.3618719612731 1.16954876625197 0
0 0

0101101
*
Ed
 1e-07 1 1 0
1  14 0 0 0.8
0

0101000
+61 4 -61 6 *
Ed
 1e-07 1 1 0
1  15 0 0 8
0

0101000
+66 0 -61 0 *
Wi

0101100
+65 0 -60 0 -59 4 +59 6 *
Fa
0  1e-07 8 0

0101000
+58 0 *
Ed
 1e-07 1 1 0
1  16 0 0 10
0

0101000
+61 0 -73 0 *
Wi

0101100
+60 0 -72 0 -56 4 +56 6 *
Fa
0  1e-07 9 0

0101000
+55 0 *
Wi

0101100
+69 0 +64 0 +59 0 +56 0 *
Fa
0  1e-07 10 0

0101000
-53 7 *
Sh

0101100
-67 0 -62 0 -57 0 -54 0 +52 3 -52 8 *
So

0100000
-51 0 *
Ve
1e-07
-15.2583057840515 8.6904509896283 0
0 0

0101101
*
Ed
 1e-07 1 1 0
1  17 0 0 0.8
0

0101000
+49 4 -49 6 *
Ve
1e-07
-7.37984375995382 7.30126556829285 0
0 0

0101101
*
Ed
 1e-07 1 1 0
1  18 0 0 0.8
0

0101000
+47 4 -47 6 *
Ed
 1e-07 1 1 0
1  19 0 0 8
0

0101000
+49 0 -47 0 *
Wi

0101100
+48 0 -46 0 -45 4 +45 6 *
Fa
0  1e-07 11 0

0101000
+44 0 *
Ve
1.00000000222045e-07
-9.11632553662313 -2.54681196182923 0
0 0

0101101
*
Ed
 1.00000000222045e-07 1 1 0
1  20 0 0 0.8
0

0101000
+42 4 -42 6 *
Ed
 1e-07 1 1 0
1  21 0 0 10
0

0101000
+47 0 -42 0 *
Wi

0101100
+46 0 -41 0 -40 4 +40 6 *
Fa
0  1e-07 12 0

0101000
+39 0 *
Ve
1e-07
-16.9947875607208 -1.15762654049378 0
0 0

0101101
*
Ed
 1e-07 1 1 0
1  22 0 0 0.8
0

0101000
+37 4 -37 6 *
Ed
 1e-07 1 1 0
1  23 0 0 8
0

0101000
+42 0 -37 0 *
Wi

0101100
+41 0 -36 0 -35 4 +35 6 *
Fa
0  1e-07 13 0

0101000
+34 0 *
Ed
 1e-07 1 1 0
1  24 0 0 10
0

0101000
+37 0 -49 0 *
Wi

0101100
+36 0 -48 0 -32 4 +32 6 *
Fa
0  1e-07 14 0

0101000
+31 0 *
Wi

0101100
+45 0 +40 0 +35 0 +32 0 *
Fa
0  1e-07 15 0

0101000
-29 7 *
Sh

0101100
-43 0 -38 0 -33 0 -30 0 +28 3 -28 8 *
So

0100000
-27 0 *
Ve
1e-07
7.46517399352794 6.65311809568224 0
0 0

0101101
*
Ed
 1e-07 1 1 0
1  25 0 0 0.8
0

0101000
+25 4 -25 6 *
Ve
1e-07
15.4347315782619 7.35036403766351 0
0 0

0101101
*
Ed
 1e-07 1 1 0
1  26 0 0 0.8
0

0101000
+23 4 -23 6 *
Ed
 1e-07 1 1 0
1  27 0 0 8
0

0101000
+25 0 -23 0 *
Wi

0101100
+24 0 -22 0 -21 4 +21 6 *
Fa
0  1e-07 16 0

0101000
+20 0 *
Ve
1.00000000444089e-07
16.3062890057385 -2.61158294325395 0
0 0

0101101
*
Ed
 1.00000000444089e-07 1 1 0
1  28 0 0 0.8
0

0101000
+18 4 -18 6 *
Ed
 1e-07 1 1 0
1  29 0 0 10
0

0101000
+23 0 -18 0 *
Wi

0101100
+22 0 -17 0 -16 4 +16 6 *
Fa
0  1e-07 17 0

0101000
+15 0 *
Ve
1e-07
8.33673142100452 -3.30882888523522 0
0 0

0101101
*
Ed
 1e-07 1 1 0
1  30 0 0 0.8
0

0101000
+13 4 -13 6 *
Ed
 1e-07 1 1 0
1  31 0 0 8
0

0101000
+18 0 -13 0 *
Wi

0101100
+17 0 -12 0 -11 4 +11 6 *
Fa
0  1e-07 18 0

0101000
+10 0 *
Ed
 1e-07 1 1 0
1  32 0 0 10
0

0101000
+13 0 -25 0 *
Wi

0101100
+12 0 -24 0 -8 4 +8 6 *
Fa
0  1e-07 19 0

0101000
+7 0 *
Wi

0101100
+21 0 +16 0 +11 0 +8 0 *
Fa
0  1e-07 20 0

0101000
-5 7 *
Sh

0101100
-19 0 -14 0 -9 0 -6 0 +4 3 -4 8 *
So

0100000
-3 0 *
Co

1100000
+74 0 +50 0 +26 0 +2 0 *

+1 0 ]]>
      </Part>
      <ElementMap new="1" count="1"><Element key="Dummy" value="Dummy"/></ElementMap>
      <ElementMap2 count="104">
<![CDATA[
9 PostfixCount 11
Edge
Face
Vertex
;:G;XTR;:Hedc:7,F
;FAC;:Hedc:4,F
;:G;XTR;:Hedc:7,E
;:G0;XTR;:Hedc:8,F
;:U;XTR;:Hedc:7,E
;:U;XTR;:Hedc:7,V
;SKT;:Hedc,E
;SKT;:Hedc,V

MapCount 1

ElementMap 1 9 3

Edge

ChildCount 0

NameCount 49
0
$#36.6 0
$#37.6 0
;g25.a 0
$#58.8 0
$#38.6 0
;g26.a 0
$#59.8 0
$#39.6 0
;g27.a 0
$#5a.8 0
;g28.a 0
$#5b.8 0
$#3a.6 0
$#3b.6 0
;g37.a 0
$#5c.8 0
$#3c.6 0
;g38.a 0
$#5d.8 0
$#3d.6 0
;g39.a 0
$#5e.8 0
;g40.a 0
$#5f.8 0
$#3e.6 0
$#3f.6 0
;g29.a 0
$#60.8 0
$#40.6 0
;g30.a 0
$#61.8 0
$#41.6 0
;g31.a 0
$#62.8 0
;g32.a 0
$#63.8 0
$#42.6 0
$#43.6 0
;g33.a 0
$#64.8 0
$#44.6 0
;g34.a 0
$#65.8 0
$#45.6 0
;g35.a 0
$#66.8 0
;g36.a 0
$#67.8 0

Face

ChildCount 0

NameCount 25
0
$#31.4 0
$#46.4 0
$#47.4 0
$#48.4 0
$#31.5 0
$#4a.7 0
$#32.4 0
$#4b.4 0
$#4c.4 0
$#4d.4 0
$#32.5 0
$#4e.7 0
$#33.4 0
$#4f.4 0
$#50.4 0
$#51.4 0
$#33.5 0
$#52.7 0
$#34.4 0
$#53.4 0
$#54.4 0
$#55.4 0
$#34.5 0
$#56.7 0

Vertex

ChildCount 0

NameCount 33
0
;g25v1.b 0
$#69.9 0
;g25v2.b 0
$#6a.9 0
;g26v2.b 0
$#6b.9 0
;g27v2.b 0
$#6c.9 0
;g37v1.b 0
$#6d.9 0
;g37v2.b 0
$#6e.9 0
;g38v2.b 0
$#6f.9 0
;g39v2.b 0
$#70.9 0
;g29v1.b 0
$#71.9 0
;g29v2.b 0
$#72.9 0
;g30v2.b 0
$#73.9 0
;g31v2.b 0
$#74.9 0
;g33v1.b 0
$#75.9 0
;g33v2.b 0
$#76.9 0
;g34v2.b 0
$#77.9 0
;g35v2.b 0
$#78.9 0

EndMap
]]>
      </ElementMap2>
    </Property>
    <Property name="AddSubType" type="App::PropertyEnumeration">
      <Integer value="1"/>
    </Property>
    <Property name="AllowMultiFace" type="App::PropertyBool">
      <Bool value="true"/>
    </Property>
    <Property name="AlongSketchNormal" type="App::PropertyBool">
      <Bool value="false"/>
    </Property>
    <Property name="AutoTaperInnerAngle" type="App::PropertyBool">
      <Bool value="true"/>
    </Property>
    <Property name="BaseFeature" type="App::PropertyLink" status="8">
      <Link value="Pad"/>
    </Property>
    <Property name="CheckUpToFaceLimits" type="App::PropertyBool">
      <Bool value="true"/>
    </Property>
    <Property name="ClaimChildren" type="App::PropertyBool" status="134217728">
      <Bool value="false"/>
    </Property>
    <Property name="ColoredElements" type="App::PropertyLinkSubHidden" status="218103808">
      <LinkSub value="" count="0">
      </LinkSub>
    </Property>
    <Property name="Direction" type="App::PropertyVector" status="4">
      <PropertyVector valueX="1" valueY="-2.220446049250313e-16" valueZ="2.775557561562891e-16"/>
    </Property>
    <Property name="ExpressionEngine" type="App::PropertyExpressionEngine" status="67108864">
      <ExpressionEngine count="0"></ExpressionEngine>
    </Property>
    <Property name="Fit" type="App::PropertyDistance">
      <Float value="0"/>
    </Property>
    <Property name="FitJoin" type="App::PropertyEnumeration">
      <Integer value="0"/>
    </Property>
    <Property name="FixShape" type="App::PropertyEnumeration">
      <Integer value="0"/>
    </Property>
    <Property name="InnerFit" type="App::PropertyDistance">
      <Float value="0"/>
    </Property>
    <Property name="InnerFitJoin" type="App::PropertyEnumeration">
      <Integer value="0"/>
    </Property>
    <Property name="InvalidShape" type="App::PropertyBool" status="67108864">
      <Bool value="false"/>
    </Property>
    <Property name="Label" type="App::PropertyString" status="134217728">
      <String value="Pad001"/>
    </Property>
    <Property name="Label2" type="App::PropertyString" status="128">
      <String value=""/>
    </Property>
    <Property name="Length" type="App::PropertyLength">
      <Float value="1.6"/>
    </Property>
    <Property name="Length2" type="App::PropertyLength">
      <Float value="-0.8"/>
    </Property>
    <Property name="Linearize" type="App::PropertyBool">
      <Bool value="true"/>
    </Property>
    <Property name="Midplane" type="App::PropertyBool" status="4">
      <Bool value="false"/>
    </Property>
    <Property name="NewSolid" type="App::PropertyBool">
      <Bool value="false"/>
    </Property>
    <Property name="Offset" type="App::PropertyLength" status="4">
      <Float value="0"/>
    </Property>
    <Property name="Placement" type="App::PropertyPlacement" status="8388620">
      <PropertyPlacement Px="0" Py="0" Pz="0" Q0="0" Q1="0" Q2="0" Q3="1" A="0" Ox="0" Oy="0" Oz="1"/>
    </Property>
    <Property name="Profile" type="App::PropertyLinkSub">
      <LinkSub value="Sketch002" count="1">
        <Sub value=""/>
      </LinkSub>
    </Property>
    <Property name="ReferenceAxis" type="App::PropertyLinkSub">
      <LinkSub value="Sketch002" count="1">
        <Sub value="N_Axis"/>
      </LinkSub>
    </Property>
    <Property name="Refine" type="App::PropertyBool">
      <Bool value="false"/>
    </Property>
    <Property name="Reversed" type="App::PropertyBool">
      <Bool value="false"/>
    </Property>
    <Property name="Shape" type="Part::PropertyPartShape">
      <Part HasherIndex="0" ElementMap="1.15.70200.4" brep="1">
<![CDATA[

CASCADE Topology V1, (c) Matra-Datavision
Locations 14
1
              1               0               0               0 
              0               1               0               0 
              0               0               1               0 
1
2.22044604925031e-16 -2.22044604925031e-16               1               0 
              1 2.22044604925031e-16 -2.22044604925031e-16               0 
-2.22044604925031e-16               1 2.22044604925031e-16               0 
2  1 1 2 1 0
1
              1               0               0             2.5 
              0               1               0 -5.55111512312578e-16 
              0               0               1 6.93889390390723e-16 
2  1 1 2 1 4 1 0
1
              1               0               0               0 
              0               1               0               0 
              0               0               1               0 
1
2.22044604925031e-16 -2.22044604925031e-16               1               0 
              1 2.22044604925031e-16 -2.22044604925031e-16               0 
-2.22044604925031e-16               1 2.22044604925031e-16               0 
1
              1               0               0             0.8 
              0               1               0 -1.77635683940025e-16 
              0               0               1 2.22044604925031e-16 
1
              1               0               0             0.8 
              0               1               0 -1.77635683940025e-16 
              0               0               1 2.22044604925031e-16 
2  6 1 7 1 8 1 9 1 0
2  9 -1 8 -1 7 -1 6 -1 0
2  6 1 7 1 8 1 0
2  8 -1 7 -1 6 -1 0
2  8 1 9 1 0
Curve2ds 32
8 -1.1999999999999997 -0.39999999999999974
1 14.225834960193955 -0.40000000000000024 2.3460026240579409e-17 1 
8 -1.1999999999999997 -0.39999999999999974
1 2.7189233611099368 0.3999999999999998 5.0310188628257994e-17 1 
8 -19.196017448484479 -6.5329408669344744
1 22.026630612350527 -0.80000000000000582 1 2.9508085947534947e-16 
8 -19.196017448484479 -6.5329408669344744
1 1.7361714945317859 23.494107783040263 -0.42261826174070022 -0.90630778703664971 
8 0.40000000000000002 1.2000000000000002
1 6.22583496019395 -0.39999999999999997 -2.346002624057936e-17 -1 
8 0.40000000000000002 1.2000000000000002
1 7.2810766388900667 0.40000000000000002 5.0310188628257994e-17 -1 
8 -19.196017448484479 -6.5329408669344744
1 22.026630612350527 -1.6000000000000059 1 2.9508085947534947e-16 
8 -19.196017448484479 -6.5329408669344744
1 1.7361714945317841 23.494107783040263 -0.42261826174070022 -0.90630778703664971 
8 -1.2 -0.39999999999999991
1 14.972745212415253 -0.40000000000000024 9.6394102515013268e-18 1 
8 -1.2 -0.39999999999999991
1 2.9544232590366133 0.39999999999999991 5.4667812111175744e-17 1 
8 -5.5249052400094198 4.2383645670752346
1 11.255325178340808 -0.80000000000000249 1 2.5722888945070885e-16 
8 -5.5249052400094198 4.2383645670752346
1 -0.6243252327290314 11.539042094782145 -0.17364817766693089 -0.98480775301220802 
8 0.40000000000000013 1.2000000000000002
1 6.9727452124152522 -0.39999999999999991 -9.6394102515013823e-18 -1 
8 0.40000000000000013 1.2000000000000002
1 7.0455767409633889 0.40000000000000013 5.4667812111175793e-17 -1 
8 -5.5249052400094198 4.2383645670752346
1 11.255325178340808 -1.6000000000000025 1 2.5722888945070885e-16 
8 -5.5249052400094198 4.2383645670752346
1 -0.62432523272903229 11.539042094782145 -0.17364817766693089 -0.98480775301220802 
8 0.39999999999999986 1.2
1 6.4676293154390487 -0.40000000000000013 -1.898593190028751e-17 -1 
8 0.39999999999999986 1.2
1 2.8190778623577257 0.39999999999999986 -5.216341918334355e-17 -1 
8 -18.293540387219057 -6.6538380445570269
1 22.147527789973083 -1.5999999999999945 1 -1.3270994913222347e-16 
8 -18.293540387219057 -6.6538380445570269
1 -0.37084675193674244 -23.70388396856119 -0.34202014332566871 0.93969262078590843 
8 -1.2000000000000002 -0.40000000000000008
1 14.467629315439051 -0.39999999999999991 1.8985931900287485e-17 1 
8 -1.2000000000000002 -0.40000000000000008
1 7.180922137642276 0.40000000000000008 -5.2163419183343501e-17 1 
8 -18.293540387219057 -6.6538380445570269
1 22.147527789973083 -0.79999999999999483 1 -1.3270994913222347e-16 
8 -18.293540387219057 -6.6538380445570269
1 -0.37084675193674066 -23.70388396856119 -0.34202014332566871 0.93969262078590843 
8 -1.2 -0.39999999999999997
1 15.755156973659016 -0.40000000000000008 -4.8381156163377919e-18 1 
8 -1.2 -0.39999999999999997
1 2.9885840942752315 0.39999999999999997 5.5299914541548108e-17 1 
8 7.3850638307197096 16.25995046597895
1 0.10862591469632864 -0.79999999999999949 1 2.0184719570084104e-16 
8 7.3850638307197096 16.25995046597895
1 -2.6521077121056011 -0.12298851121544871 0.087155742747657999 -0.99619469809174555 
8 0.40000000000000024 1.2000000000000004
1 7.7551569736590125 -0.39999999999999974 4.8381156163377919e-18 -1 
8 0.40000000000000024 1.2000000000000004
1 7.0114159057247685 0.40000000000000024 5.5299914541548108e-17 -1 
8 7.3850638307197096 16.25995046597895
1 0.10862591469632873 -1.5999999999999994 1 2.0184719570084104e-16 
8 7.3850638307197096 16.25995046597895
1 -2.652107712105602 -0.12298851121544883 0.087155742747657999 -0.99619469809174555 
Curves 56
1 -1.4028421424599687e-14 -43.471790580112987 19.706602920310448 1 -2.2204460492503131e-16 2.7755575615628914e-16 
1 -1.3362287609824596e-14 -43.471790580112987 16.706602920310463 1 -2.2204460492503131e-16 2.7755575615628914e-16 
1 -43.471790580112994 19.706602920310438 0 0 -1 0 
1 -43.471790580112994 19.706602920310438 0 0.90630778703664971 -0.42261826174070005 0 
1 -7.2452857273589306e-15 -22.638149544005287 9.9917165579211655 1 -2.2204460492503131e-16 2.7755575615628914e-16 
1 0.79999999999998828 -36.68020121020573 16.539632786078606 1 -2.2204460492503131e-16 2.7755575615628914e-16 
1 -36.680201210205738 16.539632786078599 0 0.90630778703664971 -0.42261826174070016 0 
1 0.79999999999999061 -29.429738913912541 13.158686692153006 1 -2.2204460492503131e-16 2.7755575615628914e-16 
1 -43.471790580112994 16.706602920310452 0 0.90630778703664983 -0.4226182617407 0 
1 -6.5791519125838375e-15 -22.638149544005284 6.991716557921178 1 -2.2204460492503131e-16 2.7755575615628914e-16 
1 0.39999999999999108 -30.578805578591002 10.694505277623209 -1 2.2204460492503136e-16 -2.7755575615628918e-16 
1 0.79999999999999893 -23.508883733959863 7.3977465789143899 0 0.90630778703664971 -0.42261826174070022 
1 0.39999999999998842 -37.829267874884202 14.075451371548812 1 -2.2204460492503131e-16 2.7755575615628918e-16 
1 1.599999999999999 -23.508883733959863 7.397746578914389 0 0.90630778703664971 -0.42261826174070022 
1 -2.2208465596390765e-14 6 0 -0.98480775301220802 0.17364817766693025 0 
1 -2.2208465596390765e-14 6 0 0.99619469809174555 0.08715574274765793 0 
1 44.500976450530132 15.865628961481697 0 -0.93969262078590821 -0.34202014332566905 0 
1 44.500976450530132 15.865628961481697 0 0 -1 0 
1 44.500976450530132 12.865628961481697 0 -0.93969262078590832 -0.34202014332566893 0 
1 0 3 0 0.99619469809174555 0.087155742747658221 0 
1 -22.638149544005284 6.9917165579211717 0 0.98480775301220791 -0.17364817766693064 0 
1 -1.3322676295501928e-15 -2.0876197966840577e-14 6 1 -2.2204460492503131e-16 2.7755575615628914e-16 
1 -15.258305784051489 8.6904509896282995 0 0.98480775301220802 -0.17364817766693064 0 
1 0.79999999999999682 -7.3798437599538227 7.3012655682928562 1 -2.2204460492503131e-16 2.7755575615628914e-16 
1 0.79999999999999472 -15.258305784051487 8.6904509896283031 1 -2.2204460492503131e-16 2.7755575615628914e-16 
1 -40.906383827612743 7.476554915712101 0 0.42261826174070038 0.90630778703664949 0 
1 -29.429738913912544 13.158686692152999 0 -0.42261826174069983 -0.90630778703664983 0 
1 -6.6613381477509392e-16 6.6613381477509412e-16 3 1 -2.2204460492503131e-16 2.7755575615628914e-16 
1 0.39999999999999747 -7.892873974942324 4.3917266371140045 -1 2.2204460492503131e-16 -2.7755575615628909e-16 
1 0.79999999999999882 -11.553818045701744 5.0372498516535726 0 0.98480775301220802 -0.17364817766693089 
1 0.39999999999999508 -15.771335999039989 5.7809120584494522 1 -2.2204460492503136e-16 2.7755575615628914e-16 
1 1.5999999999999988 -11.553818045701744 5.0372498516535726 0 0.98480775301220802 -0.17364817766693089 
1 3.3076704571852996e-15 22.899905571789869 8.0034821333457469 1 -2.2204460492503131e-16 2.7755575615628914e-16 
1 0.80000000000000027 7.4651739935279409 6.6531180956822382 1 -2.2204460492503131e-16 2.7755575615628914e-16 
1 7.4651739935279391 6.65311809568224 0 0.99619469809174555 0.087155742747658346 0 
1 0.80000000000000182 15.434731578261907 7.3503640376635033 1 -2.2204460492503131e-16 2.7755575615628914e-16 
1 6.358324420096747e-15 44.500976450530132 15.865628961481686 1 -2.2204460492503131e-16 2.7755575615628914e-16 
1 29.941670528016367 10.566474974111051 0 0.93969262078590832 0.34202014332566899 0 
1 0.80000000000000537 37.459211494303631 13.302636120716393 1 -2.2204460492503131e-16 2.7755575615628914e-16 
1 0.80000000000000437 29.94167052801637 10.566474974111044 1 -2.2204460492503131e-16 2.7755575615628914e-16 
1 7.0244582348718409e-15 44.500976450530132 12.865628961481686 1 -2.2204460492503131e-16 2.7755575615628914e-16 
1 3.9738042719603943e-15 22.899905571789873 5.0034821333457522 1 -2.2204460492503131e-16 2.7755575615628914e-16 
1 0.40000000000000635 38.423392908833442 10.653569456037927 1 -2.2204460492503136e-16 2.7755575615628918e-16 
1 1.5999999999999988 23.68910801764159 5.2907283324458625 0 -0.93969262078590843 -0.34202014332566871 
1 0.40000000000000502 30.905851942546171 7.9174083094325773 -1 2.2204460492503136e-16 -2.7755575615628914e-16 
1 0.79999999999999882 23.68910801764159 5.2907283324458634 0 -0.93969262078590843 -0.34202014332566871 
1 0.40000000000000258 15.695203844762302 4.373152408145196 -1 2.2204460492503131e-16 -2.7755575615628914e-16 
1 0.79999999999999882 0.10821256029584926 3.0094673722770029 -0 0.99619469809174555 0.087155742747657999 
1 0.40000000000000069 7.725646260028336 3.6759064661639314 1 -2.2204460492503131e-16 2.7755575615628914e-16 
1 1.5999999999999988 0.10821256029584921 3.0094673722770029 -0 0.99619469809174555 0.087155742747657999 
1 -7.3798437599538245 7.3012655682928544 0 -0.1736481776669305 -0.98480775301220791 0 
1 -16.994787560720795 -1.1576265404937827 0 0.17364817766693055 0.98480775301220791 0 
1 8.3367314210045222 -3.3088288852352155 0 -0.087155742747658319 0.99619469809174555 0 
1 15.434731578261905 7.3503640376635069 0 0.087155742747658305 -0.99619469809174555 0 
1 37.459211494303631 13.302636120716402 0 0.34202014332566932 -0.93969262078590821 0 
1 33.361871961273053 1.1695487662519675 0 -0.3420201433256686 0.93969262078590832 0 
Polygon3D 0
PolygonOnTriangulations 0
Surfaces 23
1 -1.4028421424599687e-14 -43.471790580112987 19.706602920310448 2.2204460492503136e-16 1 -2.2204460492503131e-16 2.2204460492503131e-16 -2.2204460492503136e-16 -1 -1 2.2204460492503131e-16 -2.2204460492503136e-16 
1 -1.4028421424599687e-14 -43.471790580112987 19.706602920310448 -1.5771083817897305e-16 0.42261826174070027 0.9063077870366496 2.9508085947534956e-16 0.9063077870366496 -0.42261826174070027 -1 2.007826004591102e-16 -2.6764112064610434e-16 
1 -1.3362287609824596e-14 -43.471790580112987 16.706602920310463 -1.5771083817897312e-16 0.42261826174070022 0.90630778703664971 2.9508085947534951e-16 0.90630778703664971 -0.42261826174070022 -1 2.0078260045911008e-16 -2.6764112064610429e-16 
1 0.79999999999999061 -29.429738913912541 13.158686692153006 3.1854088571592882e-16 0.90630778703664971 -0.42261826174070005 1.0740064955071518e-16 -0.42261826174070005 -0.90630778703664971 -1 2.4330660939095247e-16 -2.3195924043521625e-16 
1 -1.2604031230494708e-15 -0.014775950919599268 5.661575084382604 1 0 0 -0 0 1 0 -1 0 
1 0.79999999999998928 -40.906383827612743 7.4765549157121098 -3.1854088571592892e-16 -0.90630778703664938 0.42261826174070061 -1.0740064955071497e-16 0.42261826174070061 0.90630778703664938 -1 2.4330660939095247e-16 -2.3195924043521625e-16 
1 -1.9924178725060538e-15 0.20421385438473555 9.1772662425693152 1 0 2.2204460492503155e-16 -2.2204460492503155e-16 0 1 0 -1 0 
1 -1.3322676295501928e-15 -2.0876197966840577e-14 6 2.3478141954987417e-16 -0.17364817766693047 -0.98480775301220802 -2.572288894507087e-16 -0.98480775301220802 0.17364817766693047 -1 2.1255163897488743e-16 -2.7588189013233192e-16 
1 -6.5791519125838375e-15 -22.638149544005284 6.9917165579211771 -2.3478141954987408e-16 0.17364817766693089 0.98480775301220802 2.5722888945070885e-16 0.98480775301220802 -0.17364817766693089 -1 2.1255163897488745e-16 -2.7588189013233197e-16 
1 0.79999999999999682 -7.3798437599538227 7.3012655682928562 2.6686829970221013e-16 0.98480775301220802 -0.17364817766693075 1.8011360743869833e-16 -0.17364817766693075 -0.98480775301220802 -1 2.3153757087517516e-16 -2.2371847094898852e-16 
1 -1.2604031230494708e-15 -0.014775950919599268 5.661575084382604 1 0 0 -0 0 1 0 -1 0 
1 0.79999999999999649 -16.994787560720795 -1.1576265404937787 -2.6686829970221018e-16 -0.98480775301220802 0.1736481776669308 -1.8011360743869831e-16 0.1736481776669308 0.98480775301220802 -1 2.3153757087517521e-16 -2.2371847094898852e-16 
1 -1.3322676295501928e-15 -2.0876197966840577e-14 6 -2.958520351730919e-16 -0.087155742747657708 0.99619469809174555 2.0184719570084107e-16 0.99619469809174555 0.087155742747657708 -1 2.268643100507818e-16 -2.7713408659624814e-16 
1 6.358324420096747e-15 44.500976450530132 15.865628961481686 3.3676082351786863e-16 0.34202014332566888 -0.93969262078590843 -1.327099491322235e-16 -0.93969262078590843 -0.34202014332566888 -1 2.3988554503047538e-16 -2.7106218500658143e-16 
1 6.358324420096747e-15 44.500976450530132 15.865628961481686 2.2204460492503136e-16 1 -2.2204460492503131e-16 2.2204460492503131e-16 -2.2204460492503136e-16 -1 -1 2.2204460492503131e-16 -2.2204460492503136e-16 
1 7.0244582348718409e-15 44.500976450530132 12.865628961481686 3.3676082351786858e-16 0.34202014332566871 -0.93969262078590843 -1.3270994913222347e-16 -0.93969262078590843 -0.34202014332566871 -1 2.3988554503047533e-16 -2.7106218500658143e-16 
1 0.80000000000000537 37.459211494303631 13.302636120716393 1.1372401723193581e-16 0.93969262078590832 0.3420201433256691 2.8459740433452513e-16 0.3420201433256691 -0.93969262078590832 -1 2.0420366481958724e-16 -2.2853817607473921e-16 
1 -1.2604031230494708e-15 -0.014775950919599268 5.661575084382604 1 0 0 -0 0 1 0 -1 0 
1 0.80000000000000715 33.361871961273053 1.1695487662519604 -1.1372401723193604e-16 -0.93969262078590854 -0.34202014332566844 -2.8459740433452503e-16 -0.34202014332566844 0.93969262078590854 -1 2.0420366481958727e-16 -2.2853817607473916e-16 
1 -6.6613381477509392e-16 6.6613381477509412e-16 3 -2.9585203517309195e-16 -0.087155742747657999 0.99619469809174555 2.0184719570084104e-16 0.99619469809174555 0.087155742747657999 -1 2.268643100507819e-16 -2.7713408659624814e-16 
1 0.80000000000000182 15.434731578261907 7.3503640376635033 1.9700908008450324e-16 0.99619469809174555 0.087155742747658083 2.4055212063154389e-16 0.087155742747658083 -0.99619469809174555 -1 2.1722489979928069e-16 -2.2246627448507225e-16 
1 -1.2604031230494708e-15 -0.014775950919599268 5.661575084382604 1 0 0 -0 0 1 0 -1 0 
1 0.8000000000000026 8.3367314210045222 -3.3088288852352168 -1.9700908008450321e-16 -0.99619469809174555 -0.087155742747658096 -2.4055212063154389e-16 -0.087155742747658096 0.99619469809174555 -1 2.1722489979928067e-16 -2.2246627448507225e-16 
Triangulations 0

TShapes 174
Ve
1e-07
-43.471790580113 19.7066029203104 0
0 0

0101101
*
Ed
 1e-07 1 1 0
1  1 0 0 2.5
0

0101000
+174 3 -174 5 *
Ve
1e-07
-43.471790580113 16.7066029203105 0
0 0

0101101
*
Ed
 1e-07 1 1 0
1  2 0 0 2.5
0

0101000
+172 3 -172 5 *
Ed
 1e-07 1 1 0
1  3 0 0 2.99999999999999
0

0101000
+174 0 -172 0 *
Wi

0101100
+173 0 -171 0 -170 3 +170 5 *
Fa
0  1e-07 1 0

0111000
+169 0 *
Ve
1e-07
-22.6381495440053 9.99171655792116 0
0 0

0101101
*
Ed
 1e-07 1 1 0
1  4 0 0 22.9873794908321
0

0101000
+174 0 -167 0 *
Ed
 1e-07 1 1 0
1  5 0 0 2.5
0

0101000
+167 3 -167 5 *
Wi

0101100
+173 0 -166 3 +166 5 -165 0 *
Ve
1.00000001776357e-07
0.799999999999988 -36.6802012102057 16.5396327860786
0 0

0101101
*
Ve
1.00000001776357e-07
1.59999999999999 -36.6802012102057 16.5396327860786
0 0

0101101
*
Ed
 1e-07 1 1 0
1  6 0 0 0.8
0

0101000
+163 0 -162 0 *
Ve
1.00000001776357e-07
1.59999999999999 -29.4297389139125 13.158686692153
0 0

0101101
*
Ed
 1.00000001776357e-07 1 1 0
1  7 0 0 8
0

0101000
+162 11 -160 11 *
Ve
1.00000001776357e-07
0.799999999999991 -29.4297389139125 13.158686692153
0 0

0101101
*
Ed
 1e-07 1 1 0
1  8 0 0 0.8
0

0101000
+158 0 -160 0 *
Ed
 1.00000001776357e-07 1 1 0
1  7 0 0 8
0

0101000
+163 13 -158 13 *
Wi

0101100
-161 0 -159 10 +157 0 +156 12 *
Fa
0  1e-07 2 0

0111000
+164 0 +155 0 *
Ve
1.00000000444089e-07
-22.6381495440053 6.99171655792117 0
0 0

0101101
*
Ed
 1e-07 1 1 0
1  9 0 0 22.9873794908321
0

0101000
+172 0 -153 0 *
Ed
 1.00000000444089e-07 1 1 0
1  10 0 0 2.5
0

0101000
+153 3 -153 5 *
Wi

0101100
+171 0 -152 3 +152 5 -151 0 *
Ve
1.5000000821565e-07
1.59999999999999 -30.578805578591 10.6945052776232
0 0

0101101
*
Ve
1.50000007993606e-07
0.799999999999991 -30.578805578591 10.6945052776232
0 0

0101101
*
Ed
 1.5e-07 1 1 0
1  11 0 -1.2 -0.4
2  1 3 0 -1.2 -0.4
2  2 4 0 -1.2 -0.4
0

0101000
+149 0 -148 0 *
Ve
1.50000011024241e-07
0.799999999999988 -37.8292678748842 14.0754513715488
0 0

0101101
*
Ed
 1.5e-07 1 1 0
1  12 0 -15.8007956521566 -7.80079565215657
2  3 3 0 -15.8007956521566 -7.80079565215657
2  4 5 8 -15.8007956521566 -7.80079565215657
0

0101000
+146 0 -148 0 *
Ve
1.50000012749692e-07
1.59999999999999 -37.8292678748842 14.0754513715488
0 0

0101101
*
Ed
 1.5e-07 1 1 0
1  13 0 0.4 1.2
2  5 3 0 0.4 1.2
2  6 6 0 0.4 1.2
0

0101000
+146 0 -144 0 *
Ed
 1.5e-07 1 1 0
1  14 0 -15.8007956521566 -7.80079565215657
2  7 3 0 -15.8007956521566 -7.80079565215657
2  8 5 14 -15.8007956521566 -7.80079565215657
0

0101000
+144 0 -149 0 *
Wi

0101100
-147 0 +145 0 -143 0 -142 0 *
Fa
0  1e-07 3 0

0111000
+150 0 +141 0 *
Ve
1e-07
-2.22084655963908e-14 6 0
0 0

0101101
*
Ed
 1e-07 1 1 0
1  15 0 0 22.9873794908321
0

0101000
+139 0 -167 0 *
Ve
1e-07
22.8999055717899 8.00348213334575 0
0 0

0101101
*
Ed
 1e-07 1 1 0
1  16 0 0 22.9873794908321
0

0101000
+139 0 -137 0 *
Ve
1e-07
44.5009764505301 15.8656289614817 0
0 0

0101101
*
Ed
 1e-07 1 1 0
1  17 0 0 22.9873794908321
0

0101000
+135 0 -137 0 *
Ve
1e-07
44.5009764505301 12.8656289614817 0
0 0

0101101
*
Ed
 1e-07 1 1 0
1  18 0 0 3
0

0101000
+135 0 -133 0 *
Ve
1.00000000444089e-07
22.8999055717899 5.00348213334576 0
0 0

0101101
*
Ed
 1e-07 1 1 0
1  19 0 0 22.9873794908321
0

0101000
+133 0 -131 0 *
Ve
1.00000000222045e-07
0 3 0
0 0

0101101
*
Ed
 1e-07 1 1 0
1  20 0 0 22.9873794908321
0

0101000
+129 0 -131 0 *
Ed
 1e-07 1 1 0
1  21 0 0 22.9873794908321
0

0101000
+153 0 -129 0 *
Wi

0101100
-170 0 +166 0 -138 0 +136 0 -134 0 +132 0 +130 0 -128 0 -127 0 -152 0 
*
Fa
0  1e-07 7 0

0111000
-126 3 *
Ed
 1e-07 1 1 0
1  22 0 0 2.5
0

0101000
+139 3 -139 5 *
Wi

0101100
+124 0 -138 3 +138 5 -165 0 *
Ve
1.00000003552714e-07
0.799999999999995 -15.2583057840515 8.6904509896283
0 0

0101101
*
Ve
1.00000004528839e-07
0.799999999999997 -7.37984375995382 7.30126556829286
0 0

0101101
*
Ed
 1.00000003552714e-07 1 1 0
1  23 0 0 8
0

0101000
+122 13 -121 13 *
Ve
1.00000004528839e-07
1.6 -7.37984375995382 7.30126556829286
0 0

0101101
*
Ed
 1.00000004528839e-07 1 1 0
1  24 0 0 0.8
0

0101000
+121 0 -119 0 *
Ve
1.00000004440892e-07
1.59999999999999 -15.2583057840515 8.6904509896283
0 0

0101101
*
Ed
 1.00000004440892e-07 1 1 0
1  23 0 0 8
0

0101000
+117 11 -119 11 *
Ed
 1.00000001776357e-07 1 1 0
1  25 0 0 0.8
0

0101000
+122 0 -117 0 *
Wi

0101100
-120 12 -118 0 +116 10 +115 0 *
Fa
0  1e-07 8 0

0111000
+123 0 +114 0 *
Ed
 1e-07 1 1 0
1  26 0 7.28107663889007 10
0

0101000
+146 13 -163 13 *
Ed
 1e-07 1 1 0
1  26 0 7.28107663889007 10
0

0101000
+144 11 -162 11 *
Wi

0101100
-112 12 -161 0 +111 10 +143 0 *
Fa
0  1e-07 6 0

0111000
+110 0 *
Ed
 1e-07 1 1 0
1  27 0 0 2.71892336110994
0

0101000
+160 11 -149 11 *
Wi

0101100
-159 10 -108 10 +142 0 -111 10 *
Fa
0  1e-07 5 14

0111000
+107 0 *
Ed
 1e-07 1 1 0
1  27 0 0 2.71892336110994
0

0101000
+158 13 -148 13 *
Wi

0101100
-105 12 +147 0 +108 10 +157 0 *
Fa
0  1e-07 4 0

0111000
+104 0 *
Wi

0101100
-156 12 -105 12 +145 0 -112 12 *
Fa
0  1e-07 5 8

0111000
+102 0 *
Ed
 1.00000000222045e-07 1 1 0
1  28 0 0 2.5
0

0101000
+129 3 -129 5 *
Wi

0101100
+151 0 -127 3 +127 5 -100 0 *
Ve
1.50000001998401e-07
1.6 -7.89287397494232 4.391726637114
0 0

0101101
*
Ve
1.50000001913324e-07
0.799999999999997 -7.89287397494232 4.391726637114
0 0

0101101
*
Ed
 1.5e-07 1 1 0
1  29 0 -1.2 -0.4
2  9 9 0 -1.2 -0.4
2  10 10 0 -1.2 -0.4
0

0101000
+98 0 -97 0 *
Ve
1.50000003552714e-07
0.799999999999995 -15.77133599904 5.78091205844945
0 0

0101101
*
Ed
 1.5e-07 1 1 0
1  30 0 -4.28257996592556 3.71742003407444
2  11 9 0 -4.28257996592556 3.71742003407444
2  12 11 8 -4.28257996592556 3.71742003407444
0

0101000
+95 0 -97 0 *
Ve
1.50000003552714e-07
1.6 -15.77133599904 5.78091205844945
0 0

0101101
*
Ed
 1.5e-07 1 1 0
1  31 0 0.4 1.2
2  13 9 0 0.4 1.2
2  14 12 0 0.4 1.2
0

0101000
+95 0 -93 0 *
Ed
 1.5e-07 1 1 0
1  32 0 -4.28257996592556 3.71742003407444
2  15 9 0 -4.28257996592556 3.71742003407444
2  16 11 14 -4.28257996592556 3.71742003407444
0

