<?xml version='1.0' encoding='utf-8'?>
<!-- FreeCAD DocumentObject -->
<Document SchemaVersion="4" FileVersion="2">
<Object name="Pad003">
  <Properties Count="47" TransientCount="2">
    <_Property name="_Body" type="App::PropertyLinkHidden" status="251658241"/>
    <_Property name="_ElementMapVersion" type="App::PropertyString" status="234881024"/>
    <Property name="AddSubShape" type="Part::PropertyPartShape">
      <Part HasherIndex="0" ElementMap="1.15.70200.4" brep="1">
<![CDATA[

CASCADE Topology V1, (c) Matra-Datavision
Locations 5
1
              1               0               0               0 
              0               1               0               0 
              0               0               1               0 
1
2.22044604925031e-16 -3.33066907387547e-16               1               0 
              1 3.33066907387547e-16 -2.22044604925031e-16               0 
-3.33066907387547e-16               1 3.33066907387547e-16               0 
2  1 1 2 1 0
1
              1               0               0             1.5 
              0               1               0 -4.9960036108132e-16 
              0               0               1 5.82867087928207e-16 
2  1 1 2 1 4 1 0
Curve2ds 0
Curves 16
1 -1.2830398011561864e-15 -0.91582638864860977 3.241647454493271 1 -3.3306690738754696e-16 3.8857805861880479e-16 
1 -1.0778392539822818e-15 -0.37204171642661998 2.988076497448851 1 -3.3306690738754696e-16 3.8857805861880479e-16 
1 -0.91582638864861088 3.2416474544932705 0 0.90630778703665005 -0.42261826174069939 0 
1 -7.4448825211173895e-16 -1.0477221717858991 1.536769895337494 1 -3.3306690738754696e-16 3.8857805861880479e-16 
1 -0.37204171642662098 2.988076497448851 0 -0.42206665202183224 -0.90656480256575234 0 
1 -9.5020615826461508e-16 -1.5920156074337313 1.791554995234627 1 -3.3306690738754696e-16 3.8857805861880479e-16 
1 -1.0477221717858995 1.5367698953374935 0 -0.90568418946262907 0.42395300324142149 0 
1 -1.5920156074337319 1.7915549952346266 0 0.42261826174069944 0.90630778703664994 0 
1 -7.815257219525368e-15 -18.226305121048863 11.313656253740113 1 -3.3306690738754696e-16 3.8857805861880479e-16 
1 -7.6100566723514644e-15 -17.682520448826875 11.060085296695693 1 -3.3306690738754696e-16 3.8857805861880479e-16 
1 -18.226305121048867 11.313656253740108 0 0.90630778703664916 -0.42261826174070133 0 
1 -7.2772230294598936e-15 -18.358709667611997 9.6099928374370496 1 -3.3306690738754696e-16 3.8857805861880479e-16 
1 -18.358709667612001 9.6099928374370442 0 0.42261826174070038 0.9063077870366496 0 
1 -7.4824235766337987e-15 -18.902494339833986 9.8635637944814771 1 -3.3306690738754696e-16 3.8857805861880479e-16 
1 -18.902494339833989 9.86356379448147 0 0.90630778703664583 -0.42261826174070866 0 
1 -18.902494339833989 9.86356379448147 0 0.42261826174070161 0.90630778703664894 0 
Polygon3D 0
PolygonOnTriangulations 0
Surfaces 10
1 -1.2830398011561864e-15 -0.91582638864860977 3.241647454493271 -2.1141116295433091e-16 0.42261826174069966 0.90630778703664994 3.4200091195650784e-16 0.90630778703664994 -0.42261826174069966 -1 2.206118714794796e-16 -3.3613941417677758e-16 
1 -1.0778392539822818e-15 -0.37204171642661998 2.988076497448851 4.6595257538735954e-16 0.90656480256575223 -0.42206665202183252 2.0822911213675866e-16 -0.42206665202183252 -0.90656480256575223 -1 3.3452964029800493e-16 -3.854362274273959e-16 
1 -7.4448825211173895e-16 -1.0477221717858991 1.536769895337494 2.1072428839585114e-16 -0.42395300324142177 -0.90568418946262896 -3.4230700370335957e-16 -0.90568418946262896 0.42395300324142177 -1 2.206848462751257e-16 -3.3597173858649743e-16 
1 -9.5020615826461508e-16 -1.5920156074337313 1.791554995234627 -4.6608131545360343e-16 -0.90630778703664983 0.42261826174069972 -2.0802102680723136e-16 0.42261826174069972 0.90630778703664983 -1 3.3449964083309843e-16 -3.8550555182957407e-16 
1 -4.2793475582371081e-15 -9.6353849346330751 6.4247220893549386 1 0 3.3306690738754903e-16 -3.3306690738754903e-16 0 1 0 -1 0 
1 -7.815257219525368e-15 -18.226305121048863 11.313656253740113 -2.114111629543299e-16 0.42261826174070161 0.90630778703664905 3.4200091195650843e-16 0.90630778703664905 -0.42261826174070161 -1 2.2061187147947984e-16 -3.3613941417677738e-16 
1 -7.2772230294598936e-15 -18.358709667611997 9.6099928374370496 -4.6608131545360373e-16 -0.90630778703664949 0.42261826174070066 -2.0802102680723102e-16 0.42261826174070066 0.90630778703664949 -1 3.3449964083309838e-16 -3.8550555182957417e-16 
1 -7.4824235766337987e-15 -18.902494339833986 9.8635637944814771 -2.1141116295432615e-16 0.42261826174070888 0.90630778703664561 3.4200091195651021e-16 0.90630778703664561 -0.42261826174070888 -1 2.2061187147948034e-16 -3.3613941417677659e-16 
1 -7.4824235766337987e-15 -18.902494339833986 9.8635637944814771 -4.6608131545360403e-16 -0.90630778703664883 0.42261826174070188 -2.080210268072305e-16 0.42261826174070188 0.90630778703664883 -1 3.3449964083309838e-16 -3.8550555182957437e-16 
1 -4.2793475582371081e-15 -9.6353849346330751 6.4247220893549386 1 0 3.3306690738754903e-16 -3.3306690738754903e-16 0 1 0 -1 0 
Triangulations 0

TShapes 49
Ve
1e-07
-0.915826388648611 3.24164745449327 0
0 0

0101101
*
Ed
 1e-07 1 1 0
1  1 0 0 1.5
0

0101000
+49 3 -49 5 *
Ve
1e-07
-0.372041716426621 2.98807649744885 0
0 0

0101101
*
Ed
 1e-07 1 1 0
1  2 0 0 1.5
0

0101000
+47 3 -47 5 *
Ed
 1e-07 1 1 0
1  3 0 0 0.6
0

0101000
+49 0 -47 0 *
Wi

0101100
+48 0 -46 0 -45 3 +45 5 *
Fa
0  1e-07 1 0

0111000
+44 0 *
Ve
1e-07
-1.0477221717859 1.53676989533749 0
0 0

0101101
*
Ed
 1e-07 1 1 0
1  4 0 0 1.5
0

0101000
+42 3 -42 5 *
Ed
 1e-07 1 1 0
1  5 0 0 1.60088567083553
0

0101000
+47 0 -42 0 *
Wi

0101100
+46 0 -41 0 -40 3 +40 5 *
Fa
0  1e-07 2 0

0111000
+39 0 *
Ve
1e-07
-1.59201560743373 1.79155499523463 0
0 0

0101101
*
Ed
 1e-07 1 1 0
1  6 0 0 1.5
0

0101000
+37 3 -37 5 *
Ed
 1e-07 1 1 0
1  7 0 0 0.600974867377092
0

0101000
+42 0 -37 0 *
Wi

0101100
+41 0 -36 0 -35 3 +35 5 *
Fa
0  1e-07 3 0

0111000
+34 0 *
Ed
 1e-07 1 1 0
1  8 0 0 1.6
0

0101000
+37 0 -49 0 *
Wi

0101100
+36 0 -48 0 -32 3 +32 5 *
Fa
0  1e-07 4 0

0111000
+31 0 *
Wi

0101100
+45 0 +40 0 +35 0 +32 0 *
Fa
0  1e-07 5 0

0111000
-29 3 *
Sh

0101100
-43 0 -38 0 -33 0 -30 0 +28 0 -28 4 *
So

0100000
-27 0 *
Ve
1e-07
-18.2263051210489 11.3136562537401 0
0 0

0101101
*
Ed
 1e-07 1 1 0
1  9 0 0 1.5
0

0101000
+25 3 -25 5 *
Ve
1e-07
-17.6825204488269 11.0600852966957 0
0 0

0101101
*
Ed
 1e-07 1 1 0
1  10 0 0 1.5
0

0101000
+23 3 -23 5 *
Ed
 1e-07 1 1 0
1  11 0 0 0.599999999999999
0

0101000
+25 0 -23 0 *
Wi

0101100
+24 0 -22 0 -21 3 +21 5 *
Fa
0  1e-07 6 0

0111000
+20 0 *
Ve
1e-07
-18.358709667612 9.60999283743704 0
0 0

0101101
*
Ed
 1e-07 1 1 0
1  12 0 0 1.5
0

0101000
+18 3 -18 5 *
Ed
 1e-07 1 1 0
1  13 0 0 1.6
0

0101000
+18 0 -23 0 *
Wi

0101100
+17 0 -22 0 -16 3 +16 5 *
Fa
0  1e-07 7 0

0111000
+15 0 *
Ve
1e-07
-18.902494339834 9.86356379448147 0
0 0

0101101
*
Ed
 1e-07 1 1 0
1  14 0 0 1.5
0

0101000
+13 3 -13 5 *
Ed
 1e-07 1 1 0
1  15 0 0 0.600000000000001
0

0101000
+13 0 -18 0 *
Wi

0101100
+12 0 -17 0 -11 3 +11 5 *
Fa
0  1e-07 8 0

0111000
+10 0 *
Ed
 1e-07 1 1 0
1  16 0 0 1.6
0

0101000
+13 0 -25 0 *
Wi

0101100
+12 0 -24 0 -8 3 +8 5 *
Fa
0  1e-07 9 0

0111000
+7 0 *
Wi

0101100
+21 0 -16 0 -11 0 +8 0 *
Fa
0  1e-07 10 0

0111000
-5 3 *
Sh

0101100
-19 0 +14 0 +9 0 -6 0 +4 0 -4 4 *
So

0100000
-3 0 *
Co

1100000
+26 0 +2 0 *

+1 0 ]]>
      </Part>
      <ElementMap new="1" count="1"><Element key="Dummy" value="Dummy"/></ElementMap>
      <ElementMap2 count="52">
<![CDATA[
11 PostfixCount 11
Edge
Face
Vertex
;:G;XTR;:Hee0:7,F
;FAC;:Hee0:4,F
;:G;XTR;:Hee0:7,E
;:G0;XTR;:Hee0:8,F
;:U;XTR;:Hee0:7,E
;:U;XTR;:Hee0:7,V
;SKT;:Hee0,E
;SKT;:Hee0,V

MapCount 1

ElementMap 1 11 3

Edge

ChildCount 0

NameCount 25
0
$#408.6 0
$#409.6 0
;g86.a 0
$#42a.8 0
$#40a.6 0
;g87.a 0
$#42b.8 0
$#40b.6 0
;g88.a 0
$#42c.8 0
;g89.a 0
$#42d.8 0
$#404.6 0
$#405.6 0
;g82.a 0
$#426.8 0
$#406.6 0
;g83.a 0
$#427.8 0
$#407.6 0
;g84.a 0
$#428.8 0
;g85.a 0
$#429.8 0

Face

ChildCount 0

NameCount 13
0
$#400.4 0
$#419.4 0
$#41a.4 0
$#41b.4 0
$#400.5 0
$#41c.7 0
$#3ff.4 0
$#414.4 0
$#415.4 0
$#416.4 0
$#3ff.5 0
$#418.7 0

Vertex

ChildCount 0

NameCount 17
0
;g86v1.b 0
$#43b.9 0
;g86v2.b 0
$#43c.9 0
;g87v2.b 0
$#43d.9 0
;g88v2.b 0
$#43e.9 0
;g82v1.b 0
$#437.9 0
;g82v2.b 0
$#438.9 0
;g83v1.b 0
$#439.9 0
;g84v1.b 0
$#43a.9 0

EndMap
]]>
      </ElementMap2>
    </Property>
    <Property name="AddSubType" type="App::PropertyEnumeration">
      <Integer value="0"/>
    </Property>
    <Property name="AllowMultiFace" type="App::PropertyBool">
      <Bool value="true"/>
    </Property>
    <Property name="AlongSketchNormal" type="App::PropertyBool">
      <Bool value="false"/>
    </Property>
    <Property name="AutoTaperInnerAngle" type="App::PropertyBool">
      <Bool value="true"/>
    </Property>
    <Property name="BaseFeature" type="App::PropertyLink" status="8">
      <Link value="Pad001"/>
    </Property>
    <Property name="CheckUpToFaceLimits" type="App::PropertyBool">
      <Bool value="true"/>
    </Property>
    <Property name="ClaimChildren" type="App::PropertyBool" status="134217728">
      <Bool value="false"/>
    </Property>
    <Property name="ColoredElements" type="App::PropertyLinkSubHidden" status="218103808">
      <LinkSub value="" count="0">
      </LinkSub>
    </Property>
    <Property name="Direction" type="App::PropertyVector" status="4">
      <PropertyVector valueX="1" valueY="-3.33066907387547e-16" valueZ="3.885780586188048e-16"/>
    </Property>
    <Property name="ExpressionEngine" type="App::PropertyExpressionEngine" status="67108864">
      <ExpressionEngine count="0"></ExpressionEngine>
    </Property>
    <Property name="Fit" type="App::PropertyDistance">
      <Float value="0"/>
    </Property>
    <Property name="FitJoin" type="App::PropertyEnumeration">
      <Integer value="0"/>
    </Property>
    <Property name="FixShape" type="App::PropertyEnumeration">
      <Integer value="0"/>
    </Property>
    <Property name="InnerFit" type="App::PropertyDistance">
      <Float value="0"/>
    </Property>
    <Property name="InnerFitJoin" type="App::PropertyEnumeration">
      <Integer value="0"/>
    </Property>
    <Property name="InvalidShape" type="App::PropertyBool" status="67108864">
      <Bool value="false"/>
    </Property>
    <Property name="Label" type="App::PropertyString" status="134217728">
      <String value="Pad003"/>
    </Property>
    <Property name="Label2" type="App::PropertyString" status="128">
      <String value=""/>
    </Property>
    <Property name="Length" type="App::PropertyLength">
      <Float value="1.5"/>
    </Property>
    <Property name="Length2" type="App::PropertyLength" status="4">
      <Float value="10"/>
    </Property>
    <Property name="Linearize" type="App::PropertyBool">
      <Bool value="true"/>
    </Property>
    <Property name="Midplane" type="App::PropertyBool">
      <Bool value="false"/>
    </Property>
    <Property name="NewSolid" type="App::PropertyBool">
      <Bool value="false"/>
    </Property>
    <Property name="Offset" type="App::PropertyLength" status="4">
      <Float value="0"/>
    </Property>
    <Property name="Placement" type="App::PropertyPlacement" status="8388620">
      <PropertyPlacement Px="0" Py="0" Pz="0" Q0="0" Q1="0" Q2="0" Q3="1" A="0" Ox="0" Oy="0" Oz="1"/>
    </Property>
    <Property name="Profile" type="App::PropertyLinkSub">
      <LinkSub value="Sketch004" count="1">
        <Sub value=""/>
      </LinkSub>
    </Property>
    <Property name="ReferenceAxis" type="App::PropertyLinkSub">
      <LinkSub value="Sketch004" count="1">
        <Sub value="N_Axis"/>
      </LinkSub>
    </Property>
    <Property name="Refine" type="App::PropertyBool">
      <Bool value="false"/>
    </Property>
    <Property name="Reversed" type="App::PropertyBool">
      <Bool value="false"/>
    </Property>
    <Property name="Shape" type="Part::PropertyPartShape">
      <Part HasherIndex="0" ElementMap="1.15.70200.4" brep="1">
<![CDATA[

CASCADE Topology V1, (c) Matra-Datavision
Locations 13
1
              1               0               0               0 
              0               1               0               0 
              0               0               1               0 
1
              1               0               0               0 
              0               1               0               0 
              0               0               1               0 
1
2.22044604925031e-16 -3.33066907387547e-16               1               0 
              1 3.33066907387547e-16 -2.22044604925031e-16               0 
-3.33066907387547e-16               1 3.33066907387547e-16               0 
2  2 1 3 1 0
1
              1               0               0            2.45 
              0               1               0 -8.1601392309949e-16 
              0               0               1 9.52016243616072e-16 
2  2 1 3 1 5 1 0
1
              1               0               0               0 
              0               1               0               0 
              0               0               1               0 
1
2.22044604925031e-16 -3.33066907387547e-16               1               0 
              1 3.33066907387547e-16 -2.22044604925031e-16               0 
-3.33066907387547e-16               1 3.33066907387547e-16               0 
2  7 1 8 1 0
2  8 -1 7 -1 0
1
              1               0               0             1.5 
              0               1               0 -4.9960036108132e-16 
              0               0               1 5.82867087928207e-16 
2  7 1 8 1 11 1 0
2  11 -1 8 -1 7 -1 0
Curve2ds 36
8 -6.9250000000000025 -2.9250000000000012
1 -0.7368867110011168 -2.8837644964328195 0.42261826174069972 0.90630778703664994 
8 -6.9250000000000025 -2.9250000000000012
1 -2.925000000000002 -3.2000000000000006 -1 4.9303806576313227e-32 
8 -1.324557312796081 0.2754426872039239
1 -2.2226809788878796 -5.4183076638397125 0.90630778703664971 -0.42261826174070005 
8 -1.324557312796081 0.2754426872039239
1 0.2754426872039239 -3.2000000000000002 -1 -5.4234187233944562e-31 
8 -6.9250000000000025 -2.9250000000000003
1 -2.1869791702597601 -2.207575277647698 0.42261826174069972 0.90630778703664994 
8 -6.9250000000000025 -2.9250000000000003
1 -2.9250000000000012 -3.2000000000000006 -1 4.9303806576313227e-32 
8 0.92499999999999982 4.9250000000000007
1 2.5806666436628571 4.2307516318051217 0.42261826174069939 0.90630778703665005 
8 0.92499999999999982 4.9250000000000007
1 4.9249999999999998 -3.2000000000000006 -1 9.8607613152626454e-32 
8 -1.07544268720364 0.52455731279636242
1 1.9969064538487267 5.5235880538817721 -0.90630778703665005 0.42261826174069916 
8 -1.07544268720364 0.52455731279636242
1 0.52455731279636242 -3.2000000000000002 -1 6.4094948549207209e-31 
8 0.92499999999999538 4.9250000000000007
1 1.1305741844042174 4.9069408505902441 0.42261826174069983 0.90630778703664994 
8 0.92499999999999538 4.9250000000000007
1 4.9249999999999998 -3.2000000000000006 -1 -4.9303806576313238e-32 
8 -1.3245573127963772 0.27544268720362403
1 4.412425730440857 8.8107245926358058 0.90630778703664883 -0.42261826174070188 
8 -1.3245573127963772 0.27544268720362403
1 0.27544268720362231 -3.2000000000000006 -1 -4.9303806576313238e-31 
8 -6.9250000000000016 -2.9250000000000007
1 -0.7368867110011168 -2.8837644964328195 0.42261826174069972 0.90630778703664994 
8 -6.9250000000000016 -2.9250000000000007
1 -2.9250000000000016 -5.6500000000000012 -1 4.9303806576313227e-32 
8 -1.324557312796081 0.27544268720392395
1 -2.2226809788878796 -5.4183076638397116 0.90630778703664971 -0.42261826174070005 
8 -1.324557312796081 0.27544268720392395
1 0.27544268720392395 -5.6500000000000004 -1 -5.4234187233944562e-31 
8 -6.9250000000000016 -2.9249999999999998
1 -2.1869791702597601 -2.207575277647698 0.42261826174069972 0.90630778703664994 
8 -6.9250000000000016 -2.9249999999999998
1 -2.9250000000000007 -5.6500000000000012 -1 4.9303806576313227e-32 
8 -1.3245573127960815 0.27544268720392323
1 -3.9131540258506776 -9.0435388119863109 0.90630778703664983 -0.42261826174069972 
8 -1.3245573127960815 0.27544268720392323
1 0.27544268720392312 -5.6500000000000004 -1 -5.4234187233944562e-31 
8 0.92500000000000071 4.9250000000000016
1 2.5806666436628563 4.2307516318051217 0.42261826174069939 0.90630778703665005 
8 0.92500000000000071 4.9250000000000016
1 4.9250000000000007 -5.6500000000000004 -1 9.8607613152626454e-32 
8 -1.3245573127963755 0.27544268720362602
1 4.4124257304408561 8.8107245926358093 0.90630778703664883 -0.42261826174070188 
8 -1.3245573127963755 0.27544268720362602
1 0.2754426872036243 -5.6500000000000004 -1 -4.9303806576313238e-31 
8 0.92499999999999627 4.9250000000000016
1 1.1305741844042165 4.9069408505902441 0.42261826174069983 0.90630778703664994 
8 0.92499999999999627 4.9250000000000016
1 4.9250000000000007 -5.6500000000000004 -1 -4.9303806576313238e-32 
8 -1.0754426872036387 0.52455731279636353
1 1.9969064538487276 5.5235880538817721 -0.90630778703665005 0.42261826174069916 
8 -1.0754426872036387 0.52455731279636353
1 0.52455731279636353 -5.6500000000000004 -1 6.4094948549207209e-31 
8 -1.3245573127960812 0.2754426872039234
1 -3.9131540258506776 -9.0435388119863109 0.90630778703664983 -0.42261826174069972 
8 -1.3245573127960812 0.2754426872039234
1 0.27544268720392329 -3.2000000000000002 -1 -5.4234187233944562e-31 
8 6.3239146394619183 6.9239146394619198
1 -2.923914639461918 -4.7000000000000002 1 2.0124075451303131e-16 
8 6.3239146394619183 6.9239146394619198
1 -1.9605652817943522 -2.3119562448999389 -0.42261826174069972 -0.90630778703664994 
8 -0.40009967377812306 1.1999003262218815
1 0.40009967377812294 -4.6999999999999984 1 -9.3840104962319017e-17 
8 -0.40009967377812306 1.1999003262218815
1 -3.7992590418420242 -9.094253789551324 -0.90630778703664983 0.42261826174069972 
Curves 46
1 -8.6639049910329583e-15 -19.063975276176482 13.303189342008626 1 -3.3306690738754696e-16 3.8857805861880479e-16 
1 -7.831820883804031e-15 -20.754448323139279 9.6779581938620236 1 -3.3306690738754696e-16 3.8857805861880479e-16 
1 -19.063975276176485 13.303189342008618 0 -0.42261826174069916 -0.90630778703665016 0 
1 -8.3208410722892556e-16 1.6904730469627987 3.6252311481465993 1 -3.3306690738754696e-16 3.8857805861880479e-16 
1 -19.063975276176485 13.303189342008618 0 0.90630778703664994 -0.4226182617406995 0 
1 0 0 0 1 -3.3306690738754696e-16 3.8857805861880479e-16 
1 0 0 0 -0.90630778703664994 0.42261826174069944 0 
1 1.690473046962798 3.6252311481465997 0 -0.4226182617406995 -0.90630778703664994 0 
1 -3.1114525380770676e-15 -6.6482231416554214 5.914707960003196 -3.4200091195650799e-16 -0.90630778703664994 0.42261826174069972 
1 -2.4978912098356407e-15 -4.1136799742485284 4.4289136921164332 -2.0802102680723072e-16 0.42261826174070005 0.90630778703664971 
1 -2.5009465067812199e-15 -7.3244123604405429 4.4646155007445527 -3.4200091195650799e-16 -0.90630778703664994 0.42261826174069972 
1 -1.0477221717858995 1.5367698953374935 0 -0.90568418946262907 0.42395300324142149 0 
1 -0.37204171642662098 2.988076497448851 0 -0.42206665202183224 -0.90656480256575234 0 
1 -5.5539431922523532e-15 -13.762739269893363 9.2322613146671699 -3.4200091195650789e-16 -0.90630778703665005 0.42261826174069939 
1 -6.2749533841814631e-15 -15.055575691970013 8.6485011248530395 2.0802102680723102e-16 -0.42261826174069916 -0.90630778703665005 
1 -5.1654817658815364e-15 -14.438928488678485 7.7821688554085302 -3.4200091195650804e-16 -0.90630778703664994 0.42261826174069983 
1 -7.625089022869575e-15 -18.342712230724047 11.06402040144517 -2.0802102680723003e-16 0.42261826174070188 0.90630778703664883 
1 2.4499999999999971 -6.6482231416554214 5.9147079600031969 -3.4200091195650799e-16 -0.90630778703664994 0.42261826174069972 
1 2.4499999999999975 -4.1136799742485293 4.428913692116434 -2.0802102680723072e-16 0.42261826174070005 0.90630778703664971 
1 2.4499999999999975 -7.3244123604405429 4.4646155007445536 -3.4200091195650799e-16 -0.90630778703664994 0.42261826174069972 
1 2.4499999999999993 -0.48844882610193008 2.7384406451536361 -2.0802102680723082e-16 0.42261826174069972 0.90630778703664983 
1 2.4499999999999944 -13.762739269893363 9.2322613146671699 -3.4200091195650789e-16 -0.90630778703665005 0.42261826174069939 
1 2.4499999999999922 -18.34271223072405 11.06402040144517 -2.0802102680723003e-16 0.42261826174070188 0.90630778703664883 
1 2.4499999999999948 -14.438928488678485 7.7821688554085302 -3.4200091195650804e-16 -0.90630778703664994 0.42261826174069983 
1 2.449999999999994 -15.055575691970013 8.6485011248530412 2.0802102680723102e-16 -0.42261826174069916 -0.90630778703665005 
1 -9.2571096622250034e-16 -0.48844882610192969 2.7384406451536352 -2.0802102680723082e-16 0.42261826174069972 0.90630778703664983 
1 -1.5920156074337319 1.7915549952346266 0 0.42261826174069944 0.90630778703664994 0 
1 -1.2830398011561864e-15 -0.91582638864860977 3.241647454493271 1 -3.3306690738754696e-16 3.8857805861880479e-16 
1 -0.91582638864861088 3.2416474544932705 0 0.90630778703665005 -0.42261826174069939 0 
1 -3.2000000000000011 -0.37204171642661893 2.9880764974488496 1 -3.3306690738754696e-16 3.8857805861880479e-16 
1 -3.2000000000000028 -3.9972728645732181 4.6785495444116485 1 -3.3306690738754696e-16 3.8857805861880479e-16 
1 -3.2000000000000024 -4.6734620833583405 3.2284570851530052 1 -3.3306690738754696e-16 3.8857805861880479e-16 
1 -9.5020615826461508e-16 -1.5920156074337313 1.791554995234627 1 -3.3306690738754696e-16 3.8857805861880479e-16 
1 1.4999999999999969 -7.3234286897331362 4.4641568075605873 1.4076015744347658e-16 0.90630778703664994 -0.42261826174069972 
1 -3.2000000000000011 -1.0482309352117405 1.5379840381902061 1 -3.3306690738754696e-16 3.8857805861880479e-16 
1 -3.2000000000000068 -14.601073972902263 9.6231832067773162 1 -3.3306690738754696e-16 3.8857805861880479e-16 
1 -3.2000000000000082 -18.226305121048863 11.313656253740112 1 -3.3306690738754696e-16 3.8857805861880479e-16 
1 -18.226305121048867 11.313656253740108 0 0.90630778703664916 -0.42261826174070133 0 
1 -7.6100566723514644e-15 -17.682520448826875 11.060085296695693 1 -3.3306690738754696e-16 3.8857805861880479e-16 
1 -3.2000000000000064 -15.277263191687382 8.1730907475186747 1 -3.3306690738754696e-16 3.8857805861880479e-16 
1 -18.358709667612001 9.6099928374370442 0 0.42261826174070038 0.9063077870366496 0 
1 -3.2000000000000077 -18.902494339833986 9.8635637944814754 1 -3.3306690738754696e-16 3.8857805861880479e-16 
1 -18.902494339833989 9.86356379448147 0 0.90630778703664583 -0.42261826174070866 0 
1 -7.2772230294598936e-15 -18.358709667611997 9.6099928374370496 1 -3.3306690738754696e-16 3.8857805861880479e-16 
1 1.4999999999999973 -0.54113114508175186 2.6254630475129153 3.0186113176955038e-16 -0.42261826174069972 -0.90630778703664983 
1 -18.902494339833989 9.86356379448147 0 0.42261826174070161 0.90630778703664894 0 
Polygon3D 0
PolygonOnTriangulations 0
Surfaces 17
1 -8.6639049910329583e-15 -19.063975276176482 13.303189342008626 4.6608131545360343e-16 0.90630778703665005 -0.42261826174069944 2.0802102680723146e-16 -0.42261826174069944 -0.90630778703665005 -1 3.3449964083309843e-16 -3.8550555182957398e-16 
1 -8.6639049910329583e-15 -19.063975276176482 13.303189342008626 -2.1141116295433081e-16 0.42261826174069977 0.90630778703664983 3.4200091195650794e-16 0.90630778703664983 -0.42261826174069977 -1 2.2061187147947969e-16 -3.3613941417677758e-16 
1 0 0 0 2.1141116295433084e-16 -0.42261826174069972 -0.90630778703664983 -3.4200091195650794e-16 -0.90630778703664983 0.42261826174069972 -1 2.2061187147947972e-16 -3.3613941417677758e-16 
1 -4.3319524955164791e-15 -9.5319876380882409 6.6515946710043128 1 -2.2204460492503146e-16 3.3306690738754647e-16 -3.3306690738754647e-16 0 1 -2.2204460492503146e-16 -1 -7.3955709864469791e-32 
1 -3.2000000000000028 -3.9972728645732181 4.6785495444116485 -2.1141116295433089e-16 0.42261826174069972 0.90630778703664994 3.4200091195650794e-16 0.90630778703664994 -0.42261826174069972 -1 2.2061187147947969e-16 -3.3613941417677758e-16 
1 -3.2000000000000028 -3.9972728645732181 4.6785495444116485 4.6608131545360353e-16 0.90630778703664971 -0.42261826174070005 2.0802102680723129e-16 -0.42261826174070005 -0.90630778703664971 -1 3.3449964083309843e-16 -3.8550555182957417e-16 
1 -3.2000000000000024 -4.6734620833583405 3.2284570851530052 -2.1141116295433089e-16 0.42261826174069972 0.90630778703664994 3.4200091195650794e-16 0.90630778703664994 -0.42261826174069972 -1 2.2061187147947969e-16 -3.3613941417677758e-16 
1 -3.2000000000000082 -18.226305121048863 11.313656253740112 -2.1141116295433103e-16 0.42261826174069939 0.90630778703665005 3.4200091195650754e-16 0.90630778703665005 -0.42261826174069939 -1 2.2061187147947935e-16 -3.3613941417677748e-16 
1 -3.2000000000000064 -15.277263191687382 8.1730907475186747 -4.6608131545360334e-16 -0.90630778703665005 0.42261826174069916 -2.0802102680723166e-16 0.42261826174069916 0.90630778703665005 -1 3.3449964083309843e-16 -3.8550555182957407e-16 
1 -3.2000000000000077 -18.902494339833986 9.8635637944814754 -2.1141116295433084e-16 0.42261826174069983 0.90630778703664994 3.4200091195650799e-16 0.90630778703664971 -0.42261826174069977 -1 2.2061187147947979e-16 -3.3613941417677768e-16 
1 -3.2000000000000082 -18.226305121048863 11.313656253740112 4.6608131545360403e-16 0.90630778703664883 -0.42261826174070188 2.080210268072305e-16 -0.42261826174070188 -0.90630778703664883 -1 3.3449964083309838e-16 -3.8550555182957437e-16 
1 -3.2000000000000011 -0.37204171642661893 2.9880764974488496 4.6608131545360343e-16 0.90630778703664983 -0.42261826174069972 2.0802102680723136e-16 -0.42261826174069972 -0.90630778703664983 -1 3.3449964083309843e-16 -3.8550555182957407e-16 
1 -8.3208410722892546e-16 1.6904730469627991 3.6252311481465993 4.6608131545360353e-16 0.90630778703664983 -0.42261826174069977 2.0802102680723141e-16 -0.42261826174069977 -0.90630778703664983 -1 3.3449964083309848e-16 -3.8550555182957417e-16 
1 -4.2793475582371081e-15 -9.6353849346330751 6.4247220893549386 1 0 3.3306690738754903e-16 -3.3306690738754903e-16 0 1 0 -1 0 
1 -4.2793475582371081e-15 -9.6353849346330751 6.4247220893549386 1 0 3.3306690738754903e-16 -3.3306690738754903e-16 0 1 0 -1 0 
1 -9.5020615826461508e-16 -1.5920156074337313 1.791554995234627 -4.6608131545360343e-16 -0.90630778703664983 0.42261826174069972 -2.0802102680723136e-16 0.42261826174069972 0.90630778703664983 -1 3.3449964083309843e-16 -3.8550555182957407e-16 
1 -7.2772230294598936e-15 -18.358709667611997 9.6099928374370496 -4.6608131545360373e-16 -0.90630778703664949 0.42261826174070066 -2.0802102680723102e-16 0.42261826174070066 0.90630778703664949 -1 3.3449964083309838e-16 -3.8550555182957417e-16 
Triangulations 0

TShapes 133
Ve
1e-07
-19.0639752761765 13.3031893420086 0
0 0

0101101
*
Ed
 1e-07 1 1 0
1  1 0 0 2.45
0

0101000
+133 4 -133 6 *
Ve
1e-07
-20.7544483231393 9.67795819386202 0
0 0

0101101
*
Ed
 1e-07 1 1 0
1  2 0 0 2.45
0

0101000
+131 4 -131 6 *
Ed
 1e-07 1 1 0
1  3 0 0 4
0

0101000
+133 0 -131 0 *
Wi

0101100
+132 0 -130 0 -129 4 +129 6 *
Fa
0  1e-07 1 0

0101000
+128 0 *
Ve
1.00000000496507e-07
1.6904730469628 3.6252311481466 0
0 0

0101101
*
Ed
 1.00000000496507e-07 1 1 0
1  4 0 0 2.45
0

0101000
+126 4 -126 6 *
Ed
 1e-07 1 1 0
1  5 0 0 22.9
0

0101000
+133 0 -126 0 *
Wi

0101100
+132 0 -125 0 -124 4 +124 6 *
Fa
0  1e-07 2 0

0101000
+123 0 *
Ve
1e-07
0 0 0
0 0

0101101
*
Ed
 1e-07 1 1 0
1  6 0 0 2.45
0

0101000
+121 4 -121 6 *
Ed
 1e-07 1 1 0
1  7 0 0 22.9
0

0101000
+121 0 -131 0 *
Wi

0101100
+120 0 -130 0 -119 4 +119 6 *
Fa
0  1e-07 3 0

0101000
+118 0 *
Ed
 1e-07 1 1 0
1  8 0 0 4
0

0101000
+126 0 -121 0 *
Wi

0101100
+129 4 -124 4 -119 4 -116 4 *
Ve
1.5000000216054e-07
-8.88178419700125e-16 -0.37204171642662 2.98807649744885
0 0

0101101
*
Ve
1.50000001913616e-07
-1.28303980115619e-15 -0.91582638864861 3.24164745449327
0 0

0101101
*
Ed
 1.5e-07 1 1 0
1  9 0 -6.925 -6.325
2  1 4 0 -6.925 -6.325
2  2 5 0 -6.925 -6.325
0

0101000
+114 0 -113 0 *
Ve
1.50000001136823e-07
-2.66453525910038e-15 -3.99727286457322 4.67854954441165
0 0

0101101
*
Ed
 1.5e-07 1 1 0
1  9 0 -6.325 -2.925
2  1 4 0 -6.325 -2.925
2  2 5 0 -6.325 -2.925
0

0101000
+113 0 -111 0 *
Ve
1.50000001332269e-07
-2.22044604925031e-15 -4.67346208335834 3.22845708515301
0 0

0101101
*
Ed
 1.5e-07 1 1 0
1  10 0 -1.32455731279608 0.275442687203924
2  3 4 0 -1.32455731279608 0.275442687203924
2  4 6 0 -1.32455731279608 0.275442687203924
0

0101000
+109 0 -111 0 *
Ve
1.50000002556957e-07
-9.50206158264615e-16 -1.59201560743373 1.79155499523463
0 0

0101101
*
Ed
 1.5e-07 1 1 0
1  11 0 -6.325 -2.925
2  5 4 0 -6.325 -2.925
2  6 7 0 -6.325 -2.925
0

0101000
+107 0 -109 0 *
Ve
1e-07
-7.44488252111739e-16 -1.0477221717859 1.53676989533749
0 0

0101101
*
Ed
 1e-07 1 1 0
1  12 0 0 0.600974867377092
0

0101000
+105 10 -107 10 *
Ed
 1e-07 1 1 0
1  13 0 0 1.60088567083553
0

0101000
+114 10 -105 10 *
Wi

0101100
-112 0 -110 0 +108 0 +106 0 +104 9 +103 9 *
Ve
1.5000000263375e-07
-6.66133814775094e-15 -14.6010739729023 9.62318320677732
0 0

0101101
*
Ve
1.50000001867706e-07
-7.61005667235146e-15 -17.6825204488269 11.0600852966957
0 0

0101101
*
Ed
 1.5e-07 1 1 0
1  14 0 0.925 4.325
2  7 4 0 0.925 4.325
2  8 8 0 0.925 4.325
0

0101000
+101 0 -100 0 *
Ve
1.5000000261758e-07
-6.21724893790088e-15 -15.2772631916874 8.17309074751868
0 0

0101101
*
Ed
 1.5e-07 1 1 0
1  15 0 -1.07544268720364 0.524557312796362
2  9 4 0 -1.07544268720364 0.524557312796362
2  10 9 0 -1.07544268720364 0.524557312796362
0

0101000
+101 0 -98 0 *
Ve
1.5000000404323e-07
-7.99360577730113e-15 -18.2263051210489 11.3136562537401
0 0

0101101
*
Ed
 1.5e-07 1 1 0
1  14 0 4.325 4.925
2  7 4 0 4.325 4.925
2  8 8 0 4.325 4.925
0

0101000
+100 0 -96 0 *
Ve
1.50000007133531e-07
-7.27722302945989e-15 -18.358709667612 9.60999283743705
0 0

0101101
*
Ed
 1.5e-07 1 1 0
1  16 0 0.924999999999995 4.325
2  11 4 0 0.924999999999995 4.325
2  12 10 0 0.924999999999995 4.325
0

0101000
+98 0 -94 0 *
Ve
1.50000001787576e-07
-7.54951656745106e-15 -18.902494339834 9.86356379448148
0 0

0101101
*
Ed
 1.5e-07 1 1 0
1  17 0 -1.32455731279638 0.275442687203624
2  13 4 0 -1.32455731279638 0.275442687203624
2  14 11 0 -1.32455731279638 0.275442687203624
0

0101000
+92 0 -96 0 *
Ed
 1.5e-07 1 1 0
1  16 0 4.325 4.925
2  11 4 0 4.325 4.925
2  12 10 0 4.325 4.925
0

0101000
+94 0 -92 0 *
Wi

0101100
-99 0 +97 0 -95 0 +93 0 +91 0 +90 0 *
Fa
0  1e-07 4 0

0101000
+115 0 +102 0 +89 0 *
Wi

0101100
+129 6 -124 6 -119 6 -116 6 *
Ve
1.50000002448161e-07
2.45 -0.372041716426621 2.98807649744885
0 0

0101101
*
Ve
1.50000000444089e-07
2.45 -3.99727286457322 4.67854954441165
0 0

0101101
*
Ed
 1.5e-07 1 1 0
1  18 0 -6.925 -2.925
2  15 4 5 -6.925 -2.925
2  16 5 0 -6.925 -2.925
0

0101000
+86 0 -85 0 *
Ve
1.50000001601186e-07
2.45 -4.67346208335834 3.22845708515301
0 0

0101101
*
Ed
 1.5e-07 1 1 0
1  19 0 -1.32455731279608 0.275442687203924
2  17 4 5 -1.32455731279608 0.275442687203924
2  18 6 0 -1.32455731279608 0.275442687203924
0

0101000
+83 0 -85 0 *
Ve
1.50000002328823e-07
2.45 -1.04823093521174 1.53798403819021
0 0

0101101
*
Ed
 1.5e-07 1 1 0
1  20 0 -6.925 -2.925
2  19 4 5 -6.925 -2.925
2  20 7 0 -6.925 -2.925
0

0101000
+81 0 -83 0 *
Ed
 1.5e-07 1 1 0
1  21 0 -1.32455731279608 0.275442687203923
2  21 4 5 -1.32455731279608 0.275442687203923
2  22 12 0 -1.32455731279608 0.275442687203923
0

0101000
+81 0 -86 0 *
Wi

0101100
-84 0 +82 0 +80 0 -79 0 *
Ve
1.50000001776357e-07
2.44999999999999 -14.6010739729023 9.62318320677732
0 0

0101101
*
Ve
1.50000001831027e-07
2.44999999999999 -18.2263051210489 11.3136562537401
0 0

0101101
*
Ed
 1.5e-07 1 1 0
1  22 0 0.925000000000001 4.925
2  23 4 5 0.925000000000001 4.925
2  24 8 0 0.925000000000001 4.925
0

0101000
+77 0 -76 0 *
Ve
1.50000003580362e-07
2.44999999999999 -18.902494339834 9.86356379448148
0 0

0101101
*
Ed
 1.5e-07 1 1 0
1  23 0 -1.32455731279638 0.275442687203626
2  25 4 5 -1.32455731279638 0.275442687203626
2  26 11 0 -1.32455731279638 0.275442687203626
0

0101000
+74 0 -76 0 *
Ve
1.50000001831027e-07
2.44999999999999 -15.2772631916874 8.17309074751868
0 0

0101101
*
Ed
 1.5e-07 1 1 0
1  24 0 0.924999999999996 4.925
2  27 4 5 0.924999999999996 4.925
2  28 10 0 0.924999999999996 4.925
0

0101000
+72 0 -74 0 *
Ed
 1.5e-07 1 1 0
1  25 0 -1.07544268720364 0.524557312796364
2  29 4 5 -1.07544268720364 0.524557312796364
2  30 9 0 -1.07544268720364 0.524557312796364
0

0101000
+77 0 -72 0 *
Wi

0101100
-75 0 +73 0 +71 0 +70 0 *
Fa
0  1e-07 4 5

0101000
+87 0 +78 0 +69 0 *
Wi

0101100
+125 0 -120 0 -116 4 +116 6 *
Fa
0  1e-07 13 0

0101000
+67 0 *
Ve
1.5000000218214e-07
-8.88178419700125e-16 -1.04823093521174 1.53798403819021
0 0

0101101
*
Ed
 1.5e-07 1 1 0
1  26 0 -1.32455731279608 0.275442687203923
2  31 4 0 -1.32455731279608 0.275442687203923
2  32 12 0 -1.32455731279608 0.275442687203923
0

0101000
+65 0 -114 0 *
Ed
 1.5e-07 1 1 0
1  11 0 -6.925 -6.325
2  5 4 0 -6.925 -6.325
2  6 7 0 -6.925 -6.325
0

0101000
+65 0 -107 0 *
Ed
 1e-07 1 1 0
1  27 0 0 1.6
0

0101000
+107 10 -113 10 *
Wi

0101100
+64 0 -63 0 -62 9 +112 0 *
Fa
0  1e-07 14 0

0101000
+61 0 *
Ve
1.00000000111022e-07
1.5 -0.91582638864861 3.24164745449327
0 0

0101101
*
Ed
 1.00000000111022e-07 1 1 0
1  28 0 0 1.5
0

0101000
+113 0 -59 0 *
Ve
2.12133034355964e-07
1.5 -0.37204171642662 2.98807649744885
0 0

0101101
*
Ed
 1.00000000111022e-07 1 1 0
1  29 0 0 0.6
0

0101000
+59 13 -57 13 *
Ed
 1e-07 1 1 0
1  30 0 4.7 5.65
0

0101000
+57 0 -86 0 *
Ed
 1e-07 1 1 0
1  31 0 3.2 5.65
0

0101000
+111 0 -85 0 *
Wi

0101100
-58 0 -56 12 -55 0 -84 0 +54 0 +110 0 *
Fa
0  1e-07 5 0

0101000
+53 0 *
Ed
 1e-07 1 1 0
1  32 0 3.2 5.65
0

0101000
+109 0 -83 0 *
Wi

0101100
+108 0 -51 0 -82 0 +54 0 *
Fa
0  1e-07 6 0

0101000
+50 0 *
Ve
1.50000001601186e-07
1.5 -1.59201560743373 1.79155499523463
0 0

0101101
*
Ed
 1.00000000496507e-07 1 1 0
1  33 0 0 1.5
0

0101000
+107 0 -48 0 *
Ve
1.50000002782211e-07
1.5 -1.04823093521174 1.53798403819021
0 0

0101101
*
Ed
 1.5e-07 1 1 0
1  34 0 6.32391463946192 6.92391463946192
2  33 7 0 6.32391463946192 6.92391463946192
2  34 14 11 6.32391463946192 6.92391463946192
0

0101000
+48 0 -46 0 *
Ed
 1e-07 1 1 0
1  35 0 4.7 5.65
0

0101000
+46 0 -81 0 *
Wi

0101100
-47 0 -45 0 -44 0 -80 0 +51 0 +106 0 *
Fa
0  1e-07 7 0

0101000
+43 0 *
Wi

0101100
-103 9 -104 9 +63 0 -64 0 *
Fa
0  1e-07 4 0

0101000
+41 0 *
Ed
 1e-07 1 1 0
1  36 0 3.2 5.65
0

0101000
+101 0 -77 0 *
Ve
1.00000003972055e-07
1.49999999999999 -18.2263051210489 11.3136562537401
0 0

0101101
*
Ed
 1e-07 1 1 0
1  37 0 4.7 5.65
0

0101000
+38 0 -76 0 *
Ve
1.00000001776357e-07
1.49999999999999 -17.6825204488269 11.0600852966957
0 0

0101101
*
Ed
 1.00000001776357e-07 1 1 0
1  38 0 0 0.599999999999999
0

0101000
+38 13 -36 13 *
Ed
 1e-07 1 1 0
1  39 0 0 1.5
0

0101000
+100 0 -36 0 *
Wi

0101100
-39 0 -75 0 +37 0 -35 12 +34 0 +99 0 *
Fa
0  1e-07 8 0

0101000
+33 0 *
Ed
 1e-07 1 1 0
1  40 0 3.2 5.65
0

0101000
+98 0 -72 0 *
Wi

0101100
+97 0 -39 0 -70 0 +31 0 *
Fa
0  1e-07 9 0

0101000
+30 0 *
Ed
 1e-07 1 1 0
1  41 0 0 1.6
0

0101000
+94 10 -100 10 *
Wi

0101100
-95 0 -28 9 +90 0 +91 0 *
Fa
0  1e-07 15 0

0101000
-27 0 *
Ve
1.00000006404746e-07
1.49999999999999 -18.902494339834 9.86356379448148
0 0

0101101
*
Ed
 1e-07 1 1 0
1  42 0 4.7 5.65
0

0101000
+25 0 -74 0 *
Ve
1.00000006404746e-07
1.49999999999999 -18.358709667612 9.60999283743705
0 0

0101101
*
Ed
 1.00000006404746e-07 1 1 0
1  43 0 0 0.600000000000001
0

0101000
+25 13 -23 13 *
Ed
 1.00000006404746e-07 1 1 0
1  44 0 0 1.5
0

0101000
+94 0 -23 0 *
Wi

0101100
-31 0 -71 0 +24 0 -22 12 +21 0 +93 0 *
Fa
0  1e-07 10 0

0101000
+20 0 *
Ed
 1.5e-07 1 1 0
1  45 0 -0.400099673778123 1.19990032622188
2  35 12 0 -0.400099673778123 1.19990032622188
2  36 14 11 -0.400099673778123 1.19990032622188
0

0101000
+57 0 -46 0 *
Wi

0101100
-44 0 -79 0 +55 0 -18 0 *
Fa
0  1e-07 12 0

0101000
+17 0 *
Ed
 1.00000003972055e-07 1 1 0
1  46 0 0 1.6
0

0101000
+25 13 -38 13 *
Wi

0101100
-24 0 -73 0 +37 0 +15 12 *
Fa
0  1e-07 11 0

0101000
+14 0 *
Ed
 1e-07 1 1 0
1  27 0 0 1.6
0

0101000
+48 13 -59 13 *
Wi

0101100
+47 0 -58 0 -62 9 +12 12 *
Fa
0  1e-07 16 0

0101000
+11 0 *
Wi

0101100
-56 12 -18 0 +45 0 -12 12 *
Fa
0  1e-07 14 11

0101000
+9 0 *
Ed
 1e-07 1 1 0
1  41 0 0 1.6
0

0101000
+23 13 -36 13 *
Wi

0101100
+35 12 -7 12 -22 12 +15 12 *
Fa
0  1e-07 15 11

0101000
-6 0 *
Wi

0101100
+21 0 -34 0 -28 9 +7 12 *
Fa
0  1e-07 17 0

0101000
+4 0 *
Sh

0101100
-127 0 +122 0 +117 0 -88 0 +68 0 +66 0 -60 0 -52 0 +49 0 +42 0 
-40 0 -32 0 +29 0 -26 0 +19 0 -16 0 +13 0 +10 0 +8 0 +5 0 
-3 0 *
So

0100000
+2 0 *

+1 1 ]]>
      </Part>
      <ElementMap new="1" count="1"><Element key="Dummy" value="Dummy"/></ElementMap>
      <ElementMap2 count="114">
<![CDATA[
12 PostfixCount 24
Edge
Face
Vertex
;:Hedd,V
;:Hedd,E
;:M2;FUS;:Hedd:8,E
;:M;FUS;:Hedd:7,E
;:M;FUS;:Hedd:7,V
;:G#12ce;FUS;:Hedd:c,V
;:M;FUS;:Hedd:7,F
;:Hedd,F
;:M#1298;FUS;:H-ee1:c,E
;:M#1292;FUS;:H-ee1:c,E
;:M#12a2;FUS;:H-ee1:c,V
;:M;FUS;:H-ee1:7,V
;:M#12a4;FUS;:H-ee1:c,V
;:M#129e;FUS;:H-ee1:c,V
;:M;FUS;:H-ee1:7,E
;:M#129c;FUS;:H-ee1:c,E
;:M#129a;FUS;:H-ee1:c,E
;:M;FUS;:H-ee1:7,F
;:M2#12cd;FUS;:H-ee1:d,F
;:G2#12cb;FUS;:H-ee1:d,E
;:G3#12cc;FUS;:H-ee1:d,E

MapCount 1

ElementMap 1 12 3

Edge

ChildCount 0

NameCount 57
0
$#df6.5 0
$#dfa.5 0
$#dfb.5 0
$#dfc.5 0
$#1286.5 0
$#df8.5 0
$#df9.5 0
$#e3c.5 0
$#e00.5 0
$#e12.5 0
$#dfe.5 0
$#400.d.238.cc1.cdc.d6c.1291.1292 0
$#1291.6.238.cc1.cdc.d6c 0
$#1287.5 0
$#1293.6.23a.cc1.cdc.d6e 0
$#41a.12 0
$#419.12 0
$#1297.7 0
$#1288.5 0
$#3ff.c.234.cc1.cdc.d62.1297.1298 0
$#129b.7 0
$#416.14.237.cc1.cdc.d61.1299.129a 0
$#415.13.236.cc1.cdc.d5f.129b.129c 0
$#dff.5 0
$#1289.5 0
$#128a.5 0
$#128b.5 0
$#128c.5 0
$#128d.5 0
$#128e.5 0
$#128f.5 0
$#1290.5 0
$#1295.7.239.cc1.cdc.d6b 0
$#1293.7.23a.cc1.cdc.d6e 0
$#41b.12 0
$#43b.12 0
$#4f2.12 0
$#3d4.7 0
$#3d5.5 0
$#3d6.5 0
$#43e.12 0
$#4f6.17.23a.3e4.12cb 0
$#3d7.7 0
$#3d8.5 0
$#3d9.7 0
$#4e8.12 0
$#438.12 0
$#3db.5 0
$#414.12 0
$#3da.7 0
$#4ea.12 0
$#439.12 0
$#4f6.18.239.3e5.12cc 0
$#4eb.12 0
$#4f5.12 0
$#4e9.12 0

Face

ChildCount 0

NameCount 22
0
$#e46.b 0
$#e45.b 0
$#e49.b 0
$#e83.a 0
$#e48.b 0
$#e47.b 0
$#41c.15 0
$#3e2.a 0
$#3e3.b 0
$#3e4.a 0
$#41c.16.cdc.e83.12cd 0
$#3e6.a 0
$#3e9.b 0
$#418.15 0
$#3e8.a 0
$#3e5.a 0
$#3e7.a 0
$#42d.15 0
$#4f6.15 0
$#4ed.15 0
$#427.15 0

Vertex

ChildCount 0

NameCount 38
0
$#d9f.4 0
$#da1.4 0
$#da5.4 0
$#da7.4 0
$#da3.4 0
$#1279.4 0
$#dab.4 0
$#dcd.4 0
$#409.11.249.cc1.cdc.d77.129d.129e 0
$#408.f 0
$#127a.4 0
$#127b.4 0
$#40b.f 0
$#40a.f 0
$#127c.4 0
$#405.f 0
$#127d.4 0
$#404.e.244.cc1.cdc.d7c.12a1.12a2 0
$#406.f 0
$#407.10.247.cc1.cdc.d7d.12a3.12a4 0
$#127e.4 0
$#127f.4 0
$#1280.4 0
$#1281.4 0
$#1282.4 0
$#1283.4 0
$#1284.4 0
$#1285.4 0
$#129f.8.24a.cc1.cdc.d7a 0
$#4ee.f 0
$#4ef.f 0
$#4f1.f 0
$#3d7.9.41c.4f6.12ce 0
$#4e3.f 0
$#4e4.f 0
$#4e6.f 0
$#4e5.f 0

EndMap
]]>
      </ElementMap2>
    </Property>
    <Property name="Suppress" type="App::PropertyBool">
      <Bool value="false"/>
    </Property>
    <Property name="SuppressedShape" type="Part::PropertyPartShape">
      <Part ElementMap="0.15.70200.4" brep="1">
<![CDATA[

CASCADE Topology V1, (c) Matra-Datavision
Locations 0
Curve2ds 0
Curves 0
Polygon3D 0
PolygonOnTriangulations 0
Surfaces 0
Triangulations 0

TShapes 0

*]]>
      </Part>
      <ElementMap/>
    </Property>
    <Property name="TaperAngle" type="App::PropertyAngle" status="4">
      <Float value="0"/>
    </Property>
    <Property name="TaperAngle2" type="App::PropertyAngle" status="4">
      <Float value="0"/>
    </Property>
    <Property name="TaperAngleRev" type="App::PropertyAngle" status="4">
      <Float value="0"/>
    </Property>
    <Property name="TaperInnerAngle" type="App::PropertyAngle">
      <Float value="0"/>
    </Property>
    <Property name="TaperInnerAngleRev" type="App::PropertyAngle">
      <Float value="0"/>
