<?xml version='1.0' encoding='utf-8'?>
<!-- FreeCAD DocumentObject -->
<Document SchemaVersion="4" FileVersion="2">
<Object name="Pad001">
  <Properties Count="47" TransientCount="2">
    <_Property name="_Body" type="App::PropertyLinkHidden" status="251658241"/>
    <_Property name="_ElementMapVersion" type="App::PropertyString" status="234881024"/>
    <Property name="AddSubShape" type="Part::PropertyPartShape">
      <Part HasherIndex="0" ElementMap="1.15.70200.4" brep="1">
<![CDATA[

CASCADE Topology V1, (c) Matra-Datavision
Locations 8
1
              1               0               0               0 
              0               1               0               0 
              0               0               1               0 
1
2.22044604925031e-16 -3.33066907387547e-16               1               0 
              1 3.33066907387547e-16 -2.22044604925031e-16               0 
-3.33066907387547e-16               1 3.33066907387547e-16               0 
1
              1               0               0            -3.2 
              0               1               0 1.06581410364015e-15 
              0               0               1 -1.24344978758018e-15 
2  1 1 2 1 3 1 0
1
              1               0               0             7.8 
              0               1               0 -2.59792187762287e-15 
              0               0               1 3.03090885722668e-15 
2  1 1 2 1 3 1 5 1 0
2  1 1 2 1 0
2  3 1 5 1 0
Curve2ds 0
Curves 16
1 -3.2000000000000082 -18.226305121048863 11.313656253740112 1 -3.3306690738754696e-16 3.8857805861880479e-16 
1 -3.2000000000000068 -14.601073972902263 9.6231832067773162 1 -3.3306690738754696e-16 3.8857805861880479e-16 
1 -18.226305121048867 11.313656253740108 0 0.90630778703665016 -0.42261826174069911 0 
1 -3.2000000000000064 -15.277263191687382 8.1730907475186747 1 -3.3306690738754696e-16 3.8857805861880479e-16 
1 -15.277263191687387 8.1730907475186712 0 0.42261826174069889 0.90630778703665016 0 
1 -3.2000000000000077 -18.902494339833986 9.8635637944814754 1 -3.3306690738754696e-16 3.8857805861880479e-16 
1 -18.902494339833989 9.86356379448147 0 0.90630778703665005 -0.42261826174069955 0 
1 -18.226305121048867 11.313656253740108 0 -0.42261826174070161 -0.90630778703664894 0 
1 -3.2000000000000028 -3.9972728645732181 4.6785495444116485 1 -3.3306690738754696e-16 3.8857805861880479e-16 
1 -3.2000000000000011 -0.37204171642661893 2.9880764974488496 1 -3.3306690738754696e-16 3.8857805861880479e-16 
1 -3.9972728645732207 4.6785495444116485 0 0.90630778703665005 -0.42261826174069944 0 
1 -3.2000000000000011 -1.0482309352117405 1.5379840381902061 1 -3.3306690738754696e-16 3.8857805861880479e-16 
1 -0.37204171642662098 2.988076497448851 0 -0.42261826174069944 -0.90630778703664994 0 
1 -3.2000000000000024 -4.6734620833583405 3.2284570851530052 1 -3.3306690738754696e-16 3.8857805861880479e-16 
1 -4.6734620833583422 3.2284570851530048 0 0.90630778703665005 -0.42261826174069944 0 
1 -3.9972728645732207 4.6785495444116485 0 -0.42261826174069977 -0.90630778703664983 0 
Polygon3D 0
PolygonOnTriangulations 0
Surfaces 10
1 -3.2000000000000082 -18.226305121048863 11.313656253740112 -2.1141116295433103e-16 0.42261826174069939 0.90630778703665005 3.4200091195650754e-16 0.90630778703665005 -0.42261826174069939 -1 2.2061187147947935e-16 -3.3613941417677748e-16 
1 -3.2000000000000064 -15.277263191687382 8.1730907475186747 -4.6608131545360334e-16 -0.90630778703665005 0.42261826174069916 -2.0802102680723166e-16 0.42261826174069916 0.90630778703665005 -1 3.3449964083309843e-16 -3.8550555182957407e-16 
1 -3.2000000000000077 -18.902494339833986 9.8635637944814754 -2.1141116295433084e-16 0.42261826174069983 0.90630778703664994 3.4200091195650799e-16 0.90630778703664971 -0.42261826174069977 -1 2.2061187147947979e-16 -3.3613941417677768e-16 
1 -3.2000000000000082 -18.226305121048863 11.313656253740112 4.6608131545360403e-16 0.90630778703664883 -0.42261826174070188 2.080210268072305e-16 -0.42261826174070188 -0.90630778703664883 -1 3.3449964083309838e-16 -3.8550555182957437e-16 
1 -4.2801314153080401e-15 -9.637268028130304 6.4258201459651634 1 0 3.3306690738755658e-16 -3.3306690738755658e-16 0 1 0 -1 0 
1 -3.2000000000000028 -3.9972728645732181 4.6785495444116485 -2.1141116295433089e-16 0.42261826174069972 0.90630778703664994 3.4200091195650794e-16 0.90630778703664994 -0.42261826174069972 -1 2.2061187147947969e-16 -3.3613941417677758e-16 
1 -3.2000000000000011 -0.37204171642661893 2.9880764974488496 4.6608131545360343e-16 0.90630778703664983 -0.42261826174069972 2.0802102680723136e-16 -0.42261826174069972 -0.90630778703664983 -1 3.3449964083309843e-16 -3.8550555182957407e-16 
1 -3.2000000000000024 -4.6734620833583405 3.2284570851530052 -2.1141116295433089e-16 0.42261826174069972 0.90630778703664994 3.4200091195650794e-16 0.90630778703664994 -0.42261826174069972 -1 2.2061187147947969e-16 -3.3613941417677758e-16 
1 -3.2000000000000028 -3.9972728645732181 4.6785495444116485 4.6608131545360353e-16 0.90630778703664971 -0.42261826174070005 2.0802102680723129e-16 -0.42261826174070005 -0.90630778703664971 -1 3.3449964083309843e-16 -3.8550555182957417e-16 
1 -4.2801314153080401e-15 -9.637268028130304 6.4258201459651634 1 0 3.3306690738755658e-16 -3.3306690738755658e-16 0 1 0 -1 0 
Triangulations 0

TShapes 49
Ve
1e-07
-18.2263051210489 11.3136562537401 0
0 0

0101101
*
Ed
 1e-07 1 1 0
1  1 0 0 7.8
0

0101000
+49 4 -49 6 *
Ve
1e-07
-14.6010739729023 9.62318320677731 0
0 0

0101101
*
Ed
 1e-07 1 1 0
1  2 0 0 7.8
0

0101000
+47 4 -47 6 *
Ed
 1e-07 1 1 0
1  3 0 0 4
0

0101000
+49 0 -47 0 *
Wi

0101100
+48 0 -46 0 -45 4 +45 6 *
Fa
0  1e-07 1 0

0111000
+44 0 *
Ve
1e-07
-15.2772631916874 8.17309074751867 0
0 0

0101101
*
Ed
 1e-07 1 1 0
1  4 0 0 7.8
0

0101000
+42 4 -42 6 *
Ed
 1e-07 1 1 0
1  5 0 0 1.6
0

0101000
+42 0 -47 0 *
Wi

0101100
+41 0 -46 0 -40 4 +40 6 *
Fa
0  1e-07 2 0

0111000
+39 0 *
Ve
1e-07
-18.902494339834 9.86356379448147 0
0 0

0101101
*
Ed
 1e-07 1 1 0
1  6 0 0 7.8
0

0101000
+37 4 -37 6 *
Ed
 1e-07 1 1 0
1  7 0 0 4
0

0101000
+37 0 -42 0 *
Wi

0101100
+36 0 -41 0 -35 4 +35 6 *
Fa
0  1e-07 3 0

0111000
+34 0 *
Ed
 1e-07 1 1 0
1  8 0 0 1.6
0

0101000
+49 0 -37 0 *
Wi

0101100
+48 0 -36 0 -32 4 +32 6 *
Fa
0  1e-07 4 0

0111000
+31 0 *
Wi

0101100
+45 0 -40 0 -35 0 -32 0 *
Fa
0  1e-07 5 0

0111000
-29 7 *
Sh

0101100
-43 0 +38 0 +33 0 +30 0 +28 3 -28 8 *
So

0100000
-27 0 *
Ve
1e-07
-3.99727286457322 4.67854954441165 0
0 0

0101101
*
Ed
 1e-07 1 1 0
1  9 0 0 7.8
0

0101000
+25 4 -25 6 *
Ve
1e-07
-0.372041716426621 2.98807649744885 0
0 0

0101101
*
Ed
 1e-07 1 1 0
1  10 0 0 7.8
0

0101000
+23 4 -23 6 *
Ed
 1e-07 1 1 0
1  11 0 0 4
0

0101000
+25 0 -23 0 *
Wi

0101100
+24 0 -22 0 -21 4 +21 6 *
Fa
0  1e-07 6 0

0111000
+20 0 *
Ve
1e-07
-1.04823093521174 1.53798403819021 0
0 0

0101101
*
Ed
 1e-07 1 1 0
1  12 0 0 7.8
0

0101000
+18 4 -18 6 *
Ed
 1e-07 1 1 0
1  13 0 0 1.6
0

0101000
+23 0 -18 0 *
Wi

0101100
+22 0 -17 0 -16 4 +16 6 *
Fa
0  1e-07 7 0

0111000
+15 0 *
Ve
1e-07
-4.67346208335834 3.228457085153 0
0 0

0101101
*
Ed
 1e-07 1 1 0
1  14 0 0 7.8
0

0101000
+13 4 -13 6 *
Ed
 1e-07 1 1 0
1  15 0 0 4
0

0101000
+13 0 -18 0 *
Wi

0101100
+12 0 -17 0 -11 4 +11 6 *
Fa
0  1e-07 8 0

0111000
+10 0 *
Ed
 1e-07 1 1 0
1  16 0 0 1.6
0

0101000
+25 0 -13 0 *
Wi

0101100
+24 0 -12 0 -8 4 +8 6 *
Fa
0  1e-07 9 0

0111000
+7 0 *
Wi

0101100
+21 0 +16 0 -11 0 -8 0 *
Fa
0  1e-07 10 0

0111000
-5 7 *
Sh

0101100
-19 0 -14 0 +9 0 +6 0 +4 3 -4 8 *
So

0100000
-3 0 *
Co

1100000
+26 0 +2 0 *

+1 0 ]]>
      </Part>
      <ElementMap new="1" count="1"><Element key="Dummy" value="Dummy"/></ElementMap>
      <ElementMap2 count="52">
<![CDATA[
8 PostfixCount 11
Edge
Face
Vertex
;:G;XTR;:Hedc:7,F
;FAC;:Hedc:4,F
;:G;XTR;:Hedc:7,E
;:G0;XTR;:Hedc:8,F
;:U;XTR;:Hedc:7,E
;:U;XTR;:Hedc:7,V
;SKT;:Hedc,E
;SKT;:Hedc,V

MapCount 1

ElementMap 1 8 3

Edge

ChildCount 0

NameCount 25
0
$#214.6 0
$#215.6 0
;g72.a 0
$#234.8 0
$#216.6 0
;g73.a 0
$#235.8 0
$#217.6 0
;g74.a 0
$#236.8 0
;g75.a 0
$#237.8 0
$#218.6 0
$#219.6 0
;g76.a 0
$#238.8 0
$#21a.6 0
;g77.a 0
$#239.8 0
$#21b.6 0
;g79.a 0
$#23a.8 0
;g78.a 0
$#23b.8 0

Face

ChildCount 0

NameCount 13
0
$#210.4 0
$#224.4 0
$#225.4 0
$#226.4 0
$#210.5 0
$#227.7 0
$#211.4 0
$#228.4 0
$#229.4 0
$#22a.4 0
$#211.5 0
$#22b.7 0

Vertex

ChildCount 0

NameCount 17
0
;g72v1.b 0
$#244.9 0
;g72v2.b 0
$#245.9 0
;g73v1.b 0
$#246.9 0
;g74v1.b 0
$#247.9 0
;g76v1.b 0
$#248.9 0
;g76v2.b 0
$#249.9 0
;g77v2.b 0
$#24a.9 0
;g78v2.b 0
$#24b.9 0

EndMap
]]>
      </ElementMap2>
    </Property>
    <Property name="AddSubType" type="App::PropertyEnumeration">
      <Integer value="1"/>
    </Property>
    <Property name="AllowMultiFace" type="App::PropertyBool">
      <Bool value="true"/>
    </Property>
    <Property name="AlongSketchNormal" type="App::PropertyBool">
      <Bool value="false"/>
    </Property>
    <Property name="AutoTaperInnerAngle" type="App::PropertyBool">
      <Bool value="true"/>
    </Property>
    <Property name="BaseFeature" type="App::PropertyLink" status="8">
      <Link value="Pad"/>
    </Property>
    <Property name="CheckUpToFaceLimits" type="App::PropertyBool">
      <Bool value="true"/>
    </Property>
    <Property name="ClaimChildren" type="App::PropertyBool" status="134217728">
      <Bool value="false"/>
    </Property>
    <Property name="ColoredElements" type="App::PropertyLinkSubHidden" status="218103808">
      <LinkSub value="" count="0">
      </LinkSub>
    </Property>
    <Property name="Direction" type="App::PropertyVector" status="4">
      <PropertyVector valueX="1" valueY="-3.33066907387547e-16" valueZ="3.885780586188048e-16"/>
    </Property>
    <Property name="ExpressionEngine" type="App::PropertyExpressionEngine" status="67108864">
      <ExpressionEngine count="0"></ExpressionEngine>
    </Property>
    <Property name="Fit" type="App::PropertyDistance">
      <Float value="0"/>
    </Property>
    <Property name="FitJoin" type="App::PropertyEnumeration">
      <Integer value="0"/>
    </Property>
    <Property name="FixShape" type="App::PropertyEnumeration">
      <Integer value="0"/>
    </Property>
    <Property name="InnerFit" type="App::PropertyDistance">
      <Float value="0"/>
    </Property>
    <Property name="InnerFitJoin" type="App::PropertyEnumeration">
      <Integer value="0"/>
    </Property>
    <Property name="InvalidShape" type="App::PropertyBool" status="67108864">
      <Bool value="false"/>
    </Property>
    <Property name="Label" type="App::PropertyString" status="134217728">
      <String value="Pad001"/>
    </Property>
    <Property name="Label2" type="App::PropertyString" status="128">
      <String value=""/>
    </Property>
    <Property name="Length" type="App::PropertyLength">
      <Float value="4.6"/>
    </Property>
    <Property name="Length2" type="App::PropertyLength">
      <Float value="3.2"/>
    </Property>
    <Property name="Linearize" type="App::PropertyBool">
      <Bool value="true"/>
    </Property>
    <Property name="Midplane" type="App::PropertyBool" status="4">
      <Bool value="false"/>
    </Property>
    <Property name="NewSolid" type="App::PropertyBool">
      <Bool value="false"/>
    </Property>
    <Property name="Offset" type="App::PropertyLength" status="4">
      <Float value="0"/>
    </Property>
    <Property name="Placement" type="App::PropertyPlacement" status="8388620">
      <PropertyPlacement Px="0" Py="0" Pz="0" Q0="0" Q1="0" Q2="0" Q3="1" A="0" Ox="0" Oy="0" Oz="1"/>
    </Property>
    <Property name="Profile" type="App::PropertyLinkSub">
      <LinkSub value="Sketch002" count="1">
        <Sub value=""/>
      </LinkSub>
    </Property>
    <Property name="ReferenceAxis" type="App::PropertyLinkSub">
      <LinkSub value="Sketch002" count="1">
        <Sub value="N_Axis"/>
      </LinkSub>
    </Property>
    <Property name="Refine" type="App::PropertyBool">
      <Bool value="false"/>
    </Property>
    <Property name="Reversed" type="App::PropertyBool">
      <Bool value="false"/>
    </Property>
    <Property name="Shape" type="Part::PropertyPartShape">
      <Part HasherIndex="0" ElementMap="1.15.70200.4" brep="1">
<![CDATA[

CASCADE Topology V1, (c) Matra-Datavision
Locations 6
1
              1               0               0               0 
              0               1               0               0 
              0               0               1               0 
1
              1               0               0               0 
              0               1               0               0 
              0               0               1               0 
1
2.22044604925031e-16 -3.33066907387547e-16               1               0 
              1 3.33066907387547e-16 -2.22044604925031e-16               0 
-3.33066907387547e-16               1 3.33066907387547e-16               0 
2  2 1 3 1 0
1
              1               0               0            2.45 
              0               1               0 -8.1601392309949e-16 
              0               0               1 9.52016243616072e-16 
2  2 1 3 1 5 1 0
Curve2ds 32
8 -6.9250000000000025 -2.9250000000000012
1 -0.7368867110011168 -2.8837644964328195 0.42261826174069972 0.90630778703664994 
8 -6.9250000000000025 -2.9250000000000012
1 -2.925000000000002 -3.2000000000000006 -1 4.9303806576313227e-32 
8 -1.324557312796081 0.2754426872039239
1 -2.2226809788878796 -5.4183076638397125 0.90630778703664971 -0.42261826174070005 
8 -1.324557312796081 0.2754426872039239
1 0.2754426872039239 -3.2000000000000002 -1 -5.4234187233944562e-31 
8 -6.9250000000000025 -2.9250000000000003
1 -2.1869791702597601 -2.207575277647698 0.42261826174069972 0.90630778703664994 
8 -6.9250000000000025 -2.9250000000000003
1 -2.9250000000000012 -3.2000000000000006 -1 4.9303806576313227e-32 
8 -1.3245573127960812 0.2754426872039234
1 -3.9131540258506776 -9.0435388119863109 0.90630778703664983 -0.42261826174069972 
8 -1.3245573127960812 0.2754426872039234
1 0.27544268720392329 -3.2000000000000002 -1 -5.4234187233944562e-31 
8 0.92499999999999982 4.9250000000000007
1 2.5806666436628571 4.2307516318051217 0.42261826174069939 0.90630778703665005 
8 0.92499999999999982 4.9250000000000007
1 4.9249999999999998 -3.2000000000000006 -1 9.8607613152626454e-32 
8 -1.3245573127963772 0.27544268720362403
1 4.412425730440857 8.8107245926358058 0.90630778703664883 -0.42261826174070188 
8 -1.3245573127963772 0.27544268720362403
1 0.27544268720362231 -3.2000000000000006 -1 -4.9303806576313238e-31 
8 0.92499999999999538 4.9250000000000007
1 1.1305741844042174 4.9069408505902441 0.42261826174069983 0.90630778703664994 
8 0.92499999999999538 4.9250000000000007
1 4.9249999999999998 -3.2000000000000006 -1 -4.9303806576313238e-32 
8 -1.07544268720364 0.52455731279636242
1 1.9969064538487267 5.5235880538817721 -0.90630778703665005 0.42261826174069916 
8 -1.07544268720364 0.52455731279636242
1 0.52455731279636242 -3.2000000000000002 -1 6.4094948549207209e-31 
8 -6.9250000000000016 -2.9250000000000007
1 -0.7368867110011168 -2.8837644964328195 0.42261826174069972 0.90630778703664994 
8 -6.9250000000000016 -2.9250000000000007
1 -2.9250000000000016 -5.6500000000000012 -1 4.9303806576313227e-32 
8 -1.324557312796081 0.27544268720392395
1 -2.2226809788878796 -5.4183076638397116 0.90630778703664971 -0.42261826174070005 
8 -1.324557312796081 0.27544268720392395
1 0.27544268720392395 -5.6500000000000004 -1 -5.4234187233944562e-31 
8 -6.9250000000000016 -2.9249999999999998
1 -2.1869791702597601 -2.207575277647698 0.42261826174069972 0.90630778703664994 
8 -6.9250000000000016 -2.9249999999999998
1 -2.9250000000000007 -5.6500000000000012 -1 4.9303806576313227e-32 
8 -1.3245573127960815 0.27544268720392323
1 -3.9131540258506776 -9.0435388119863109 0.90630778703664983 -0.42261826174069972 
8 -1.3245573127960815 0.27544268720392323
1 0.27544268720392312 -5.6500000000000004 -1 -5.4234187233944562e-31 
8 0.92500000000000071 4.9250000000000016
1 2.5806666436628563 4.2307516318051217 0.42261826174069939 0.90630778703665005 
8 0.92500000000000071 4.9250000000000016
1 4.9250000000000007 -5.6500000000000004 -1 9.8607613152626454e-32 
8 -1.3245573127963755 0.27544268720362602
1 4.4124257304408561 8.8107245926358093 0.90630778703664883 -0.42261826174070188 
8 -1.3245573127963755 0.27544268720362602
1 0.2754426872036243 -5.6500000000000004 -1 -4.9303806576313238e-31 
8 0.92499999999999627 4.9250000000000016
1 1.1305741844042165 4.9069408505902441 0.42261826174069983 0.90630778703664994 
8 0.92499999999999627 4.9250000000000016
1 4.9250000000000007 -5.6500000000000004 -1 -4.9303806576313238e-32 
8 -1.0754426872036387 0.52455731279636353
1 1.9969064538487276 5.5235880538817721 -0.90630778703665005 0.42261826174069916 
8 -1.0754426872036387 0.52455731279636353
1 0.52455731279636353 -5.6500000000000004 -1 6.4094948549207209e-31 
Curves 32
1 -8.6639049910329583e-15 -19.063975276176482 13.303189342008626 1 -3.3306690738754696e-16 3.8857805861880479e-16 
1 -7.831820883804031e-15 -20.754448323139279 9.6779581938620236 1 -3.3306690738754696e-16 3.8857805861880479e-16 
1 -19.063975276176485 13.303189342008618 0 -0.42261826174069916 -0.90630778703665016 0 
1 -8.3208410722892556e-16 1.6904730469627987 3.6252311481465993 1 -3.3306690738754696e-16 3.8857805861880479e-16 
1 -19.063975276176485 13.303189342008618 0 0.90630778703664994 -0.4226182617406995 0 
1 0 0 0 1 -3.3306690738754696e-16 3.8857805861880479e-16 
1 0 0 0 -0.90630778703664994 0.42261826174069944 0 
1 1.690473046962798 3.6252311481465997 0 -0.4226182617406995 -0.90630778703664994 0 
1 -3.1114525380770676e-15 -6.6482231416554214 5.914707960003196 -3.4200091195650799e-16 -0.90630778703664994 0.42261826174069972 
1 -2.4978912098356407e-15 -4.1136799742485284 4.4289136921164332 -2.0802102680723072e-16 0.42261826174070005 0.90630778703664971 
1 -2.5009465067812199e-15 -7.3244123604405429 4.4646155007445527 -3.4200091195650799e-16 -0.90630778703664994 0.42261826174069972 
1 -9.2571096622250034e-16 -0.48844882610192969 2.7384406451536352 -2.0802102680723082e-16 0.42261826174069972 0.90630778703664983 
1 -5.5539431922523532e-15 -13.762739269893363 9.2322613146671699 -3.4200091195650789e-16 -0.90630778703665005 0.42261826174069939 
1 -7.625089022869575e-15 -18.342712230724047 11.06402040144517 -2.0802102680723003e-16 0.42261826174070188 0.90630778703664883 
1 -5.1654817658815364e-15 -14.438928488678485 7.7821688554085302 -3.4200091195650804e-16 -0.90630778703664994 0.42261826174069983 
1 -6.2749533841814631e-15 -15.055575691970013 8.6485011248530395 2.0802102680723102e-16 -0.42261826174069916 -0.90630778703665005 
1 2.4499999999999971 -6.6482231416554214 5.9147079600031969 -3.4200091195650799e-16 -0.90630778703664994 0.42261826174069972 
1 2.4499999999999975 -4.1136799742485293 4.428913692116434 -2.0802102680723072e-16 0.42261826174070005 0.90630778703664971 
1 2.4499999999999975 -7.3244123604405429 4.4646155007445536 -3.4200091195650799e-16 -0.90630778703664994 0.42261826174069972 
1 2.4499999999999993 -0.48844882610193008 2.7384406451536361 -2.0802102680723082e-16 0.42261826174069972 0.90630778703664983 
1 2.4499999999999944 -13.762739269893363 9.2322613146671699 -3.4200091195650789e-16 -0.90630778703665005 0.42261826174069939 
1 2.4499999999999922 -18.34271223072405 11.06402040144517 -2.0802102680723003e-16 0.42261826174070188 0.90630778703664883 
1 2.4499999999999948 -14.438928488678485 7.7821688554085302 -3.4200091195650804e-16 -0.90630778703664994 0.42261826174069983 
1 2.449999999999994 -15.055575691970013 8.6485011248530412 2.0802102680723102e-16 -0.42261826174069916 -0.90630778703665005 
1 -3.2000000000000011 -0.37204171642661893 2.9880764974488496 1 -3.3306690738754696e-16 3.8857805861880479e-16 
1 -3.2000000000000028 -3.9972728645732181 4.6785495444116485 1 -3.3306690738754696e-16 3.8857805861880479e-16 
1 -3.2000000000000024 -4.6734620833583405 3.2284570851530052 1 -3.3306690738754696e-16 3.8857805861880479e-16 
1 -3.2000000000000011 -1.0482309352117405 1.5379840381902061 1 -3.3306690738754696e-16 3.8857805861880479e-16 
1 -3.2000000000000068 -14.601073972902263 9.6231832067773162 1 -3.3306690738754696e-16 3.8857805861880479e-16 
1 -3.2000000000000082 -18.226305121048863 11.313656253740112 1 -3.3306690738754696e-16 3.8857805861880479e-16 
1 -3.2000000000000077 -18.902494339833986 9.8635637944814754 1 -3.3306690738754696e-16 3.8857805861880479e-16 
1 -3.2000000000000064 -15.277263191687382 8.1730907475186747 1 -3.3306690738754696e-16 3.8857805861880479e-16 
Polygon3D 0
PolygonOnTriangulations 0
Surfaces 13
1 -8.6639049910329583e-15 -19.063975276176482 13.303189342008626 4.6608131545360343e-16 0.90630778703665005 -0.42261826174069944 2.0802102680723146e-16 -0.42261826174069944 -0.90630778703665005 -1 3.3449964083309843e-16 -3.8550555182957398e-16 
1 -8.6639049910329583e-15 -19.063975276176482 13.303189342008626 -2.1141116295433081e-16 0.42261826174069977 0.90630778703664983 3.4200091195650794e-16 0.90630778703664983 -0.42261826174069977 -1 2.2061187147947969e-16 -3.3613941417677758e-16 
1 0 0 0 2.1141116295433084e-16 -0.42261826174069972 -0.90630778703664983 -3.4200091195650794e-16 -0.90630778703664983 0.42261826174069972 -1 2.2061187147947972e-16 -3.3613941417677758e-16 
1 -4.3319524955164791e-15 -9.5319876380882409 6.6515946710043128 1 -2.2204460492503146e-16 3.3306690738754647e-16 -3.3306690738754647e-16 0 1 -2.2204460492503146e-16 -1 -7.3955709864469791e-32 
1 -3.2000000000000028 -3.9972728645732181 4.6785495444116485 -2.1141116295433089e-16 0.42261826174069972 0.90630778703664994 3.4200091195650794e-16 0.90630778703664994 -0.42261826174069972 -1 2.2061187147947969e-16 -3.3613941417677758e-16 
1 -3.2000000000000028 -3.9972728645732181 4.6785495444116485 4.6608131545360353e-16 0.90630778703664971 -0.42261826174070005 2.0802102680723129e-16 -0.42261826174070005 -0.90630778703664971 -1 3.3449964083309843e-16 -3.8550555182957417e-16 
1 -3.2000000000000024 -4.6734620833583405 3.2284570851530052 -2.1141116295433089e-16 0.42261826174069972 0.90630778703664994 3.4200091195650794e-16 0.90630778703664994 -0.42261826174069972 -1 2.2061187147947969e-16 -3.3613941417677758e-16 
1 -3.2000000000000011 -0.37204171642661893 2.9880764974488496 4.6608131545360343e-16 0.90630778703664983 -0.42261826174069972 2.0802102680723136e-16 -0.42261826174069972 -0.90630778703664983 -1 3.3449964083309843e-16 -3.8550555182957407e-16 
1 -3.2000000000000082 -18.226305121048863 11.313656253740112 -2.1141116295433103e-16 0.42261826174069939 0.90630778703665005 3.4200091195650754e-16 0.90630778703665005 -0.42261826174069939 -1 2.2061187147947935e-16 -3.3613941417677748e-16 
1 -3.2000000000000082 -18.226305121048863 11.313656253740112 4.6608131545360403e-16 0.90630778703664883 -0.42261826174070188 2.080210268072305e-16 -0.42261826174070188 -0.90630778703664883 -1 3.3449964083309838e-16 -3.8550555182957437e-16 
1 -3.2000000000000077 -18.902494339833986 9.8635637944814754 -2.1141116295433084e-16 0.42261826174069983 0.90630778703664994 3.4200091195650799e-16 0.90630778703664971 -0.42261826174069977 -1 2.2061187147947979e-16 -3.3613941417677768e-16 
1 -3.2000000000000064 -15.277263191687382 8.1730907475186747 -4.6608131545360334e-16 -0.90630778703665005 0.42261826174069916 -2.0802102680723166e-16 0.42261826174069916 0.90630778703665005 -1 3.3449964083309843e-16 -3.8550555182957407e-16 
1 -8.3208410722892546e-16 1.6904730469627991 3.6252311481465993 4.6608131545360353e-16 0.90630778703664983 -0.42261826174069977 2.0802102680723141e-16 -0.42261826174069977 -0.90630778703664983 -1 3.3449964083309848e-16 -3.8550555182957417e-16 
Triangulations 0

TShapes 86
Ve
1e-07
-19.0639752761765 13.3031893420086 0
0 0

0101101
*
Ed
 1e-07 1 1 0
1  1 0 0 2.45
0

0101000
+86 4 -86 6 *
Ve
1e-07
-20.7544483231393 9.67795819386202 0
0 0

0101101
*
Ed
 1e-07 1 1 0
1  2 0 0 2.45
0

0101000
+84 4 -84 6 *
Ed
 1e-07 1 1 0
1  3 0 0 4
0

0101000
+86 0 -84 0 *
Wi

0101100
+85 0 -83 0 -82 4 +82 6 *
Fa
0  1e-07 1 0

0101000
+81 0 *
Ve
1.00000000496507e-07
1.6904730469628 3.6252311481466 0
0 0

0101101
*
Ed
 1.00000000496507e-07 1 1 0
1  4 0 0 2.45
0

0101000
+79 4 -79 6 *
Ed
 1e-07 1 1 0
1  5 0 0 22.9
0

0101000
+86 0 -79 0 *
Wi

0101100
+85 0 -78 0 -77 4 +77 6 *
Fa
0  1e-07 2 0

0101000
+76 0 *
Ve
1e-07
0 0 0
0 0

0101101
*
Ed
 1e-07 1 1 0
1  6 0 0 2.45
0

0101000
+74 4 -74 6 *
Ed
 1e-07 1 1 0
1  7 0 0 22.9
0

0101000
+74 0 -84 0 *
Wi

0101100
+73 0 -83 0 -72 4 +72 6 *
Fa
0  1e-07 3 0

0101000
+71 0 *
Ed
 1e-07 1 1 0
1  8 0 0 4
0

0101000
+79 0 -74 0 *
Wi

0101100
+82 4 -77 4 -72 4 -69 4 *
Ve
1.5000000216054e-07
-8.88178419700125e-16 -0.37204171642662 2.98807649744885
0 0

0101101
*
Ve
1.50000001136823e-07
-2.66453525910038e-15 -3.99727286457322 4.67854954441165
0 0

0101101
*
Ed
 1.5e-07 1 1 0
1  9 0 -6.925 -2.925
2  1 4 0 -6.925 -2.925
2  2 5 0 -6.925 -2.925
0

0101000
+67 0 -66 0 *
Ve
1.50000001332269e-07
-2.22044604925031e-15 -4.67346208335834 3.22845708515301
0 0

0101101
*
Ed
 1.5e-07 1 1 0
1  10 0 -1.32455731279608 0.275442687203924
2  3 4 0 -1.32455731279608 0.275442687203924
2  4 6 0 -1.32455731279608 0.275442687203924
0

0101000
+64 0 -66 0 *
Ve
1.5000000218214e-07
-8.88178419700125e-16 -1.04823093521174 1.53798403819021
0 0

0101101
*
Ed
 1.5e-07 1 1 0
1  11 0 -6.925 -2.925
2  5 4 0 -6.925 -2.925
2  6 7 0 -6.925 -2.925
0

0101000
+62 0 -64 0 *
Ed
 1.5e-07 1 1 0
1  12 0 -1.32455731279608 0.275442687203923
2  7 4 0 -1.32455731279608 0.275442687203923
2  8 8 0 -1.32455731279608 0.275442687203923
0

0101000
+62 0 -67 0 *
Wi

0101100
-65 0 +63 0 +61 0 -60 0 *
Ve
1.5000000263375e-07
-6.66133814775094e-15 -14.6010739729023 9.62318320677732
0 0

0101101
*
Ve
1.5000000404323e-07
-7.99360577730113e-15 -18.2263051210489 11.3136562537401
0 0

0101101
*
Ed
 1.5e-07 1 1 0
1  13 0 0.925 4.925
2  9 4 0 0.925 4.925
2  10 9 0 0.925 4.925
0

0101000
+58 0 -57 0 *
Ve
1.50000001787576e-07
-7.54951656745106e-15 -18.902494339834 9.86356379448148
0 0

0101101
*
Ed
 1.5e-07 1 1 0
1  14 0 -1.32455731279638 0.275442687203624
2  11 4 0 -1.32455731279638 0.275442687203624
2  12 10 0 -1.32455731279638 0.275442687203624
0

0101000
+55 0 -57 0 *
Ve
1.5000000261758e-07
-6.21724893790088e-15 -15.2772631916874 8.17309074751868
0 0

0101101
*
Ed
 1.5e-07 1 1 0
1  15 0 0.924999999999995 4.925
2  13 4 0 0.924999999999995 4.925
2  14 11 0 0.924999999999995 4.925
0

0101000
+53 0 -55 0 *
Ed
 1.5e-07 1 1 0
1  16 0 -1.07544268720364 0.524557312796362
2  15 4 0 -1.07544268720364 0.524557312796362
2  16 12 0 -1.07544268720364 0.524557312796362
0

0101000
+58 0 -53 0 *
Wi

0101100
-56 0 +54 0 +52 0 +51 0 *
Fa
0  1e-07 4 0

0101000
+68 0 +59 0 +50 0 *
Wi

0101100
+82 6 -77 6 -72 6 -69 6 *
Ve
1.50000002448161e-07
2.45 -0.372041716426621 2.98807649744885
0 0

0101101
*
Ve
1.50000000444089e-07
2.45 -3.99727286457322 4.67854954441165
0 0

0101101
*
Ed
 1.5e-07 1 1 0
1  17 0 -6.925 -2.925
2  17 4 5 -6.925 -2.925
2  18 5 0 -6.925 -2.925
0

0101000
+47 0 -46 0 *
Ve
1.50000001601186e-07
2.45 -4.67346208335834 3.22845708515301
0 0

0101101
*
Ed
 1.5e-07 1 1 0
1  18 0 -1.32455731279608 0.275442687203924
2  19 4 5 -1.32455731279608 0.275442687203924
2  20 6 0 -1.32455731279608 0.275442687203924
0

0101000
+44 0 -46 0 *
Ve
1.50000002328823e-07
2.45 -1.04823093521174 1.53798403819021
0 0

0101101
*
Ed
 1.5e-07 1 1 0
1  19 0 -6.925 -2.925
2  21 4 5 -6.925 -2.925
2  22 7 0 -6.925 -2.925
0

0101000
+42 0 -44 0 *
Ed
 1.5e-07 1 1 0
1  20 0 -1.32455731279608 0.275442687203923
2  23 4 5 -1.32455731279608 0.275442687203923
2  24 8 0 -1.32455731279608 0.275442687203923
0

0101000
+42 0 -47 0 *
Wi

0101100
-45 0 +43 0 +41 0 -40 0 *
Ve
1.50000001776357e-07
2.44999999999999 -14.6010739729023 9.62318320677732
0 0

0101101
*
Ve
1.50000001831027e-07
2.44999999999999 -18.2263051210489 11.3136562537401
0 0

0101101
*
Ed
 1.5e-07 1 1 0
1  21 0 0.925000000000001 4.925
2  25 4 5 0.925000000000001 4.925
2  26 9 0 0.925000000000001 4.925
0

0101000
+38 0 -37 0 *
Ve
1.50000003580362e-07
2.44999999999999 -18.902494339834 9.86356379448148
0 0

0101101
*
Ed
 1.5e-07 1 1 0
1  22 0 -1.32455731279638 0.275442687203626
2  27 4 5 -1.32455731279638 0.275442687203626
2  28 10 0 -1.32455731279638 0.275442687203626
0

0101000
+35 0 -37 0 *
Ve
1.50000001831027e-07
2.44999999999999 -15.2772631916874 8.17309074751868
0 0

0101101
*
Ed
 1.5e-07 1 1 0
1  23 0 0.924999999999996 4.925
2  29 4 5 0.924999999999996 4.925
2  30 11 0 0.924999999999996 4.925
0

0101000
+33 0 -35 0 *
Ed
 1.5e-07 1 1 0
1  24 0 -1.07544268720364 0.524557312796364
2  31 4 5 -1.07544268720364 0.524557312796364
2  32 12 0 -1.07544268720364 0.524557312796364
0

0101000
+38 0 -33 0 *
Wi

0101100
-36 0 +34 0 +32 0 +31 0 *
Fa
0  1e-07 4 5

0101000
+48 0 +39 0 +30 0 *
Wi

0101100
+78 0 -73 0 -69 4 +69 6 *
Fa
0  1e-07 13 0

0101000
+28 0 *
Ed
 1e-07 1 1 0
1  25 0 3.2 5.65
0

0101000
+67 0 -47 0 *
Ed
 1e-07 1 1 0
1  26 0 3.2 5.65
0

0101000
+66 0 -46 0 *
Wi

0101100
+65 0 -26 0 -45 0 +25 0 *
Fa
0  1e-07 5 0

0101000
+24 0 *
Ed
 1e-07 1 1 0
1  27 0 3.2 5.65
0

0101000
+64 0 -44 0 *
Wi

0101100
+63 0 -22 0 -43 0 +25 0 *
Fa
0  1e-07 6 0

0101000
+21 0 *
Ed
 1e-07 1 1 0
1  28 0 3.2 5.65
0

0101000
+62 0 -42 0 *
Wi

0101100
+61 0 -19 0 -41 0 +22 0 *
Fa
0  1e-07 7 0

0101000
+18 0 *
Wi

0101100
+60 0 -19 0 -40 0 +26 0 *
Fa
0  1e-07 8 0

0101000
+16 0 *
Ed
 1e-07 1 1 0
1  29 0 3.2 5.65
0

0101000
+58 0 -38 0 *
Ed
 1e-07 1 1 0
1  30 0 3.2 5.65
0

0101000
+57 0 -37 0 *
Wi

0101100
+56 0 -14 0 -36 0 +13 0 *
Fa
0  1e-07 9 0

0101000
+12 0 *
Ed
 1e-07 1 1 0
1  31 0 3.2 5.65
0

0101000
+55 0 -35 0 *
Wi

0101100
+54 0 -10 0 -34 0 +13 0 *
Fa
0  1e-07 10 0

0101000
+9 0 *
Ed
 1e-07 1 1 0
1  32 0 3.2 5.65
0

0101000
+53 0 -33 0 *
Wi

0101100
+52 0 -7 0 -32 0 +10 0 *
Fa
0  1e-07 11 0

0101000
+6 0 *
Wi

0101100
+51 0 -14 0 -31 0 +7 0 *
Fa
0  1e-07 12 0

0101000
+4 0 *
Sh

0101100
-80 0 +75 0 +70 0 -49 0 +29 0 +27 0 -23 0 +20 0 +17 0 -15 0 
-11 0 +8 0 +5 0 +3 0 *
So

0100000
+2 0 *

+1 1 ]]>
      </Part>
      <ElementMap new="1" count="1"><Element key="Dummy" value="Dummy"/></ElementMap>
      <ElementMap2 count="74">
<![CDATA[
9 PostfixCount 41
Edge
Face
Vertex
;:Hedb,V
;:Hedb,E
;:G#d62;CUT;:H-edd:b,E
;:G2#d82;CUT;:H-edd:c,E
;:M;CUT;:H-edd:7,F
;:G#d60;CUT;:H-edd:b,E
;:G2#d80;CUT;:H-edd:c,E
;:G#d5f;CUT;:H-edd:b,E
;:G2#d7f;CUT;:H-edd:c,E
;:G#d61;CUT;:H-edd:b,E
;:G2#d81;CUT;:H-edd:c,E
;:G#d6c;CUT;:H-edd:b,E
;:G2#d8c;CUT;:H-edd:c,E
;:G#d6b;CUT;:H-edd:b,E
;:G2#d8b;CUT;:H-edd:c,E
;:G#d6e;CUT;:H-edd:b,E
;:G2#d8e;CUT;:H-edd:c,E
;:G#d6d;CUT;:H-edd:b,E
;:G2#d8d;CUT;:H-edd:c,E
;:G#d7c;CUT;:H-edd:b,V
;:G2#d9c;CUT;:H-edd:c,V
;:M;CUT;:H-edd:7,E
;:G#d7b;CUT;:H-edd:b,V
;:G2#d9b;CUT;:H-edd:c,V
;:G#d7e;CUT;:H-edd:b,V
;:G2#d9e;CUT;:H-edd:c,V
;:G#d7d;CUT;:H-edd:b,V
;:G2#d9d;CUT;:H-edd:c,V
;:G#d78;CUT;:H-edd:b,V
;:G2#d98;CUT;:H-edd:c,V
;:G#d77;CUT;:H-edd:b,V
;:G2#d97;CUT;:H-edd:c,V
;:G#d7a;CUT;:H-edd:b,V
;:G2#d9a;CUT;:H-edd:c,V
;:G#d79;CUT;:H-edd:b,V
;:G2#d99;CUT;:H-edd:c,V
;:M;CUT;:Hedb:7,F
;:Hedb,F

MapCount 1

ElementMap 1 9 3

Edge

ChildCount 0

NameCount 37
0
$#cea.5 0
$#cec.5 0
$#cc1.5 0
$#d12.5 0
$#1278.5 0
$#cd0.5 0
$#d11.5 0
$#ced.5 0
$#cd1.5 0
$#d13.5 0
$#cdb.5 0
$#238.f.cc1.cdc.d6c 0
$#23b.15.cc1.cdc.d6d 0
$#23a.13.cc1.cdc.d6e 0
$#239.11.cc1.cdc.d6b 0
$#234.6.cc1.cdc.d62 0
$#237.d.cc1.cdc.d61 0
$#236.b.cc1.cdc.d5f 0
$#235.9.cc1.cdc.d60 0
$#d1d.5 0
$#238.10.cdc.d3e.d8c 0
$#23b.16.cdc.d3e.d8d 0
$#23a.14.cdc.d3e.d8e 0
$#239.12.cdc.d3e.d8b 0
$#234.7.cdc.d3e.d82 0
$#237.e.cdc.d3e.d81 0
$#236.c.cdc.d3e.d7f 0
$#235.a.cdc.d3e.d80 0
$#249.19 0
$#248.19 0
$#24b.19 0
$#24a.19 0
$#245.19 0
$#244.19 0
$#247.19 0
$#246.19 0

Face

ChildCount 0

NameCount 15
0
$#cde.29 0
$#cdd.29 0
$#cdf.29 0
$#cdc.28 0
$#d3e.28.cdc 0
$#ce9.29 0
$#238.8 0
$#23b.8 0
$#23a.8 0
$#239.8 0
$#234.8 0
$#237.8 0
$#236.8 0
$#235.8 0

Vertex

ChildCount 0

NameCount 25
0
$#cc3.4 0
$#cf8.4 0
$#cc5.4 0
$#cfc.4 0
$#cf9.4 0
$#1277.4 0
$#cc6.4 0
$#cfe.4 0
$#249.22.cc1.cdc.d77 0
$#248.20.cc1.cdc.d78 0
$#24b.26.cc1.cdc.d79 0
$#24a.24.cc1.cdc.d7a 0
$#245.1a.cc1.cdc.d7b 0
$#244.17.cc1.cdc.d7c 0
$#247.1e.cc1.cdc.d7d 0
$#246.1c.cc1.cdc.d7e 0
$#249.23.cdc.d3e.d97 0
$#248.21.cdc.d3e.d98 0
$#24b.27.cdc.d3e.d99 0
$#24a.25.cdc.d3e.d9a 0
$#245.1b.cdc.d3e.d9b 0
$#244.18.cdc.d3e.d9c 0
$#247.1f.cdc.d3e.d9d 0
$#246.1d.cdc.d3e.d9e 0

EndMap
]]>
      </ElementMap2>
    </Property>
    <Property name="Suppress" type="App::PropertyBool">
      <Bool value="false"/>
    </Property>
    <Property name="SuppressedShape" type="Part::PropertyPartShape">
      <Part ElementMap="0.15.70200.4" brep="1">
<![CDATA[

CASCADE Topology V1, (c) Matra-Datavision
Locations 0
Curve2ds 0
Curves 0
Polygon3D 0
PolygonOnTriangulations 0
Surfaces 0
Triangulations 0

TShapes 0

*]]>
      </Part>
      <ElementMap/>
    </Property>
    <Property name="TaperAngle" type="App::PropertyAngle" status="4">
      <Float value="0"/>
    </Property>
    <Property name="TaperAngle2" type="App::PropertyAngle">
      <Float value="0"/>
    </Property>
    <Property name="TaperAngleRev" type="App::PropertyAngle" status="4">
      <Float value="0"/>
    </Property>
    <Property name="TaperInnerAngle" type="App::PropertyAngle">
      <Float value="0"/>
    </Property>
    <Property name="TaperInnerAngleRev" type="App::PropertyAngle">
      <Float value="0"/>
    </Property>
    <Property name="TreeRank" type="App::PropertyInteger" status="2184">
      <Integer value="17"/>
    </Property>
    <Property name="Type" type="App::PropertyEnumeration">
      <Integer value="4"/>
    </Property>
    <Property name="UpToFace" type="App::PropertyLinkSub" status="4">
      <LinkSub value="" count="0">
      </LinkSub>
    </Property>
    <Property name="UseCustomVector" type="App::PropertyBool">
      <Bool value="false"/>
    </Property>
    <Property name="UsePipeForDraft" type="App::PropertyBool">
      <Bool value="false"/>
    </Property>
    <Property name="ValidateShape" type="App::PropertyBool">
      <Bool value="true"/>
    </Property>
    <Property name="Visibility" type="App::PropertyBool" status="648">
      <Bool value="false"/>
    </Property>
    <Property name="_ProfileBasedVersion" type="App::PropertyInteger" status="67108864">
      <Integer value="1"/>
    </Property>
    <Property name="_Siblings" type="App::PropertyLinkList" status="218103808">
      <LinkList count="0">
      </LinkList>
    </Property>
  </Properties>
</Object>
</Document>
