<?xml version='1.0' encoding='utf-8'?>
<!-- FreeCAD DocumentObject -->
<Document SchemaVersion="4" FileVersion="2">
<Object name="Pad003">
  <Properties Count="47" TransientCount="2">
    <_Property name="_Body" type="App::PropertyLinkHidden" status="251658241"/>
    <_Property name="_ElementMapVersion" type="App::PropertyString" status="234881024"/>
    <Property name="AddSubShape" type="Part::PropertyPartShape">
      <Part HasherIndex="0" ElementMap="1.15.70200.4" brep="1">
<![CDATA[

CASCADE Topology V1, (c) Matra-Datavision
Locations 8
1
              1               0               0               0 
              0               1               0               0 
              0               0               1               0 
1
-4.44089209850063e-16 -2.22044604925031e-16               1               0 
              1 2.22044604925031e-16 4.44089209850063e-16               0 
-2.22044604925031e-16               1 2.22044604925031e-16               0 
1
              1               0               0           -13.8 
              0               1               0 -3.06421554796543e-15 
              0               0               1 -3.06421554796543e-15 
2  1 1 2 1 3 1 0
1
              1               0               0            27.6 
              0               1               0 6.12843109593086e-15 
              0               0               1 6.12843109593086e-15 
2  1 1 2 1 3 1 5 1 0
2  1 1 2 1 0
2  3 1 5 1 0
Curve2ds 0
Curves 12
1 -13.800000000000004 4.4999999999999991 3.1999999999999966 1 2.2204460492503126e-16 2.2204460492503126e-16 
1 -13.799999999999999 -4.5000000000004849 3.1999999999999993 1 2.2204460492503126e-16 2.2204460492503126e-16 
1 4.5000000000000009 3.2000000000000006 0 -1 9.8686491077786399e-17 0 
1 -13.799999999999999 -6.7765817067874936 2.1384125157096312 1 2.2204460492503126e-16 2.2204460492503126e-16 
1 -4.5000000000004832 3.2000000000000015 0 -0.9063077870366486 -0.42261826174070233 0 
1 -13.799999999999999 -4.629158000000003 -2.0363359887198833e-15 1 2.2204460492503126e-16 2.2204460492503126e-16 
1 -6.7765817067874918 2.138412515709633 0 0.70859194331796371 -0.70561849314262715 0 
1 -13.800000000000002 4.6291579999999977 -4.0920951072109796e-15 1 2.2204460492503126e-16 2.2204460492503126e-16 
1 -4.6291580000000003 0 0 1 0 0 
1 -13.800000000000004 6.7765817067870602 2.1384125157097418 1 2.2204460492503126e-16 2.2204460492503126e-16 
1 6.776581706787062 2.1384125157097462 0 -0.70859194331787445 -0.70561849314271685 0 
1 6.776581706787062 2.1384125157097462 0 -0.9063077870366697 0.42261826174065698 0 
Polygon3D 0
PolygonOnTriangulations 0
Surfaces 7
1 -13.800000000000004 4.4999999999999991 3.1999999999999966 2.2204460492503131e-16 -3.2073109600281757e-16 -1 4.4408920985006252e-16 -1 3.2073109600281767e-16 -1 -4.4408920985006257e-16 -2.2204460492503116e-16 
1 -13.799999999999999 -4.5000000000004849 3.1999999999999993 1.0740064955071438e-16 0.42261826174070211 -0.90630778703664872 4.9632161398838179e-16 -0.90630778703664872 -0.42261826174070211 -1 -4.0443066780932284e-16 -3.0709262278871624e-16 
1 -13.799999999999999 -6.7765817067874936 2.1384125157096312 -3.1401779764474791e-16 0.70561849314262726 0.7085919433179636 -1.5799925667654428e-16 0.7085919433179636 -0.70561849314262726 -1 -3.3353376552527973e-16 -1.1102328405576062e-16 
1 -13.799999999999999 -4.629158000000003 -2.0363359887198833e-15 -2.2204460492503131e-16 2.2204460492503116e-16 1 -4.4408920985006252e-16 1 -2.2204460492503126e-16 -1 -4.4408920985006257e-16 -2.2204460492503121e-16 
1 -13.800000000000004 6.7765817067870602 2.1384125157097418 6.6023856940718357e-19 0.70561849314271674 -0.70859194331787456 4.7135681575182577e-16 -0.70859194331787456 -0.70561849314271674 -1 -3.3353376552525172e-16 -3.3306592579430212e-16 
1 -13.800000000000004 6.7765817067870602 2.1384125157097418 2.9508085947534439e-16 -0.42261826174065725 -0.9063077870366697 3.0864140406376569e-16 -0.9063077870366697 0.42261826174065725 -1 -4.0443066780933122e-16 -1.3699658706135338e-16 
1 -3.6844607453119043e-16 -1.7810014222576066e-13 1.6593336039651483 1 4.4408920985006257e-16 0 -4.4408920985006257e-16 1 0 0 -0 1 
Triangulations 0

TShapes 34
Ve
1e-07
4.5 3.2 0
0 0

0101101
*
Ed
 1e-07 1 1 0
1  1 0 0 27.6
0

0101000
+34 4 -34 6 *
Ve
1.00000000444089e-07
-4.50000000000048 3.2 0
0 0

0101101
*
Ed
 1.00000000444089e-07 1 1 0
1  2 0 0 27.6
0

0101000
+32 4 -32 6 *
Ed
 1e-07 1 1 0
1  3 0 0 9.00000000000048
0

0101000
+34 0 -32 0 *
Wi

0101100
+33 0 -31 0 -30 4 +30 6 *
Fa
0  1e-07 1 0

0111000
+29 0 *
Ve
1e-07
-6.77658170678749 2.13841251570963 0
0 0

0101101
*
Ed
 1e-07 1 1 0
1  4 0 0 27.6
0

0101000
+27 4 -27 6 *
Ed
 1e-07 1 1 0
1  5 0 0 2.51192998598273
0

0101000
+32 0 -27 0 *
Wi

0101100
+31 0 -26 0 -25 4 +25 6 *
Fa
0  1e-07 2 0

0111000
+24 0 *
Ve
1e-07
-4.629158 0 0
0 0

0101101
*
Ed
 1e-07 1 1 0
1  6 0 0 27.6
0

0101000
+22 4 -22 6 *
Ed
 1e-07 1 1 0
1  7 0 0 3.03055055457198
0

0101000
+27 0 -22 0 *
Wi

0101100
+26 0 -21 0 -20 4 +20 6 *
Fa
0  1e-07 3 0

0111000
+19 0 *
Ve
1e-07
4.629158 0 0
0 0

0101101
*
Ed
 1e-07 1 1 0
1  8 0 0 27.6
0

0101000
+17 4 -17 6 *
Ed
 1e-07 1 1 0
1  9 0 0 9.258316
0

0101000
+22 0 -17 0 *
Wi

0101100
+21 0 -16 0 -15 4 +15 6 *
Fa
0  1e-07 4 0

0111000
+14 0 *
Ve
1e-07
6.77658170678706 2.13841251570975 0
0 0

0101101
*
Ed
 1e-07 1 1 0
1  10 0 0 27.6
0

0101000
+12 4 -12 6 *
Ed
 1e-07 1 1 0
1  11 0 0 3.03055055457175
0

0101000
+12 0 -17 0 *
Wi

0101100
+11 0 -16 0 -10 4 +10 6 *
Fa
0  1e-07 5 0

0111000
+9 0 *
Ed
 1e-07 1 1 0
1  12 0 0 2.51192998598273
0

0101000
+12 0 -34 0 *
Wi

0101100
+11 0 -33 0 -7 4 +7 6 *
Fa
0  1e-07 6 0

0111000
+6 0 *
Wi

0101100
+30 0 +25 0 +20 0 +15 0 -10 0 +7 0 *
Fa
0  1e-07 7 0

0111000
+4 7 *
Sh

0101100
+28 0 +23 0 +18 0 +13 0 -8 0 +5 0 +3 3 -3 8 *
So

1100000
-2 0 *

+1 0 ]]>
      </Part>
      <ElementMap new="1" count="1"><Element key="Dummy" value="Dummy"/></ElementMap>
      <ElementMap2 count="44">
<![CDATA[
7 PostfixCount 11
Edge
Face
Vertex
;:G;XTR;:H33d:7,F
;FAC;:H33d:4,F
;:G;XTR;:H33d:7,E
;:G0;XTR;:H33d:8,F
;:U;XTR;:H33d:7,E
;:U;XTR;:H33d:7,V
;SKT;:H33d,E
;SKT;:H33d,V

MapCount 1

ElementMap 1 7 3

Edge

ChildCount 0

NameCount 19
0
$#1ee.6 0
$#1ef.6 0
;g9.a 0
$#1fa.8 0
$#1f0.6 0
;g10.a 0
$#1fb.8 0
$#1f1.6 0
;g13.a 0
$#1fc.8 0
$#1f2.6 0
;g16.a 0
$#1fd.8 0
$#1f3.6 0
;g17.a 0
$#1fe.8 0
;g15.a 0
$#1ff.8 0

Face

ChildCount 0

NameCount 9
0
$#1ec.4 0
$#1f4.4 0
$#1f5.4 0
$#1f6.4 0
$#1f7.4 0
$#1f8.4 0
$#1ec.5 0
$#1f9.7 0

Vertex

ChildCount 0

NameCount 13
0
;g9v1.b ;g15v2.b 0
$#200.9 0
;g9v2.b ;g10v1.b 0
$#201.9 0
;g10v2.b ;g13v1.b 0
$#202.9 0
;g16v1.b ;g13v2.b 0
$#203.9 0
;g17v2.b ;g16v2.b 0
$#204.9 0
;g15v1.b ;g17v1.b 0
$#205.9 0

EndMap
]]>
      </ElementMap2>
    </Property>
    <Property name="AddSubType" type="App::PropertyEnumeration">
      <Integer value="0"/>
    </Property>
    <Property name="AllowMultiFace" type="App::PropertyBool">
      <Bool value="true"/>
    </Property>
    <Property name="AlongSketchNormal" type="App::PropertyBool">
      <Bool value="false"/>
    </Property>
    <Property name="AutoTaperInnerAngle" type="App::PropertyBool">
      <Bool value="true"/>
    </Property>
    <Property name="BaseFeature" type="App::PropertyLink" status="8">
      <Link value="Pad002"/>
    </Property>
    <Property name="CheckUpToFaceLimits" type="App::PropertyBool">
      <Bool value="true"/>
    </Property>
    <Property name="ClaimChildren" type="App::PropertyBool" status="134217728">
      <Bool value="false"/>
    </Property>
    <Property name="ColoredElements" type="App::PropertyLinkSubHidden" status="218103808">
      <LinkSub value="" count="0">
      </LinkSub>
    </Property>
    <Property name="Direction" type="App::PropertyVector" status="4">
      <PropertyVector valueX="1" valueY="2e-16" valueZ="2e-16"/>
    </Property>
    <Property name="ExpressionEngine" type="App::PropertyExpressionEngine" status="67108864">
      <ExpressionEngine count="0"></ExpressionEngine>
    </Property>
    <Property name="Fit" type="App::PropertyDistance">
      <Float value="0"/>
    </Property>
    <Property name="FitJoin" type="App::PropertyEnumeration">
      <Integer value="0"/>
    </Property>
    <Property name="FixShape" type="App::PropertyEnumeration">
      <Integer value="0"/>
    </Property>
    <Property name="InnerFit" type="App::PropertyDistance">
      <Float value="0"/>
    </Property>
    <Property name="InnerFitJoin" type="App::PropertyEnumeration">
      <Integer value="0"/>
    </Property>
    <Property name="InvalidShape" type="App::PropertyBool" status="67108864">
      <Bool value="false"/>
    </Property>
    <Property name="Label" type="App::PropertyString" status="134217728">
      <String value="Pad003"/>
    </Property>
    <Property name="Label2" type="App::PropertyString" status="128">
      <String value=""/>
    </Property>
    <Property name="Length" type="App::PropertyLength">
      <Float value="27.6"/>
    </Property>
    <Property name="Length2" type="App::PropertyLength" status="4">
      <Float value="10"/>
    </Property>
    <Property name="Linearize" type="App::PropertyBool">
      <Bool value="true"/>
    </Property>
    <Property name="Midplane" type="App::PropertyBool">
      <Bool value="true"/>
    </Property>
    <Property name="NewSolid" type="App::PropertyBool">
      <Bool value="false"/>
    </Property>
    <Property name="Offset" type="App::PropertyLength" status="4">
      <Float value="0"/>
    </Property>
    <Property name="Placement" type="App::PropertyPlacement" status="8388620">
      <PropertyPlacement Px="0" Py="0" Pz="0" Q0="0" Q1="0" Q2="0" Q3="1" A="0" Ox="0" Oy="0" Oz="1"/>
    </Property>
    <Property name="Profile" type="App::PropertyLinkSub">
      <LinkSub value="Sketch004" count="1">
        <Sub value=""/>
      </LinkSub>
    </Property>
    <Property name="ReferenceAxis" type="App::PropertyLinkSub">
      <LinkSub value="Sketch004" count="1">
        <Sub value="N_Axis"/>
      </LinkSub>
    </Property>
    <Property name="Refine" type="App::PropertyBool">
      <Bool value="true"/>
    </Property>
    <Property name="Reversed" type="App::PropertyBool" status="4">
      <Bool value="false"/>
    </Property>
    <Property name="Shape" type="Part::PropertyPartShape">
      <Part HasherIndex="0" ElementMap="1.15.70200.4" brep="1">
<![CDATA[

CASCADE Topology V1, (c) Matra-Datavision
Locations 18
1
              1               0               0               0 
              0               1               0               0 
              0               0               1               0 
1
              1               0               0               0 
              0               1               0               0 
              0               0               1               0 
1
-4.44089209850063e-16 -2.22044604925031e-16               1               0 
              1 2.22044604925031e-16 4.44089209850063e-16               0 
-2.22044604925031e-16               1 2.22044604925031e-16               0 
1
              1               0               0           -17.5 
              0               1               0 -3.88578058618805e-15 
              0               0               1 -3.88578058618805e-15 
2  2 1 3 1 4 1 0
1
              1               0               0           -13.8 
              0               1               0 -3.06421554796543e-15 
              0               0               1 -3.06421554796543e-15 
2  2 1 3 1 0
1
              1               0               0               0 
              0               1               0               0 
              0               0               1               0 
1
-4.44089209850063e-16 -2.22044604925031e-16               1               0 
              1 2.22044604925031e-16 4.44089209850063e-16               0 
-2.22044604925031e-16               1 2.22044604925031e-16               0 
2  8 1 9 1 6 1 0
2  6 -1 9 -1 8 -1 0
1
              1               0               0            27.6 
              0               1               0 6.12843109593086e-15 
              0               0               1 6.12843109593086e-15 
2  8 1 9 1 6 1 12 1 0
2  6 1 12 1 0
2  12 -1 6 -1 9 -1 8 -1 0
1
              1               0               0              35 
              0               1               0 7.77156117237609e-15 
              0               0               1 7.77156117237609e-15 
2  2 1 3 1 4 1 16 1 0
2  4 1 16 1 0
Curve2ds 12
8 -1.4999999999999183 4.5000000000000915
1 1.4999999999999105 -3.6999999999999997 1 8.2173010960522001e-32 
8 -1.4999999999999183 4.5000000000000915
1 -1.4999999999999103 0.3406663960348526 1 -3.7007434154171876e-16 
8 -1.1811039311591991 1.6473231935869945
1 1.1811039311591987 -3.700000000000002 1 1.5700924586837739e-16 
8 -1.1811039311591991 1.6473231935869945
1 2.1648334009914212 -0.49450020297390651 -0.70710678118654791 -0.70710678118654713 
8 -0.23310963121402414 2.5953174935321721
1 0.23310963121402414 -3.6999999999999993 1 -1.5700924586837757e-16 
8 -0.23310963121402414 2.5953174935321721
1 -1.1648334009911536 -1.4945002029738168 -0.70710678118654724 0.70710678118654791 
8 -1.1811039311592033 1.6473231935869932
1 1.1811039311592029 -31.300000000000004 1 1.5700924586837739e-16 
8 -1.1811039311592033 1.6473231935869932
1 2.1648334009914212 -0.49450020297390651 -0.70710678118654791 -0.70710678118654713 
8 -1.499999999999915 4.5000000000000941
1 1.4999999999999072 -31.300000000000001 1 8.2173010960522001e-32 
8 -1.499999999999915 4.5000000000000941
1 -1.4999999999999074 0.3406663960348526 1 -3.7007434154171876e-16 
8 -0.23310963121402134 2.5953174935321721
1 0.23310963121402409 -31.300000000000004 1 -1.5700924586837757e-16 
8 -0.23310963121402134 2.5953174935321721
1 -1.1648334009911505 -1.4945002029738199 -0.70710678118654724 0.70710678118654791 
Curves 26
1 -3 2.0000000000000009 0 1 -1.4802973661668751e-16 0 
1 -17.500000000000004 2.9999999999999982 1.9999999999999956 1 2.2204460492503126e-16 2.2204460492503126e-16 
1 -13.800000000000001 -1.5000000000000915 1.9999999999999978 -4.4408920985006257e-16 1 -3.7007434154171876e-16 
1 -17.5 -3.0000000000000036 1.9999999999999976 1 2.2204460492503126e-16 2.2204460492503126e-16 
1 3.0000000000000013 2 0 -0.70710678118654779 -0.70710678118654724 0 
1 1 4.4408920985006262e-16 0 -1 -2.2204460492503126e-16 0 
1 -1.0000000000000004 0 0 -0.70710678118654735 0.70710678118654779 0 
1 -17.5 0.99999999999999611 -3.6637359812630158e-15 1 2.2204460492503126e-16 2.2204460492503126e-16 
1 -13.800000000000001 2.16483340099124 1.1648334009912387 3.1401849173675513e-16 -0.70710678118654791 -0.70710678118654713 
1 6.776581706787062 2.1384125157097462 0 -0.9063077870366697 0.42261826174065698 0 
1 6.776581706787062 2.1384125157097462 0 -0.70859194331787445 -0.70561849314271685 0 
1 -4.6291580000000003 0 0 1 0 0 
1 -13.800000000000001 -1.1648334009913348 0.16483340099132843 3.1401849173675484e-16 -0.70710678118654724 0.70710678118654791 
1 -6.7765817067874918 2.138412515709633 0 0.70859194331796371 -0.70561849314262715 0 
1 -4.5000000000004832 3.2000000000000015 0 -0.9063077870366486 -0.42261826174070233 0 
1 4.5000000000000009 3.2000000000000006 0 -1 9.8686491077786399e-17 0 
1 -17.5 -1.0000000000000042 -3.6637359812630158e-15 1 2.2204460492503126e-16 2.2204460492503126e-16 
1 -13.800000000000004 6.7765817067870602 2.1384125157097418 1 2.2204460492503126e-16 2.2204460492503126e-16 
1 -13.800000000000004 4.4999999999999991 3.1999999999999966 1 2.2204460492503126e-16 2.2204460492503126e-16 
1 -13.800000000000002 4.6291579999999977 -4.0920951072109796e-15 1 2.2204460492503126e-16 2.2204460492503126e-16 
1 -13.799999999999999 -6.7765817067874936 2.1384125157096312 1 2.2204460492503126e-16 2.2204460492503126e-16 
1 -13.799999999999999 -4.629158000000003 -2.0363359887198833e-15 1 2.2204460492503126e-16 2.2204460492503126e-16 
1 -13.799999999999999 -4.5000000000004849 3.1999999999999993 1 2.2204460492503126e-16 2.2204460492503126e-16 
1 13.800000000000001 2.1648334009912462 1.1648334009912449 3.1401849173675513e-16 -0.70710678118654791 -0.70710678118654713 
1 13.800000000000001 -1.5000000000000824 2.000000000000004 -4.4408920985006257e-16 1 -3.7007434154171876e-16 
1 13.800000000000004 -1.1648334009913255 0.16483340099133154 3.1401849173675484e-16 -0.70710678118654724 0.70710678118654791 
Polygon3D 0
PolygonOnTriangulations 0
Surfaces 11
1 -17.5 -3.0000000000000036 1.9999999999999976 -2.2204460492503136e-16 3.7007434154171867e-16 1 -4.4408920985006247e-16 1 -3.7007434154171876e-16 -1 -4.4408920985006257e-16 -2.2204460492503118e-16 
1 -3.6844607453119043e-16 -1.7810014222576066e-13 1.6593336039651483 1 4.4408920985006257e-16 0 -4.4408920985006257e-16 1 0 0 -0 1 
1 -2.8707996398168547e-16 6.5035359056653777e-16 1.2928932188134528 1 4.4408920985006262e-16 0 -4.4408920985006262e-16 1 0 0 -0 1 
1 -17.500000000000004 2.9999999999999978 1.9999999999999956 1.7256332301709633e-31 0.70710678118654713 -0.70710678118654791 4.7102773760513257e-16 -0.70710678118654791 -0.70710678118654713 -1 -3.3306690738754706e-16 -3.3306690738754691e-16 
1 -17.5 -1.0000000000000042 -3.6637359812630158e-15 3.1401849173675498e-16 -0.70710678118654791 -0.70710678118654724 1.5700924586837727e-16 -0.70710678118654724 0.70710678118654791 -1 -3.3306690738754681e-16 -1.1102230246251563e-16 
1 -13.800000000000004 6.7765817067870602 2.1384125157097418 2.9508085947534439e-16 -0.42261826174065725 -0.9063077870366697 3.0864140406376569e-16 -0.9063077870366697 0.42261826174065725 -1 -4.0443066780933122e-16 -1.3699658706135338e-16 
1 -13.800000000000004 6.7765817067870602 2.1384125157097418 6.6023856940718357e-19 0.70561849314271674 -0.70859194331787456 4.7135681575182577e-16 -0.70859194331787456 -0.70561849314271674 -1 -3.3353376552525172e-16 -3.3306592579430212e-16 
1 -13.799999999999999 -6.7765817067874936 2.1384125157096312 -3.1401779764474791e-16 0.70561849314262726 0.7085919433179636 -1.5799925667654428e-16 0.7085919433179636 -0.70561849314262726 -1 -3.3353376552527973e-16 -1.1102328405576062e-16 
1 -13.799999999999999 -4.5000000000004849 3.1999999999999993 1.0740064955071438e-16 0.42261826174070211 -0.90630778703664872 4.9632161398838179e-16 -0.90630778703664872 -0.42261826174070211 -1 -4.0443066780932284e-16 -3.0709262278871624e-16 
1 -13.800000000000004 4.4999999999999991 3.1999999999999966 2.2204460492503131e-16 -3.2073109600281757e-16 -1 4.4408920985006252e-16 -1 3.2073109600281767e-16 -1 -4.4408920985006257e-16 -2.2204460492503116e-16 
1 -1.204083435574176e-16 -2.3329116564249662e-16 4.7159934559988632e-17 2.2204460492503136e-16 -0 -1 -1 0 -2.2204460492503136e-16 0 1 0 
Triangulations 0

TShapes 83
Ve
1e-07
-3 2 0
0 0

0101101
*
Ve
1.00000000222045e-07
3 2 0
0 0

0101101
*
Ed
 1e-07 1 1 0
1  1 0 0 6
0

0101000
+83 0 -82 0 *
Ve
1.50000003614624e-07
-13.8 3 2
0 0

0101101
*
Ed
 1.00000000222045e-07 1 1 0
1  2 0 0 3.7
0

0101000
+82 5 -80 0 *
Ve
1.50000007327472e-07
-13.8 -3 2
0 0

0101101
*
Ed
 1.5e-07 1 1 0
1  3 0 -1.49999999999992 4.50000000000009
2  1 1 0 -1.49999999999992 4.50000000000009
2  2 2 6 -1.49999999999992 4.50000000000009
0

0101000
+78 0 -80 0 *
Ed
 1e-07 1 1 0
1  4 0 0 3.7
0

0101000
+83 5 -78 0 *
Wi

0101100
-81 5 -79 0 +77 0 +76 0 *
Fa
0  1e-07 1 0

0101000
+75 0 *
Ve
1e-07
1 4.44089209850063e-16 0
0 0

0101101
*
Ed
 1e-07 1 1 0
1  5 0 0 2.82842712474619
0

0101000
+82 0 -73 0 *
Ve
1e-07
-1 0 0
0 0

0101101
*
Ed
 1e-07 1 1 0
1  6 0 0 2
0

0101000
+73 0 -71 0 *
Ed
 1e-07 1 1 0
1  7 0 0 2.82842712474619
0

0101000
+71 0 -83 0 *
Wi

0101100
+81 0 +72 0 +70 0 +69 0 *
Fa
0  1e-07 3 0

0101000
-68 7 *
Ve
1.50000001762984e-07
-13.8 0.999999999999997 -3.06421554796543e-15
0 0

0101101
*
Ed
 1e-07 1 1 0
1  8 0 0 3.7
0

0101000
+73 5 -66 0 *
Ed
 1.5e-07 1 1 0
1  9 0 -1.1811039311592 1.64732319358699
2  3 4 0 -1.1811039311592 1.64732319358699
2  4 2 6 -1.1811039311592 1.64732319358699
0

0101000
+80 0 -66 0 *
Wi

0101100
-72 5 -65 0 +64 0 +79 0 *
Fa
0  1e-07 4 0

0101000
+63 0 *
Ve
1e-07
6.77658170678706 2.13841251570975 0
0 0

0101101
*
Ve
1e-07
4.5 3.2 0
0 0

0101101
*
Ed
 1e-07 1 1 0
1  10 0 0 2.51192998598273
0

0101000
+61 0 -60 0 *
Ve
1e-07
4.629158 0 0
0 0

0101101
*
Ed
 1e-07 1 1 0
1  11 0 0 3.03055055457175
0

0101000
+61 0 -58 0 *
Ed
 1e-07 1 1 0
1  12 0 5.629158 9.258316
0

0101000
+66 11 -58 0 *
Ve
1.50000000723968e-07
-13.8 -1 -2.8421709430404e-15
0 0

0101101
*
Ed
 1.5e-07 1 1 0
1  13 0 -0.233109631214024 2.59531749353217
2  5 5 0 -0.233109631214024 2.59531749353217
2  6 2 6 -0.233109631214024 2.59531749353217
0

0101000
+55 0 -78 0 *
Ve
1e-07
-4.629158 0 0
0 0

0101101
*
Ed
 1e-07 1 1 0
1  12 0 0 3.629158
0

0101000
+53 0 -55 11 *
Ve
1e-07
-6.77658170678749 2.13841251570963 0
0 0

0101101
*
Ed
 1e-07 1 1 0
1  14 0 0 3.03055055457198
0

0101000
+51 0 -53 0 *
Ve
1.00000000444089e-07
-4.50000000000048 3.2 0
0 0

0101101
*
Ed
 1e-07 1 1 0
1  15 0 0 2.51192998598273
0

0101000
+49 0 -51 0 *
Ed
 1e-07 1 1 0
1  16 0 0 9.00000000000048
0

0101000
+60 0 -49 0 *
Wi

0101100
+59 10 -57 10 +56 10 +64 0 +77 0 +54 0 +52 10 +50 10 +48 10 +47 10 
*
Fa
0  1e-07 2 6

0101000
+46 0 *
Ed
 1e-07 1 1 0
1  17 0 0 3.7
0

0101000
+71 5 -55 0 *
Wi

0101100
-69 5 -76 0 +54 0 +44 0 *
Fa
0  1e-07 5 0

0101000
+43 0 *
Ed
 1e-07 1 1 0
1  18 0 0 27.6
0

0101000
+61 10 -61 13 *
Ed
 1e-07 1 1 0
1  19 0 0 27.6
0

0101000
+60 10 -60 13 *
Wi

0101100
+41 0 -40 0 -59 10 +59 13 *
Fa
0  1e-07 6 0

0101000
+39 0 *
Ed
 1e-07 1 1 0
1  20 0 0 27.6
0

0101000
+58 10 -58 13 *
Wi

0101100
+41 0 -37 0 -57 10 +57 13 *
Fa
0  1e-07 7 0

0101000
+36 0 *
Ed
 1e-07 1 1 0
1  21 0 0 27.6
0

0101000
+51 10 -51 13 *
Ed
 1e-07 1 1 0
1  22 0 0 27.6
0

0101000
+53 10 -53 13 *
Wi

0101100
+34 0 -33 0 -50 10 +50 13 *
Fa
0  1e-07 8 0

0101000
+32 0 *
Ed
 1.00000000444089e-07 1 1 0
1  23 0 0 27.6
0

0101000
+49 10 -49 13 *
Wi

0101100
+30 0 -34 0 -48 10 +48 13 *
Fa
0  1e-07 9 0

0101000
+29 0 *
Wi

0101100
+40 0 -30 0 -47 10 +47 13 *
Fa
0  1e-07 10 0

0101000
+27 0 *
Ve
1.50000000478299e-07
13.8 1 3.06421554796543e-15
0 0

0101101
*
Ed
 1e-07 1 1 0
1  12 0 5.629158 9.258316
0

0101000
+25 15 -58 0 *
Ve
1.50000006481269e-07
13.8 3.00000000000001 2
0 0

0101101
*
Ed
 1.5e-07 1 1 0
1  24 0 -1.1811039311592 1.64732319358699
2  7 4 0 -1.1811039311592 1.64732319358699
2  8 2 14 -1.1811039311592 1.64732319358699
0

0101000
+23 0 -25 0 *
Ve
1.50000003662053e-07
13.8 -3 2
0 0

0101101
*
Ed
 1.5e-07 1 1 0
1  25 0 -1.49999999999991 4.50000000000009
2  9 1 0 -1.49999999999991 4.50000000000009
2  10 2 14 -1.49999999999991 4.50000000000009
0

0101000
+21 0 -23 0 *
Ve
1.50000004202982e-07
13.8 -0.999999999999997 3.28626015289046e-15
0 0

0101101
*
Ed
 1.5e-07 1 1 0
1  26 0 -0.233109631214021 2.59531749353217
2  11 5 0 -0.233109631214021 2.59531749353217
2  12 2 14 -0.233109631214021 2.59531749353217
0

0101000
+19 0 -21 0 *
Ed
 1e-07 1 1 0
1  12 0 0 3.629158
0

0101000
+53 0 -19 15 *
Wi

0101100
+59 13 -57 13 +24 13 +22 0 +20 0 +18 0 +17 13 +50 13 +48 13 +47 13 
*
Fa
0  1e-07 2 14

0101000
+16 0 *
Ed
 1e-07 1 1 0
1  8 0 31.3 35
0

0101000
+25 0 -73 17 *
Ed
 1.00000000222045e-07 1 1 0
1  2 0 31.3 35
0

0101000
+23 0 -82 17 *
Wi

0101100
-22 0 -14 0 +72 17 +13 0 *
Fa
0  1e-07 4 0

0101000
+12 0 *
Ed
 1e-07 1 1 0
1  4 0 31.3 35
0

0101000
+21 0 -83 17 *
Wi

0101100
-20 0 -13 0 +81 17 +10 0 *
Fa
0  1e-07 1 0

0101000
+9 0 *
Ed
 1e-07 1 1 0
1  17 0 31.3 35
0

0101000
+19 0 -71 17 *
Wi

0101100
-18 0 -10 0 +69 17 +7 0 *
Fa
0  1e-07 5 0

0101000
+6 0 *
Wi

0101100
-70 5 +65 0 +56 10 +37 0 -24 13 +14 0 +70 17 -7 0 -17 13 -33 0 
+52 10 -44 0 *
Fa
0  1e-07 11 0

0101000
+4 0 *
Sh

0101100
+74 0 -67 4 +62 0 -45 0 +42 0 -38 0 +35 0 -31 0 -28 0 -26 0 
+15 0 +11 0 +8 0 +5 0 +67 18 +3 0 *
So

1100000
+2 0 *

+1 1 ]]>
      </Part>
      <ElementMap new="1" count="1"><Element key="Dummy" value="Dummy"/></ElementMap>
      <ElementMap2 count="92">
<![CDATA[
2 PostfixCount 32
Edge
Face
Vertex
;:H33c,V
;:H33c,E
;:H33c,F
;:H-33e,E
;:H-33e,V
;:G#1e5;FUS;:H-33e:b,V
;:G2#1e6;FUS;:H-33e:c,V
;:M3;FUS;:H-33e:8,E
;:M;FUS;:H-33e:7,E
;:G3#1d9;FUS;:H-33e:c,E
;:G4#1da;FUS;:H-33e:c,E
;:G5#1db;FUS;:H-33e:c,E
;:M;FUS;:H-33e:7,F
;:H-33e,F
;:G#1e7;FUS;:H-33e:b,V
;:G2#1e8;FUS;:H-33e:c,V
;:G3#1e0;FUS;:H-33e:c,E
;:G4#1dd;FUS;:H-33e:c,E
;:G5#1e1;FUS;:H-33e:c,E
;:M#21d;RFI;:H33c:b,F
;:M2;FUS;:H33c:8,F
;:M;FUS;:H33c:7,F
;:G#21a;FUS;:H33c:b,V
;:G2#21c;FUS;:H33c:c,V
;:M2;FUS;:H33c:8,E
;:M;FUS;:H33c:7,E
;:G#219;FUS;:H33c:b,V
;:G2#21b;FUS;:H33c:c,V
;:M3;FUS;:H33c:8,E

MapCount 1

ElementMap 1 2 3

Edge

ChildCount 0

NameCount 43
0
$#c5.5 0
$#d7.1d 0
$#1f9.d.c5.d1.1d9 0
$#d6.1d 0
$#cb.5 0
$#cc.5 0
$#cd.5 0
$#d8.1d 0
$#1f9.e.cb.d2.1da 0
$#1f8.7 0
$#1f7.7 0
$#1f6.b 0
$#1f9.f.cd.d4.1db 0
$#1f6.c 0
$#1f5.7 0
$#1f4.7 0
$#1ec.7 0
$#d9.1d 0
$#205.7 0
$#200.7 0
$#216.7 0
$#204.7 0
$#215.7 0
$#202.7 0
$#203.7 0
$#214.7 0
$#201.7 0
$#213.7 0
$#212.7 0
$#217.b 0
$#218.15 0
$#218.14.c5.d1.1e0 0
$#218.16.cd.d4.1e1 0
$#217.c 0
$#d8.20 0
$#158.5 0
$#d7.1c 0
$#14e.5 0
$#d6.1c 0
$#159.5 0
$#d9.20 0
$#14f.5 0

Face

ChildCount 0

NameCount 17
0
$#d1.19 0
$#cf.6 0
$#d2.19 0
$#1f9.10 0
$#d4.19 0
$#1ff.11 0
$#1fe.11 0
$#1fc.11 0
$#1fb.11 0
$#1fa.11 0
$#218.10 0
$#d2.18 0
$#d1.18 0
$#d4.18 0
$#157.6 0
$#21f.17 0

Vertex

ChildCount 0

NameCount 29
0
$#c7.4 0
$#c8.4 0
$#d7.1e.1ec.1f9.219 0
$#d6.1a.1ec.1f9.21a 0
$#c9.4 0
$#ca.4 0
$#1f6.9.c9.d8.1e5 0
$#1f3.8 $#210.8 0
$#1ee.8 $#206.8 0
$#1f2.8 $#20e.8 0
$#1f6.a.ca.d9.1e6 0
$#1f1.8 $#20c.8 0
$#1f0.8 $#20a.8 0
$#1ef.8 $#208.8 0
$#211.8 0
$#207.8 0
$#20f.8 0
$#20b.8 0
$#20d.8 0
$#209.8 0
$#217.12.c9.d8.1e7 0
$#d7.1f.1f9.218.21b 0
$#d6.1b.1f9.218.21c 0
$#217.13.ca.d9.1e8 0
$#15c.4 0
$#14c.4 0
$#14b.4 0
$#15d.4 0

EndMap
]]>
      </ElementMap2>
    </Property>
    <Property name="Suppress" type="App::PropertyBool">
      <Bool value="false"/>
    </Property>
    <Property name="SuppressedShape" type="Part::PropertyPartShape">
      <Part ElementMap="0.15.70200.4" brep="1">
<![CDATA[

CASCADE Topology V1, (c) Matra-Datavision
Locations 0
Curve2ds 0
Curves 0
Polygon3D 0
PolygonOnTriangulations 0
Surfaces 0
Triangulations 0

TShapes 0

*]]>
      </Part>
      <ElementMap/>
    </Property>
    <Property name="TaperAngle" type="App::PropertyAngle" status="4">
      <Float value="0"/>
    </Property>
    <Property name="TaperAngle2" type="App::PropertyAngle" status="4">
      <Float value="0"/>
    </Property>
    <Property name="TaperAngleRev" type="App::PropertyAngle" status="4">
      <Float value="0"/>
    </Property>
    <Property name="TaperInnerAngle" type="App::PropertyAngle">
      <Float value="0"/>
    </Property>
    <Property name="TaperInnerAngleRev" type="App::PropertyAngle">
      <Float value="0"/>
    </Property>
    <Property name="TreeRank" type="App::PropertyInteger" status="2184">
      <Integer value="22"/>
    </Property>
    <Property name="Type" type="App::PropertyEnumeration">
      <Integer value="0"/>
    </Property>
    <Property name="UpToFace" type="App::PropertyLinkSub" status="4">
      <LinkSub value="" count="0">
      </LinkSub>
    </Property>
    <Property name="UseCustomVector" type="App::PropertyBool">
      <Bool value="false"/>
    </Property>
    <Property name="UsePipeForDraft" type="App::PropertyBool">
      <Bool value="false"/>
    </Property>
    <Property name="ValidateShape" type="App::PropertyBool">
      <Bool value="true"/>
    </Property>
    <Property name="Visibility" type="App::PropertyBool" status="648">
      <Bool value="true"/>
    </Property>
    <Property name="_ProfileBasedVersion" type="App::PropertyInteger" status="67108864">
      <Integer value="1"/>
    </Property>
    <Property name="_Siblings" type="App::PropertyLinkList" status="218103808">
      <LinkList count="0">
      </LinkList>
    </Property>
  </Properties>
</Object>
</Document>
