<?xml version='1.0' encoding='utf-8'?>
<!-- FreeCAD DocumentObject -->
<Document SchemaVersion="4" FileVersion="2">
<Object name="_Element018" Extensions="True">
  <Extensions Count="1">
    <Extension type="App::LinkBaseExtensionPython" name="LinkBaseExtensionPython">
    </Extension>
  </Extensions>
  <Properties Count="19" TransientCount="1">
    <_Property name="_ElementMapVersion" type="App::PropertyString" status="234881024"/>
    <Property name="ColoredElements" type="App::PropertyLinkSubHidden" status="218103808">
      <LinkSub value="" count="0">
      </LinkSub>
    </Property>
    <Property name="Detach" type="App::PropertyBool" group=" Link" attr="0" ro="0" hide="0" doc="" status="2097152">
      <Bool value="false"/>
    </Property>
    <Property name="ExpressionEngine" type="App::PropertyExpressionEngine" status="67108864">
      <ExpressionEngine count="0"></ExpressionEngine>
    </Property>
    <Property name="FixShape" type="App::PropertyEnumeration">
      <Integer value="0"/>
    </Property>
    <Property name="InvalidShape" type="App::PropertyBool" status="67108864">
      <Bool value="false"/>
    </Property>
    <Property name="Label" type="App::PropertyString" status="134217728">
      <String value="_Element018"/>
    </Property>
    <Property name="Label2" type="App::PropertyString" status="128">
      <String value=""/>
    </Property>
    <Property name="LinkTransform" type="App::PropertyBool" group=" Link" attr="0" ro="0" hide="0" doc="" status="2097418">
      <Bool value="true"/>
    </Property>
    <Property name="LinkedObject" type="App::PropertyXLink" group=" Link" attr="0" ro="0" hide="0" doc="" status="2097413">
      <XLink file="" stamp="" name="Link002" sub="Body.Pad032.Face83" shadow="Body.Pad032.;#81c4;:H-11f8,F.Face83"/>
    </Property>
    <Property name="Offset" type="App::PropertyPlacement" group=" Link" attr="0" ro="0" hide="0" doc="" status="2097152">
      <PropertyPlacement Px="0" Py="0" Pz="0" Q0="0" Q1="0" Q2="0" Q3="1" A="0" Ox="0" Oy="0" Oz="1"/>
    </Property>
    <Property name="Placement" type="App::PropertyPlacement" status="8388872">
      <PropertyPlacement Px="0" Py="0" Pz="0" Q0="0" Q1="0" Q2="0" Q3="1" A="0" Ox="0" Oy="0" Oz="1"/>
    </Property>
    <Property name="Proxy" type="App::PropertyPythonObject">
      <Python  module="freecad.asm3.assembly" class="AsmElement" value="null"/>
    </Property>
    <Property name="Shape" type="Part::PropertyPartShape">
      <Part HasherIndex="0" ElementMap="1.15.70200.4" brep="1">
<![CDATA[

CASCADE Topology V1, (c) Matra-Datavision
Locations 16
1
              1               0               0               0 
              0               1               0               0 
              0               0               1               0 
1
0.872646605148587 1.57134874354104e-16 -0.488352232023818 -28.3655572668469 
-2.33546911264951e-16               1 -9.55643116665798e-17        -4.9e-15 
0.488352232023818 1.9744702754771e-16 0.872646605148587 11.6170446423901 
1
              1               0               0               0 
              0               1               0               0 
              0               0               1               0 
1
              1               0               0               0 
              0               1               0               0 
              0               0               1               0 
2  3 1 4 1 0
2  4 -1 3 -1 0
1
              1               0               0               0 
              0               1               0               0 
              0               0               1               0 
1
0.970295726275996 0.042009296308612 0.238246558409964               6 
0.241921895599669 -0.168490084665839 -0.955554753951212             -77 
2.90269245675528e-16 0.984807753012208 -0.173648177666932 -3.37507799486048e-14 
1
              1               0               0 0.476493116819927 
              0               1               0 -1.91110950790242 
              0               0               1 -0.347296355333864 
2  7 1 8 1 9 1 0
2  9 -1 8 -1 7 -1 0
2  4 -1 3 -1 9 -1 8 -1 7 -1 0
1
              1               0               0 1.42947935045978 
              0               1               0 -5.73332852370727 
              0               0               1 -1.04188906600159 
2  7 1 8 1 9 1 13 1 0
2  13 -1 9 -1 8 -1 7 -1 0
2  4 -1 3 -1 13 -1 9 -1 8 -1 7 -1 0
Curve2ds 4
1 -0 0 4.163336342344337e-17 -1 
1 1.6000000000000023 2.4286128663675299e-15 4.163336342344337e-17 -1 
1 -3.7217270679027174e-15 -1.5503439240837745e-14 1 -6.3837823915946491e-16 
1 -4.9960036108132044e-16 -6.0000000000000275 1 -6.3837823915946491e-16 
Curves 4
1 -14.194804344950644 -84.342293636818582 1.1783651252196958 0.23824655840996348 -0.95555475395121214 -0.17364817766693194 
1 -15.66825055830283 -84.607048997318643 0.61368746899041604 0.23824655840996348 -0.95555475395121214 -0.17364817766693194 
1 -21.371193943554065 1.5491972680831301 0 -0.93358042649720185 -0.35836794954529994 0 
1 -21.371193943554065 1.5491972680831301 0 -0.93358042649720185 -0.35836794954529994 0 
Polygon3D 0
PolygonOnTriangulations 0
Surfaces 1
1 -14.194804344950644 -84.342293636818582 1.1783651252196954 0.30850383311345514 0.24399609877904893 -0.91939724207488793 -0.92090388334511519 -0.16547210031253937 -0.35292353514329938 -0.23824655840996345 0.95555475395121203 0.17364817766693189 
Triangulations 0

TShapes 12
Ve
1.00000000111022e-07
-14.1948043449507 -84.3422936368186 1.17836512521969
0 0

0101101
*
Ve
1.00000000111022e-07
-12.7653249944909 -90.0756221605259 0.136476059218105
0 0

0101101
*
Ed
 1.00000000111022e-07 1 1 0
1  1 0 0 6
2  1 1 0 0 6
0

0101000
+12 6 -11 6 *
Ve
1.00000000055511e-07
-15.6682505583028 -84.6070489973187 0.613687468990416
0 0

0101101
*
Ve
1.00000000055511e-07
-14.2387712078431 -90.3403775210259 -0.428201597011174
0 0

0101101
*
Ed
 1.00000000055511e-07 1 1 0
1  2 0 0 6
2  2 1 0 0 6
0

0101000
+9 6 -8 6 *
Ed
 1e-07 1 1 0
1  3 0 0 1.6
2  3 1 11 0 1.6
0

0101000
+12 12 -9 12 *
Ed
 1e-07 1 1 0
1  4 0 0 1.6
2  4 1 15 0 1.6
0

0101000
+11 16 -8 16 *
Wi

0101100
+10 0 -7 0 -6 10 +5 14 *
Fa
0  1e-07 1 0

0101000
+4 0 *
Co

0100000
-3 5 *
Co

1100000
+2 2 *

+1 1 ]]>
      </Part>
      <ElementMap new="1" count="1"><Element key="Dummy" value="Dummy"/></ElementMap>
      <ElementMap2 count="9">
<![CDATA[
27 PostfixCount 3
Edge
Face
Vertex

MapCount 1

ElementMap 1 27 3

Edge

ChildCount 0

NameCount 5
0
;#3b7;:X;:H11f8:3,E.0 0
;#3b8;:X;:H11f8:3,E.0 0
;#3b9;:X;:H11f8:3,E.0 0
;#3ba;:X;:H11f8:3,E.0 0

Face

ChildCount 0

NameCount 2
0
;#3bc;:X;:H11f8:3,F.0 0

Vertex

ChildCount 0

NameCount 5
0
;#3b2;:X;:H11f8:3,V.0 0
;#3b3;:X;:H11f8:3,V.0 0
;#3b4;:X;:H11f8:3,V.0 0
;#3b5;:X;:H11f8:3,V.0 0

EndMap
]]>
      </ElementMap2>
    </Property>
    <Property name="TreeRank" type="App::PropertyInteger" status="2184">
      <Integer value="109"/>
    </Property>
    <Property name="ValidateShape" type="App::PropertyBool">
      <Bool value="false"/>
    </Property>
    <Property name="Visibility" type="App::PropertyBool" status="648">
      <Bool value="false"/>
    </Property>
    <Property name="_LinkOwner" type="App::PropertyInteger" status="201326592">
      <Integer value="0"/>
    </Property>
    <Property name="_LinkVersion" type="App::PropertyInteger" status="83886080">
      <Integer value="1"/>
    </Property>
    <Property name="_Parent" type="App::PropertyLinkHidden" group=" Link" attr="0" ro="0" hide="0" doc="" status="2097162">
      <Link value="Elements"/>
    </Property>
  </Properties>
</Object>
</Document>
