<?xml version='1.0' encoding='utf-8'?>
<!-- FreeCAD DocumentObject -->
<Document SchemaVersion="4" FileVersion="2">
<Object name="_Element018" Extensions="True">
  <Extensions Count="1">
    <Extension type="App::LinkBaseExtensionPython" name="LinkBaseExtensionPython">
    </Extension>
  </Extensions>
  <Properties Count="19" TransientCount="1">
    <_Property name="_ElementMapVersion" type="App::PropertyString" status="234881025"/>
    <Property name="ColoredElements" type="App::PropertyLinkSubHidden" status="218103809">
      <LinkSub value="" count="0">
      </LinkSub>
    </Property>
    <Property name="Detach" type="App::PropertyBool" group=" Link" attr="0" ro="0" hide="0" doc="" status="2097153">
      <Bool value="false"/>
    </Property>
    <Property name="ExpressionEngine" type="App::PropertyExpressionEngine" status="67108864">
      <ExpressionEngine count="0"></ExpressionEngine>
    </Property>
    <Property name="FixShape" type="App::PropertyEnumeration" status="1">
      <Integer value="0"/>
    </Property>
    <Property name="InvalidShape" type="App::PropertyBool" status="67108865">
      <Bool value="false"/>
    </Property>
    <Property name="Label" type="App::PropertyString" status="134217729">
      <String value="_Element018"/>
    </Property>
    <Property name="Label2" type="App::PropertyString" status="128">
      <String value=""/>
    </Property>
    <Property name="LinkTransform" type="App::PropertyBool" group=" Link" attr="0" ro="0" hide="0" doc="" status="2097419">
      <Bool value="true"/>
    </Property>
    <Property name="LinkedObject" type="App::PropertyXLink" group=" Link" attr="0" ro="0" hide="0" doc="" status="2097413">
      <XLink file="" stamp="" name="Link002" sub="Body.Pad032.Face83" shadow="Body.Pad032.;#81c4;:H-11f8,F.Face83"/>
    </Property>
    <Property name="Offset" type="App::PropertyPlacement" group=" Link" attr="0" ro="0" hide="0" doc="" status="2097153">
      <PropertyPlacement Px="0" Py="0" Pz="0" Q0="0" Q1="0" Q2="0" Q3="1" A="0" Ox="0" Oy="0" Oz="1"/>
    </Property>
    <Property name="Placement" type="App::PropertyPlacement" status="8388873">
      <PropertyPlacement Px="0" Py="0" Pz="0" Q0="0" Q1="0" Q2="0" Q3="1" A="0" Ox="0" Oy="0" Oz="1"/>
    </Property>
    <Property name="Proxy" type="App::PropertyPythonObject" status="1">
      <Python  module="freecad.asm3.assembly" class="AsmElement" value="null"/>
    </Property>
    <Property name="Shape" type="Part::PropertyPartShape" status="1">
      <Part HasherIndex="0" ElementMap="1.15.70200.4" brep="1">
<![CDATA[

CASCADE Topology V1, (c) Matra-Datavision
Locations 14
1
              1               0               0               0 
              0               1               0               0 
              0               0               1               0 
1
0.872646605148587 1.69163378272249e-16 -0.488352232023818 -28.3655572668469 
-2.37373800086837e-16               1 -7.77718622629245e-17 -4.85299256450878e-15 
0.488352232023818 1.83789376676207e-16 0.872646605148587 11.6170446423901 
1
              1               0               0               0 
              0               1               0               0 
              0               0               1               0 
2  3 -1 0
1
              1               0               0               0 
              0               1               0               0 
              0               0               1               0 
1
0.913545457642601 -1.04169681081894e-16 0.4067366430758               2 
0.4067366430758 -2.43708778199476e-16 -0.913545457642601             -74 
1.94289029309402e-16               1 -1.80269420918233e-16 -3.28626015289046e-14 
1
              1               0               0 0.813473286151601 
              0               1               0 -1.8270909152852 
              0               0               1 -5.06539254985228e-16 
2  5 1 6 1 7 1 0
2  7 -1 6 -1 5 -1 0
2  3 -1 7 -1 6 -1 5 -1 0
1
              1               0               0 2.4404198584548 
              0               1               0 -5.48127274585561 
              0               0               1 -1.51961776495568e-15 
2  5 1 6 1 7 1 11 1 0
2  11 -1 7 -1 6 -1 5 -1 0
2  3 -1 11 -1 7 -1 6 -1 5 -1 0
Curve2ds 4
1 -0 0 -5.6733094585841415e-17 -1 
1 1.5999999999999901 1.3488885435188184e-15 -5.6733094585841415e-17 -1 
1 -0 0 1 -3.4897165774207102e-18 
1 3.9747953050057118e-16 -6 1 -3.4897165774207102e-18 
Curves 4
1 -16.564255826807358 -84.454611772512862 1.0324050220669505 0.40673664307580032 -0.91354545764260087 -2.5326962749261393e-16 
1 -17.988866423417647 -85.08888927551827 0.67438728897699862 0.40673664307580032 -0.91354545764260087 -2.5326962749261393e-16 
1 -21.211565282107674 1.0324050220669883 0 -0.9746440261211099 -0.22376108318122134 0 
1 -21.211565282107674 1.0324050220669883 0 -0.9746440261211099 -0.22376108318122134 0 
Polygon3D 0
PolygonOnTriangulations 0
Surfaces 1
1 -16.564255826807358 -84.454611772512862 1.0324050220669507 0.20441592113739299 0.091011831824135178 -0.97464402612110979 -0.8903816228814363 -0.3964234393783827 -0.22376108318122151 -0.40673664307580026 0.91354545764260087 2.6367796834847468e-16 
Triangulations 0

TShapes 12
Ve
1.00000000111022e-07
-16.5642558268074 -84.4546117725129 1.03240502206695
0 0

0101101
*
Ve
1.00000000111022e-07
-14.1238359683526 -89.9358845183685 1.03240502206695
0 0

0101101
*
Ed
 1.00000000111022e-07 1 1 0
1  1 0 0 6
2  1 1 0 0 6
0

0101000
+12 4 -11 4 *
Ve
1.00000000111022e-07
-17.9888664234176 -85.0888892755183 0.674387288976999
0 0

0101101
*
Ve
1.00000000111022e-07
-15.5484465649628 -90.5701620213739 0.674387288976997
0 0

0101101
*
Ed
 1.00000000111022e-07 1 1 0
1  2 0 0 6
2  2 1 0 0 6
0

0101000
+9 4 -8 4 *
Ed
 1e-07 1 1 0
1  3 0 0 1.59999999999999
2  3 1 9 0 1.59999999999999
0

0101000
+12 10 -9 10 *
Ed
 1e-07 1 1 0
1  4 0 0 1.59999999999999
2  4 1 13 0 1.59999999999999
0

0101000
+11 14 -8 14 *
Wi

0101100
+10 0 -7 0 -6 8 +5 12 *
Fa
0  1e-07 1 0

0101000
+4 0 *
Co

0100000
-3 3 *
Co

0100000
+2 2 *

+1 1 ]]>
      </Part>
      <ElementMap new="1" count="1"><Element key="Dummy" value="Dummy"/></ElementMap>
      <ElementMap2 count="9">
<![CDATA[
26 PostfixCount 3
Edge
Face
Vertex

MapCount 1

ElementMap 1 26 3

Edge

ChildCount 0

NameCount 5
0
;#3f7;:X;:H11f8:3,E.0 0
;#3f8;:X;:H11f8:3,E.0 0
;#3f9;:X;:H11f8:3,E.0 0
;#3fa;:X;:H11f8:3,E.0 0

Face

ChildCount 0

NameCount 2
0
;#3fc;:X;:H11f8:3,F.0 0

Vertex

ChildCount 0

NameCount 5
0
;#3f2;:X;:H11f8:3,V.0 0
;#3f3;:X;:H11f8:3,V.0 0
;#3f4;:X;:H11f8:3,V.0 0
;#3f5;:X;:H11f8:3,V.0 0

EndMap
]]>
      </ElementMap2>
    </Property>
    <Property name="TreeRank" type="App::PropertyInteger" status="2185">
      <Integer value="109"/>
    </Property>
    <Property name="ValidateShape" type="App::PropertyBool" status="1">
      <Bool value="false"/>
    </Property>
    <Property name="Visibility" type="App::PropertyBool" status="649">
      <Bool value="false"/>
    </Property>
    <Property name="_LinkOwner" type="App::PropertyInteger" status="201326593">
      <Integer value="0"/>
    </Property>
    <Property name="_LinkVersion" type="App::PropertyInteger" status="83886081">
      <Integer value="1"/>
    </Property>
    <Property name="_Parent" type="App::PropertyLinkHidden" group=" Link" attr="0" ro="0" hide="0" doc="" status="2097163">
      <Link value="Elements"/>
    </Property>
  </Properties>
</Object>
</Document>
