<?xml version='1.0' encoding='utf-8'?>
<!-- FreeCAD DocumentObject -->
<Document SchemaVersion="4" FileVersion="2">
<Object name="Box003" Extensions="True">
  <Extensions Count="1">
    <Extension type="Part::AttachExtension" name="AttachExtension">
    </Extension>
  </Extensions>
  <Properties Count="29" TransientCount="2">
    <_Property name="_Body" type="App::PropertyLinkHidden" status="251658240"/>
    <_Property name="_ElementMapVersion" type="App::PropertyString" status="234881024"/>
    <Property name="AddSubShape" type="Part::PropertyPartShape">
      <Part HasherIndex="0" ElementMap="1.15.70200.4" brep="1">
<![CDATA[

CASCADE Topology V1, (c) Matra-Datavision
Locations 0
Curve2ds 24
1 0 0 1 0 
1 0 0 1 0 
1 10 0 0 -1 
1 0 0 0 1 
1 0 -100 1 0 
1 0 0 1 0 
1 0 0 0 -1 
1 0 0 0 1 
1 0 0 1 0 
1 0 100 1 0 
1 10 0 0 -1 
1 100 0 0 1 
1 0 -100 1 0 
1 0 100 1 0 
1 0 0 0 -1 
1 100 0 0 1 
1 0 0 0 1 
1 0 0 1 0 
1 10 0 0 1 
1 0 0 1 0 
1 0 0 0 1 
1 0 100 1 0 
1 10 0 0 1 
1 0 100 1 0 
Curves 12
1 0 0 0 0 0 1 
1 0 0 10 -0 1 0 
1 0 100 0 0 0 1 
1 0 0 0 -0 1 0 
1 100 0 0 0 0 1 
1 100 0 10 -0 1 0 
1 100 100 0 0 0 1 
1 100 0 0 -0 1 0 
1 0 0 0 1 0 -0 
1 0 0 10 1 0 -0 
1 0 100 0 1 0 -0 
1 0 100 10 1 0 -0 
Polygon3D 0
PolygonOnTriangulations 0
Surfaces 6
1 0 0 0 1 0 -0 0 0 1 0 -1 0 
1 0 0 0 -0 1 0 0 0 1 1 0 -0 
1 0 0 10 0 0 1 1 0 -0 -0 1 0 
1 0 100 0 -0 1 0 0 0 1 1 0 -0 
1 0 0 0 0 0 1 1 0 -0 -0 1 0 
1 100 0 0 1 0 -0 0 0 1 0 -1 0 
Triangulations 0

TShapes 34
Ve
1e-07
0 0 10
0 0

0101101
*
Ve
1e-07
0 0 0
0 0

0101101
*
Ed
 1e-07 1 1 0
1  1 0 0 10
2  1 1 0 0 10
2  2 2 0 0 10
0

0101000
-34 0 +33 0 *
Ve
1e-07
0 100 10
0 0

0101101
*
Ed
 1e-07 1 1 0
1  2 0 0 100
2  3 1 0 0 100
2  4 3 0 0 100
0

0101000
-31 0 +34 0 *
Ve
1e-07
0 100 0
0 0

0101101
*
Ed
 1e-07 1 1 0
1  3 0 0 10
2  5 1 0 0 10
2  6 4 0 0 10
0

0101000
-31 0 +29 0 *
Ed
 1e-07 1 1 0
1  4 0 0 100
2  7 1 0 0 100
2  8 5 0 0 100
0

0101000
-29 0 +33 0 *
Wi

0101100
-32 0 -30 0 +28 0 +27 0 *
Fa
0  1e-07 1 0

0101000
+26 0 *
Ve
1e-07
100 0 10
0 0

0101101
*
Ve
1e-07
100 0 0
0 0

0101101
*
Ed
 1e-07 1 1 0
1  5 0 0 10
2  9 6 0 0 10
2  10 2 0 0 10
0

0101000
-24 0 +23 0 *
Ve
1e-07
100 100 10
0 0

0101101
*
Ed
 1e-07 1 1 0
1  6 0 0 100
2  11 6 0 0 100
2  12 3 0 0 100
0

0101000
-21 0 +24 0 *
Ve
1e-07
100 100 0
0 0

0101101
*
Ed
 1e-07 1 1 0
1  7 0 0 10
2  13 6 0 0 10
2  14 4 0 0 10
0

0101000
-21 0 +19 0 *
Ed
 1e-07 1 1 0
1  8 0 0 100
2  15 6 0 0 100
2  16 5 0 0 100
0

0101000
-19 0 +23 0 *
Wi

0101100
-22 0 -20 0 +18 0 +17 0 *
Fa
0  1e-07 6 0

0101000
+16 0 *
Ed
 1e-07 1 1 0
1  9 0 0 100
2  17 2 0 0 100
2  18 5 0 0 100
0

0101000
-23 0 +33 0 *
Ed
 1e-07 1 1 0
1  10 0 0 100
2  19 2 0 0 100
2  20 3 0 0 100
0

0101000
-24 0 +34 0 *
Wi

0101100
-14 0 -22 0 +13 0 +32 0 *
Fa
0  1e-07 2 0

0101000
+12 0 *
Ed
 1e-07 1 1 0
1  11 0 0 100
2  21 4 0 0 100
2  22 5 0 0 100
0

0101000
-19 0 +29 0 *
Ed
 1e-07 1 1 0
1  12 0 0 100
2  23 4 0 0 100
2  24 3 0 0 100
0

0101000
-21 0 +31 0 *
Wi

0101100
-10 0 -18 0 +9 0 +28 0 *
Fa
0  1e-07 4 0

0101000
+8 0 *
Wi

0101100
-27 0 -10 0 +17 0 +14 0 *
Fa
0  1e-07 5 0

0101000
+6 0 *
Wi

0101100
-30 0 -9 0 +20 0 +13 0 *
Fa
0  1e-07 3 0

0101000
+4 0 *
Sh

0101100
-25 0 +15 0 -11 0 +7 0 -5 0 +3 0 *
So

1100000
+2 0 *

+1 0 ]]>
      </Part>
      <ElementMap new="1" count="1"><Element key="Dummy" value="Dummy"/></ElementMap>
      <ElementMap2 count="26">
<![CDATA[
16 PostfixCount 3
Edge
Face
Vertex

MapCount 1

ElementMap 1 16 3

Edge

ChildCount 1
1 0 12 -2215 0 ;:H-8a7,E 0

NameCount 0

Face

ChildCount 1
1 0 6 -2215 0 ;:H-8a7,F 0

NameCount 0

Vertex

ChildCount 1
1 0 8 -2215 0 ;:H-8a7,V 0

NameCount 0

EndMap
]]>
      </ElementMap2>
    </Property>
    <Property name="AddSubType" type="App::PropertyEnumeration">
      <Integer value="1"/>
    </Property>
    <Property name="AttacherType" type="App::PropertyString" status="8">
      <String value="Attacher::AttachEngine3D"/>
    </Property>
    <Property name="AttachmentOffset" type="App::PropertyPlacement">
      <PropertyPlacement Px="-22" Py="-50" Pz="-10" Q0="0" Q1="0" Q2="0" Q3="1" A="0" Ox="0" Oy="0" Oz="1"/>
    </Property>
    <Property name="AttachmentSupport" type="App::PropertyLinkSubList">
      <LinkSubList count="1">
        <Link obj="XY_Plane" sub=""/>
      </LinkSubList>
    </Property>
    <Property name="BaseFeature" type="App::PropertyLink" status="8">
      <Link value="Mirrored"/>
    </Property>
    <Property name="ColoredElements" type="App::PropertyLinkSubHidden" status="218103808">
      <LinkSub value="" count="0">
      </LinkSub>
    </Property>
    <Property name="ExpressionEngine" type="App::PropertyExpressionEngine" status="67108864">
      <ExpressionEngine count="0"></ExpressionEngine>
    </Property>
    <Property name="FixShape" type="App::PropertyEnumeration">
      <Integer value="1"/>
    </Property>
    <Property name="Height" type="App::PropertyLength">
      <Float value="10"/>
    </Property>
    <Property name="InvalidShape" type="App::PropertyBool" status="67108864">
      <Bool value="false"/>
    </Property>
    <Property name="Label" type="App::PropertyString" status="134217728">
      <String value="Box003"/>
    </Property>
    <Property name="Label2" type="App::PropertyString" status="128">
      <String value=""/>
    </Property>
    <Property name="Length" type="App::PropertyLength">
      <Float value="100"/>
    </Property>
    <Property name="MapMode" type="App::PropertyEnumeration">
      <Integer value="5"/>
    </Property>
    <Property name="MapPathParameter" type="App::PropertyFloat" status="8">
      <Float value="0"/>
    </Property>
    <Property name="MapReversed" type="App::PropertyBool">
      <Bool value="false"/>
    </Property>
    <Property name="NewSolid" type="App::PropertyBool">
      <Bool value="false"/>
    </Property>
    <Property name="Placement" type="App::PropertyPlacement" status="8388620">
      <PropertyPlacement Px="-22" Py="-50" Pz="-10" Q0="0" Q1="0" Q2="0" Q3="1" A="0" Ox="0" Oy="0" Oz="1"/>
    </Property>
    <Property name="Refine" type="App::PropertyBool">
      <Bool value="true"/>
    </Property>
    <Property name="Shape" type="Part::PropertyPartShape">
      <Part HasherIndex="0" ElementMap="1.15.70200.4" brep="1">
<![CDATA[

CASCADE Topology V1, (c) Matra-Datavision
Locations 64
1
              1               0               0             -22 
              0               1               0             -50 
              0               0               1             -10 
1
              1               0               0              -0 
              0               1               0              -0 
              0               0               1              -0 
1
              1               0               0               0 
              0               1               0               0 
              0               0               1               0 
1
              1               0               0               0 
              0               1               0               0 
              0               0               1               0 
1
              1               0               0             -22 
              0               1               0             -50 
              0               0               1             -10 
2  2 1 3 1 4 1 5 -1 0
1
              1               0               0               0 
              0               1               0               0 
              0               0               1               0 
1
              1               0               0               0 
              0               1               0               0 
              0               0               1               0 
1
              1               0               0               0 
              0               1               0               0 
              0               0               1               0 
1
              1               0               0               0 
              0               1               0               0 
              0               0               1               0 
1
              1               0               0               0 
              0               1               0               0 
              0               0               1               0 
2  7 1 8 1 9 1 10 1 11 1 0
2  2 -1 11 -1 10 -1 9 -1 8 -1 7 -1 0
2  2 -1 0
2  7 1 8 1 9 1 10 1 11 1 2 1 3 1 4 1 5 -1 0
2  2 -1 11 -1 0
1
              1               0               0               0 
              0               1               0               0 
              0               0               1               0 
2  7 1 8 1 9 1 10 1 11 1 17 1 4 1 5 -1 0
2  5 1 4 -1 17 -1 11 -1 10 -1 9 -1 8 -1 7 -1 0
2  5 1 4 -1 3 -1 2 -1 11 -1 10 -1 9 -1 8 -1 7 -1 0
1
              1               0               0               0 
              0               1               0               0 
              0               0               1               0 
1
              1               0               0               0 
              0               1               0               0 
              0               0               1               0 
1
              1               0               0               0 
              0               1               0               0 
              0               0               1               0 
1
              1               0               0               0 
              0               1               0               0 
              0               0               1               0 
1
0.190808525233316 -0.981627274834133               0 -1.97038674354553 
0.981627274834133 0.190808525233316               0 -22.8800430297852 
              0               0               1 -3.00000047683716 
1
              1               0               0               0 
              0               1               0               0 
              0               0               1               0 
1
              1               0               0               0 
              0               1               0               0 
              0               0               1               0 
1
              1               0               0               0 
              0               1               0               0 
              0               0               1               0 
2  21 1 22 1 23 1 24 1 25 1 26 1 27 1 28 1 11 1 17 1 4 1 5 -1 0
2  5 1 4 -1 17 -1 11 -1 28 -1 27 -1 26 -1 25 -1 24 -1 23 -1 22 -1 21 -1 0
1
              1               0               0               0 
              0               1               0               0 
              0               0               1               0 
1
              1               0               0               0 
              0               1               0               0 
              0               0               1              -3 
1
              1               0               0               0 
              0               1               0               0 
              0               0               1               6 
1
              1               0               0            -2.5 
              0               1               0            -7.5 
              0               0               1              -3 
1
              1               0               0            -2.5 
              0               1               0            -7.5 
              0               0               1              -3 
1
              1               0               0              -9 
              0               1               0              -9 
              0               0               1               3 
1
-2.22044604925031e-16               1               0               0 
             -1 -2.22044604925031e-16               0               0 
              0               0               1              -3 
1
              1               0               0               0 
              0               1               0               0 
              0               0               1               0 
2  31 1 32 1 33 1 34 -1 35 1 36 -1 21 1 22 1 23 1 24 1 37 1 38 1 27 1 28 1 11 1 17 1 4 1 5 -1 0
2  5 1 4 -1 17 -1 11 -1 28 -1 27 -1 38 -1 37 -1 24 -1 23 -1 22 -1 21 -1 36 1 35 -1 34 1 33 -1 32 -1 31 -1 0
2  3 1 4 1 5 -1 0
2  21 1 22 1 23 1 24 1 25 1 26 1 27 1 28 1 11 1 2 1 3 1 4 1 5 -1 0
2  31 1 32 1 33 1 34 -1 35 1 36 -1 21 1 22 1 23 1 24 1 25 1 26 1 27 1 28 1 11 1 2 1 3 1 4 1 5 -1 0
2  2 -1 11 -1 28 -1 27 -1 26 -1 25 -1 24 -1 23 -1 22 -1 21 -1 36 1 35 -1 34 1 33 -1 32 -1 31 -1 0
2  34 -1 35 1 36 -1 21 1 22 1 23 1 24 1 37 1 38 1 27 1 28 1 11 1 2 1 3 1 4 1 5 -1 0
2  11 1 2 1 3 1 4 1 5 -1 0
2  2 -1 11 -1 28 -1 27 -1 38 -1 37 -1 24 -1 23 -1 22 -1 21 -1 36 1 35 -1 34 1 0
2  5 1 4 -1 3 -1 2 -1 11 -1 28 -1 27 -1 38 -1 37 -1 24 -1 23 -1 22 -1 21 -1 36 1 35 -1 34 1 0
2  35 1 36 -1 21 1 22 1 23 1 24 1 37 1 38 1 27 1 28 1 11 1 2 1 3 1 4 1 5 -1 0
2  2 -1 11 -1 28 -1 27 -1 38 -1 37 -1 24 -1 23 -1 22 -1 21 -1 36 1 35 -1 0
2  34 -1 35 1 36 -1 21 1 22 1 23 1 24 1 25 1 26 1 27 1 28 1 0
2  2 -1 11 -1 28 -1 27 -1 26 -1 25 -1 24 -1 23 -1 22 -1 21 -1 36 1 35 -1 34 1 0
2  31 1 32 1 33 1 34 -1 35 1 36 -1 21 1 22 1 23 1 24 1 25 1 26 1 27 1 28 1 0
2  35 1 36 -1 21 1 22 1 23 1 24 1 25 1 26 1 27 1 28 1 0
2  2 -1 11 -1 28 -1 27 -1 26 -1 25 -1 24 -1 23 -1 22 -1 21 -1 36 1 35 -1 0
2  35 1 36 -1 21 1 22 1 23 1 24 1 37 1 38 1 27 1 28 1 0
2  35 1 36 -1 21 1 22 1 23 1 24 1 25 1 26 1 27 1 28 1 11 1 2 1 3 1 4 1 5 -1 0
1
              1               0               0               0 
              0               1               0               0 
              0               0               1               0 
1
-0.104528463267654 -6.07071206434638e-17 0.994521895368273 11.0839922473176 
0.994521895368273 4.94363466807198e-17 0.104528463267654  1.164974528845 
-5.55111512312578e-17               1 5.52070553365854e-17 -1.49880108324396e-16 
2  58 1 59 1 0
2  2 -1 59 -1 58 -1 0
1
              1               0               0 -14.9178284305241 
              0               1               0 -1.5679269490148 
              0               0               1 -8.32667268468867e-16 
2  58 1 59 1 62 1 0
2  2 -1 62 -1 59 -1 58 -1 0
Curve2ds 20
7 0 0  8 23 4  6.2831853071795862 -26.210403577310792  6.0868357663302239 -26.210403577310792  5.8904862254808332 -26.196259075835517  5.6941366846317862 -26.167971782801942  5.4977871437822259 -26.126699835971522  5.3014376029326336 -26.074778949928941  5.1050880620835111 -26.015449308148334  4.9087385212340511 -25.952417944653568  4.4178646691106467 -25.794838987467653  4.123340357840128 -25.700291270568414  3.8288160465556516 -25.618243931952748  3.5342917353020979 -25.561179542142781  3.2397674240085266 -25.538173539200216  2.945243112744059 -25.55118633793245  2.6507188014663901 -25.595537822280114  2.0616701789183036 -25.729248001318275  1.7671458676425331 -25.818607180517574  1.4726215563889795 -25.921626840659883  1.1780972450972271 -26.025334077741718  0.88357293384185454 -26.114933868841035  0.58904862254737367 -26.178578331091558  0.29452431127404388 -26.2104035773108  8.8817841970012523e-16 -26.2104035773108 
 3.141592653589794 9 4.712388980384679 7 7.0685834705770283 7 9.4247779607693793 9
1 6.2831853071795862 -49.999999999999979 -1 0 
1 2.625 1.1102230246251565e-16 1.9158377441940856e-47 1 
1 -5.8286708792820709e-16 2.5884498452564441e-31 4.4408920985006242e-16 1 
1 2.6250000000000009 -5.5511151231257827e-16 -4.7562421940416797e-48 1 
1 -7.0548651300208944e-16 3.1329894811897392e-31 4.4408920985006271e-16 1 
1 2.6249999999999991 -1.0547118733938987e-15 5.3369765731120963e-47 1 
1 -5.8286708792820797e-16 -1.7666257707707327e-15 4.4408920985006242e-16 1 
1 2.6250000000000004 -4.8329557778165438e-48 -1.8411260105967784e-48 1 
1 -7.0548651300208954e-16 3.13298948118974e-31 4.4408920985006281e-16 1 
1 2.6249999999999969 8.8817841970012523e-16 6.2948954452091392e-47 1 
1 -5.8286708792820699e-16 4.3593004026461571e-16 4.4408920985006232e-16 1 
1 2.6250000000000004 -2.2204460492503131e-16 -2.4548346807957058e-48 1 
1 -7.0548651300209122e-16 -3.4874403221169245e-15 4.4408920985006281e-16 1 
1 2.625 0 0 1 
1 -4.4408920985006262e-16 1.9721522630525295e-31 4.4408920985006262e-16 1 
1 0 0 0 -1 
1 6.2831853071795862 0 0 -1 
1 6.2831853071795862 -32.299999999999997 -1 0 
1 6.2831853071795862 -47.299999999999997 -1 0 
Curves 140
1 -12.421209926429929 -29.307186892801212 1.1999999999999988 -1.4011846931031338e-16 -1.9896427468142203e-16 1 
1 -12.120685758711877 -27.761124078871163 4 0.19080899537654469 0.98162718344766398 2.4651903288156619e-32 
1 -8.5749999999999957 -9.5201521695211788 1.1999999999999953 -0 -5.2188275932056476e-16 -1 
1 -12.120685758711877 -27.761124078871166 1.2000000000000002 0.19080899537654469 0.98162718344766398 2.4651903288156619e-32 
1 -12.120685758711877 -27.761124078871166 1.2000000000000002 0.19080899537654469 0.98162718344766398 2.4651903288156619e-32 
3 -9.0595187132193686 -12.012784861426688 2.2500000000000009 0.98162718344766409 -0.19080899537654461 1.9907897184451596e-16 -0.19080899537654461 -0.98162718344766409 8.399828675508247e-16 3.5145043324507028e-17 -8.6253607503645565e-16 -1 1.0979763443115051 1.05
3 -9.0595187132193686 -12.012784861426688 2.2500000000000009 0.98162718344766409 -0.19080899537654461 1.9907897184451596e-16 -0.19080899537654461 -0.98162718344766409 8.399828675508247e-16 3.5145043324507028e-17 -8.6253607503645565e-16 -1 1.0979763443115051 1.05
1 -8.5749999999999993 -9.6718074204323479 1.2000000000000002 -0 1 -0 
1 -8.5749999999999993 8.4181363697690994 1.8150757595082494 -0 2.2326768868452908e-16 1 
1 -8.5749999999999993 -9.6718074204323461 4 -0 1 -0 
1 -7.1646323296465546 8.5663719852050288 1.2 0.9945218953682734 0.10452846326765322 -8.6281661508548166e-32 
1 12.800394719871534 10.664780885303159 1.1999999999999984 7.5824434432183093e-17 2.3123715787997611e-16 1 
1 -7.1646323296465537 8.5663719852050288 4 0.9945218953682734 0.10452846326765322 -8.6281661508548166e-32 
1 12.965027049518087 9.0984089000981392 4 0.10452846326765326 -0.9945218953682734 4.7763062620803449e-32 
1 15.908025932818877 -18.902355063995593 1.1999999999999966 1.222443970915568e-16 -2.1041928481270781e-16 1 
1 12.965027049518087 9.0984089000981392 1.2000000000000002 0.10452846326765326 -0.9945218953682734 4.7763062620803449e-32 
1 12.965027049518087 9.0984089000981392 1.2000000000000002 0.10452846326765326 -0.9945218953682734 4.7763062620803449e-32 
2 14.919014460756095 -9.4925394693833418 2.2499999999999996 0.9945218953682734 0.10452846326765351 -5.5207055336585385e-17 -0.10452846326765351 0.9945218953682734 5.5511151231257815e-17 6.0707120643463738e-17 -4.9436346680719793e-17 1 1.05
2 14.919014460756095 -9.4925394693833418 2.2499999999999996 0.9945218953682734 0.10452846326765351 -5.5207055336585385e-17 -0.10452846326765351 0.9945218953682734 5.5511151231257815e-17 6.0707120643463738e-17 -4.9436346680719793e-17 1 1.05
1 14.341653947613834 -19.066987393642147 4 -0.9945218953682734 -0.10452846326765315 -2.4035605705952703e-31 
1 2.8676334557674292 -32.279036995790918 4 -0.98162718344766398 0.19080899537654489 -2.8349688781380112e-31 
1 7.1103710228176524 -18.706372232578932 4 -0.19080899537654464 -0.98162718344766409 1.8488927466117464e-32 
1 -8.2953075202043163 -18.73303097411792 4 0.19080852523331604 0.98162727483413326 -0 
1 0.73596355206050035 -30.53711909252943 4 -0.98162727483413326 0.19080852523331604 -0 
1 1.840008734318956 -26.16749848708416 4 0.98162727483413326 -0.19080852523331604 -0 
1 6.7831340041067616 -14.532959403545412 4 -0.19080852523331604 -0.98162727483413326 -0 
1 -8.3568019758464231 -16.428965343124464 4 0.19080852523331604 0.98162727483413326 -0 
1 1.840008734318956 -26.16749848708416 4 0.98162727483413326 -0.19080852523331604 -0 
1 2.7940513604855357 -21.259362112913493 4 0.98162727483413326 -0.19080852523331604 -0 
1 6.367607146665577 -19.291093221624205 4 0.19080852523331604 0.98162727483413326 -0 
1 -8.2953075202043163 -18.73303097411792 4 0.19080852523331604 0.98162727483413326 -0 
1 2.7940513604855357 -21.259362112913493 4 0.98162727483413326 -0.19080852523331604 -0 
1 -3.4641080185120079 -15.45867756821835 4 0.98162727483413326 -0.19080852523331604 -0 
1 6.7831340041067616 -14.532959403545412 4 -0.19080852523331604 -0.98162727483413326 -0 
1 6.7674065695901859 -8.4388422517993096 4 0.9945218953682734 0.1045284632676534 -0 
1 12.220118489137702 -9.6445446018378043 4 0.10452846326765364 -0.99452189536827329 -0 
1 7.1646147300072691 -12.218025454198749 4 -0.9945218953682734 -0.1045284632676534 -0 
1 -2.6977099413863965 -11.212471550852607 4 0.10452846326765364 -0.99452189536827329 -0 
1 7 -1.8108289745278254 4 -2.2204460492503126e-16 -1 -0 
1 -2.6645788759562312 7 4 1 -2.2204460492503126e-16 -0 
1 -2.9145788759562321 2.5000000000000009 4 -1 2.2204460492503126e-16 -0 
1 -7.0000000000000018 -8.8108289745278228 4 2.2204460492503126e-16 1 -0 
1 7.4999999999999991 -4.0608289745278254 4 -2.2204460492503126e-16 -1 -0 
1 -2.9145788759562321 2.5000000000000009 4 -1 2.2204460492503126e-16 -0 
1 -2.9145788759562334 -2.4999999999999991 4 -1 2.2204460492503126e-16 -0 
1 -7.5000000000000009 -4.0608289745278219 4 -2.2204460492503126e-16 -1 -0 
1 7 -1.8108289745278254 4 -2.2204460492503126e-16 -1 -0 
1 -2.9145788759562334 -2.4999999999999991 4 -1 2.2204460492503126e-16 -0 
1 4.3354211240437657 -7.0000000000000009 4 -1 2.2204460492503126e-16 -0 
1 -7.0000000000000018 -8.8108289745278228 4 2.2204460492503126e-16 1 -0 
1 -7.2743872160775913 9.6106199753417165 5.8286708792820709e-16 0.9945218953682734 0.10452846326765322 8.6281661508548166e-32 
1 13.734887823577186 11.818783761870883 -1.121201896960319e-15 7.5824434432183093e-17 2.3123715787997611e-16 1 
1 -7.2743872160775913 9.6106199753417165 1.2 0.99452189536827351 0.10452846326765286 -4.4408920985006257e-16 
1 -9.625 9.3635606162818341 0.76507575950776008 -0 2.2326768868452908e-16 1 
1 14.009275039654776 9.2081637865291768 2.6139730315202703e-16 0.10452846326765326 -0.9945218953682734 -4.7763062620803449e-32 
1 14.451408834044873 -20.111235383778833 5.8286708792820718e-16 -0.9945218953682734 -0.10452846326765315 2.4035605705952703e-31 
1 8.1410795654377015 -18.906721677724299 2.6139730315202693e-16 -0.19080899537654464 -0.98162718344766409 -1.8488927466117464e-32 
1 2.6672840106220583 -33.309745538410965 5.8286708792820718e-16 -0.98162718344766398 0.19080899537654489 2.8349688781380112e-31 
1 -13.151394301331926 -27.560774633725796 2.6139730315202703e-16 0.19080899537654469 0.98162718344766398 -2.4651903288156619e-32 
1 -9.625 -9.6718074204323479 0 0 1 0 
1 -9 -9 3 1 0 0 
1 9 -9 3 0 1 0 
1 -9 9 3 1 0 0 
1 -9 -9 3 0 1 0 
1 -16 -16 3 0 1 0 
1 -2 -16 3 -1 0 0 
1 -2 -2 3 0 -1 0 
1 -16 -2 3 1 0 0 
1 17.0620288093866 -19.836848167701248 -3.1510603900687625e-15 1.222443970915568e-16 -2.1041928481270781e-16 1 
1 36.009275039654774 59.208163786529177 11.200000000000001 0.10452846326765372 -0.99452189536827329 -4.4408920985006271e-16 
1 -9.625 -9.6718074204323479 1.2000000000000004 -0 1 -4.4408920985006262e-16 
1 -9.6249999999999964 -9.4190486689137547 -4.3557930101692311e-15 -0 -5.2188275932056476e-16 -1 
1 7.770452588409877 -20.813432180819738 1.4784890754875984e-16 -5.9255490902874207e-17 2.1703968562789064e-16 -1 
1 14.451408834044871 -20.111235383778833 1.2 -0.99452189536827351 -0.10452846326765207 -4.4408920985006242e-16 
1 5.2440553671721784 -33.810619151274402 -1.5942889201345244e-15 5.5382253321259312e-17 -2.3696576558319477e-16 1 
1 8.1410795654377015 -18.906721677724303 1.2000000000000004 -0.19080899537654444 -0.98162718344766409 -4.4408920985006281e-16 
1 -13.652267914195352 -30.137545990275889 -8.9714706568715201e-16 -1.4011846931031338e-16 -1.9896427468142203e-16 1 
1 2.6672840106220583 -33.309745538410965 1.2 -0.98162718344766375 0.19080899537654616 -4.4408920985006232e-16 
1 8.8486056986680737 22.439225366274208 11.200000000000001 0.19080899537654444 0.98162718344766409 -4.4408920985006281e-16 
1 -16 -16 3.0000009536743164 -0 1 -0 
1 -2 -16 3.0000009536743164 -1 -0 -0 
1 -2 -2 3.0000009536743164 -0 -1 -0 
1 -16 -2 3.0000009536743164 1 -0 -0 
1 -16 -2 12 -0 -0 -1 
1 -16 -16 12 -0 -0 -1 
1 -4 -8.5 15 -0 -0 -1 
1 -4.25 -8.5 10.5 -1 -0 -0 
1 -9 -8.5 15 -0 -0 -1 
1 -2 -16 12 -0 -0 -1 
1 -2 -2 12 -0 -0 -1 
1 -9 5.5 15 -0 -0 1 
1 -11.25 5.5 10.5 1 -0 -0 
1 -4 5.5 15 -0 -0 1 
1 -16 -2 12.000000953674316 -0 -0 -1 
1 -16 -16 12.000000953674316 -0 -0 -1 
1 -4 -8.5 15.000000953674316 -0 -0 -1 
1 -4.25 -8.5 10.500000953674316 -1 -0 -0 
1 -9 -8.5 15.000000953674316 -0 -0 -1 
1 -2 -16 12.000000953674316 -0 -0 -1 
1 -2 -2 12.000000953674316 -0 -0 -1 
1 -9 5.5 15.000000953674316 -0 -0 1 
1 -11.25 5.5 10.500000953674316 1 -0 -0 
1 -4 5.5 15.000000953674316 -0 -0 1 
1 -4 -9 10.5 -0 1 -0 
1 -4 -9 15 -0 -0 -1 
1 -9 -9 10.5 -0 1 -0 
1 -9 -9 10.5 1 -0 -0 
1 -9 -9 15 -0 -0 -1 
1 -9 -9 10.5 -0 1 -0 
1 -9 6 15 -0 -0 -1 
1 -9 6 10.5 1 -0 -0 
1 -4 -9 10.5 -0 1 -0 
1 -4 6 15 -0 -0 -1 
1 14.341653947613835 -19.066987393642147 1.2 -0.9945218953682734 -0.10452846326765315 -2.4035605705952703e-31 
1 6.8879948366009582 -19.850398534436184 1.1999999999999997 -5.9255490902874207e-17 2.1703968562789064e-16 -1 
1 7.1103710228176533 -18.706372232578929 1.2000000000000002 -0.19080899537654464 -0.98162718344766409 1.8488927466117464e-32 
1 4.4136962696975015 -32.579561163508977 1.199999999999998 5.5382253321259312e-17 -2.3696576558319477e-16 1 
1 2.8676334557674301 -32.279036995790918 1.2 -0.98162718344766398 0.19080899537654489 -2.8349688781380112e-31 
1 -34.916835194088584 -13.674714642629326 2.2500000000000022 0.9945218953682734 0.1045284632676534 -5.5511151231257815e-17 
2 -2.6840230872623252 -11.342693269220806 2.2500000000000004 0.9945218953682734 0.10452846326765351 -5.5207055336585385e-17 -0.10452846326765351 0.9945218953682734 5.5511151231257815e-17 6.0707120643463738e-17 -4.9436346680719793e-17 1 1.05
2 12.233805343261778 -9.7747663202060053 2.2499999999999996 0.9945218953682734 0.10452846326765351 -5.5207055336585385e-17 -0.10452846326765351 0.9945218953682734 5.5511151231257815e-17 6.0707120643463738e-17 -4.9436346680719793e-17 1 1.05
1 -34.916835194088584 -13.674714642629326 2.2500000000000022 0.9945218953682734 0.1045284632676534 -5.5511151231257815e-17 
1 -4 -9 10.500000953674316 -0 1 -0 
1 -4 -9 15.000000953674316 -0 -0 -1 
1 -9 -9 10.500000953674316 -0 1 -0 
1 -9 -9 10.500000953674316 1 -0 -0 
1 -9 -9 15.000000953674316 -0 -0 -1 
1 -9 -9 10.500000953674316 -0 1 -0 
1 -9 6 15.000000953674316 -0 -0 -1 
1 -9 6 10.500000953674316 1 -0 -0 
1 -4 -9 10.500000953674316 -0 1 -0 
1 -4 6 15.000000953674316 -0 -0 -1 
1 -9.1000000000000014 5.3499999999999988 5.9071549210146361e-16 1.1102230246251565e-16 -1 -1.1041411067317078e-16 
1 12.035201263053235 -7.8851747190062884 0.34999999999999953 -0.9945218953682734 -0.1045284632676534 5.5511151231257821e-17 
1 -9.1000000000000014 5.3500000000000005 5.9071549210146361e-16 1.1102230246251565e-16 -1 -1.1041411067317078e-16 
1 -12.900000000000004 0.34999999999999887 3.8644938735609743e-17 -1.1102230246251565e-16 1 1.1041411067317078e-16 
1 -9.1000000000000014 0.34999999999999931 3.864493873560975e-17 -1 -1.1102230246251563e-16 -3.0646071978216101e-33 
1 -12.900000000000004 0.35000000000000053 3.8644938735609743e-17 -1.1102230246251565e-16 1 1.1041411067317078e-16 
1 12.43240942347032 -11.664357921405728 0.34999999999999948 -0.9945218953682734 -0.1045284632676534 5.5511151231257821e-17 
1 -9.1000000000000014 0.35000000000000098 3.864493873560975e-17 -1 -1.1102230246251563e-16 -3.0646071978216101e-33 
Polygon3D 0
PolygonOnTriangulations 0
Surfaces 63
1 -10.498104963214967 -19.413669531161208 2.600000000000001 -0.98162718344766409 0.19080899537654461 -1.9907897184451596e-16 -0.19080899537654461 -0.98162718344766409 -0 1.9542133041538897e-16 -3.7986058618247493e-17 -1 
2 -34.80708030765755 -14.718962632766015 2.2500000000000022 -0.9945218953682734 -0.10452846326765351 5.5207055336585398e-17 -0.10452846326765351 0.9945218953682734 5.5511151231257821e-17 -6.0707120643463751e-17 4.9436346680719811e-17 -1 1.05
1 -8.5749999999999975 -0.5510078998760416 2.5999999999999996 -1 -0 0 -0 -0 1 -0 -1 -0 
1 2.1126973599357677 9.5414586275361337 2.6000000000000005 -0.10452846326765312 0.9945218953682734 5.1647390099804589e-16 0.9945218953682734 0.10452846326765312 -0 5.3986223189175757e-17 -5.1364460292882258e-16 1 
1 14.3542103263452 -4.1187870893462115 2.5999999999999996 0.9945218953682734 0.10452846326765328 -0 -0.10452846326765328 0.9945218953682734 -0 -0 -0 -1 
2 -34.80708030765755 -14.718962632766015 2.2500000000000022 -0.9945218953682734 -0.10452846326765351 5.5207055336585398e-17 -0.10452846326765351 0.9945218953682734 5.5511151231257821e-17 -6.0707120643463751e-17 4.9436346680719811e-17 -1 1.05
1 1.670842248087532 -10.621657949055647 4 -0 -0 1 -1 -0 -0 -0 1 -0 
1 2.0549439117885915 10.59117218907636 0.59999999999999754 -0.10452846326765307 0.9945218953682734 2.8310221629509898e-15 0.9945218953682734 0.10452846326765307 4.9303806576313238e-32 2.9592239616993421e-16 -2.8155135273276075e-15 1 
1 -7.0000000000000018 6.9999999999999991 0 -2.320998132968662e-17 2.2082822134634157e-16 -1 -0.10452846326765322 0.9945218953682734 2.2204460492503128e-16 0.9945218953682734 0.10452846326765322 8.6281661508548166e-32 
1 -7.2743872160775913 9.6106199753417165 0 0.10452846326765286 -0.99452189536827351 -2.2204460492503151e-16 4.1844646136299646e-16 2.6724818400571502e-16 -1 0.99452189536827351 0.10452846326765286 4.4408920985006257e-16 
1 0 0 10 0 0 1 1 0 -0 -0 1 0 
1 11.398655064313058 8.9337765704515864 0 9.9034415761870113e-17 1.0408936533634439e-17 -1 0.9945218953682734 0.10452846326765326 9.9579925010296012e-17 0.10452846326765326 -0.9945218953682734 -4.7763062620803449e-32 
1 14.009275039654774 9.2081637865291768 -4.4408920985006262e-16 -0.99452189536827329 -0.10452846326765372 -9.9579925010295802e-17 1.4545437842124355e-16 -4.3124750615904884e-16 -1 0.10452846326765372 -0.99452189536827329 4.4408920985006271e-16 
1 14.177021617967283 -17.500615408437117 0 2.3209981329686451e-17 -2.2082822134634162e-16 -1 0.10452846326765315 -0.9945218953682734 2.2204460492503131e-16 -0.9945218953682734 -0.10452846326765315 2.4035605705952703e-31 
1 14.451408834044871 -20.111235383778833 0 -0.10452846326765207 0.99452189536827351 -2.220446049250318e-16 -4.1844646136299651e-16 -2.6724818400571497e-16 -1 -0.99452189536827351 -0.10452846326765207 4.4408920985006242e-16 
1 5.5643082088875833 -18.405848064860869 0 9.7750361315786421e-17 -1.9000745450886207e-17 -1 0.98162718344766409 -0.19080899537654464 9.9579925010295975e-17 -0.19080899537654464 -0.98162718344766409 -1.8488927466117464e-32 
1 8.1410795654377015 -18.906721677724299 -4.4408920985006262e-16 -0.98162718344766409 0.19080899537654444 -9.9579925010295926e-17 1.3014145326732499e-17 -4.549307857155019e-16 -1 -0.19080899537654444 -0.98162718344766409 4.4408920985006281e-16 
1 3.1681576234854889 -30.73297418186085 0 -4.2368107994527319e-17 -2.1796502013230773e-16 -1 -0.19080899537654489 -0.98162718344766398 2.2204460492503131e-16 -0.98162718344766398 0.19080899537654489 2.8349688781380112e-31 
1 2.6672840106220588 -33.309745538410965 0 0.19080899537654616 0.98162718344766375 -2.220446049250319e-16 -4.7829814825914258e-16 -1.3322880414325373e-16 -1 -0.98162718344766375 0.19080899537654616 4.4408920985006232e-16 
1 -10.574622944781808 -28.061648246589225 0 -9.7750361315786471e-17 1.9000745450886213e-17 -1 -0.98162718344766398 0.19080899537654469 9.9579925010296012e-17 0.19080899537654469 0.98162718344766398 -2.4651903288156619e-32 
1 -13.151394301331926 -27.560774633725792 -4.4408920985006262e-16 0.98162718344766409 -0.19080899537654444 -9.9579925010295901e-17 -1.3014145326732475e-17 4.549307857155019e-16 -1 0.19080899537654444 0.98162718344766409 4.4408920985006281e-16 
1 -7 -9.6718074204323479 0 0 0 -1 -1 0 0 0 1 0 
1 -9.625 -9.6718074204323479 -4.4408920985006262e-16 1 -0 0 0 4.4408920985006262e-16 -1 0 1 4.4408920985006262e-16 
1 15.398458316481888 -4.0090322029151775 0.59999999999999676 0.9945218953682734 0.10452846326765353 -2.8033303842275214e-15 -0.10452846326765353 0.9945218953682734 -0 -2.787973447065424e-15 -2.9302781709482349e-16 -1 
1 -9.6249999999999964 -0.027744026315941098 0.59999999999999487 -1 -0 0 -0 -0 1 -0 -1 -0 
1 12.41624069889823 -20.325140174260493 0.59999999999999887 0.10452846326765253 -0.99452189536827351 2.2397666506426372e-15 -0.99452189536827351 -0.10452846326765253 -4.9303806576313227e-32 -2.3411936606981205e-16 2.2274969745797649e-15 1 
1 6.5072539777910272 -27.31202566604707 0.59999999999999831 0.98162718344766409 -0.19080899537654461 -2.3525390844009685e-15 0.19080899537654461 0.98162718344766409 -0 -2.3093163153710688e-15 4.4888561927860483e-16 -1 
1 -4.2041062735115888 -31.974082570775138 0.59999999999999809 -0.19080899537654564 -0.98162718344766386 6.0339274564029996e-15 -0.98162718344766386 0.19080899537654564 -1.9721522630525295e-31 1.1513276361312115e-15 5.9230672141564031e-15 1 
1 -11.638633957097676 -19.77829732959481 0.60000000000000064 -0.98162718344766409 0.19080899537654455 -2.3433844540045678e-15 -0.19080899537654455 -0.98162718344766409 4.9303806576313227e-32 2.3003298813195455e-15 -4.4713883344962387e-16 -1 
1 -9 -9 3.0000009536743164 -0 -0 -1 1 -0 -0 -0 1 -0 
1 -16 -16 12 -1 -0 -0 -0 1 -0 -0 -0 1 
1 -2 -16 12 -0 -1 -0 -1 -0 -0 -0 -0 1 
1 -2 -2 12 1 -0 -0 -0 -1 -0 -0 -0 1 
1 -16 -2 12 -0 1 -0 1 -0 -0 -0 -0 1 
1 -16 -16 12.000000953674316 -1 -0 -0 -0 1 -0 -0 -0 1 
1 -2 -16 12.000000953674316 -0 -1 -0 -1 -0 -0 -0 -0 1 
1 -2 -2 12.000000953674316 1 -0 -0 -0 -1 -0 -0 -0 1 
1 -16 -2 12.000000953674316 -0 1 -0 1 -0 -0 -0 -0 1 
1 -4 -9 15 1 -0 -0 -0 -0 -1 -0 -1 -0 
1 -9 -9 10.5 -0 -0 -1 1 -0 -0 -0 1 -0 
1 -9 -9 15 1 -0 -0 -0 -0 -1 -0 -1 -0 
1 -9 -9 15 1 -0 -0 -0 -0 -1 -0 -1 -0 
1 -9 -9 10.5 -0 -0 -1 1 -0 -0 -0 1 -0 
1 -4 -9 15 1 -0 -0 -0 -0 -1 -0 -1 -0 
1 11.398010384709908 -19.37637679921589 2.6000000000000001 0.10452846326765299 -0.9945218953682734 -0 -0.9945218953682734 -0.10452846326765299 -0 -0 0 1 
1 5.6508455531492254 -26.214979848972586 2.5999999999999992 0.98162718344766409 -0.19080899537654461 -0 0.19080899537654461 0.98162718344766409 -0 -0 -0 -1 
1 -4.0037568283662184 -30.943374028155105 2.6000000000000005 -0.19080899537654522 -0.98162718344766386 0 -0.98162718344766386 0.19080899537654522 -0 -0 -0 1 
1 -4 -9 15.000000953674316 1 -0 -0 -0 -0 -1 -0 -1 -0 
1 -9 -9 10.500000953674316 -0 -0 -1 1 -0 -0 -0 1 -0 
1 -9 -9 15.000000953674316 1 -0 -0 -0 -0 -1 -0 -1 -0 
1 -9 -9 15.000000953674316 1 -0 -0 -0 -0 -1 -0 -1 -0 
1 -9 -9 10.500000953674316 -0 -0 -1 1 -0 -0 -0 1 -0 
1 -4 -9 15.000000953674316 1 -0 -0 -0 -0 -1 -0 -1 -0 
1 -9 6 15.000000953674316 -0 1 -0 -0 -0 -1 1 -0 -0 
1 -9 -9 15.000000953674316 -0 1 -0 -0 -0 -1 1 -0 -0 
1 12.035201263053237 -7.8851747190062884 5.3499999999999988 -0.1045284632676534 0.9945218953682734 5.5511151231257821e-17 -6.0707120643463738e-17 4.9436346680719805e-17 -1 0.9945218953682734 0.1045284632676534 -5.5207055336585392e-17 
1 12.233805343261775 -9.7747663202060071 2.8499999999999988 0.99452189536827329 0.10452846326765364 -1.7731293154120374e-16 -0.10452846326765364 0.99452189536827329 3.0814879110195774e-33 -1.7634159274966285e-16 -1.8534248251484696e-17 -1 
1 12.43240942347032 -11.664357921405728 0.34999999999999948 0.1045284632676534 -0.9945218953682734 -5.5511151231257821e-17 6.0707120643463738e-17 -4.9436346680719805e-17 1 0.9945218953682734 0.1045284632676534 -5.5207055336585392e-17 
1 12.233805343261775 -9.7747663202060071 2.8500000000000005 0.99452189536827329 0.10452846326765364 -1.7731293154120374e-16 -0.10452846326765364 0.99452189536827329 3.0814879110195774e-33 -1.7634159274966285e-16 -1.8534248251484696e-17 -1 
1 -9 6 15 -0 1 -0 -0 -0 -1 1 -0 -0 
1 -9 -9 15 -0 1 -0 -0 -0 -1 1 -0 -0 
1 12.035201263053235 -7.8851747190062884 0.3499999999999997 -6.1009550669007073e-17 4.9404560004163692e-17 -1 0.10452846326765351 -0.9945218953682734 -5.5511151231257821e-17 0.9945218953682734 0.10452846326765351 -5.5511151231257821e-17 
1 23.7016963278259 39.318345498152567 11.199999999999994 0 0 1 1 0 -0 -0 1 0 
Triangulations 0

TShapes 345
Ve
1.50000018769009e-07
-12.4212099264299 -29.3071868928012 1.2
0 0

0101101
*
Ve
1.50000018736144e-07
-12.4212099264299 -29.3071868928012 4
0 0

0101101
*
Ed
 1e-07 1 1 0
1  1 0 1.33226762955019e-15 2.8
0

0101000
+345 13 -344 13 *
Ve
1.50000005329071e-07
-8.575 -9.52015216952118 4
0 0

0101101
*
Ed
 1.5e-07 1 1 0
1  2 0 -1.575 18.5823826162639
0

0101000
+344 13 -342 13 *
Ve
1.50000007119292e-07
-8.575 -9.52015216952119 1.2
0 0

0101101
*
Ed
 1e-07 1 1 0
1  3 0 -2.8 -4.88498130835068e-15
0

0101000
+342 13 -340 13 *
Ve
1.50000005891509e-07
-9.05951871321937 -12.0127848614267 1.2
0 0

0101101
*
Ed
 1.5e-07 1 1 0
1  4 0 16.0430960786286 18.5823826162639
0

0101000
+338 13 -340 13 *
Ed
 1.5e-07 1 1 0
1  5 0 -1.57499999999999 16.0430960786286
0

0101000
+345 13 -338 13 *
Wi

0101100
-343 12 -341 12 -339 12 +337 12 +336 12 *
Ve
1.50000002220446e-07
-8.85001495001408 -10.934981435068 2.25
0 0

0101101
*
Ed
 1.5e-07 1 1 0
1  6 0 7.85398163397448 9.42477796076938
2  1 2 0 7.85398163397448 9.42477796076938
0

0101000
+338 14 -334 14 *
Ed
 1.5e-07 1 1 0
1  7 0 3.14159265358979 7.85398163397448
2  1 2 0 3.14159265358979 7.85398163397448
0

0101000
+334 14 -338 14 *
Wi

0101100
-333 0 -332 0 *
Fa
0  1.5e-07 1 12

0111000
+335 0 +331 0 *
Ve
1.50000003389364e-07
-8.575 8.4181363697691 1.2
0 0

0101101
*
Ed
 1.5e-07 1 1 0
1  8 0 0.151655250911164 18.0899437902014
0

0101000
+340 13 -329 13 *
Ve
1.50000004440892e-07
-8.575 8.4181363697691 4
0 0

0101101
*
Ed
 1e-07 1 1 0
1  9 0 -0.615075759508249 2.18492424049175
0

0101000
+329 13 -327 13 *
Ed
 1.5e-07 1 1 0
1  10 0 0.151655250911164 18.0899437902014
0

0101000
+342 13 -327 13 *
Wi

0101000
+328 0 +326 0 -325 0 +339 0 *
Fa
0  1.5e-07 3 0

0111000
+324 0 *
Ve
1.50000009506518e-07
12.8003947198715 10.6647808853032 1.2
0 0

0101101
*
Ed
 1.5e-07 1 1 0
1  11 0 -1.4181363697691 20.075
0

0101000
+329 13 -322 13 *
Ve
1.50000007944109e-07
12.8003947198715 10.6647808853032 4
0 0

0101101
*
Ed
 1e-07 1 1 0
1  12 0 1.77635683940025e-15 2.8
0

0101000
+322 13 -320 13 *
Ed
 1.5e-07 1 1 0
1  13 0 -1.4181363697691 20.075
0

0101000
+327 13 -320 13 *
Wi

0101000
+321 0 +319 0 -318 0 -326 0 *
Fa
0  1.5e-07 4 0

0111000
+317 0 *
Ve
1.50000012932073e-07
15.9080259328189 -18.9023550639956 4
0 0

0101101
*
Ed
 1.5e-07 1 1 0
1  14 0 -1.575 28.155
0

0101000
+320 13 -315 13 *
Ve
1.50000012817187e-07
15.9080259328189 -18.9023550639956 1.2
0 0

0101101
*
Ed
 1e-07 1 1 0
1  15 0 3.5527136788005e-15 2.8
0

0101000
+313 13 -315 13 *
Ve
1.50000012578391e-07
14.9190144607561 -9.49253946938334 1.2
0 0

0101101
*
Ed
 1.5e-07 1 1 0
1  16 0 18.6933525104515 28.155
0

0101000
+311 13 -313 13 *
Ed
 1.5e-07 1 1 0
1  17 0 -1.575 18.6933525104515
0

0101000
+322 13 -311 13 *
Wi

0101100
-319 12 -314 12 +312 12 +310 12 +309 12 *
Ve
1.50000016085595e-07
14.8092595743251 -8.44829147924666 2.25
0 0

0101101
*
Ed
 1.5e-07 1 1 0
1  18 0 0 4.71238898038469
2  2 6 0 0 4.71238898038469
0

0101000
+307 14 -311 14 *
Ed
 1.5e-07 1 1 0
1  19 0 4.71238898038469 6.28318530717959
2  2 6 0 4.71238898038469 6.28318530717959
0

0101000
+311 14 -307 14 *
Wi

0101100
+306 0 +305 0 *
Fa
0  1.5e-07 5 12

0111000
+308 0 +304 0 *
Ve
1.50000007993606e-07
6.88799483660096 -19.8503985344362 4
0 0

0101101
*
Ed
 1.5e-07 1 1 0
1  20 0 -1.575 7.49471594916749
0

0101000
+315 13 -302 13 *
Ve
1.50000008379058e-07
4.4136962696975 -32.579561163509 4
0 0

0101101
*
Ed
 1.5e-07 1 1 0
1  21 0 -1.575 15.575
0

0101000
+300 13 -344 13 *
Ed
 1.5e-07 1 1 0
1  22 0 1.16543869316987 14.1328491762063
0

0101000
+302 13 -300 13 *
Wi

0101100
+318 12 +325 12 +314 12 +341 12 +301 12 +299 12 +298 12 *
Ve
2.00000003552714e-07
-10.1774373440177 -28.4157742769909 4
0 0

0101101
*
Ve
2e-07
-9.31879898046775 -23.9984515402373 4
0 0

0101101
*
Ed
 2e-07 1 1 0
1  23 0 -9.8639713372971 -5.3639713372971
0

