<?xml version='1.0' encoding='utf-8'?>
<!-- FreeCAD DocumentObject -->
<Document SchemaVersion="4" FileVersion="2">
<Object name="Mirrored">
  <Properties Count="27" TransientCount="2">
    <_Property name="_Body" type="App::PropertyLinkHidden" status="251658241"/>
    <_Property name="_ElementMapVersion" type="App::PropertyString" status="234881024"/>
    <Property name="AddSubShape" type="Part::PropertyPartShape">
      <Part HasherIndex="0" ElementMap="1.15.70200.4" brep="1">
<![CDATA[

CASCADE Topology V1, (c) Matra-Datavision
Locations 54
1
              1               0               0              -0 
              0               1               0              -0 
              0               0               1              -0 
1
              1               0               0               0 
              0               1               0               0 
              0               0               1               0 
2  1 1 2 1 0
1
              1               0               0               0 
              0               1               0               0 
              0               0               1               0 
1
              1               0               0               0 
              0               1               0               0 
              0               0               1               0 
1
              1               0               0               0 
              0               1               0               0 
              0               0               1               0 
1
              1               0               0               0 
              0               1               0               0 
              0               0               1               0 
1
              1               0               0               0 
              0               1               0               0 
              0               0               1               0 
2  5 1 6 1 7 1 8 1 0
2  1 -1 4 -1 8 -1 7 -1 6 -1 5 -1 0
1
              1               0               0               0 
              0               1               0               0 
              0               0               1               0 
1
              1               0               0               0 
              0               1               0               0 
              0               0               1               0 
1
              1               0               0               0 
              0               1               0               0 
              0               0               1               0 
1
              1               0               0               0 
              0               1               0               0 
              0               0               1               0 
1
0.190808525233316 -0.981627274834133               0 -1.97038674354553 
0.981627274834133 0.190808525233316               0 -22.8800430297852 
              0               0               1 -3.00000047683716 
1
              1               0               0               0 
              0               1               0               0 
              0               0               1               0 
1
              1               0               0               0 
              0               1               0               0 
              0               0               1               0 
1
              1               0               0               0 
              0               1               0               0 
              0               0               1               0 
2  11 1 12 1 13 1 14 1 15 1 16 1 17 1 18 1 0
2  1 -1 4 -1 18 -1 17 -1 16 -1 15 -1 14 -1 13 -1 12 -1 11 -1 0
1
-2.22044604925031e-16               1               0               0 
             -1 -2.22044604925031e-16               0               0 
              0               0               1              -3 
1
              1               0               0               0 
              0               1               0               0 
              0               0               1               0 
2  11 1 12 1 13 1 14 1 21 1 22 1 17 1 18 1 0
2  1 -1 4 -1 18 -1 17 -1 22 -1 21 -1 14 -1 13 -1 12 -1 11 -1 0
2  5 1 6 1 7 1 8 1 4 1 0
1
              1               0               0               0 
              0               1               0               0 
              0               0               1               0 
1
              1               0               0               0 
              0               1               0               0 
              0               0               1              -3 
1
              1               0               0               0 
              0               1               0               0 
              0               0               1               6 
1
              1               0               0            -2.5 
              0               1               0            -7.5 
              0               0               1              -3 
1
              1               0               0            -2.5 
              0               1               0            -7.5 
              0               0               1              -3 
1
              1               0               0              -9 
              0               1               0              -9 
              0               0               1               3 
2  26 1 27 1 28 1 29 -1 30 1 31 -1 11 1 12 1 13 1 14 1 15 1 16 1 17 1 18 1 0
2  1 -1 4 -1 18 -1 17 -1 16 -1 15 -1 14 -1 13 -1 12 -1 11 -1 31 1 30 -1 29 1 28 -1 27 -1 26 -1 0
2  26 1 27 1 28 1 29 -1 30 1 31 -1 11 1 12 1 13 1 14 1 21 1 22 1 17 1 18 1 0
2  1 -1 4 -1 18 -1 17 -1 22 -1 21 -1 14 -1 13 -1 12 -1 11 -1 31 1 30 -1 29 1 28 -1 27 -1 26 -1 0
2  1 -1 0
2  29 -1 30 1 31 -1 11 1 12 1 13 1 14 1 15 1 16 1 17 1 18 1 0
2  1 -1 4 -1 0
2  1 -1 4 -1 18 -1 17 -1 16 -1 15 -1 14 -1 13 -1 12 -1 11 -1 31 1 30 -1 29 1 0
2  30 1 31 -1 11 1 12 1 13 1 14 1 15 1 16 1 17 1 18 1 0
2  1 -1 4 -1 18 -1 17 -1 16 -1 15 -1 14 -1 13 -1 12 -1 11 -1 31 1 30 -1 0
2  29 -1 30 1 31 -1 11 1 12 1 13 1 14 1 21 1 22 1 17 1 18 1 0
2  1 -1 4 -1 18 -1 17 -1 22 -1 21 -1 14 -1 13 -1 12 -1 11 -1 31 1 30 -1 29 1 0
2  30 1 31 -1 11 1 12 1 13 1 14 1 21 1 22 1 17 1 18 1 0
2  1 -1 4 -1 18 -1 17 -1 22 -1 21 -1 14 -1 13 -1 12 -1 11 -1 31 1 30 -1 0
2  30 1 31 -1 11 1 12 1 13 1 14 1 15 1 16 1 17 1 18 1 4 1 0
2  30 1 31 -1 11 1 12 1 13 1 14 1 21 1 22 1 17 1 18 1 4 1 0
1
              1               0               0               0 
              0               1               0               0 
              0               0               1               0 
1
-0.104528463267654 -6.07071206434638e-17 0.994521895368273 11.0839922473176 
0.994521895368273 4.94363466807197e-17 0.104528463267654  1.164974528845 
-5.55111512312578e-17               1 5.52070553365854e-17 -1.49880108324396e-16 
2  48 1 49 1 0
2  1 -1 49 -1 48 -1 0
1
              1               0               0 -14.9178284305241 
              0               1               0 -1.5679269490148 
              0               0               1 -8.32667268468867e-16 
2  48 1 49 1 52 1 0
2  1 -1 52 -1 49 -1 48 -1 0
Curve2ds 6
7 0 0  8 23 4  6.2831853071795862 -26.210403577310792  6.0868357663302239 -26.210403577310792  5.8904862254808332 -26.196259075835517  5.6941366846317862 -26.167971782801942  5.4977871437822259 -26.126699835971522  5.3014376029326336 -26.074778949928941  5.1050880620835111 -26.015449308148334  4.9087385212340511 -25.952417944653568  4.4178646691106467 -25.794838987467653  4.123340357840128 -25.700291270568414  3.8288160465556516 -25.618243931952748  3.5342917353020979 -25.561179542142781  3.2397674240085266 -25.538173539200216  2.945243112744059 -25.55118633793245  2.6507188014663901 -25.595537822280114  2.0616701789183036 -25.729248001318275  1.7671458676425331 -25.818607180517574  1.4726215563889795 -25.921626840659883  1.1780972450972271 -26.025334077741718  0.88357293384185454 -26.114933868841035  0.58904862254737367 -26.178578331091558  0.29452431127404388 -26.2104035773108  8.8817841970012523e-16 -26.2104035773108 
 3.141592653589794 9 4.712388980384679 7 7.0685834705770283 7 9.4247779607693793 9
1 6.2831853071795862 -49.999999999999979 -1 0 
1 0 0 0 -1 
1 6.2831853071795862 0 0 -1 
1 6.2831853071795862 -32.299999999999997 -1 0 
1 6.2831853071795862 -47.299999999999997 -1 0 
Curves 148
1 -7.2743872160775913 9.6106199753417165 -5.8286708792820709e-16 0.9945218953682734 0.10452846326765322 -8.6281661508548166e-32 
1 -9.625 -9.6718074204323479 0 -0 1 -0 
1 14.009275039654776 9.2081637865291768 -2.6139730315202703e-16 0.10452846326765326 -0.9945218953682734 4.7763062620803449e-32 
1 -13.151394301331926 -27.560774633725796 -2.6139730315202703e-16 0.19080899537654469 0.98162718344766398 2.4651903288156619e-32 
1 14.451408834044873 -20.111235383778833 -5.8286708792820718e-16 -0.9945218953682734 -0.10452846326765315 -2.4035605705952703e-31 
1 2.6672840106220583 -33.309745538410965 -5.8286708792820718e-16 -0.98162718344766398 0.19080899537654489 -2.8349688781380112e-31 
1 8.1410795654377015 -18.906721677724299 -2.6139730315202693e-16 -0.19080899537654464 -0.98162718344766409 1.8488927466117464e-32 
1 -9 -9 3.0000009536743164 1 -0 -0 
1 9 -9 3.0000009536743164 -0 1 -0 
1 -9 9 3.0000009536743164 1 -0 -0 
1 -9 -9 3.0000009536743164 -0 1 -0 
1 -9 -9 3 1 -0 -0 
1 9 -9 3 -0 1 -0 
1 -9 9 3 1 -0 -0 
1 -9 -9 3 -0 1 -0 
1 13.734887823577186 11.818783761870883 -1.121201896960319e-15 7.5824434432183093e-17 2.3123715787997611e-16 1 
1 -7.2743872160775913 9.6106199753417165 1.2 0.99452189536827351 0.10452846326765286 -4.4408920985006257e-16 
1 -9.625 9.3635606162818341 0.76507575950776008 -0 2.2326768868452908e-16 1 
1 -9.625 -9.6718074204323479 1.2000000000000004 -0 1 -4.4408920985006262e-16 
1 -9.6249999999999964 -9.4190486689137547 -4.3557930101692311e-15 -0 -5.2188275932056476e-16 -1 
1 17.0620288093866 -19.836848167701248 -3.1510603900687625e-15 1.222443970915568e-16 -2.1041928481270781e-16 1 
1 14.009275039654774 9.208163786529175 1.2000000000000004 0.10452846326765372 -0.99452189536827329 -4.4408920985006271e-16 
1 14.009275039654774 9.208163786529175 1.2000000000000004 0.10452846326765372 -0.99452189536827329 -4.4408920985006271e-16 
1 -13.151394301331926 -27.560774633725792 1.2000000000000004 0.19080899537654444 0.98162718344766409 -4.4408920985006281e-16 
1 -13.151394301331926 -27.560774633725792 1.2000000000000004 0.19080899537654444 0.98162718344766409 -4.4408920985006281e-16 
1 -13.652267914195352 -30.137545990275889 -8.9714706568715201e-16 -1.4011846931031338e-16 -1.9896427468142203e-16 1 
1 7.770452588409877 -20.813432180819738 1.4784890754875984e-16 -5.9255490902874207e-17 2.1703968562789064e-16 -1 
1 14.451408834044871 -20.111235383778833 1.2 -0.99452189536827351 -0.10452846326765207 -4.4408920985006242e-16 
1 2.6672840106220583 -33.309745538410965 1.2 -0.98162718344766375 0.19080899537654616 -4.4408920985006232e-16 
1 5.2440553671721784 -33.810619151274402 -1.5942889201345244e-15 5.5382253321259312e-17 -2.3696576558319477e-16 1 
1 8.1410795654377015 -18.906721677724303 1.2000000000000004 -0.19080899537654444 -0.98162718344766409 -4.4408920985006281e-16 
1 -16 -16 3.0000009536743164 -0 1 -0 
1 -2 -16 3.0000009536743164 -1 -0 -0 
1 -2 -2 3.0000009536743164 -0 -1 -0 
1 -16 -2 3.0000009536743164 1 -0 -0 
1 -16 -16 3 -0 1 -0 
1 -2 -16 3 -1 -0 -0 
1 -2 -2 3 -0 -1 -0 
1 -16 -2 3 1 -0 -0 
1 -34.80708030765755 -14.718962632766015 1.1999999999999962 -0.9945218953682734 -0.10452846326765351 5.5207055336585398e-17 
1 -12.120685758711877 -27.761124078871166 1.2000000000000002 0.19080899537654469 0.98162718344766398 2.4651903288156619e-32 
1 -8.5749999999999993 -9.6718074204323479 1.2000000000000002 -0 1 -0 
1 -7.1646323296465546 8.5663719852050288 1.2 0.9945218953682734 0.10452846326765322 -8.6281661508548166e-32 
1 12.965027049518087 9.0984089000981392 1.2000000000000002 0.10452846326765326 -0.9945218953682734 4.7763062620803449e-32 
1 -34.80708030765755 -14.718962632766015 1.1999999999999962 -0.9945218953682734 -0.10452846326765351 5.5207055336585398e-17 
1 12.965027049518087 9.0984089000981392 1.2000000000000002 0.10452846326765326 -0.9945218953682734 4.7763062620803449e-32 
1 14.341653947613835 -19.066987393642147 1.2 -0.9945218953682734 -0.10452846326765315 -2.4035605705952703e-31 
1 7.1103710228176533 -18.706372232578929 1.2000000000000002 -0.19080899537654464 -0.98162718344766409 1.8488927466117464e-32 
1 2.8676334557674301 -32.279036995790918 1.2 -0.98162718344766398 0.19080899537654489 -2.8349688781380112e-31 
1 -12.120685758711877 -27.761124078871166 1.2000000000000002 0.19080899537654469 0.98162718344766398 2.4651903288156619e-32 
1 0.73596355206050035 -30.53711909252943 4 -0.98162727483413326 0.19080852523331604 -0 
1 -16 -2 12.000000953674316 -0 -0 -1 
1 -16 -16 12.000000953674316 -0 -0 -1 
1 6.7831340041067616 -14.532959403545412 4 -0.19080852523331604 -0.98162727483413326 -0 
1 -4 -8.5 15.000000953674316 -0 -0 -1 
1 -4.25 -8.5 10.500000953674316 -1 -0 -0 
1 -9 -8.5 15.000000953674316 -0 -0 -1 
1 6.7831340041067616 -14.532959403545412 4 -0.19080852523331604 -0.98162727483413326 -0 
1 -2 -16 12.000000953674316 -0 -0 -1 
1 -3.4641080185120079 -15.45867756821835 4 0.98162727483413326 -0.19080852523331604 -0 
1 -2 -2 12.000000953674316 -0 -0 -1 
1 -8.2953075202043163 -18.73303097411792 4 0.19080852523331604 0.98162727483413326 -0 
1 -9 5.5 15.000000953674316 -0 -0 1 
1 -11.25 5.5 10.500000953674316 1 -0 -0 
1 -4 5.5 15.000000953674316 -0 -0 1 
1 -8.2953075202043163 -18.73303097411792 4 0.19080852523331604 0.98162727483413326 -0 
1 -2.6645788759562312 7 4 1 -2.2204460492503126e-16 -0 
1 -16 -2 12 -0 -0 -1 
1 -16 -16 12 -0 -0 -1 
1 -7.0000000000000018 -8.8108289745278228 4 2.2204460492503126e-16 1 -0 
1 -4 -8.5 15 -0 -0 -1 
1 -4.25 -8.5 10.5 -1 -0 -0 
1 -9 -8.5 15 -0 -0 -1 
1 -7.0000000000000018 -8.8108289745278228 4 2.2204460492503126e-16 1 -0 
1 -2 -16 12 -0 -0 -1 
1 4.3354211240437657 -7.0000000000000009 4 -1 2.2204460492503126e-16 -0 
1 -2 -2 12 -0 -0 -1 
1 7 -1.8108289745278254 4 -2.2204460492503126e-16 -1 -0 
1 -9 5.5 15 -0 -0 1 
1 -11.25 5.5 10.5 1 -0 -0 
1 -4 5.5 15 -0 -0 1 
1 7 -1.8108289745278254 4 -2.2204460492503126e-16 -1 -0 
1 -12.421209926429929 -29.307186892801212 1.1999999999999988 -1.4011846931031338e-16 -1.9896427468142203e-16 1 
1 -12.120685758711877 -27.761124078871163 4 0.19080899537654469 0.98162718344766398 2.4651903288156619e-32 
1 -8.5749999999999957 -9.5201521695211788 1.1999999999999953 -0 -5.2188275932056476e-16 -1 
3 -9.0595187132193686 -12.012784861426688 2.2500000000000009 0.98162718344766409 -0.19080899537654461 1.9907897184451596e-16 -0.19080899537654461 -0.98162718344766409 8.399828675508247e-16 3.5145043324507028e-17 -8.6253607503645565e-16 -1 1.0979763443115051 1.05
3 -9.0595187132193686 -12.012784861426688 2.2500000000000009 0.98162718344766409 -0.19080899537654461 1.9907897184451596e-16 -0.19080899537654461 -0.98162718344766409 8.399828675508247e-16 3.5145043324507028e-17 -8.6253607503645565e-16 -1 1.0979763443115051 1.05
1 -8.5749999999999993 8.4181363697690994 1.8150757595082494 -0 2.2326768868452908e-16 1 
1 -8.5749999999999993 -9.6718074204323461 4 -0 1 -0 
1 12.800394719871534 10.664780885303159 1.1999999999999984 7.5824434432183093e-17 2.3123715787997611e-16 1 
1 -7.1646323296465537 8.5663719852050288 4 0.9945218953682734 0.10452846326765322 -8.6281661508548166e-32 
1 12.965027049518087 9.0984089000981392 4 0.10452846326765326 -0.9945218953682734 4.7763062620803449e-32 
1 15.908025932818877 -18.902355063995593 1.1999999999999966 1.222443970915568e-16 -2.1041928481270781e-16 1 
2 14.919014460756095 -9.4925394693833418 2.2499999999999996 0.9945218953682734 0.10452846326765351 -5.5207055336585385e-17 -0.10452846326765351 0.9945218953682734 5.5511151231257809e-17 6.0707120643463726e-17 -4.9436346680719786e-17 1 1.05
2 14.919014460756095 -9.4925394693833418 2.2499999999999996 0.9945218953682734 0.10452846326765351 -5.5207055336585385e-17 -0.10452846326765351 0.9945218953682734 5.5511151231257809e-17 6.0707120643463726e-17 -4.9436346680719786e-17 1 1.05
1 6.8879948366009582 -19.850398534436184 1.1999999999999997 -5.9255490902874207e-17 2.1703968562789064e-16 -1 
1 14.341653947613834 -19.066987393642147 4 -0.9945218953682734 -0.10452846326765315 -2.4035605705952703e-31 
1 4.4136962696975015 -32.579561163508977 1.199999999999998 5.5382253321259312e-17 -2.3696576558319477e-16 1 
1 7.1103710228176524 -18.706372232578932 4 -0.19080899537654464 -0.98162718344766409 1.8488927466117464e-32 
1 2.8676334557674292 -32.279036995790918 4 -0.98162718344766398 0.19080899537654489 -2.8349688781380112e-31 
1 1.840008734318956 -26.16749848708416 4 0.98162727483413326 -0.19080852523331604 -0 
1 -8.3568019758464231 -16.428965343124464 4 0.19080852523331604 0.98162727483413326 -0 
1 1.840008734318956 -26.16749848708416 4 0.98162727483413326 -0.19080852523331604 -0 
1 2.7940513604855357 -21.259362112913493 4 0.98162727483413326 -0.19080852523331604 -0 
1 6.367607146665577 -19.291093221624205 4 0.19080852523331604 0.98162727483413326 -0 
1 2.7940513604855357 -21.259362112913493 4 0.98162727483413326 -0.19080852523331604 -0 
1 6.7674065695901859 -8.4388422517993096 4 0.9945218953682734 0.1045284632676534 -0 
1 12.220118489137702 -9.6445446018378043 4 0.10452846326765364 -0.99452189536827329 -0 
1 7.1646147300072691 -12.218025454198749 4 -0.9945218953682734 -0.1045284632676534 -0 
1 -2.6977099413863965 -11.212471550852607 4 0.10452846326765364 -0.99452189536827329 -0 
1 -2.9145788759562321 2.5000000000000009 4 -1 2.2204460492503126e-16 -0 
1 7.4999999999999991 -4.0608289745278254 4 -2.2204460492503126e-16 -1 -0 
1 -2.9145788759562321 2.5000000000000009 4 -1 2.2204460492503126e-16 -0 
1 -2.9145788759562334 -2.4999999999999991 4 -1 2.2204460492503126e-16 -0 
1 -7.5000000000000009 -4.0608289745278219 4 -2.2204460492503126e-16 -1 -0 
1 -2.9145788759562334 -2.4999999999999991 4 -1 2.2204460492503126e-16 -0 
1 -4 -9 10.500000953674316 -0 1 -0 
1 -4 -9 15.000000953674316 -0 -0 -1 
1 -9 -9 10.500000953674316 -0 1 -0 
1 -9 -9 10.500000953674316 1 -0 -0 
1 -9 -9 15.000000953674316 -0 -0 -1 
1 -9 -9 10.500000953674316 -0 1 -0 
1 -9 6 15.000000953674316 -0 -0 -1 
1 -9 6 10.500000953674316 1 -0 -0 
1 -4 -9 10.500000953674316 -0 1 -0 
1 -4 6 15.000000953674316 -0 -0 -1 
1 -4 -9 10.5 -0 1 -0 
1 -4 -9 15 -0 -0 -1 
1 -9 -9 10.5 -0 1 -0 
1 -9 -9 10.5 1 -0 -0 
1 -9 -9 15 -0 -0 -1 
1 -9 -9 10.5 -0 1 -0 
1 -9 6 15 -0 -0 -1 
1 -9 6 10.5 1 -0 -0 
1 -4 -9 10.5 -0 1 -0 
1 -4 6 15 -0 -0 -1 
1 -34.916835194088584 -13.674714642629326 2.2500000000000022 0.9945218953682734 0.1045284632676534 -5.5511151231257815e-17 
2 -2.6840230872623252 -11.342693269220806 2.2500000000000004 0.9945218953682734 0.10452846326765351 -5.5207055336585385e-17 -0.10452846326765351 0.9945218953682734 5.5511151231257809e-17 6.0707120643463726e-17 -4.9436346680719786e-17 1 1.05
2 12.233805343261778 -9.7747663202060053 2.2499999999999996 0.9945218953682734 0.10452846326765351 -5.5207055336585385e-17 -0.10452846326765351 0.9945218953682734 5.5511151231257809e-17 6.0707120643463726e-17 -4.9436346680719786e-17 1 1.05
1 -34.916835194088584 -13.674714642629326 2.2500000000000022 0.9945218953682734 0.1045284632676534 -5.5511151231257815e-17 
1 -9.1000000000000014 5.3499999999999988 5.9071549210146361e-16 1.1102230246251565e-16 -1 -1.1041411067317078e-16 
1 12.035201263053235 -7.8851747190062884 0.34999999999999953 -0.9945218953682734 -0.1045284632676534 5.5511151231257821e-17 
1 -9.1000000000000014 5.3500000000000005 5.9071549210146361e-16 1.1102230246251565e-16 -1 -1.1041411067317078e-16 
1 -12.900000000000004 0.34999999999999887 3.8644938735609743e-17 -1.1102230246251565e-16 1 1.1041411067317078e-16 
1 -9.1000000000000014 0.34999999999999931 3.864493873560975e-17 -1 -1.1102230246251563e-16 -3.0646071978216101e-33 
1 -12.900000000000004 0.35000000000000053 3.8644938735609743e-17 -1.1102230246251565e-16 1 1.1041411067317078e-16 
1 12.43240942347032 -11.664357921405728 0.34999999999999948 -0.9945218953682734 -0.1045284632676534 5.5511151231257821e-17 
1 -9.1000000000000014 0.35000000000000098 3.864493873560975e-17 -1 -1.1102230246251563e-16 -3.0646071978216101e-33 
Polygon3D 0
PolygonOnTriangulations 0
Surfaces 51
1 1.7016963278259021 -10.681654501847417 -3.4774282087206048e-16 -0 -0 -1 1 -0 0 0 1 -0 
1 2.0549439117885915 10.59117218907636 0.59999999999999754 -0.10452846326765307 0.9945218953682734 2.8310221629509898e-15 0.9945218953682734 0.10452846326765307 9.8607613152626476e-32 2.9592239616993416e-16 -2.8155135273276075e-15 1 
1 -9.6249999999999964 -0.027744026315941098 0.59999999999999487 -1 -0 0 0 0 1 0 -1 -0 
1 15.398458316481888 -4.0090322029151775 0.59999999999999676 0.9945218953682734 0.10452846326765353 -2.8033303842275214e-15 -0.10452846326765353 0.9945218953682734 0 -2.787973447065424e-15 -2.9302781709482349e-16 -1 
1 -11.638633957097676 -19.77829732959481 0.60000000000000064 -0.98162718344766409 0.19080899537654455 -2.3433844540045678e-15 -0.19080899537654455 -0.98162718344766409 4.9303806576313227e-32 2.3003298813195455e-15 -4.4713883344962387e-16 -1 
1 12.41624069889823 -20.325140174260493 0.59999999999999887 0.10452846326765253 -0.99452189536827351 2.2397666506426372e-15 -0.99452189536827351 -0.10452846326765253 -9.8607613152626454e-32 -2.341193660698121e-16 2.2274969745797649e-15 1 
1 -4.2041062735115888 -31.974082570775138 0.59999999999999809 -0.19080899537654564 -0.98162718344766386 6.0339274564029996e-15 -0.98162718344766386 0.19080899537654564 -3.944304526105059e-31 1.1513276361312113e-15 5.9230672141564031e-15 1 
1 6.5072539777910272 -27.31202566604707 0.59999999999999831 0.98162718344766409 -0.19080899537654461 -2.3525390844009685e-15 0.19080899537654461 0.98162718344766409 0 -2.3093163153710688e-15 4.4888561927860483e-16 -1 
1 -9 -9 3.0000009536743164 -0 -0 -1 1 -0 0 0 1 -0 
1 1.7016963278259021 -10.681654501847417 -3.4774282087206048e-16 -0 -0 -1 1 -0 0 0 1 -0 
1 1.7016963278259056 -10.681654501847417 1.1999999999999962 -0 -0 1 -1 0 -0 -0 1 0 
1 1.7016963278259056 -10.681654501847417 1.1999999999999962 -0 -0 1 -1 0 -0 -0 1 0 
1 -16 -16 12.000000953674316 -1 -0 -0 0 1 -0 -0 0 1 
1 -2 -16 12.000000953674316 -0 -1 -0 -1 0 0 -0 -0 1 
1 -2 -2 12.000000953674316 1 -0 -0 -0 -1 0 0 -0 1 
1 -16 -2 12.000000953674316 -0 1 -0 1 0 -0 -0 0 1 
1 -16 -16 12 -1 -0 -0 0 1 -0 -0 0 1 
1 -2 -16 12 -0 -1 -0 -1 0 0 -0 -0 1 
1 -2 -2 12 1 -0 -0 -0 -1 0 0 -0 1 
1 -16 -2 12 -0 1 -0 1 0 -0 -0 0 1 
1 -10.498104963214967 -19.413669531161208 2.600000000000001 -0.98162718344766409 0.19080899537654461 -1.9907897184451596e-16 -0.19080899537654461 -0.98162718344766409 0 1.9542133041538897e-16 -3.7986058618247493e-17 -1 
2 -34.80708030765755 -14.718962632766015 2.2500000000000022 -0.9945218953682734 -0.10452846326765351 5.5207055336585398e-17 -0.10452846326765351 0.9945218953682734 5.5511151231257815e-17 -6.0707120643463738e-17 4.9436346680719793e-17 -1 1.05
1 -8.5749999999999975 -0.5510078998760416 2.5999999999999996 -1 -0 0 0 0 1 0 -1 -0 
1 2.1126973599357677 9.5414586275361337 2.6000000000000005 -0.10452846326765312 0.9945218953682734 5.1647390099804589e-16 0.9945218953682734 0.10452846326765312 0 5.3986223189175757e-17 -5.1364460292882258e-16 1 
1 14.3542103263452 -4.1187870893462115 2.5999999999999996 0.9945218953682734 0.10452846326765328 -0 -0.10452846326765328 0.9945218953682734 -0 -0 -0 -1 
2 -34.80708030765755 -14.718962632766015 2.2500000000000022 -0.9945218953682734 -0.10452846326765351 5.5207055336585398e-17 -0.10452846326765351 0.9945218953682734 5.5511151231257815e-17 -6.0707120643463738e-17 4.9436346680719793e-17 -1 1.05
1 11.398010384709908 -19.37637679921589 2.6000000000000001 0.10452846326765299 -0.9945218953682734 -0 -0.9945218953682734 -0.10452846326765299 0 0 -0 1 
1 5.6508455531492254 -26.214979848972586 2.5999999999999992 0.98162718344766409 -0.19080899537654461 -0 0.19080899537654461 0.98162718344766409 0 -0 0 -1 
1 -4.0037568283662184 -30.943374028155105 2.6000000000000005 -0.19080899537654522 -0.98162718344766386 0 -0.98162718344766386 0.19080899537654522 0 0 -0 1 
1 1.670842248087532 -10.621657949055647 4 -0 -0 1 -1 0 -0 -0 1 0 
1 -4 -9 15.000000953674316 1 -0 -0 -0 -0 -1 -0 -1 0 
1 -9 -9 10.500000953674316 -0 -0 -1 1 -0 0 0 1 -0 
1 -9 -9 15.000000953674316 1 -0 -0 -0 -0 -1 -0 -1 0 
1 -9 -9 15.000000953674316 1 -0 -0 -0 -0 -1 -0 -1 0 
1 -9 -9 10.500000953674316 -0 -0 -1 1 -0 0 0 1 -0 
1 -4 -9 15.000000953674316 1 -0 -0 -0 -0 -1 -0 -1 0 
1 -4 -9 15 1 -0 -0 -0 -0 -1 -0 -1 0 
1 -9 -9 10.5 -0 -0 -1 1 -0 0 0 1 -0 
1 -9 -9 15 1 -0 -0 -0 -0 -1 -0 -1 0 
1 -9 -9 15 1 -0 -0 -0 -0 -1 -0 -1 0 
1 -9 -9 10.5 -0 -0 -1 1 -0 0 0 1 -0 
1 -4 -9 15 1 -0 -0 -0 -0 -1 -0 -1 0 
1 -9 6 15.000000953674316 -0 1 -0 0 -0 -1 1 0 -0 
1 -9 -9 15.000000953674316 -0 1 -0 0 -0 -1 1 0 -0 
1 12.035201263053237 -7.8851747190062884 5.3499999999999988 -0.1045284632676534 0.9945218953682734 5.5511151231257821e-17 -6.0707120643463726e-17 4.9436346680719805e-17 -1 0.9945218953682734 0.1045284632676534 -5.5207055336585379e-17 
1 12.233805343261775 -9.7747663202060071 2.8499999999999988 0.99452189536827329 0.10452846326765364 -1.7731293154120374e-16 -0.10452846326765364 0.99452189536827329 6.1629758220391547e-33 -1.7634159274966285e-16 -1.8534248251484693e-17 -1 
1 12.43240942347032 -11.664357921405728 0.34999999999999948 0.1045284632676534 -0.9945218953682734 -5.5511151231257821e-17 6.0707120643463726e-17 -4.9436346680719805e-17 1 0.9945218953682734 0.1045284632676534 -5.5207055336585379e-17 
1 12.233805343261775 -9.7747663202060071 2.8500000000000005 0.99452189536827329 0.10452846326765364 -1.7731293154120374e-16 -0.10452846326765364 0.99452189536827329 6.1629758220391547e-33 -1.7634159274966285e-16 -1.8534248251484693e-17 -1 
1 -9 6 15 -0 1 -0 0 -0 -1 1 0 -0 
1 -9 -9 15 -0 1 -0 0 -0 -1 1 0 -0 
1 12.035201263053235 -7.8851747190062884 0.3499999999999997 -6.1009550669007073e-17 4.9404560004163692e-17 -1 0.10452846326765351 -0.9945218953682734 -5.5511151231257821e-17 0.9945218953682734 0.10452846326765351 -5.5511151231257821e-17 
Triangulations 0

TShapes 363
Ve
1.50000007512925e-07
-9.625 9.36356061628183 -2.91433543964103e-16
0 0

0101101
*
Ve
1.50000009156543e-07
13.7348878235772 11.8187837618709 -4.22132195540118e-16
0 0

0101101
*
Ed
 1.5e-07 1 1 0
1  1 0 -2.36356061628183 21.125
0

0101000
+363 10 -362 10 *
Ve
1.50000051637725e-07
-9.625 -9.41904866891381 -1.30698651576013e-16
0 0

0101101
*
Ed
 1.5e-07 1 1 0
1  2 0 0.252758751518542 19.0353680367142
0

0101000
+360 10 -363 10 *
Ve
1.50000010958414e-07
17.0620288093866 -19.8368481677012 -4.22132195540116e-16
0 0

0101101
*
Ed
 1.5e-07 1 1 0
1  3 0 -2.625 29.205
0

0101000
+362 10 -358 10 *
Ve
1.50000018251639e-07
-13.6522679141954 -30.1375459902759 -4.22132195540119e-16
0 0

0101101
*
Ed
 1.5e-07 1 1 0
1  4 0 -2.62499999999999 18.4812791156565
0

0101000
+356 10 -360 10 *
Ve
1.50000005551156e-07
7.77045258840987 -20.8134321808197 -4.22132195540118e-16
0 0

0101101
*
Ed
 1.5e-07 1 1 0
1  5 0 -2.625 6.71775682038758
0

0101000
+358 10 -354 10 *
Ve
1.50000008342646e-07
5.24405536717217 -33.8106191512744 -4.22132195540117e-16
0 0

0101101
*
Ed
 1.5e-07 1 1 0
1  6 0 -2.625 16.625
0

0101000
+352 10 -356 10 *
Ed
 1.5e-07 1 1 0
1  7 0 1.94239782194978 15.1828491762063
0

0101000
+354 10 -352 10 *
Wi

0101100
-361 9 -359 9 -357 9 -355 9 -353 9 -351 9 -350 9 *
Ve
5.76837158550868e-07
5.14698200286182 -33.4319652303922 4.76837158203125e-07
0 0

0101101
*
Ve
5.76837158550868e-07
8.58153545706151 -15.7626742833778 4.76837158203125e-07
0 0

0101101
*
Ed
 5.76837158550868e-07 1 1 0
1  8 0 0 18
0

0101000
+348 20 -347 20 *
Ve
5.76837158550868e-07
-9.08775548995289 -12.3281208291781 4.76837158203125e-07
0 0

0101101
*
Ed
 5.76837158550868e-07 1 1 0
1  9 0 0 18
0

0101000
+347 20 -345 20 *
Ve
5.76837158550868e-07
-12.5223089441526 -29.9974117761925 4.76837158203125e-07
0 0

0101101
*
Ed
 5.76837158550868e-07 1 1 0
1  10 0 0 18
0

0101000
+343 20 -345 20 *
Ed
 5.76837158550868e-07 1 1 0
1  11 0 0 18
0

0101000
+348 20 -343 20 *
Wi

0101100
-346 19 -344 19 +342 19 +341 19 *
Ve
1.00000000347743e-07
-9 9 0
0 0

0101101
*
Ve
1.00000000347743e-07
-9 -9 0
0 0

0101101
*
Ed
 1.00000000347743e-07 1 1 0
1  12 0 0 18
0

0101000
+339 24 -338 24 *
Ve
1.00000000347743e-07
9 -9 0
0 0

0101101
*
Ed
 1.00000000347743e-07 1 1 0
1  13 0 0 18
0

0101000
+338 24 -336 24 *
Ve
1.00000000347743e-07
9 9 0
0 0

0101101
*
Ed
 1.00000000347743e-07 1 1 0
1  14 0 0 18
0

0101000
+334 24 -336 24 *
Ed
 1.00000000347743e-07 1 1 0
1  15 0 0 18
0

0101000
+339 24 -334 24 *
Wi

0101100
-337 23 -335 23 +333 23 +332 23 *
Fa
0  1e-07 1 9

0111000
+349 0 +340 0 +331 0 *
Ve
1.50000005551115e-07
13.7348878235772 11.8187837618709 1.2
0 0

0101101
*
Ed
 1e-07 1 1 0
1  16 0 6.99069701420203e-16 1.2
0

0101000
+362 10 -329 10 *
Ve
1.50000005862146e-07
-9.625 9.36356061628183 1.2
0 0

0101101
*
Ed
 1.5e-07 1 1 0
1  17 0 -2.36356061628183 21.125
0

0101000
+327 10 -329 10 *
Ed
 1e-07 1 1 0
1  18 0 -0.76507575950776 0.434924240492237
0

0101000
+363 10 -327 10 *
Wi

0101000
+361 0 +328 0 -326 0 -325 0 *
Fa
0  1.5e-07 2 0

0111000
+324 0 *
Ve
1.50000142707499e-07
-9.62499999999998 -9.41904866891361 1.2
0 0

0101101
*
Ed
 1.5e-07 1 1 0
1  19 0 0.252758751518738 19.0353680367142
0

0101000
+322 10 -327 10 *
Ed
 1e-07 1 1 0
1  20 0 -1.2 -4.22509435859319e-15
0

0101000
+322 10 -360 10 *
Wi

0101000
+359 0 +325 0 -321 0 +320 0 *
Fa
0  1.5e-07 3 0

0111000
+319 0 *
Ve
1.50000009892828e-07
17.0620288093866 -19.8368481677012 1.19999999999999
0 0

0101101
*
Ed
 1e-07 1 1 0
1  21 0 2.72892819452865e-15 1.2
0

0101000
+358 10 -317 10 *
Ve
1.50000009630185e-07
15.9632624508928 -9.38278458295231 1.19999999999999
0 0

0101101
*
Ed
 1.5e-07 1 1 0
1  22 0 -2.62499999999999 18.6933525104515
0

0101000
+329 10 -315 10 *
Ed
 1.5e-07 1 1 0
1  23 0 18.6933525104515 29.205
0

0101000
+315 10 -317 10 *
Wi

0101100
+357 25 +316 25 -314 25 -313 25 -328 25 *
Fa
0  1.5e-07 4 25

0111000
+312 0 *
Ve
1.50000005687117e-07
-13.6522679141954 -30.1375459902759 1.2
0 0

0101101
*
Ve
1.500000037943e-07
-10.1514802282336 -12.1275546414018 1.19999999999999
0 0

0101101
*
Ed
 1.5e-07 1 1 0
1  24 0 -2.62499999999997 15.722078863097
0

0101000
+310 10 -309 10 *
Ed
 1.5e-07 1 1 0
1  25 0 15.722078863097 18.4812791156567
0

0101000
+309 10 -322 10 *
Ed
 1e-07 1 1 0
1  26 0 4.75014870147037e-16 1.2
0

0101000
+356 10 -310 10 *
Wi

0101100
+355 25 -320 25 -308 25 -307 25 -306 25 *
Fa
0  1.5e-07 5 25

0111000
+305 0 *
Ve
1.500000037943e-07
7.77045258840988 -20.8134321808197 1.2
0 0

0101101
*
Ed
 1e-07 1 1 0
1  27 0 -1.2 5.69981103088877e-16
0

0101000
+303 10 -354 10 *
Ed
 1.5e-07 1 1 0
1  28 0 -2.62500000000001 6.71775682038757
0

0101000
+317 10 -303 10 *
Wi

0101000
+353 0 -302 0 -301 0 -316 0 *
Fa
0  1.5e-07 6 0

0111000
+300 0 *
Ve
1.50000003774758e-07
5.24405536717218 -33.8106191512744 1.2
0 0

0101101
*
Ed
 1.5e-07 1 1 0
1  29 0 -2.625 16.625
0

0101000
+298 10 -310 10 *
Ed
 1e-07 1 1 0
1  30 0 1.17215672459441e-15 1.2
0

0101000
+352 10 -298 10 *
Wi

0101000
+351 0 +306 0 -297 0 -296 0 *
Fa
0  1.5e-07 7 0

0111000
+295 0 *
Ed
 1.5e-07 1 1 0
1  31 0 1.94239782194977 15.1828491762063
0

0101000
+303 10 -298 10 *
Wi

0101000
+350 0 +296 0 -293 0 +302 0 *
Fa
0  1.5e-07 8 0

0111000
+292 0 *
Wi

0101100
-341 19 -342 19 +346 19 +344 19 *
Ve
1e-07
3.56534450366019 -31.0870936302573 4.76837158203125e-07
0 0

0101101
*
Ve
1e-07
-10.1774373440177 -28.4157742769909 4.76837158203125e-07
0 0

0101101
*
Ed
 1e-07 1 1 0
1  32 0 0 14
0

0101000
+289 33 -288 33 *
Ve
1e-07
6.23666385692661 -17.3443117825794 4.76837158203125e-07
0 0

0101101
*
Ed
 1e-07 1 1 0
1  33 0 0 14
0

0101000
+286 33 -289 33 *
Ve
1e-07
-7.50611799075125 -14.672992429313 4.76837158203125e-07
0 0

0101101
*
Ed
 1e-07 1 1 0
1  34 0 0 14
0

0101000
+284 33 -286 33 *
Ed
 1e-07 1 1 0
1  35 0 0 14
0

0101000
+288 33 -284 33 *
Wi

0101100
+287 32 +285 32 +283 32 +282 32 *
Fa
0  1e-07 9 19

0111000
+290 0 +281 0 *
Wi

0101100
-332 23 -333 23 +335 23 +337 23 *
Ve
1.00000000347743e-07
-7 7 0
0 0

0101101
*
Ve
1.00000000347743e-07
7 7 0
0 0

0101101
*
Ed
 1.00000000347743e-07 1 1 0
1  36 0 0 14
0

0101000
+278 35 -277 35 *
Ve
1.00000000347743e-07
-7 -7 0
0 0

0101101
*
Ed
 1.00000000347743e-07 1 1 0
1  37 0 0 14
0

0101000
+275 35 -278 35 *
Ve
1.00000000347743e-07
7 -7 0
0 0

0101101
*
Ed
 1.00000000347743e-07 1 1 0
1  38 0 0 14
0

0101000
+273 35 -275 35 *
Ed
 1.00000000347743e-07 1 1 0
1  39 0 0 14
0

0101000
+277 35 -273 35 *
Wi

0101100
+276 34 +274 34 +272 34 +271 34 *
Fa
0  1e-07 10 9

0111000
+279 0 +270 0 *
Ve
1.50000005891509e-07
-9.05951871321937 -12.0127848614267 1.2
0 0

0101101
*
Ed
 1.5e-07 1 1 0
1  40 0 -25.8893863617792 -24.7914100174677
0

0101000
+268 36 -309 36 *
Ve
1.50000007119292e-07
-8.575 -9.52015216952119 1.2
0 0

0101101
*
Ed
 1.5e-07 1 1 0
1  41 0 16.0430960786286 18.5823826162639
0

0101000
+268 10 -266 10 *
Ve
1.50000003389364e-07
-8.575 8.4181363697691 1.2
0 0

0101101
*
Ed
 1.5e-07 1 1 0
1  42 0 0.151655250911164 18.0899437902014
0

0101000
+266 10 -264 10 *
Ve
1.50000009506518e-07
12.8003947198715 10.6647808853032 1.2
0 0

0101101
*
Ed
 1.5e-07 1 1 0
1  43 0 -1.4181363697691 20.075
0

0101000
+264 10 -262 10 *
Ve
1.50000012578391e-07
14.9190144607561 -9.49253946938334 1.2
0 0

0101101
*
Ed
 1.5e-07 1 1 0
1  44 0 -1.575 18.6933525104515
0

0101000
+262 10 -260 10 *
Ed
 1.5e-07 1 1 0
1  45 0 -51.05 -50
0

0101000
+315 36 -260 36 *
Wi

0101100
+321 25 +307 25 +267 0 -265 25 -263 25 -261 25 -259 25 +258 0 +314 25 +326 25 
*
Fa
0  1.5e-07 11 25

0111000
+257 0 *
Ve
1.50000012817187e-07
15.9080259328189 -18.9023550639956 1.2
0 0

0101101
*
Ed
 1.5e-07 1 1 0
1  46 0 18.6933525104515 28.155
0

0101000
+260 10 -255 10 *
Ve
1.50000011137701e-07
6.88799483660096 -19.8503985344362 1.2
0 0

0101101
*
Ed
 1.5e-07 1 1 0
1  47 0 -1.575 7.49471594916749
0

0101000
+255 10 -253 10 *
Ve
1.50000008200634e-07
4.4136962696975 -32.579561163509 1.2
0 0

0101101
*
Ed
 1.5e-07 1 1 0
1  48 0 1.16543869316987 14.1328491762063
0

0101000
+253 10 -251 10 *
Ve
1.50000018769009e-07
-12.4212099264299 -29.3071868928012 1.2
0 0

0101101
*
Ed
 1.5e-07 1 1 0
1  49 0 -1.575 15.575
0

0101000
+251 10 -249 10 *
Ed
 1.5e-07 1 1 0
1  50 0 -1.57499999999999 16.0430960786286
0

0101000
+249 10 -268 10 *
Wi

0101100
-258 0 -254 25 -252 25 -250 25 -248 25 -247 25 -267 0 +308 25 +297 25 +293 25 
+301 25 +313 25 *
Fa
0  1.5e-07 12 25

0111000
+246 0 *
Ve
2.00000000444089e-07
3.56534450366019 -31.0870936302573 4
0 0

0101101
*
Ve
2.00000003552714e-07
-10.1774373440177 -28.4157742769909 4
0 0

0101101
*
Ed
 2e-07 1 1 0
1  51 0 -2.88233734344614 11.1176626565539
0

0101000
+244 38 -243 38 *
Ed
 1e-07 1 1 0
1  52 0 2.00000047683716 6
0

0101000
+243 39 -288 39 *
Ed
 1e-07 1 1 0
1  53 0 2.00000047683716 6
0

0101000
+244 39 -289 39 *
Wi

0101100
-242 0 -241 37 +287 32 +240 37 *
Fa
0  1e-07 13 37

0111000
+239 0 *
Ve
2e-07
6.23666385692661 -17.3443117825794 4
0 0

0101101
*
Ve
2.00000001776357e-07
5.37802549337669 -21.761634519333 4
0 0

0101101
*
Ed
 2e-07 1 1 0
1  54 0 2.8639713372971 7.3639713372971
0

0101000
+237 38 -236 38 *
Ve
1.5e-07
5.37802549337669 -21.761634519333 1.50000047683716
0 0

0101101
*
Ed
 1.5e-07 1 1 0
1  55 0 2.00000047683716 4.5
0

0101000
+236 41 -234 41 *
Ve
1.5e-07
4.42398286721011 -26.6697708935037 1.50000047683716
0 0

0101101
*
Ed
 1.5e-07 1 1 0
1  56 0 -0.25 4.75
0

0101000
+234 41 -232 41 *
Ve
2.00000000888178e-07
4.42398286721011 -26.6697708935037 4
0 0

0101101
*
Ed
 1.5e-07 1 1 0
1  57 0 2.00000047683716 4.5
0

0101000
+230 41 -232 41 *
Ed
 2e-07 1 1 0
1  58 0 12.3639713372971 16.8639713372971
0

0101000
+230 38 -244 38 *
Ed
 1e-07 1 1 0
1  59 0 2.00000047683716 6
0

0101000
+237 39 -286 39 *
Wi

0101100
-235 0 -233 40 -231 40 +229 40 -228 0 -240 37 +285 32 +227 37 *
Fa
0  1e-07 14 37

0111000
+226 0 *
Ve
2.00000001986027e-07
-7.50611799075125 -14.672992429313 4
0 0

0101101
*
Ed
 2e-07 1 1 0
1  60 0 -4.11766265655386 9.88233734344614
0

0101000
+224 38 -237 38 *
Ed
 1e-07 1 1 0
1  61 0 2.00000047683716 6
0

0101000
+224 39 -284 39 *
Wi

0101100
-223 0 -227 37 +283 32 +222 37 *
Fa
0  1e-07 15 37

0111000
+221 0 *
Ve
2e-07
-9.31879898046775 -23.9984515402373 4
0 0

0101101
*
Ed
 2e-07 1 1 0
1  62 0 -9.8639713372971 -5.3639713372971
0

0101000
+243 38 -219 38 *
Ve
1.5e-07
-9.31879898046775 -23.9984515402373 1.50000047683716
0 0

0101101
*
Ed
 1.5e-07 1 1 0
1  63 0 -4.5 -2.00000047683716
0

0101000
+217 41 -219 41 *
Ve
1.5e-07
-8.36475635430117 -19.0903151660666 1.50000047683716
0 0

0101101
*
Ed
 1.5e-07 1 1 0
1  64 0 2.25 7.25
0

0101000
+217 41 -215 41 *
Ve
2e-07
-8.36475635430117 -19.0903151660666 4
0 0

0101101
*
Ed
 1.5e-07 1 1 0
1  65 0 -4.5 -2.00000047683716
0

0101000
+215 41 -213 41 *
Ed
 2e-07 1 1 0
1  66 0 -0.363971337297103 4.1360286627029
0

0101000
+213 38 -224 38 *
Wi

0101100
-218 0 +216 40 -214 40 -212 40 -211 0 -222 37 +282 32 +241 37 *
Fa
0  1e-07 16 37

0111000
+210 0 *
Ve
2.00000000888178e-07
-7 7 4
0 0

0101101
*
Ve
2.00000000888178e-07
7 7 4
0 0

0101101
*
Ed
 2e-07 1 1 0
1  67 0 -4.33542112404377 9.66457887595623
0

0101000
+208 38 -207 38 *
Ed
 1e-07 1 1 0
1  68 0 2 6
0

0101000
+207 43 -277 43 *
Ed
 1e-07 1 1 0
1  69 0 2 6
0

0101000
+208 43 -278 43 *
Wi

0101100
-206 0 -205 42 +276 34 +204 42 *
Fa
0  1e-07 17 42

0111000
+203 0 *
Ve
2e-07
-7 -7 4
0 0

0101101
*
Ve
2.00000000888178e-07
-7 -2.5 4
0 0

0101101
*
Ed
 2e-07 1 1 0
1  70 0 1.81082897452782 6.31082897452782
0

0101000
+201 38 -200 38 *
Ve
1.5e-07
-7 -2.5 1.5
0 0

0101101
*
Ed
 1.5e-07 1 1 0
1  71 0 2 4.5
0

0101000
+200 45 -198 45 *
Ve
1.5e-07
-7 2.5 1.5
0 0

0101101
*
Ed
 1.5e-07 1 1 0
1  72 0 -0.25 4.75
0

0101000
+198 45 -196 45 *
Ve
2.00000000888178e-07
-7 2.5 4
0 0

0101101
*
Ed
 1.5e-07 1 1 0
1  73 0 2 4.5
0

0101000
+194 45 -196 45 *
Ed
 2e-07 1 1 0
1  74 0 11.3108289745278 15.8108289745278
0

0101000
+194 38 -208 38 *
Ed
 1e-07 1 1 0
1  75 0 2 6
0

0101000
+201 43 -275 43 *
Wi

0101100
-199 0 -197 44 -195 44 +193 44 -192 0 -204 42 +274 34 +191 42 *
Fa
0  1e-07 18 42

0111000
+190 0 *
Ve
2.00000001256074e-07
7 -7 4
0 0

0101101
*
Ed
 2e-07 1 1 0
1  76 0 -2.66457887595623 11.3354211240438
0

0101000
+188 38 -201 38 *
Ed
 1e-07 1 1 0
1  77 0 2 6
0

0101000
+188 43 -273 43 *
Wi

0101100
-187 0 -191 42 +272 34 +186 42 *
Fa
0  1e-07 19 42

0111000
+185 0 *
Ve
2.00000000993014e-07
7 2.5 4
0 0

0101101
*
Ed
 2e-07 1 1 0
1  78 0 -8.81082897452782 -4.31082897452782
0

0101000
+207 38 -183 38 *
Ve
1.5e-07
7 2.5 1.5
0 0

0101101
*
Ed
 1.5e-07 1 1 0
1  79 0 -4.5 -2
0

0101000
+181 45 -183 45 *
Ve
1.5e-07
7 -2.5 1.5
0 0

0101101
*
Ed
 1.5e-07 1 1 0
1  80 0 2.25 7.25
0

0101000
+181 45 -179 45 *
Ve
2.00000000888178e-07
7 -2.5 4
0 0

0101101
*
Ed
 1.5e-07 1 1 0
1  81 0 -4.5 -2
0

0101000
+179 45 -177 45 *
Ed
 2e-07 1 1 0
1  82 0 0.689171025472176 5.18917102547218
0

0101000
+177 38 -188 38 *
Wi

0101100
-182 0 +180 44 -178 44 -176 44 -175 0 -186 42 +271 34 +205 42 *
Fa
0  1e-07 20 42

0111000
+174 0 *
Ve
1.50000018736144e-07
-12.4212099264299 -29.3071868928012 4
0 0

0101101
*
Ed
 1e-07 1 1 0
1  83 0 1.33226762955019e-15 2.8
0

0101000
+249 10 -172 10 *
Ve
1.50000005329071e-07
-8.575 -9.52015216952118 4
0 0

0101101
*
Ed
 1.5e-07 1 1 0
1  84 0 -1.575 18.5823826162639
0

0101000
+172 10 -170 10 *
Ed
 1e-07 1 1 0
1  85 0 -2.8 -4.88498130835068e-15
0

0101000
+170 10 -266 10 *
Wi

0101100
-171 25 -169 25 -168 25 +265 25 +247 25 *
Ve
1.50000002220446e-07
-8.85001495001408 -10.934981435068 2.25
0 0

0101101
*
Ed
 1.5e-07 1 1 0
1  86 0 7.85398163397448 9.42477796076938
2  1 22 0 7.85398163397448 9.42477796076938
0

0101000
+268 36 -166 36 *
Ed
 1.5e-07 1 1 0
1  87 0 3.14159265358979 7.85398163397448
2  1 22 0 3.14159265358979 7.85398163397448
0

0101000
+166 36 -268 36 *
Wi

0101100
-165 0 -164 0 *
Fa
0  1.5e-07 21 25

0111000
+167 0 +163 0 *
Ve
1.50000004440892e-07
-8.575 8.4181363697691 4
0 0

0101101
*
Ed
 1e-07 1 1 0
1  88 0 -0.615075759508249 2.18492424049175
0

