<?xml version='1.0' encoding='utf-8'?>
<!-- FreeCAD DocumentObject -->
<Document SchemaVersion="4" FileVersion="2">
<Object name="Pad001">
  <Properties Count="47" TransientCount="2">
    <_Property name="_Body" type="App::PropertyLinkHidden" status="251658241"/>
    <_Property name="_ElementMapVersion" type="App::PropertyString" status="234881024"/>
    <Property name="AddSubShape" type="Part::PropertyPartShape">
      <Part HasherIndex="0" ElementMap="1.15.70200.4" brep="1">
<![CDATA[

CASCADE Topology V1, (c) Matra-Datavision
Locations 10
1
              1               0               0               0 
              0               1               0               0 
              0               0               1               0 
1
-0.104528463267654 -6.07071206434638e-17 0.994521895368273 13.7692013648119 
0.994521895368273 4.94363466807198e-17 0.104528463267654 1.44720137966766 
-5.55111512312578e-17               1 5.52070553365854e-17               0 
1
              1               0               0 -49.7260947684137 
              0               1               0 -5.22642316338267 
              0               0               1 -2.77555756156289e-15 
2  1 1 2 1 3 1 0
1
              1               0               0 99.4521895368273 
              0               1               0 10.4528463267653 
              0               0               1 5.55111512312578e-15 
2  1 1 2 1 3 1 5 1 0
2  3 -1 2 -1 1 -1 0
2  5 -1 3 -1 2 -1 1 -1 0
2  1 1 2 1 0
2  3 1 5 1 0
Curve2ds 4
1 0 0 0 -1 
1 6.2831853071795862 0 0 -1 
1 0 0 1 0 
1 0 -100 1 0 
Curves 2
1 -34.916835194088584 -13.674714642629326 -2.2500000000000022 0.9945218953682734 0.1045284632676534 5.5511151231257815e-17 
2 -11 -2.25 0 0 0 1 1 0 -0 -0 1 0 1.05
Polygon3D 0
PolygonOnTriangulations 0
Surfaces 2
2 -34.80708030765755 -14.718962632766015 -2.2500000000000022 -0.9945218953682734 -0.10452846326765351 -5.5207055336585398e-17 -0.10452846326765351 0.9945218953682734 -5.551115123125779e-17 -6.0707120643463738e-17 4.9436346680719768e-17 1 1.05
1 14.919014460756113 -9.4925394693833418 -2.2499999999999991 0.99452189536827329 0.10452846326765371 0 -0.10452846326765371 0.99452189536827329 0 0 -0 1 
Triangulations 0

TShapes 9
Ve
1e-07
-9.95 -2.25 0
0 0

0101101
*
Ed
 1e-07 1 1 0
1  1 0 0 100
3  1 2CN 1 0 0 100
0

0101000
+9 4 -9 6 *
Ed
 1e-07 1 1 0
1  2 0 0 6.28318530717959
2  3 1 7 0 6.28318530717959
2  4 1 8 0 6.28318530717959
0

0101100
+9 0 -9 0 *
Wi

0101100
+8 0 -8 0 -7 4 +7 6 *
Fa
0  1e-07 1 0

0111000
+6 0 *
Wi

0101100
+7 0 *
Fa
0  1e-07 2 0

0111000
+4 9 *
Sh

0101100
+5 0 +3 3 -3 10 *
So

1100000
-2 0 *

+1 0 ]]>
      </Part>
      <ElementMap new="1" count="1"><Element key="Dummy" value="Dummy"/></ElementMap>
      <ElementMap2 count="8">
<![CDATA[
18 PostfixCount 11
Edge
Face
Vertex
;:G;XTR;:H8a8:7,F
;FAC;:H8a8:4,F
;:G;XTR;:H8a8:7,E
;:G0;XTR;:H8a8:8,F
;:U;XTR;:H8a8:7,E
;:U;XTR;:H8a8:7,V
;SKT;:H8a8,E
;SKT;:H8a8,V

MapCount 1

ElementMap 1 18 3

Edge

ChildCount 0

NameCount 4
0
$#568e.6 0
;g1.a 0
$#5694.8 0

Face

ChildCount 0

NameCount 4
0
$#568b.4 0
$#568b.5 0
$#5691.7 0

Vertex

ChildCount 0

NameCount 3
0
;g1v1.b 0
$#5697.9 0

EndMap
]]>
      </ElementMap2>
    </Property>
    <Property name="AddSubType" type="App::PropertyEnumeration">
      <Integer value="1"/>
    </Property>
    <Property name="AllowMultiFace" type="App::PropertyBool">
      <Bool value="true"/>
    </Property>
    <Property name="AlongSketchNormal" type="App::PropertyBool">
      <Bool value="false"/>
    </Property>
    <Property name="AutoTaperInnerAngle" type="App::PropertyBool">
      <Bool value="true"/>
    </Property>
    <Property name="BaseFeature" type="App::PropertyLink" status="8">
      <Link value="Boolean"/>
    </Property>
    <Property name="CheckUpToFaceLimits" type="App::PropertyBool">
      <Bool value="true"/>
    </Property>
    <Property name="ClaimChildren" type="App::PropertyBool" status="134217728">
      <Bool value="false"/>
    </Property>
    <Property name="ColoredElements" type="App::PropertyLinkSubHidden" status="218103808">
      <LinkSub value="" count="0">
      </LinkSub>
    </Property>
    <Property name="Direction" type="App::PropertyVector" status="4">
      <PropertyVector valueX="0.9945218953682735" valueY="0.1045284632676534" valueZ="1e-16"/>
    </Property>
    <Property name="ExpressionEngine" type="App::PropertyExpressionEngine" status="67108864">
      <ExpressionEngine count="0"></ExpressionEngine>
    </Property>
    <Property name="Fit" type="App::PropertyDistance">
      <Float value="0"/>
    </Property>
    <Property name="FitJoin" type="App::PropertyEnumeration">
      <Integer value="0"/>
    </Property>
    <Property name="FixShape" type="App::PropertyEnumeration">
      <Integer value="1"/>
    </Property>
    <Property name="InnerFit" type="App::PropertyDistance">
      <Float value="0"/>
    </Property>
    <Property name="InnerFitJoin" type="App::PropertyEnumeration">
      <Integer value="0"/>
    </Property>
    <Property name="InvalidShape" type="App::PropertyBool" status="67108864">
      <Bool value="false"/>
    </Property>
    <Property name="Label" type="App::PropertyString" status="134217728">
      <String value="Pad001"/>
    </Property>
    <Property name="Label2" type="App::PropertyString" status="128">
      <String value=""/>
    </Property>
    <Property name="Length" type="App::PropertyLength">
      <Float value="100"/>
    </Property>
    <Property name="Length2" type="App::PropertyLength" status="4">
      <Float value="10"/>
    </Property>
    <Property name="Linearize" type="App::PropertyBool">
      <Bool value="true"/>
    </Property>
    <Property name="Midplane" type="App::PropertyBool">
      <Bool value="true"/>
    </Property>
    <Property name="NewSolid" type="App::PropertyBool">
      <Bool value="false"/>
    </Property>
    <Property name="Offset" type="App::PropertyLength" status="4">
      <Float value="0"/>
    </Property>
    <Property name="Placement" type="App::PropertyPlacement" status="8388620">
      <PropertyPlacement Px="0" Py="0" Pz="0" Q0="0" Q1="0" Q2="0" Q3="1" A="0" Ox="0" Oy="0" Oz="1"/>
    </Property>
    <Property name="Profile" type="App::PropertyLinkSub">
      <LinkSub value="Sketch" count="1">
        <Sub value=""/>
      </LinkSub>
    </Property>
    <Property name="ReferenceAxis" type="App::PropertyLinkSub">
      <LinkSub value="Sketch" count="1">
        <Sub value="N_Axis"/>
      </LinkSub>
    </Property>
    <Property name="Refine" type="App::PropertyBool">
      <Bool value="false"/>
    </Property>
    <Property name="Reversed" type="App::PropertyBool" status="4">
      <Bool value="false"/>
    </Property>
    <Property name="Shape" type="Part::PropertyPartShape">
      <Part HasherIndex="0" ElementMap="1.15.70200.4" brep="1">
<![CDATA[

CASCADE Topology V1, (c) Matra-Datavision
Locations 46
1
              1               0               0               0 
              0               1               0               0 
              0               0               1               0 
1
              1               0               0               0 
              0               1               0               0 
              0               0               1               0 
1
              1               0               0               0 
              0               1               0               0 
              0               0               1               0 
1
              1               0               0               0 
              0               1               0               0 
              0               0               1               0 
1
              1               0               0               0 
              0               1               0               0 
              0               0               1               0 
1
              1               0               0               0 
              0               1               0               0 
              0               0               1               0 
2  3 1 4 1 5 1 6 1 0
1
              1               0               0               0 
              0               1               0               0 
              0               0               1               0 
1
              1               0               0               0 
              0               1               0               0 
              0               0               1               0 
1
              1               0               0               0 
              0               1               0               0 
              0               0               1               0 
1
              1               0               0               0 
              0               1               0               0 
              0               0               1               0 
1
0.190808525233316 -0.981627274834133               0 -1.97038674354553 
0.981627274834133 0.190808525233316               0 -22.8800430297852 
              0               0               1 -3.00000047683716 
1
              1               0               0               0 
              0               1               0               0 
              0               0               1               0 
1
              1               0               0               0 
              0               1               0               0 
              0               0               1               0 
1
              1               0               0               0 
              0               1               0               0 
              0               0               1               0 
2  8 1 9 1 10 1 11 1 12 1 13 1 14 1 15 1 0
2  15 -1 14 -1 13 -1 12 -1 11 -1 10 -1 9 -1 8 -1 0
1
-2.22044604925031e-16               1               0               0 
             -1 -2.22044604925031e-16               0               0 
              0               0               1              -3 
1
              1               0               0               0 
              0               1               0               0 
              0               0               1               0 
2  8 1 9 1 10 1 11 1 18 1 19 1 14 1 15 1 0
2  15 -1 14 -1 19 -1 18 -1 11 -1 10 -1 9 -1 8 -1 0
2  3 1 4 1 5 1 6 1 2 1 0
2  2 -1 6 -1 5 -1 4 -1 3 -1 0
1
              1               0               0               0 
              0               1               0               0 
              0               0               1               0 
1
              1               0               0               0 
              0               1               0               0 
              0               0               1              -3 
1
              1               0               0               0 
              0               1               0               0 
              0               0               1               6 
1
              1               0               0            -2.5 
              0               1               0            -7.5 
              0               0               1              -3 
1
              1               0               0            -2.5 
              0               1               0            -7.5 
              0               0               1              -3 
1
              1               0               0              -9 
              0               1               0              -9 
              0               0               1               3 
2  24 1 25 1 26 1 27 -1 28 1 29 -1 8 1 9 1 10 1 11 1 12 1 13 1 14 1 15 1 0
1
              1               0               0              -9 
              0               1               0              -9 
              0               0               1               3 
2  31 -1 29 1 28 -1 27 1 26 -1 25 -1 24 -1 0
2  24 1 25 1 26 1 27 -1 28 1 29 -1 8 1 9 1 10 1 11 1 18 1 19 1 14 1 15 1 0
2  15 -1 14 -1 19 -1 18 -1 11 -1 10 -1 9 -1 8 -1 29 1 28 -1 27 1 26 -1 25 -1 24 -1 0
2  27 -1 28 1 29 -1 8 1 9 1 10 1 11 1 12 1 13 1 14 1 15 1 0
2  15 -1 14 -1 13 -1 12 -1 11 -1 10 -1 9 -1 8 -1 29 1 28 -1 27 1 0
2  31 -1 29 1 28 -1 27 1 0
2  28 1 29 -1 8 1 9 1 10 1 11 1 12 1 13 1 14 1 15 1 0
2  15 -1 14 -1 13 -1 12 -1 11 -1 10 -1 9 -1 8 -1 29 1 28 -1 0
2  31 -1 29 1 28 -1 0
2  27 -1 28 1 29 -1 8 1 9 1 10 1 11 1 18 1 19 1 14 1 15 1 0
2  15 -1 14 -1 19 -1 18 -1 11 -1 10 -1 9 -1 8 -1 29 1 28 -1 27 1 0
2  28 1 29 -1 8 1 9 1 10 1 11 1 18 1 19 1 14 1 15 1 0
2  15 -1 14 -1 19 -1 18 -1 11 -1 10 -1 9 -1 8 -1 29 1 28 -1 0
2  28 1 29 -1 8 1 9 1 10 1 11 1 12 1 13 1 14 1 15 1 2 1 0
2  28 1 29 -1 8 1 9 1 10 1 11 1 18 1 19 1 14 1 15 1 2 1 0
Curve2ds 104
1 2.625 1.1102230246251565e-16 1.9158377441940856e-47 1 
1 -5.8286708792820709e-16 2.5884498452564441e-31 4.4408920985006242e-16 1 
1 2.625 0 0 1 
1 -4.4408920985006262e-16 1.9721522630525295e-31 4.4408920985006262e-16 1 
1 2.6250000000000009 -5.5511151231257827e-16 -4.7562421940416797e-48 1 
1 -7.0548651300208944e-16 3.1329894811897392e-31 4.4408920985006271e-16 1 
1 2.6250000000000004 -2.2204460492503131e-16 -2.4548346807957058e-48 1 
1 -7.0548651300209122e-16 -3.4874403221169245e-15 4.4408920985006281e-16 1 
1 2.6249999999999991 -1.0547118733938987e-15 5.3369765731120963e-47 1 
1 -5.8286708792820797e-16 -1.7666257707707327e-15 4.4408920985006242e-16 1 
1 2.6249999999999969 8.8817841970012523e-16 6.2948954452091392e-47 1 
1 -5.8286708792820699e-16 4.3593004026461571e-16 4.4408920985006232e-16 1 
1 2.6250000000000004 -4.8329557778165438e-48 -1.8411260105967784e-48 1 
1 -7.0548651300208954e-16 3.13298948118974e-31 4.4408920985006281e-16 1 
1 0.43492424049223799 -1.9314516230483655e-16 0 1 
1 -9.2839925318746826e-17 -8.8331288538536637e-16 3.7470027081099023e-16 1 
1 0.43492424049223799 -1.9314516230483658e-16 0 1 
1 0 0 0 1 
1 0.43492424049223799 -1.9314516230483663e-16 0 1 
1 -0 0 -4.7184478546569153e-16 1 
1 0.43492424049223799 -1.9314516230483665e-16 0 1 
1 0 0 -2.7755575615628914e-16 1 
1 0.43492424049223799 -1.931451623048365e-16 0 1 
1 0 0 1.0824674490095276e-15 1 
1 0.43492424049223799 -1.9314516230483645e-16 0 1 
1 0 0 1.27675647831893e-15 1 
1 0.43492424049223799 -1.9314516230483665e-16 0 1 
1 0 -0 -1.9428902930940235e-16 1 
8 -55.243166636424604 -18.182991048585908
1 36.508776635483457 -4.0373081309185981 0.9945218953682734 -0.10452846326765351 
8 -55.243166636424604 -18.182991048585908
1 1.5707963267948968 -5.7967408103414997e-17 0 1 
1 0.61507575950825188 -1.5543122344752192e-15 2.4548346807957058e-48 1 
1 4.4408920985006262e-16 -1.9721522630525304e-31 4.4408920985006281e-16 1 
1 0.615075759508251 0 0 1 
1 0 0 4.4408920985006262e-16 1 
1 0.61507575950825133 5.5511151231257827e-17 -1.9158377441940856e-47 1 
1 2.2204460492503131e-16 -9.8607613152626465e-32 4.4408920985006242e-16 1 
1 0.61507575950825133 2.7755575615628914e-17 4.7562421940416797e-48 1 
1 4.4408920985006262e-16 -1.97215226305253e-31 4.4408920985006271e-16 1 
1 0.61507575950825133 9.7144514654701197e-17 -5.3369765731120963e-47 1 
1 2.2204460492503131e-16 -9.8607613152626432e-32 4.4408920985006242e-16 1 
1 0.61507575950825111 -1.762479051592436e-15 1.8411260105967784e-48 1 
1 4.4408920985006262e-16 -1.9721522630525304e-31 4.4408920985006281e-16 1 
1 0.61507575950825333 6.3837823915946501e-16 -6.2948954452091392e-47 1 
1 2.2204460492503151e-16 4.3593004026461536e-16 4.4408920985006232e-16 1 
8 -2.8823373434461383 11.117662656553861
1 0.93487869602703166 -19.915461143473784 0.98162727483413326 0.19080852523331604 
8 -2.8823373434461383 11.117662656553861
1 2.8823373434461383 -2.0000004768371582 1 0 
8 2.8639713372971025 16.863971337297102
1 -5.1122917560192294 -3.9113014544897649 0.19080852523331604 -0.98162727483413326 
8 2.8639713372971025 16.863971337297102
1 -2.8639713372971025 -2.0000004768371582 1 0 
8 -4.1176626565538612 9.8823373434461388
1 5.1349502665995397 -4.8370196191627031 -0.98162727483413326 -0.19080852523331604 
8 -4.1176626565538612 9.8823373434461388
1 4.1176626565538612 -2.0000004768371582 1 0 
8 -9.8639713372970999 4.1360286627029001
1 9.9661497682918476 -8.1113730250622726 -0.19080852523331604 0.98162727483413326 
8 -9.8639713372970999 4.1360286627029001
1 9.8639713372970999 -2.0000004768371582 1 0 
8 -4.3354211240437674 9.6645788759562326
1 4.335421124043763 17.621657949055646 -1 -2.2204460492503126e-16 
8 -4.3354211240437674 9.6645788759562326
1 4.3354211240437674 -2 1 0 
8 1.8108289745278245 15.810828974527825
1 8.6708422480875331 1.8108289745278245 -2.2204460492503126e-16 1 
8 1.8108289745278245 15.810828974527825
1 -1.8108289745278245 -2 1 0 
8 -2.6645788759562326 11.335421124043767
1 -2.6645788759562334 3.6216579490556464 1 2.2204460492503126e-16 
8 -2.6645788759562326 11.335421124043767
1 2.6645788759562326 -2 1 -0 
8 -8.8108289745278228 5.1891710254721772
1 -5.3291577519124678 8.8108289745278228 2.2204460492503126e-16 -1 
8 -8.8108289745278228 5.1891710254721772
1 8.8108289745278228 -2 1 0 
1 0 0 2.4548346807957058e-48 1 
1 2.1849242404917488 2.5171390425746956e-15 4.4408920985006281e-16 1 
3 -7.5394047704966631 0.35000000000000009 1 -8.399828675508245e-16 8.399828675508245e-16 1 1.0979763443115051 1.05
7 0 0  8 23 4  6.2831853071795862 -26.210403577310792  6.0868357663302239 -26.210403577310792  5.8904862254808332 -26.196259075835517  5.6941366846317862 -26.167971782801942  5.4977871437822259 -26.126699835971522  5.3014376029326336 -26.074778949928941  5.1050880620835111 -26.015449308148334  4.9087385212340511 -25.952417944653568  4.4178646691106467 -25.794838987467653  4.123340357840128 -25.700291270568414  3.8288160465556516 -25.618243931952748  3.5342917353020979 -25.561179542142781  3.2397674240085266 -25.538173539200216  2.945243112744059 -25.55118633793245  2.6507188014663901 -25.595537822280114  2.0616701789183036 -25.729248001318275  1.7671458676425331 -25.818607180517574  1.4726215563889795 -25.921626840659883  1.1780972450972271 -26.025334077741718  0.88357293384185454 -26.114933868841035  0.58904862254737367 -26.178578331091558  0.29452431127404388 -26.2104035773108  8.8817841970012523e-16 -26.2104035773108 
 3.141592653589794 9 4.712388980384679 7 7.0685834705770283 7 9.4247779607693793 9
1 0 0 0 1 
1 2.1849242404917484 8.0605555985802174e-16 4.4408920985006262e-16 1 
1 0 0 -1.9158377441940856e-47 1 
1 2.1849242404917488 -8.6988394156862262e-17 4.4408920985006242e-16 1 
1 -0 0 4.7562421940416797e-48 1 
1 2.1849242404917488 -9.7030127954222912e-16 4.4408920985006271e-16 1 
2 -5.4033525104514855 0.35000000000000009 1 -5.5511151231257802e-17 -5.5511151231257802e-17 -1 1.05
1 6.2831853071795862 -49.999999999999979 -1 0 
1 0 0 -5.3369765731120963e-47 1 
1 2.1849242404917488 7.963244912285044e-16 4.4408920985006242e-16 1 
1 0 -0 1.8411260105967784e-48 1 
1 2.1849242404917488 2.6866114745528036e-15 4.4408920985006281e-16 1 
1 0 0 -6.2948954452091392e-47 1 
1 2.1849242404917488 -9.844119901299741e-17 4.4408920985006232e-16 1 
8 -11.867662656553861 -11.367662656553861
1 -0.16916648623142394 -15.545840538028513 -0.98162727483413326 -0.19080852523331604 
8 -11.867662656553861 -11.367662656553861
1 2.0000004768371582 -3.1323373434461383 0 1 
8 -7.6139713372971016 -2.6139713372971016
1 10.027644223933954 -5.8073073940688165 -0.19080852523331604 0.98162727483413326 
8 -7.6139713372971016 -2.6139713372971016
1 2.0000004768371582 7.6139713372971016 0 1 
8 -11.867662656553861 -11.367662656553861
1 -1.1232091123980037 -10.637704163857846 -0.98162727483413326 -0.19080852523331604 
8 -11.867662656553861 -11.367662656553861
1 2.0000004768371582 -3.1323373434461388 0 1 
8 2.6323373434461388 3.1323373434461388
1 -1.1232091123980037 -10.637704163857846 -0.98162727483413326 -0.19080852523331604 
8 2.6323373434461388 3.1323373434461388
1 2.0000004768371582 -3.1323373434461388 0 1 
8 -7.6139713372971016 -2.6139713372971016
1 -4.6967648985780448 -8.6694352725685579 -0.19080852523331604 0.98162727483413326 
8 -7.6139713372971016 -2.6139713372971016
1 2.0000004768371582 7.6139713372971016 0 1 
8 2.6323373434461383 3.1323373434461383
1 -0.16916648623142394 -15.545840538028513 -0.98162727483413326 -0.19080852523331604 
8 2.6323373434461383 3.1323373434461383
1 2.0000004768371582 -3.1323373434461383 0 1 
8 -10.414578875956233 -9.9145788759562326
1 4.5854211240437639 13.121657949055649 1 2.2204460492503126e-16 
8 -10.414578875956233 -9.9145788759562326
1 2 -4.5854211240437674 0 1 
8 -6.5608289745278237 -1.5608289745278237
1 -5.8291577519124669 6.5608289745278219 2.2204460492503126e-16 -1 
8 -6.5608289745278237 -1.5608289745278237
1 2 6.5608289745278237 0 1 
8 -10.414578875956233 -9.9145788759562326
1 4.5854211240437657 8.1216579490556491 1 2.2204460492503126e-16 
8 -10.414578875956233 -9.9145788759562326
1 2 -4.5854211240437674 0 1 
8 4.0854211240437674 4.5854211240437674
1 4.5854211240437657 8.1216579490556491 1 2.2204460492503126e-16 
8 4.0854211240437674 4.5854211240437674
1 2 -4.5854211240437674 0 1 
8 -6.5608289745278237 -1.5608289745278237
1 9.1708422480875331 6.5608289745278254 2.2204460492503126e-16 -1 
8 -6.5608289745278237 -1.5608289745278237
1 2 6.5608289745278237 0 1 
8 4.0854211240437674 4.5854211240437674
1 4.5854211240437639 13.121657949055649 1 2.2204460492503126e-16 
8 4.0854211240437674 4.5854211240437674
1 2 -4.5854211240437674 0 1 
1 0 0 0 -1 
1 6.2831853071795862 0 0 -1 
Curves 94
1 -7.2743872160775913 9.6106199753417165 5.8286708792820709e-16 0.9945218953682734 0.10452846326765322 8.6281661508548166e-32 
1 -9.625 -9.6718074204323479 0 0 1 0 
1 14.009275039654776 9.2081637865291768 2.6139730315202703e-16 0.10452846326765326 -0.9945218953682734 -4.7763062620803449e-32 
1 -13.151394301331926 -27.560774633725796 2.6139730315202703e-16 0.19080899537654469 0.98162718344766398 -2.4651903288156619e-32 
1 14.451408834044873 -20.111235383778833 5.8286708792820718e-16 -0.9945218953682734 -0.10452846326765315 2.4035605705952703e-31 
1 2.6672840106220583 -33.309745538410965 5.8286708792820718e-16 -0.98162718344766398 0.19080899537654489 2.8349688781380112e-31 
1 8.1410795654377015 -18.906721677724299 2.6139730315202693e-16 -0.19080899537654464 -0.98162718344766409 -1.8488927466117464e-32 
1 -9 -9 3 1 0 0 
1 9 -9 3 0 1 0 
1 -9 9 3 1 0 0 
1 -9 -9 3 0 1 0 
1 13.734887823577186 11.818783761870883 1.121201896960319e-15 7.5824434432183093e-17 2.3123715787997611e-16 -1 
1 -7.2743872160775913 9.6106199753417165 -1.2 0.99452189536827351 0.10452846326765286 4.4408920985006257e-16 
1 -9.625 9.3635606162818341 -0.76507575950776008 0 2.2326768868452908e-16 -1 
1 -9.625 -9.6718074204323479 -1.2000000000000004 0 1 4.4408920985006262e-16 
1 -9.6249999999999964 -9.4190486689137547 4.3557930101692311e-15 -0 -5.2188275932056476e-16 1 
1 17.0620288093866 -19.836848167701248 3.1510603900687625e-15 1.222443970915568e-16 -2.1041928481270781e-16 -1 
1 14.009275039654774 9.208163786529175 -1.2000000000000004 0.10452846326765372 -0.99452189536827329 4.4408920985006271e-16 
1 -13.151394301331926 -27.560774633725792 -1.2000000000000004 0.19080899537654444 0.98162718344766409 4.4408920985006281e-16 
1 -13.652267914195352 -30.137545990275889 8.9714706568715201e-16 -1.4011846931031338e-16 -1.9896427468142203e-16 -1 
1 7.770452588409877 -20.813432180819738 -1.4784890754875984e-16 -5.9255490902874207e-17 2.1703968562789064e-16 1 
1 14.451408834044871 -20.111235383778833 -1.2 -0.99452189536827351 -0.10452846326765207 4.4408920985006242e-16 
1 2.6672840106220583 -33.309745538410965 -1.2 -0.98162718344766375 0.19080899537654616 4.4408920985006232e-16 
1 5.2440553671721784 -33.810619151274402 1.5942889201345244e-15 5.5382253321259312e-17 -2.3696576558319477e-16 -1 
1 8.1410795654377015 -18.906721677724303 -1.2000000000000004 -0.19080899537654444 -0.98162718344766409 4.4408920985006281e-16 
1 -16 -16 3 0 1 0 
1 -2 -16 3 -1 0 0 
1 -2 -2 3 0 -1 0 
1 -16 -2 3 1 0 0 
1 -34.80708030765755 -14.718962632766015 -1.1999999999999962 -0.9945218953682734 -0.10452846326765351 -5.5207055336585398e-17 
1 -12.120685758711877 -27.761124078871166 -1.2000000000000002 0.19080899537654469 0.98162718344766398 -2.4651903288156619e-32 
1 -8.5749999999999993 -9.6718074204323479 -1.2000000000000002 -0 1 0 
1 -7.1646323296465546 8.5663719852050288 -1.2 0.9945218953682734 0.10452846326765322 8.6281661508548166e-32 
1 12.965027049518087 9.0984089000981392 -1.2000000000000002 0.10452846326765326 -0.9945218953682734 -4.7763062620803449e-32 
1 14.341653947613835 -19.066987393642147 -1.2 -0.9945218953682734 -0.10452846326765315 2.4035605705952703e-31 
1 7.1103710228176533 -18.706372232578929 -1.2000000000000002 -0.19080899537654464 -0.98162718344766409 -1.8488927466117464e-32 
1 2.8676334557674301 -32.279036995790918 -1.2 -0.98162718344766398 0.19080899537654489 2.8349688781380112e-31 
1 0.73596355206050035 -30.53711909252943 -4 -0.98162727483413326 0.19080852523331604 0 
1 -16 -2 0 0 0 1 
1 -16 -16 0 0 0 1 
1 6.7831340041067616 -14.532959403545412 -4 -0.19080852523331604 -0.98162727483413326 0 
1 -4 -8.5 3 0 0 1 
1 -4.25 -8.5 7.5 -1 0 0 
1 -9 -8.5 3 0 0 1 
1 -2 -16 0 0 0 1 
1 -3.4641080185120079 -15.45867756821835 -4 0.98162727483413326 -0.19080852523331604 0 
1 -2 -2 0 0 0 1 
1 -8.2953075202043163 -18.73303097411792 -4 0.19080852523331604 0.98162727483413326 -0 
1 -9 5.5 3 0 0 -1 
1 -11.25 5.5 7.5 1 0 0 
1 -4 5.5 3 0 0 -1 
1 -2.6645788759562312 7 -4 1 -2.2204460492503126e-16 0 
1 -7.0000000000000018 -8.8108289745278228 -4 2.2204460492503126e-16 1 -0 
1 4.3354211240437657 -7.0000000000000009 -4 -1 2.2204460492503126e-16 0 
1 7 -1.8108289745278254 -4 -2.2204460492503126e-16 -1 0 
1 -12.421209926429929 -29.307186892801212 -1.1999999999999988 -1.4011846931031338e-16 -1.9896427468142203e-16 -1 
1 -12.120685758711877 -27.761124078871163 -4 0.19080899537654469 0.98162718344766398 -2.4651903288156619e-32 
1 -8.5749999999999957 -9.5201521695211788 -1.1999999999999953 -0 -5.2188275932056476e-16 1 
3 -9.0595187132193686 -12.012784861426688 -2.2500000000000009 -0.98162718344766409 0.19080899537654461 1.9907897184451596e-16 -0.19080899537654461 -0.98162718344766409 -8.399828675508247e-16 3.5145043324507028e-17 -8.6253607503645565e-16 1 1.0979763443115051 1.05
1 -8.5749999999999993 8.4181363697690994 -1.8150757595082494 0 2.2326768868452908e-16 -1 
1 -8.5749999999999993 -9.6718074204323461 -4 -0 1 0 
1 12.800394719871534 10.664780885303159 -1.1999999999999984 7.5824434432183093e-17 2.3123715787997611e-16 -1 
1 -7.1646323296465537 8.5663719852050288 -4 0.9945218953682734 0.10452846326765322 8.6281661508548166e-32 
1 12.965027049518087 9.0984089000981392 -4 0.10452846326765326 -0.9945218953682734 -4.7763062620803449e-32 
1 15.908025932818877 -18.902355063995593 -1.1999999999999966 1.222443970915568e-16 -2.1041928481270781e-16 -1 
2 14.919014460756095 -9.4925394693833418 -2.2499999999999996 -0.9945218953682734 -0.10452846326765351 -5.5207055336585385e-17 -0.10452846326765351 0.9945218953682734 -5.5511151231257784e-17 6.0707120643463726e-17 -4.9436346680719762e-17 -1 1.05
1 6.8879948366009582 -19.850398534436184 -1.1999999999999997 -5.9255490902874207e-17 2.1703968562789064e-16 1 
1 14.341653947613834 -19.066987393642147 -4 -0.9945218953682734 -0.10452846326765315 2.4035605705952703e-31 
1 4.4136962696975015 -32.579561163508977 -1.199999999999998 5.5382253321259312e-17 -2.3696576558319477e-16 -1 
1 7.1103710228176524 -18.706372232578932 -4 -0.19080899537654464 -0.98162718344766409 -1.8488927466117464e-32 
1 2.8676334557674292 -32.279036995790918 -4 -0.98162718344766398 0.19080899537654489 2.8349688781380112e-31 
1 1.840008734318956 -26.16749848708416 -4 0.98162727483413326 -0.19080852523331604 0 
1 -8.3568019758464231 -16.428965343124464 -4 0.19080852523331604 0.98162727483413326 -0 
1 2.7940513604855357 -21.259362112913493 -4 0.98162727483413326 -0.19080852523331604 0 
1 2.7940513604855357 -21.259362112913493 -4 0.98162727483413326 -0.19080852523331604 0 
1 6.367607146665577 -19.291093221624205 -4 0.19080852523331604 0.98162727483413326 -0 
1 1.840008734318956 -26.16749848708416 -4 0.98162727483413326 -0.19080852523331604 0 
1 -2.9145788759562321 2.5000000000000009 -4 -1 2.2204460492503126e-16 0 
1 7.4999999999999991 -4.0608289745278254 -4 -2.2204460492503126e-16 -1 0 
1 -2.9145788759562334 -2.4999999999999991 -4 -1 2.2204460492503126e-16 0 
1 -2.9145788759562334 -2.4999999999999991 -4 -1 2.2204460492503126e-16 0 
1 -7.5000000000000009 -4.0608289745278219 -4 -2.2204460492503126e-16 -1 0 
1 -2.9145788759562321 2.5000000000000009 -4 -1 2.2204460492503126e-16 0 
1 -4 -9 7.5 0 1 0 
1 -4 -9 3 0 0 1 
1 -9 -9 7.5 0 1 0 
1 -9 -9 7.5 1 0 0 
1 -9 -9 3 0 0 1 
1 -9 -9 7.5 0 1 0 
1 -9 6 3 0 0 1 
1 -9 6 7.5 1 0 0 
1 -4 -9 7.5 0 1 0 
1 -4 6 3 0 0 1 
1 -34.916835194088584 -13.674714642629326 -2.2500000000000022 0.9945218953682734 0.1045284632676534 5.5511151231257815e-17 
Polygon3D 0
PolygonOnTriangulations 0
Surfaces 87
1 1.7016963278259021 -10.681654501847417 3.4774282087206048e-16 0 0 1 1 0 -0 -0 1 0 
1 -7.0000000000000018 6.9999999999999991 0 -2.320998132968662e-17 2.2082822134634157e-16 -1 -0.10452846326765322 0.9945218953682734 2.2204460492503128e-16 0.9945218953682734 0.10452846326765322 8.6281661508548166e-32 
1 -7.2743872160775913 9.6106199753417165 0 0.10452846326765286 -0.99452189536827351 -2.2204460492503151e-16 4.1844646136299646e-16 2.6724818400571502e-16 -1 0.99452189536827351 0.10452846326765286 4.4408920985006257e-16 
1 -7 -9.6718074204323479 0 0 0 -1 -1 0 0 0 1 0 
1 -9.625 -9.6718074204323479 -4.4408920985006262e-16 1 -0 0 0 4.4408920985006262e-16 -1 0 1 4.4408920985006262e-16 
1 11.398655064313058 8.9337765704515864 0 9.9034415761870113e-17 1.0408936533634439e-17 -1 0.9945218953682734 0.10452846326765326 9.9579925010296012e-17 0.10452846326765326 -0.9945218953682734 -4.7763062620803449e-32 
1 14.009275039654774 9.2081637865291768 -4.4408920985006262e-16 -0.99452189536827329 -0.10452846326765372 -9.9579925010295802e-17 1.4545437842124355e-16 -4.3124750615904884e-16 -1 0.10452846326765372 -0.99452189536827329 4.4408920985006271e-16 
1 -10.574622944781808 -28.061648246589225 0 -9.7750361315786471e-17 1.9000745450886213e-17 -1 -0.98162718344766398 0.19080899537654469 9.9579925010296012e-17 0.19080899537654469 0.98162718344766398 -2.4651903288156619e-32 
1 -13.151394301331926 -27.560774633725792 -4.4408920985006262e-16 0.98162718344766409 -0.19080899537654444 -9.9579925010295901e-17 -1.3014145326732388e-17 4.549307857155024e-16 -1 0.19080899537654444 0.98162718344766409 4.4408920985006321e-16 
1 14.177021617967283 -17.500615408437117 0 2.3209981329686451e-17 -2.2082822134634162e-16 -1 0.10452846326765315 -0.9945218953682734 2.2204460492503131e-16 -0.9945218953682734 -0.10452846326765315 2.4035605705952703e-31 
1 14.451408834044871 -20.111235383778833 0 -0.10452846326765207 0.99452189536827351 -2.220446049250318e-16 -4.1844646136299651e-16 -2.6724818400571497e-16 -1 -0.99452189536827351 -0.10452846326765207 4.4408920985006242e-16 
1 3.1681576234854889 -30.73297418186085 0 -4.2368107994527319e-17 -2.1796502013230773e-16 -1 -0.19080899537654489 -0.98162718344766398 2.2204460492503131e-16 -0.98162718344766398 0.19080899537654489 2.8349688781380112e-31 
1 2.6672840106220588 -33.309745538410965 0 0.19080899537654616 0.98162718344766375 -2.220446049250319e-16 -4.7829814825914258e-16 -1.3322880414325373e-16 -1 -0.98162718344766375 0.19080899537654616 4.4408920985006232e-16 
1 5.5643082088875833 -18.405848064860869 0 9.7750361315786421e-17 -1.9000745450886207e-17 -1 0.98162718344766409 -0.19080899537654464 9.9579925010295975e-17 -0.19080899537654464 -0.98162718344766409 -1.8488927466117464e-32 
1 8.1410795654377015 -18.906721677724299 -4.4408920985006262e-16 -0.98162718344766409 0.19080899537654444 -9.9579925010295926e-17 1.3014145326732413e-17 -4.549307857155024e-16 -1 -0.19080899537654444 -0.98162718344766409 4.4408920985006321e-16 
1 2.0549439117885915 10.59117218907636 -0.59999999999999754 -0.10452846326765307 0.9945218953682734 -2.8310221629509898e-15 0.9945218953682734 0.10452846326765307 -2.9582283945787943e-31 2.9592239616993397e-16 -2.8155135273276075e-15 -1 
1 -7.2743872160775913 9.6106199753417165 -0.76507575950776197 0.10452846326765286 -0.99452189536827351 -2.2204460492503151e-16 4.1844646136299646e-16 2.6724818400571502e-16 -1 0.99452189536827351 0.10452846326765286 4.4408920985006257e-16 
1 -7.2743872160775904 9.6106199753417165 -1.1999999999999993 2.320998132968662e-17 -2.2082822134634157e-16 1 0.10452846326765322 -0.9945218953682734 -2.2204460492503128e-16 0.9945218953682734 0.10452846326765322 8.6281661508548166e-32 
1 -9.6249999999999964 -0.027744026315941098 -0.59999999999999487 -1 -0 -0 0 0 -1 0 -1 0 
1 -9.625 -9.6718074204323479 -0.76507575950776241 1 -0 0 0 4.4408920985006262e-16 -1 0 1 4.4408920985006262e-16 
1 -9.625 -9.6718074204323479 -1.1999999999999997 0 0 1 1 0 -0 -0 1 0 
1 15.398458316481888 -4.0090322029151775 -0.59999999999999676 0.9945218953682734 0.10452846326765353 2.8033303842275214e-15 -0.10452846326765353 0.9945218953682734 0 -2.787973447065424e-15 -2.9302781709482349e-16 1 
1 14.009275039654774 9.208163786529175 -0.76507575950776241 -0.99452189536827329 -0.10452846326765372 -9.9579925010295802e-17 1.4545437842124355e-16 -4.3124750615904884e-16 -1 0.10452846326765372 -0.99452189536827329 4.4408920985006271e-16 
1 14.009275039654774 9.208163786529175 -1.1999999999999997 -9.9034415761870113e-17 -1.0408936533634439e-17 1 -0.9945218953682734 -0.10452846326765326 -9.9579925010296012e-17 0.10452846326765326 -0.9945218953682734 -4.7763062620803449e-32 
1 -11.638633957097676 -19.77829732959481 -0.60000000000000064 -0.98162718344766409 0.19080899537654455 2.3433844540045678e-15 -0.19080899537654455 -0.98162718344766409 -4.9303806576313227e-32 2.3003298813195455e-15 -4.4713883344962387e-16 1 
1 -13.151394301331926 -27.560774633725792 -0.76507575950776241 0.98162718344766409 -0.19080899537654444 -9.9579925010295901e-17 -1.3014145326732388e-17 4.549307857155024e-16 -1 0.19080899537654444 0.98162718344766409 4.4408920985006321e-16 
1 -13.151394301331926 -27.560774633725792 -1.1999999999999997 9.7750361315786471e-17 -1.9000745450886213e-17 1 0.98162718344766398 -0.19080899537654469 -9.9579925010296012e-17 0.19080899537654469 0.98162718344766398 -2.4651903288156619e-32 
1 12.41624069889823 -20.325140174260493 -0.59999999999999887 0.10452846326765253 -0.99452189536827351 -2.2397666506426372e-15 -0.99452189536827351 -0.10452846326765253 2.9582283945787938e-31 -2.341193660698123e-16 2.2274969745797649e-15 -1 
1 14.451408834044871 -20.111235383778833 -0.76507575950776197 -0.10452846326765207 0.99452189536827351 -2.220446049250318e-16 -4.1844646136299651e-16 -2.6724818400571497e-16 -1 -0.99452189536827351 -0.10452846326765207 4.4408920985006242e-16 
1 14.451408834044871 -20.111235383778833 -1.1999999999999993 -2.3209981329686451e-17 2.2082822134634162e-16 1 -0.10452846326765315 0.9945218953682734 -2.2204460492503131e-16 -0.9945218953682734 -0.10452846326765315 2.4035605705952703e-31 
1 -4.2041062735115888 -31.974082570775138 -0.59999999999999809 -0.19080899537654564 -0.98162718344766386 -6.0339274564029996e-15 -0.98162718344766386 0.19080899537654564 1.1832913578315177e-30 1.1513276361312105e-15 5.9230672141564031e-15 -1 
1 2.6672840106220583 -33.309745538410965 -0.76507575950776197 0.19080899537654616 0.98162718344766375 -2.220446049250319e-16 -4.7829814825914258e-16 -1.3322880414325373e-16 -1 -0.98162718344766375 0.19080899537654616 4.4408920985006232e-16 
1 2.6672840106220583 -33.309745538410965 -1.1999999999999993 4.2368107994527319e-17 2.1796502013230773e-16 1 0.19080899537654489 0.98162718344766398 -2.2204460492503131e-16 -0.98162718344766398 0.19080899537654489 2.8349688781380112e-31 
1 6.5072539777910272 -27.31202566604707 -0.59999999999999831 0.98162718344766409 -0.19080899537654461 2.3525390844009685e-15 0.19080899537654461 0.98162718344766409 0 -2.3093163153710688e-15 4.4888561927860483e-16 1 
1 8.1410795654377015 -18.906721677724303 -0.76507575950776241 -0.98162718344766409 0.19080899537654444 -9.9579925010295926e-17 1.3014145326732413e-17 -4.549307857155024e-16 -1 -0.19080899537654444 -0.98162718344766409 4.4408920985006321e-16 
1 8.1410795654377015 -18.906721677724303 -1.1999999999999997 -9.7750361315786421e-17 1.9000745450886207e-17 1 -0.98162718344766409 0.19080899537654464 -9.9579925010295975e-17 -0.19080899537654464 -0.98162718344766409 -1.8488927466117464e-32 
1 -9 -9 3 0 0 1 1 0 -0 -0 1 0 
1 1.7016963278259056 -10.681654501847417 -1.1999999999999962 -0 -0 -1 -1 0 0 0 1 -0 
2 -34.80708030765755 -14.718962632766015 -2.2500000000000022 -0.9945218953682734 -0.10452846326765351 -5.5207055336585398e-17 -0.10452846326765351 0.9945218953682734 -5.551115123125779e-17 -6.0707120643463738e-17 4.9436346680719768e-17 1 1.05
1 -12.724460844124895 -27.64376209111893 -1.2000000000000002 9.7750361315786471e-17 -1.9000745450886213e-17 1 0.98162718344766398 -0.19080899537654469 -9.9579925010296012e-17 0.19080899537654469 0.98162718344766398 -2.4651903288156619e-32 
1 -12.120685758711877 -27.761124078871166 -1.1999999999999997 0.98162718344766409 -0.19080899537654444 -9.9579925010295901e-17 -1.3014145326732388e-17 4.549307857155024e-16 -1 0.19080899537654444 0.98162718344766409 4.4408920985006321e-16 
1 -9.1900757595082503 -9.6718074204323479 -1.2000000000000002 0 0 1 1 0 -0 -0 1 0 
1 -8.5749999999999993 -9.6718074204323479 -1.2000000000000002 1 -0 0 0 4.4408920985006262e-16 -1 0 1 4.4408920985006262e-16 
1 -7.2289252535811368 9.1780782953462552 -1.1999999999999997 2.320998132968662e-17 -2.2082822134634157e-16 1 0.10452846326765322 -0.9945218953682734 -2.2204460492503128e-16 0.9945218953682734 0.10452846326765322 8.6281661508548166e-32 
1 -7.1646323296465546 8.5663719852050288 -1.1999999999999997 0.10452846326765286 -0.99452189536827351 -2.2204460492503151e-16 4.1844646136299646e-16 2.6724818400571502e-16 -1 0.99452189536827351 0.10452846326765286 4.4408920985006257e-16 
1 13.576733359659313 9.1627018240327214 -1.2000000000000002 -9.9034415761870113e-17 -1.0408936533634439e-17 1 -0.9945218953682734 -0.10452846326765326 -9.9579925010296012e-17 0.10452846326765326 -0.9945218953682734 -4.7763062620803449e-32 
1 12.965027049518087 9.0984089000981392 -1.1999999999999997 -0.99452189536827329 -0.10452846326765372 -9.9579925010295802e-17 1.4545437842124355e-16 -4.3124750615904884e-16 -1 0.10452846326765372 -0.99452189536827329 4.4408920985006271e-16 
1 14.405946871548418 -19.678693703783374 -1.1999999999999997 -2.3209981329686451e-17 2.2082822134634162e-16 1 -0.10452846326765315 0.9945218953682734 -2.2204460492503131e-16 -0.9945218953682734 -0.10452846326765315 2.4035605705952703e-31 
1 14.341653947613835 -19.066987393642144 -1.1999999999999997 -0.10452846326765207 0.99452189536827351 -2.220446049250318e-16 -4.1844646136299651e-16 -2.6724818400571497e-16 -1 -0.99452189536827351 -0.10452846326765207 4.4408920985006242e-16 
1 7.7141461082306702 -18.823734220331165 -1.2000000000000002 -9.7750361315786421e-17 1.9000745450886207e-17 1 -0.98162718344766409 0.19080899537654464 -9.9579925010295975e-17 -0.19080899537654464 -0.98162718344766409 -1.8488927466117464e-32 
1 7.1103710228176533 -18.706372232578929 -1.1999999999999997 -0.98162718344766409 0.19080899537654444 -9.9579925010295926e-17 1.3014145326732413e-17 -4.549307857155024e-16 -1 -0.19080899537654444 -0.98162718344766409 4.4408920985006321e-16 
1 2.7502714680151956 -32.882812081203937 -1.1999999999999997 4.2368107994527319e-17 2.1796502013230773e-16 1 0.19080899537654489 0.98162718344766398 -2.2204460492503131e-16 -0.98162718344766398 0.19080899537654489 2.8349688781380112e-31 
1 2.8676334557674306 -32.279036995790918 -1.1999999999999997 0.19080899537654616 0.98162718344766375 -2.220446049250319e-16 -4.7829814825914258e-16 -1.3322880414325373e-16 -1 -0.98162718344766375 0.19080899537654616 4.4408920985006232e-16 
1 -16 -16 0 -1 0 0 0 1 0 0 0 -1 
1 1.670842248087532 -10.621657949055647 -4 -0 -0 -1 -1 0 0 0 1 -0 
1 -2 -16 0 0 -1 0 -1 0 0 -0 -0 -1 
1 -2 -2 0 1 0 0 0 -1 0 0 0 -1 
1 -16 -2 0 0 1 0 1 0 0 0 0 -1 
