<?xml version='1.0' encoding='utf-8'?>
<!-- FreeCAD DocumentObject -->
<Document SchemaVersion="4" FileVersion="2">
<Object name="Reference">
  <Properties Count="35" TransientCount="1">
    <_Property name="_ElementMapVersion" type="App::PropertyString" status="234881024"/>
    <Property name="BindCopyOnChange" type="App::PropertyEnumeration">
      <Integer value="0"/>
    </Property>
    <Property name="BindMode" type="App::PropertyEnumeration">
      <Integer value="0"/>
    </Property>
    <Property name="Cache_Pipe" type="App::PropertyMatrix" group="Cache" attr="0" ro="0" hide="1" doc="" status="69206016">
      <PropertyMatrix a11="1" a12="0" a13="0" a14="0" a21="0" a22="1" a23="0" a24="0" a31="0" a32="0" a33="1" a34="0" a41="0" a42="0" a43="0" a44="1"/>
    </Property>
    <Property name="ClaimChildren" type="App::PropertyBool" status="134217728">
      <Bool value="false"/>
    </Property>
    <Property name="ColoredElements" type="App::PropertyLinkSubHidden" status="218103808">
      <LinkSub value="" count="0">
      </LinkSub>
    </Property>
    <Property name="Context" type="App::PropertyXLink" status="67108864">
      <XLink file="" stamp="" name="Body" sub="Boolean.Reference."/>
    </Property>
    <Property name="EdgeTolerance" type="App::PropertyPrecision">
      <Float value="1e-06"/>
    </Property>
    <Property name="ExpressionEngine" type="App::PropertyExpressionEngine" status="67108864">
      <ExpressionEngine count="0"></ExpressionEngine>
    </Property>
    <Property name="FaceMaker" type="App::PropertyString">
      <String value=""/>
    </Property>
    <Property name="FillStyle" type="App::PropertyEnumeration">
      <Integer value="0"/>
    </Property>
    <Property name="FixShape" type="App::PropertyEnumeration">
      <Integer value="1"/>
    </Property>
    <Property name="Fuse" type="App::PropertyBool">
      <Bool value="false"/>
    </Property>
    <Property name="InvalidShape" type="App::PropertyBool" status="67108864">
      <Bool value="false"/>
    </Property>
    <Property name="Label" type="App::PropertyString" status="134217728">
      <String value="Reference(Pipe)"/>
    </Property>
    <Property name="Label2" type="App::PropertyString" status="128">
      <String value=""/>
    </Property>
    <Property name="MakeFace" type="App::PropertyBool">
      <Bool value="true"/>
    </Property>
    <Property name="MergeEdges" type="App::PropertyBool">
      <Bool value="true"/>
    </Property>
    <Property name="Offset" type="App::PropertyFloat">
      <Float value="0"/>
    </Property>
    <Property name="OffsetFill" type="App::PropertyBool">
      <Bool value="false"/>
    </Property>
    <Property name="OffsetIntersection" type="App::PropertyBool">
      <Bool value="false"/>
    </Property>
    <Property name="OffsetJoinType" type="App::PropertyEnumeration">
      <Integer value="0"/>
    </Property>
    <Property name="OffsetOpenResult" type="App::PropertyBool">
      <Bool value="false"/>
    </Property>
    <Property name="Outline" type="App::PropertyBool">
      <Bool value="false"/>
    </Property>
    <Property name="PartialLoad" type="App::PropertyBool" status="1024">
      <Bool value="false"/>
    </Property>
    <Property name="Placement" type="App::PropertyPlacement" status="8388608">
      <PropertyPlacement Px="0" Py="0" Pz="0" Q0="0" Q1="0" Q2="0" Q3="1" A="0" Ox="0" Oy="0" Oz="1"/>
    </Property>
    <Property name="Refine" type="App::PropertyBool">
      <Bool value="false"/>
    </Property>
    <Property name="Relative" type="App::PropertyBool">
      <Bool value="true"/>
    </Property>
    <Property name="Shape" type="Part::PropertyPartShape">
      <Part HasherIndex="0" ElementMap="1.15.70200.4" brep="1">
<![CDATA[

CASCADE Topology V1, (c) Matra-Datavision
Locations 4
1
              1               0               0               0 
              0               1               0               0 
              0               0               1               0 
1
              1               0               0               0 
              0               1               0               0 
              0               0               1               0 
1
              1               0               0               0 
              0               1               0               0 
              0               0               1               0 
2  2 1 3 1 0
Curve2ds 56
1 2.625 1.1102230246251565e-16 1.9158377441940856e-47 1 
1 -5.8286708792820709e-16 2.5884498452564441e-31 4.4408920985006242e-16 1 
1 2.625 0 0 1 
1 -4.4408920985006262e-16 1.9721522630525295e-31 4.4408920985006262e-16 1 
1 2.6250000000000004 -2.2204460492503131e-16 -2.4548346807957058e-48 1 
1 -7.0548651300209122e-16 -3.4874403221169245e-15 4.4408920985006281e-16 1 
1 2.6249999999999969 8.8817841970012523e-16 6.2948954452091392e-47 1 
1 -5.8286708792820699e-16 4.3593004026461571e-16 4.4408920985006232e-16 1 
1 2.6250000000000004 -4.8329557778165438e-48 -1.8411260105967784e-48 1 
1 -7.0548651300208954e-16 3.13298948118974e-31 4.4408920985006281e-16 1 
1 2.6249999999999991 -1.0547118733938987e-15 5.3369765731120963e-47 1 
1 -5.8286708792820797e-16 -1.7666257707707327e-15 4.4408920985006242e-16 1 
1 2.6250000000000009 -5.5511151231257827e-16 -4.7562421940416797e-48 1 
1 -7.0548651300208944e-16 3.1329894811897392e-31 4.4408920985006271e-16 1 
1 0.43492424049223799 -1.9314516230483655e-16 0 1 
1 -9.2839925318746826e-17 -8.8331288538536637e-16 3.7470027081099023e-16 1 
1 0.43492424049223799 -1.9314516230483663e-16 0 1 
1 -0 0 -4.7184478546569153e-16 1 
1 0.43492424049223799 -1.931451623048365e-16 0 1 
1 0 0 1.0824674490095276e-15 1 
1 0.43492424049223799 -1.9314516230483665e-16 0 1 
1 0 -0 -1.9428902930940235e-16 1 
1 0.43492424049223799 -1.9314516230483645e-16 0 1 
1 0 0 1.27675647831893e-15 1 
1 0.43492424049223799 -1.9314516230483665e-16 0 1 
1 0 0 -2.7755575615628914e-16 1 
1 0.43492424049223799 -1.9314516230483658e-16 0 1 
1 0 0 0 1 
1 0.61507575950825133 2.7755575615628914e-17 4.7562421940416797e-48 1 
1 4.4408920985006262e-16 -1.97215226305253e-31 4.4408920985006271e-16 1 
1 0.61507575950825133 5.5511151231257827e-17 -1.9158377441940856e-47 1 
1 2.2204460492503131e-16 -9.8607613152626465e-32 4.4408920985006242e-16 1 
1 0.615075759508251 0 0 1 
1 0 0 4.4408920985006262e-16 1 
1 0.61507575950825188 -1.5543122344752192e-15 2.4548346807957058e-48 1 
1 4.4408920985006262e-16 -1.9721522630525304e-31 4.4408920985006281e-16 1 
1 0.61507575950825333 6.3837823915946501e-16 -6.2948954452091392e-47 1 
1 2.2204460492503151e-16 4.3593004026461536e-16 4.4408920985006232e-16 1 
1 0.61507575950825111 -1.762479051592436e-15 1.8411260105967784e-48 1 
1 4.4408920985006262e-16 -1.9721522630525304e-31 4.4408920985006281e-16 1 
1 0.61507575950825133 9.7144514654701197e-17 -5.3369765731120963e-47 1 
1 2.2204460492503131e-16 -9.8607613152626432e-32 4.4408920985006242e-16 1 
1 0 0 -1.9158377441940856e-47 1 
1 2.1849242404917488 -8.6988394156862262e-17 4.4408920985006242e-16 1 
1 -0 0 4.7562421940416797e-48 1 
1 2.1849242404917488 -9.7030127954222912e-16 4.4408920985006271e-16 1 
1 0 0 -5.3369765731120963e-47 1 
1 2.1849242404917488 7.963244912285044e-16 4.4408920985006242e-16 1 
1 0 -0 1.8411260105967784e-48 1 
1 2.1849242404917488 2.6866114745528036e-15 4.4408920985006281e-16 1 
1 0 0 -6.2948954452091392e-47 1 
1 2.1849242404917488 -9.844119901299741e-17 4.4408920985006232e-16 1 
1 0 0 2.4548346807957058e-48 1 
1 2.1849242404917488 2.5171390425746956e-15 4.4408920985006281e-16 1 
1 0 0 0 1 
1 2.1849242404917484 8.0605555985802174e-16 4.4408920985006262e-16 1 
Curves 42
1 -7.2743872160775913 9.6106199753417165 5.8286708792820709e-16 0.9945218953682734 0.10452846326765322 8.6281661508548166e-32 
1 -9.625 -9.6718074204323479 0 0 1 0 
1 -13.151394301331926 -27.560774633725796 2.6139730315202703e-16 0.19080899537654469 0.98162718344766398 -2.4651903288156619e-32 
1 2.6672840106220583 -33.309745538410965 5.8286708792820718e-16 -0.98162718344766398 0.19080899537654489 2.8349688781380112e-31 
1 8.1410795654377015 -18.906721677724299 2.6139730315202693e-16 -0.19080899537654464 -0.98162718344766409 -1.8488927466117464e-32 
1 14.451408834044873 -20.111235383778833 5.8286708792820718e-16 -0.9945218953682734 -0.10452846326765315 2.4035605705952703e-31 
1 14.009275039654776 9.2081637865291768 2.6139730315202703e-16 0.10452846326765326 -0.9945218953682734 -4.7763062620803449e-32 
1 13.734887823577186 11.818783761870883 1.121201896960319e-15 7.5824434432183093e-17 2.3123715787997611e-16 -1 
1 -7.2743872160775913 9.6106199753417165 -1.2 0.99452189536827351 0.10452846326765286 4.4408920985006257e-16 
1 -9.625 9.3635606162818341 -0.76507575950776008 0 2.2326768868452908e-16 -1 
1 17.0620288093866 -19.836848167701248 3.1510603900687625e-15 1.222443970915568e-16 -2.1041928481270781e-16 -1 
1 14.009275039654774 9.208163786529175 -1.2000000000000004 0.10452846326765372 -0.99452189536827329 4.4408920985006271e-16 
1 7.770452588409877 -20.813432180819738 -1.4784890754875984e-16 -5.9255490902874207e-17 2.1703968562789064e-16 1 
1 14.451408834044871 -20.111235383778833 -1.2 -0.99452189536827351 -0.10452846326765207 4.4408920985006242e-16 
1 5.2440553671721784 -33.810619151274402 1.5942889201345244e-15 5.5382253321259312e-17 -2.3696576558319477e-16 -1 
1 8.1410795654377015 -18.906721677724303 -1.2000000000000004 -0.19080899537654444 -0.98162718344766409 4.4408920985006281e-16 
1 -13.652267914195352 -30.137545990275889 8.9714706568715201e-16 -1.4011846931031338e-16 -1.9896427468142203e-16 -1 
1 2.6672840106220583 -33.309745538410965 -1.2 -0.98162718344766375 0.19080899537654616 4.4408920985006232e-16 
1 -9.6249999999999964 -9.4190486689137547 4.3557930101692311e-15 -0 -5.2188275932056476e-16 1 
1 -13.151394301331926 -27.560774633725792 -1.2000000000000004 0.19080899537654444 0.98162718344766409 4.4408920985006281e-16 
1 -9.625 -9.6718074204323479 -1.2000000000000004 0 1 4.4408920985006262e-16 
1 12.965027049518087 9.0984089000981392 -1.2000000000000002 0.10452846326765326 -0.9945218953682734 -4.7763062620803449e-32 
1 -7.1646323296465546 8.5663719852050288 -1.2 0.9945218953682734 0.10452846326765322 8.6281661508548166e-32 
1 -8.5749999999999993 -9.6718074204323479 -1.2000000000000002 -0 1 0 
1 -12.120685758711877 -27.761124078871166 -1.2000000000000002 0.19080899537654469 0.98162718344766398 -2.4651903288156619e-32 
1 2.8676334557674301 -32.279036995790918 -1.2 -0.98162718344766398 0.19080899537654489 2.8349688781380112e-31 
1 7.1103710228176533 -18.706372232578929 -1.2000000000000002 -0.19080899537654464 -0.98162718344766409 -1.8488927466117464e-32 
1 14.341653947613835 -19.066987393642147 -1.2 -0.9945218953682734 -0.10452846326765315 2.4035605705952703e-31 
1 12.800394719871534 10.664780885303159 -1.1999999999999984 7.5824434432183093e-17 2.3123715787997611e-16 -1 
1 -7.1646323296465537 8.5663719852050288 -4 0.9945218953682734 0.10452846326765322 8.6281661508548166e-32 
1 -8.5749999999999993 8.4181363697690994 -1.8150757595082494 0 2.2326768868452908e-16 -1 
1 15.908025932818877 -18.902355063995593 -1.1999999999999966 1.222443970915568e-16 -2.1041928481270781e-16 -1 
1 12.965027049518087 9.0984089000981392 -4 0.10452846326765326 -0.9945218953682734 -4.7763062620803449e-32 
1 6.8879948366009582 -19.850398534436184 -1.1999999999999997 -5.9255490902874207e-17 2.1703968562789064e-16 1 
1 14.341653947613834 -19.066987393642147 -4 -0.9945218953682734 -0.10452846326765315 2.4035605705952703e-31 
1 4.4136962696975015 -32.579561163508977 -1.199999999999998 5.5382253321259312e-17 -2.3696576558319477e-16 -1 
1 7.1103710228176524 -18.706372232578932 -4 -0.19080899537654464 -0.98162718344766409 -1.8488927466117464e-32 
1 -12.421209926429929 -29.307186892801212 -1.1999999999999988 -1.4011846931031338e-16 -1.9896427468142203e-16 -1 
1 2.8676334557674292 -32.279036995790918 -4 -0.98162718344766398 0.19080899537654489 2.8349688781380112e-31 
1 -8.5749999999999957 -9.5201521695211788 -1.1999999999999953 -0 -5.2188275932056476e-16 1 
1 -12.120685758711877 -27.761124078871163 -4 0.19080899537654469 0.98162718344766398 -2.4651903288156619e-32 
1 -8.5749999999999993 -9.6718074204323461 -4 -0 1 0 
Polygon3D 0
PolygonOnTriangulations 0
Surfaces 73
1 1.7016963278259021 -10.681654501847417 3.4774282087206048e-16 0 0 1 1 0 -0 -0 1 0 
1 -7.0000000000000018 6.9999999999999991 0 -2.320998132968662e-17 2.2082822134634157e-16 -1 -0.10452846326765322 0.9945218953682734 2.2204460492503128e-16 0.9945218953682734 0.10452846326765322 8.6281661508548166e-32 
1 -7.2743872160775913 9.6106199753417165 0 0.10452846326765286 -0.99452189536827351 -2.2204460492503151e-16 4.1844646136299646e-16 2.6724818400571502e-16 -1 0.99452189536827351 0.10452846326765286 4.4408920985006257e-16 
1 -7 -9.6718074204323479 0 0 0 -1 -1 0 0 0 1 0 
1 -9.625 -9.6718074204323479 -4.4408920985006262e-16 1 -0 0 0 4.4408920985006262e-16 -1 0 1 4.4408920985006262e-16 
1 -10.574622944781808 -28.061648246589225 0 -9.7750361315786471e-17 1.9000745450886213e-17 -1 -0.98162718344766398 0.19080899537654469 9.9579925010296012e-17 0.19080899537654469 0.98162718344766398 -2.4651903288156619e-32 
1 -13.151394301331926 -27.560774633725792 -4.4408920985006262e-16 0.98162718344766409 -0.19080899537654444 -9.9579925010295901e-17 -1.3014145326732401e-17 4.549307857155023e-16 -1 0.19080899537654444 0.98162718344766409 4.4408920985006321e-16 
1 3.1681576234854889 -30.73297418186085 0 -4.2368107994527319e-17 -2.1796502013230773e-16 -1 -0.19080899537654489 -0.98162718344766398 2.2204460492503131e-16 -0.98162718344766398 0.19080899537654489 2.8349688781380112e-31 
1 2.6672840106220588 -33.309745538410965 0 0.19080899537654616 0.98162718344766375 -2.220446049250319e-16 -4.7829814825914258e-16 -1.3322880414325373e-16 -1 -0.98162718344766375 0.19080899537654616 4.4408920985006232e-16 
1 5.5643082088875833 -18.405848064860869 0 9.7750361315786421e-17 -1.9000745450886207e-17 -1 0.98162718344766409 -0.19080899537654464 9.9579925010295975e-17 -0.19080899537654464 -0.98162718344766409 -1.8488927466117464e-32 
1 8.1410795654377015 -18.906721677724299 -4.4408920985006262e-16 -0.98162718344766409 0.19080899537654444 -9.9579925010295926e-17 1.3014145326732425e-17 -4.549307857155023e-16 -1 -0.19080899537654444 -0.98162718344766409 4.4408920985006321e-16 
1 14.177021617967283 -17.500615408437117 0 2.3209981329686451e-17 -2.2082822134634162e-16 -1 0.10452846326765315 -0.9945218953682734 2.2204460492503131e-16 -0.9945218953682734 -0.10452846326765315 2.4035605705952703e-31 
1 14.451408834044871 -20.111235383778833 0 -0.10452846326765207 0.99452189536827351 -2.220446049250318e-16 -4.1844646136299651e-16 -2.6724818400571497e-16 -1 -0.99452189536827351 -0.10452846326765207 4.4408920985006242e-16 
1 11.398655064313058 8.9337765704515864 0 9.9034415761870113e-17 1.0408936533634439e-17 -1 0.9945218953682734 0.10452846326765326 9.9579925010296012e-17 0.10452846326765326 -0.9945218953682734 -4.7763062620803449e-32 
1 14.009275039654774 9.2081637865291768 -4.4408920985006262e-16 -0.99452189536827329 -0.10452846326765372 -9.9579925010295802e-17 1.4545437842124355e-16 -4.3124750615904884e-16 -1 0.10452846326765372 -0.99452189536827329 4.4408920985006271e-16 
1 2.0549439117885915 10.59117218907636 -0.59999999999999754 -0.10452846326765307 0.9945218953682734 -2.8310221629509898e-15 0.9945218953682734 0.10452846326765307 -2.4651903288156619e-31 2.9592239616993402e-16 -2.8155135273276075e-15 -1 
1 -7.2743872160775913 9.6106199753417165 -0.76507575950776197 0.10452846326765286 -0.99452189536827351 -2.2204460492503151e-16 4.1844646136299646e-16 2.6724818400571502e-16 -1 0.99452189536827351 0.10452846326765286 4.4408920985006257e-16 
1 -7.2743872160775904 9.6106199753417165 -1.1999999999999993 2.320998132968662e-17 -2.2082822134634157e-16 1 0.10452846326765322 -0.9945218953682734 -2.2204460492503128e-16 0.9945218953682734 0.10452846326765322 8.6281661508548166e-32 
1 15.398458316481888 -4.0090322029151775 -0.59999999999999676 0.9945218953682734 0.10452846326765353 2.8033303842275214e-15 -0.10452846326765353 0.9945218953682734 0 -2.787973447065424e-15 -2.9302781709482349e-16 1 
1 14.009275039654774 9.208163786529175 -0.76507575950776241 -0.99452189536827329 -0.10452846326765372 -9.9579925010295802e-17 1.4545437842124355e-16 -4.3124750615904884e-16 -1 0.10452846326765372 -0.99452189536827329 4.4408920985006271e-16 
1 14.009275039654774 9.208163786529175 -1.1999999999999997 -9.9034415761870113e-17 -1.0408936533634439e-17 1 -0.9945218953682734 -0.10452846326765326 -9.9579925010296012e-17 0.10452846326765326 -0.9945218953682734 -4.7763062620803449e-32 
1 12.41624069889823 -20.325140174260493 -0.59999999999999887 0.10452846326765253 -0.99452189536827351 -2.2397666506426372e-15 -0.99452189536827351 -0.10452846326765253 2.4651903288156615e-31 -2.3411936606981225e-16 2.2274969745797649e-15 -1 
1 14.451408834044871 -20.111235383778833 -0.76507575950776197 -0.10452846326765207 0.99452189536827351 -2.220446049250318e-16 -4.1844646136299651e-16 -2.6724818400571497e-16 -1 -0.99452189536827351 -0.10452846326765207 4.4408920985006242e-16 
1 14.451408834044871 -20.111235383778833 -1.1999999999999993 -2.3209981329686451e-17 2.2082822134634162e-16 1 -0.10452846326765315 0.9945218953682734 -2.2204460492503131e-16 -0.9945218953682734 -0.10452846326765315 2.4035605705952703e-31 
1 6.5072539777910272 -27.31202566604707 -0.59999999999999831 0.98162718344766409 -0.19080899537654461 2.3525390844009685e-15 0.19080899537654461 0.98162718344766409 0 -2.3093163153710688e-15 4.4888561927860483e-16 1 
1 8.1410795654377015 -18.906721677724303 -0.76507575950776241 -0.98162718344766409 0.19080899537654444 -9.9579925010295926e-17 1.3014145326732425e-17 -4.549307857155023e-16 -1 -0.19080899537654444 -0.98162718344766409 4.4408920985006321e-16 
1 8.1410795654377015 -18.906721677724303 -1.1999999999999997 -9.7750361315786421e-17 1.9000745450886207e-17 1 -0.98162718344766409 0.19080899537654464 -9.9579925010295975e-17 -0.19080899537654464 -0.98162718344766409 -1.8488927466117464e-32 
1 -4.2041062735115888 -31.974082570775138 -0.59999999999999809 -0.19080899537654564 -0.98162718344766386 -6.0339274564029996e-15 -0.98162718344766386 0.19080899537654564 9.8607613152626476e-31 1.1513276361312107e-15 5.9230672141564031e-15 -1 
1 2.6672840106220583 -33.309745538410965 -0.76507575950776197 0.19080899537654616 0.98162718344766375 -2.220446049250319e-16 -4.7829814825914258e-16 -1.3322880414325373e-16 -1 -0.98162718344766375 0.19080899537654616 4.4408920985006232e-16 
1 2.6672840106220583 -33.309745538410965 -1.1999999999999993 4.2368107994527319e-17 2.1796502013230773e-16 1 0.19080899537654489 0.98162718344766398 -2.2204460492503131e-16 -0.98162718344766398 0.19080899537654489 2.8349688781380112e-31 
1 -11.638633957097676 -19.77829732959481 -0.60000000000000064 -0.98162718344766409 0.19080899537654455 2.3433844540045678e-15 -0.19080899537654455 -0.98162718344766409 -4.9303806576313227e-32 2.3003298813195455e-15 -4.4713883344962387e-16 1 
1 -13.151394301331926 -27.560774633725792 -0.76507575950776241 0.98162718344766409 -0.19080899537654444 -9.9579925010295901e-17 -1.3014145326732401e-17 4.549307857155023e-16 -1 0.19080899537654444 0.98162718344766409 4.4408920985006321e-16 
1 -13.151394301331926 -27.560774633725792 -1.1999999999999997 9.7750361315786471e-17 -1.9000745450886213e-17 1 0.98162718344766398 -0.19080899537654469 -9.9579925010296012e-17 0.19080899537654469 0.98162718344766398 -2.4651903288156619e-32 
1 -9.6249999999999964 -0.027744026315941098 -0.59999999999999487 -1 -0 -0 0 0 -1 0 -1 0 
1 -9.625 -9.6718074204323479 -0.76507575950776241 1 -0 0 0 4.4408920985006262e-16 -1 0 1 4.4408920985006262e-16 
1 -9.625 -9.6718074204323479 -1.1999999999999997 0 0 1 1 0 -0 -0 1 0 
1 1.7016963278259056 -10.681654501847417 -1.1999999999999962 -0 -0 -1 -1 0 0 0 1 -0 
1 13.576733359659313 9.1627018240327214 -1.2000000000000002 -9.9034415761870113e-17 -1.0408936533634439e-17 1 -0.9945218953682734 -0.10452846326765326 -9.9579925010296012e-17 0.10452846326765326 -0.9945218953682734 -4.7763062620803449e-32 
1 12.965027049518087 9.0984089000981392 -1.1999999999999997 -0.99452189536827329 -0.10452846326765372 -9.9579925010295802e-17 1.4545437842124355e-16 -4.3124750615904884e-16 -1 0.10452846326765372 -0.99452189536827329 4.4408920985006271e-16 
1 -7.2289252535811368 9.1780782953462552 -1.1999999999999997 2.320998132968662e-17 -2.2082822134634157e-16 1 0.10452846326765322 -0.9945218953682734 -2.2204460492503128e-16 0.9945218953682734 0.10452846326765322 8.6281661508548166e-32 
1 -7.1646323296465546 8.5663719852050288 -1.1999999999999997 0.10452846326765286 -0.99452189536827351 -2.2204460492503151e-16 4.1844646136299646e-16 2.6724818400571502e-16 -1 0.99452189536827351 0.10452846326765286 4.4408920985006257e-16 
1 -9.1900757595082503 -9.6718074204323479 -1.2000000000000002 0 0 1 1 0 -0 -0 1 0 
1 -8.5749999999999993 -9.6718074204323479 -1.2000000000000002 1 -0 0 0 4.4408920985006262e-16 -1 0 1 4.4408920985006262e-16 
1 -12.724460844124895 -27.64376209111893 -1.2000000000000002 9.7750361315786471e-17 -1.9000745450886213e-17 1 0.98162718344766398 -0.19080899537654469 -9.9579925010296012e-17 0.19080899537654469 0.98162718344766398 -2.4651903288156619e-32 
1 -12.120685758711877 -27.761124078871166 -1.1999999999999997 0.98162718344766409 -0.19080899537654444 -9.9579925010295901e-17 -1.3014145326732401e-17 4.549307857155023e-16 -1 0.19080899537654444 0.98162718344766409 4.4408920985006321e-16 
1 2.7502714680151956 -32.882812081203937 -1.1999999999999997 4.2368107994527319e-17 2.1796502013230773e-16 1 0.19080899537654489 0.98162718344766398 -2.2204460492503131e-16 -0.98162718344766398 0.19080899537654489 2.8349688781380112e-31 
1 2.8676334557674306 -32.279036995790918 -1.1999999999999997 0.19080899537654616 0.98162718344766375 -2.220446049250319e-16 -4.7829814825914258e-16 -1.3322880414325373e-16 -1 -0.98162718344766375 0.19080899537654616 4.4408920985006232e-16 
1 7.7141461082306702 -18.823734220331165 -1.2000000000000002 -9.7750361315786421e-17 1.9000745450886207e-17 1 -0.98162718344766409 0.19080899537654464 -9.9579925010295975e-17 -0.19080899537654464 -0.98162718344766409 -1.8488927466117464e-32 
1 7.1103710228176533 -18.706372232578929 -1.1999999999999997 -0.98162718344766409 0.19080899537654444 -9.9579925010295926e-17 1.3014145326732425e-17 -4.549307857155023e-16 -1 -0.19080899537654444 -0.98162718344766409 4.4408920985006321e-16 
1 14.405946871548418 -19.678693703783374 -1.1999999999999997 -2.3209981329686451e-17 2.2082822134634162e-16 1 -0.10452846326765315 0.9945218953682734 -2.2204460492503131e-16 -0.9945218953682734 -0.10452846326765315 2.4035605705952703e-31 
1 14.341653947613835 -19.066987393642144 -1.1999999999999997 -0.10452846326765207 0.99452189536827351 -2.220446049250318e-16 -4.1844646136299651e-16 -2.6724818400571497e-16 -1 -0.99452189536827351 -0.10452846326765207 4.4408920985006242e-16 
1 2.1126973599357677 9.5414586275361337 -2.6000000000000005 -0.10452846326765312 0.9945218953682734 -5.1647390099804589e-16 0.9945218953682734 0.10452846326765312 0 5.3986223189175757e-17 -5.1364460292882258e-16 -1 
1 -7.1646323296465537 8.5663719852050288 -4 2.320998132968662e-17 -2.2082822134634157e-16 1 0.10452846326765322 -0.9945218953682734 -2.2204460492503128e-16 0.9945218953682734 0.10452846326765322 8.6281661508548166e-32 
1 -7.1646323296465546 8.5663719852050288 -1.8150757595082512 0.10452846326765286 -0.99452189536827351 -2.2204460492503151e-16 4.1844646136299646e-16 2.6724818400571502e-16 -1 0.99452189536827351 0.10452846326765286 4.4408920985006257e-16 
1 14.3542103263452 -4.1187870893462115 -2.5999999999999996 0.9945218953682734 0.10452846326765328 0 -0.10452846326765328 0.9945218953682734 0 0 -0 1 
1 12.965027049518087 9.0984089000981392 -4 -9.9034415761870113e-17 -1.0408936533634439e-17 1 -0.9945218953682734 -0.10452846326765326 -9.9579925010296012e-17 0.10452846326765326 -0.9945218953682734 -4.7763062620803449e-32 
1 12.965027049518087 9.0984089000981392 -1.8150757595082512 -0.99452189536827329 -0.10452846326765372 -9.9579925010295802e-17 1.4545437842124355e-16 -4.3124750615904884e-16 -1 0.10452846326765372 -0.99452189536827329 4.4408920985006271e-16 
1 11.398010384709908 -19.37637679921589 -2.6000000000000001 0.10452846326765299 -0.9945218953682734 -0 -0.9945218953682734 -0.10452846326765299 0 -0 0 -1 
1 14.341653947613834 -19.066987393642147 -4 -2.3209981329686451e-17 2.2082822134634162e-16 1 -0.10452846326765315 0.9945218953682734 -2.2204460492503131e-16 -0.9945218953682734 -0.10452846326765315 2.4035605705952703e-31 
1 14.341653947613835 -19.066987393642147 -1.8150757595082512 -0.10452846326765207 0.99452189536827351 -2.220446049250318e-16 -4.1844646136299651e-16 -2.6724818400571497e-16 -1 -0.99452189536827351 -0.10452846326765207 4.4408920985006242e-16 
1 5.6508455531492254 -26.214979848972586 -2.5999999999999992 0.98162718344766409 -0.19080899537654461 0 0.19080899537654461 0.98162718344766409 0 -0 0 1 
1 7.1103710228176524 -18.706372232578932 -4 -9.7750361315786421e-17 1.9000745450886207e-17 1 -0.98162718344766409 0.19080899537654464 -9.9579925010295975e-17 -0.19080899537654464 -0.98162718344766409 -1.8488927466117464e-32 
1 7.1103710228176533 -18.706372232578929 -1.8150757595082512 -0.98162718344766409 0.19080899537654444 -9.9579925010295926e-17 1.3014145326732425e-17 -4.549307857155023e-16 -1 -0.19080899537654444 -0.98162718344766409 4.4408920985006321e-16 
1 -4.0037568283662184 -30.943374028155105 -2.6000000000000005 -0.19080899537654522 -0.98162718344766386 -0 -0.98162718344766386 0.19080899537654522 0 0 0 -1 
1 2.8676334557674292 -32.279036995790918 -4 4.2368107994527319e-17 2.1796502013230773e-16 1 0.19080899537654489 0.98162718344766398 -2.2204460492503131e-16 -0.98162718344766398 0.19080899537654489 2.8349688781380112e-31 
1 2.8676334557674301 -32.279036995790918 -1.8150757595082512 0.19080899537654616 0.98162718344766375 -2.220446049250319e-16 -4.7829814825914258e-16 -1.3322880414325373e-16 -1 -0.98162718344766375 0.19080899537654616 4.4408920985006232e-16 
1 -10.498104963214967 -19.413669531161208 -2.600000000000001 -0.98162718344766409 0.19080899537654461 1.9907897184451596e-16 -0.19080899537654461 -0.98162718344766409 0 1.9542133041538897e-16 -3.7986058618247493e-17 1 
1 -12.120685758711877 -27.761124078871163 -4 9.7750361315786471e-17 -1.9000745450886213e-17 1 0.98162718344766398 -0.19080899537654469 -9.9579925010296012e-17 0.19080899537654469 0.98162718344766398 -2.4651903288156619e-32 
1 -12.120685758711877 -27.761124078871166 -1.8150757595082512 0.98162718344766409 -0.19080899537654444 -9.9579925010295901e-17 -1.3014145326732401e-17 4.549307857155023e-16 -1 0.19080899537654444 0.98162718344766409 4.4408920985006321e-16 
1 -8.5749999999999975 -0.5510078998760416 -2.5999999999999996 -1 -0 -0 0 0 -1 0 -1 0 
1 -8.5749999999999993 -9.6718074204323461 -4 0 0 1 1 0 -0 -0 1 0 
1 -8.5749999999999993 -9.6718074204323479 -1.8150757595082516 1 -0 0 0 4.4408920985006262e-16 -1 0 1 4.4408920985006262e-16 
1 1.670842248087532 -10.621657949055647 -4 -0 -0 -1 -1 0 0 0 1 -0 
Triangulations 0

TShapes 108
Ve
1.50000007512925e-07
-9.625 9.36356061628183 2.91433543964103e-16
0 0

0101101
*
Ve
1.50000009156543e-07
13.7348878235772 11.8187837618709 4.22132195540118e-16
0 0

0101101
*
Ed
 1.5e-07 1 1 0
1  1 0 -2.36356061628183 21.125
2  1 2 0 -2.36356061628183 21.125
2  2 3 0 -2.36356061628183 21.125
0

0101000
+108 0 -107 0 *
Ve
1.50000051637725e-07
-9.625 -9.41904866891381 1.30698651576013e-16
0 0

0101101
*
Ed
 1.5e-07 1 1 0
1  2 0 0.252758751518542 19.0353680367142
2  3 4 0 0.252758751518542 19.0353680367142
2  4 5 0 0.252758751518542 19.0353680367142
0

0101000
+105 0 -108 0 *
Ve
1.50000018251639e-07
-13.6522679141954 -30.1375459902759 4.22132195540119e-16
0 0

0101101
*
Ed
 1.5e-07 1 1 0
1  3 0 -2.62499999999999 18.4812791156565
2  5 6 0 -2.62499999999999 18.4812791156565
2  6 7 0 -2.62499999999999 18.4812791156565
0

0101000
+103 0 -105 0 *
Ve
1.50000008342646e-07
5.24405536717217 -33.8106191512744 4.22132195540117e-16
0 0

0101101
*
Ed
 1.5e-07 1 1 0
1  4 0 -2.625 16.625
2  7 8 0 -2.625 16.625
2  8 9 0 -2.625 16.625
0

0101000
+101 0 -103 0 *
Ve
1.50000005551156e-07
7.77045258840987 -20.8134321808197 4.22132195540118e-16
0 0

0101101
*
Ed
 1.5e-07 1 1 0
1  5 0 1.94239782194978 15.1828491762063
2  9 10 0 1.94239782194978 15.1828491762063
2  10 11 0 1.94239782194978 15.1828491762063
0

0101000
+99 0 -101 0 *
Ve
1.50000010958414e-07
17.0620288093866 -19.8368481677012 4.22132195540116e-16
0 0

0101101
*
Ed
 1.5e-07 1 1 0
1  6 0 -2.625 6.71775682038758
2  11 12 0 -2.625 6.71775682038758
2  12 13 0 -2.625 6.71775682038758
0

0101000
+97 0 -99 0 *
Ed
 1.5e-07 1 1 0
1  7 0 -2.625 29.205
2  13 14 0 -2.625 29.205
2  14 15 0 -2.625 29.205
0

0101000
+107 0 -97 0 *
Wi

0101100
-106 0 -104 0 -102 0 -100 0 -98 0 -96 0 -95 0 *
Fa
0  1e-07 1 0

0101000
+94 0 *
Ve
1.50000005551115e-07
13.7348878235772 11.8187837618709 -1.2
0 0

0101101
*
Ed
 1e-07 1 1 0
1  8 0 6.99069701420203e-16 1.2
0

0101000
+107 0 -92 0 *
Ve
1.50000005862146e-07
-9.625 9.36356061628183 -1.2
0 0

0101101
*
Ed
 1.5e-07 1 1 0
1  9 0 -2.36356061628183 21.125
2  15 17 0 -2.36356061628183 21.125
2  16 18 0 -2.36356061628183 21.125
0

0101000
+90 0 -92 0 *
Ed
 1e-07 1 1 0
1  10 0 -0.76507575950776 0.434924240492237
0

0101000
+108 0 -90 0 *
Wi

0101000
+106 0 +91 0 -89 0 -88 0 *
Fa
0  1.5e-07 16 0

0101000
+87 0 *
Ve
1.50000009892828e-07
17.0620288093866 -19.8368481677012 -1.19999999999999
0 0

0101101
*
Ed
 1e-07 1 1 0
1  11 0 2.72892819452865e-15 1.2
0

0101000
+97 0 -85 0 *
Ed
 1.5e-07 1 1 0
1  12 0 -2.62499999999999 29.205
2  17 20 0 -2.62499999999999 29.205
2  18 21 0 -2.62499999999999 29.205
0

0101000
+92 0 -85 0 *
Wi

0101000
+95 0 +84 0 -83 0 -91 0 *
Fa
0  1.5e-07 19 0

0101000
+82 0 *
Ve
1.500000037943e-07
7.77045258840988 -20.8134321808197 -1.2
0 0

0101101
*
Ed
 1e-07 1 1 0
1  13 0 -1.2 5.69981103088877e-16
0

0101000
+80 0 -99 0 *
Ed
 1.5e-07 1 1 0
1  14 0 -2.62500000000001 6.71775682038757
2  19 23 0 -2.62500000000001 6.71775682038757
2  20 24 0 -2.62500000000001 6.71775682038757
0

0101000
+85 0 -80 0 *
Wi

0101000
+96 0 -79 0 -78 0 -84 0 *
Fa
0  1.5e-07 22 0

0101000
+77 0 *
Ve
1.50000003774758e-07
5.24405536717218 -33.8106191512744 -1.2
0 0

0101101
*
Ed
 1e-07 1 1 0
1  15 0 1.17215672459441e-15 1.2
0

0101000
+101 0 -75 0 *
Ed
 1.5e-07 1 1 0
1  16 0 1.94239782194977 15.1828491762063
2  21 26 0 1.94239782194977 15.1828491762063
2  22 27 0 1.94239782194977 15.1828491762063
0

0101000
+80 0 -75 0 *
Wi

0101000
+98 0 +74 0 -73 0 +79 0 *
Fa
0  1.5e-07 25 0

0101000
+72 0 *
Ve
1.50000005687117e-07
-13.6522679141954 -30.1375459902759 -1.2
0 0

0101101
*
Ed
 1e-07 1 1 0
1  17 0 4.75014870147037e-16 1.2
0

0101000
+103 0 -70 0 *
Ed
 1.5e-07 1 1 0
1  18 0 -2.625 16.625
2  23 29 0 -2.625 16.625
2  24 30 0 -2.625 16.625
0

0101000
+75 0 -70 0 *
Wi

0101000
+100 0 +69 0 -68 0 -74 0 *
Fa
0  1.5e-07 28 0

0101000
+67 0 *
Ve
1.50000142707499e-07
-9.62499999999998 -9.41904866891361 -1.2
0 0

0101101
*
Ed
 1e-07 1 1 0
1  19 0 -1.2 -4.22509435859319e-15
0

0101000
+65 0 -105 0 *
Ed
 1.5e-07 1 1 0
1  20 0 -2.62499999999997 18.4812791156567
2  25 32 0 -2.62499999999997 18.4812791156567
2  26 33 0 -2.62499999999997 18.4812791156567
0

0101000
+70 0 -65 0 *
Wi

0101000
+102 0 -64 0 -63 0 -69 0 *
Fa
0  1.5e-07 31 0

0101000
+62 0 *
Ed
 1.5e-07 1 1 0
1  21 0 0.252758751518738 19.0353680367142
2  27 35 0 0.252758751518738 19.0353680367142
2  28 36 0 0.252758751518738 19.0353680367142
0

0101000
+65 0 -90 0 *
Wi

0101000
+104 0 +88 0 -60 0 +64 0 *
Fa
0  1.5e-07 34 0

0101000
+59 0 *
Wi

0101100
+89 0 +83 0 +78 0 +73 0 +68 0 +63 0 +60 0 *
Ve
1.50000009506518e-07
12.8003947198715 10.6647808853032 -1.2
0 0

0101101
*
Ve
1.50000012817187e-07
15.9080259328189 -18.9023550639956 -1.2
0 0

0101101
*
Ed
 1.5e-07 1 1 0
1  22 0 -1.575 28.155
2  29 38 0 -1.575 28.155
2  30 39 0 -1.575 28.155
0

0101000
+56 0 -55 0 *
Ve
1.50000003389364e-07
-8.575 8.4181363697691 -1.2
0 0

0101101
*
Ed
 1.5e-07 1 1 0
1  23 0 -1.4181363697691 20.075
2  31 40 0 -1.4181363697691 20.075
2  32 41 0 -1.4181363697691 20.075
0

0101000
+53 0 -56 0 *
Ve
1.50000007119292e-07
-8.575 -9.52015216952119 -1.2
0 0

0101101
*
Ed
 1.5e-07 1 1 0
1  24 0 0.151655250911164 18.0899437902014
2  33 42 0 0.151655250911164 18.0899437902014
2  34 43 0 0.151655250911164 18.0899437902014
0

0101000
+51 0 -53 0 *
Ve
1.50000018769009e-07
-12.4212099264299 -29.3071868928012 -1.2
0 0

0101101
*
Ed
 1.5e-07 1 1 0
1  25 0 -1.57499999999999 18.5823826162639
2  35 44 0 -1.57499999999999 18.5823826162639
2  36 45 0 -1.57499999999999 18.5823826162639
0

0101000
+49 0 -51 0 *
Ve
1.50000008200634e-07
4.4136962696975 -32.579561163509 -1.2
0 0

0101101
*
Ed
 1.5e-07 1 1 0
1  26 0 -1.575 15.575
2  37 46 0 -1.575 15.575
2  38 47 0 -1.575 15.575
0

0101000
+47 0 -49 0 *
Ve
1.50000011137701e-07
6.88799483660096 -19.8503985344362 -1.2
0 0

0101101
*
Ed
 1.5e-07 1 1 0
1  27 0 1.16543869316987 14.1328491762063
2  39 48 0 1.16543869316987 14.1328491762063
2  40 49 0 1.16543869316987 14.1328491762063
0

0101000
+45 0 -47 0 *
Ed
 1.5e-07 1 1 0
1  28 0 -1.575 7.49471594916749
2  41 50 0 -1.575 7.49471594916749
2  42 51 0 -1.575 7.49471594916749
0

0101000
+55 0 -45 0 *
Wi

0101100
-54 0 -52 0 -50 0 -48 0 -46 0 -44 0 -43 0 *
Fa
0  1.5e-07 37 0

0101000
+57 0 +42 0 *
Ve
1.50000007944109e-07
12.8003947198715 10.6647808853032 -4
0 0

0101101
*
Ed
 1e-07 1 1 0
1  29 0 1.77635683940025e-15 2.8
0

0101000
+56 0 -40 0 *
Ve
1.50000004440892e-07
-8.575 8.4181363697691 -4
0 0

0101101
*
Ed
 1.5e-07 1 1 0
1  30 0 -1.4181363697691 20.075
2  43 53 0 -1.4181363697691 20.075
2  44 54 0 -1.4181363697691 20.075
0

0101000
+38 0 -40 0 *
Ed
 1e-07 1 1 0
1  31 0 -0.615075759508249 2.18492424049175
0

0101000
+53 0 -38 0 *
Wi

0101000
+52 0 +39 0 -37 0 -36 0 *
Fa
0  1.5e-07 52 0

0101000
+35 0 *
Ve
1.50000012932073e-07
15.9080259328189 -18.9023550639956 -4
0 0

0101101
*
Ed
 1e-07 1 1 0
1  32 0 3.5527136788005e-15 2.8
0

0101000
+55 0 -33 0 *
Ed
 1.5e-07 1 1 0
1  33 0 -1.575 28.155
2  45 56 0 -1.575 28.155
2  46 57 0 -1.575 28.155
0

0101000
+40 0 -33 0 *
Wi

0101000
+54 0 +32 0 -31 0 -39 0 *
Fa
0  1.5e-07 55 0

0101000
+30 0 *
Ve
1.50000007993606e-07
6.88799483660096 -19.8503985344362 -4
0 0

0101101
*
Ed
 1e-07 1 1 0
1  34 0 -2.8 -4.44089209850065e-16
0

0101000
+28 0 -45 0 *
Ed
 1.5e-07 1 1 0
1  35 0 -1.575 7.49471594916749
2  47 59 0 -1.575 7.49471594916749
2  48 60 0 -1.575 7.49471594916749
0

0101000
+33 0 -28 0 *
Wi

0101000
+43 0 -27 0 -26 0 -32 0 *
Fa
0  1.5e-07 58 0

0101000
+25 0 *
Ve
1.50000008379058e-07
4.4136962696975 -32.579561163509 -4
0 0

0101101
*
Ed
 1e-07 1 1 0
1  36 0 2.22044604925031e-15 2.8
0

0101000
+47 0 -23 0 *
Ed
 1.5e-07 1 1 0
1  37 0 1.16543869316987 14.1328491762063
2  49 62 0 1.16543869316987 14.1328491762063
2  50 63 0 1.16543869316987 14.1328491762063
0

0101000
+28 0 -23 0 *
Wi

0101000
+44 0 +22 0 -21 0 +27 0 *
Fa
0  1.5e-07 61 0

0101000
+20 0 *
Ve
1.50000018736144e-07
-12.4212099264299 -29.3071868928012 -4
0 0

0101101
*
Ed
 1e-07 1 1 0
1  38 0 1.33226762955019e-15 2.8
0

0101000
+49 0 -18 0 *
Ed
 1.5e-07 1 1 0
1  39 0 -1.575 15.575
2  51 65 0 -1.575 15.575
2  52 66 0 -1.575 15.575
0

0101000
+23 0 -18 0 *
Wi

0101000
+46 0 +17 0 -16 0 -22 0 *
Fa
0  1.5e-07 64 0

0101000
+15 0 *
Ve
1.50000005329071e-07
-8.575 -9.52015216952118 -4
0 0

0101101
*
Ed
 1e-07 1 1 0
1  40 0 -2.8 -4.88498130835068e-15
0

0101000
+13 0 -51 0 *
Ed
 1.5e-07 1 1 0
1  41 0 -1.575 18.5823826162639
2  53 68 0 -1.575 18.5823826162639
2  54 69 0 -1.575 18.5823826162639
0

0101000
+18 0 -13 0 *
Wi

0101000
+48 0 -12 0 -11 0 -17 0 *
Fa
0  1.5e-07 67 0

0101000
+10 0 *
Ed
 1.5e-07 1 1 0
1  42 0 0.151655250911164 18.0899437902014
2  55 71 0 0.151655250911164 18.0899437902014
2  56 72 0 0.151655250911164 18.0899437902014
0

0101000
+13 0 -38 0 *
Wi

0101000
+50 0 +36 0 -8 0 +12 0 *
Fa
0  1.5e-07 70 0

0101000
+7 0 *
Wi

0101100
+37 0 +31 0 +26 0 +21 0 +16 0 +11 0 +8 0 *
Fa
0  1.5e-07 73 0

0101000
+5 0 *
Sh

0101000
+93 0 +86 0 +81 0 +76 0 +71 0 +66 0 +61 0 +58 0 +41 0 +34 0 
+29 0 +24 0 +19 0 +14 0 +9 0 +6 0 +4 0 *
So

0100000
+3 0 *
Co

1100000
+2 4 *

+1 1 ]]>
      </Part>
      <ElementMap new="1" count="1"><Element key="Dummy" value="Dummy"/></ElementMap>
      <ElementMap2 count="87">
<![CDATA[
11 PostfixCount 36
Edge
Face
Vertex
;:M#764f;RFI;:H-890:c,F
;:M#3bf3;RFI;:H-890:c,F
;:H-890,V
;:H-890,E
;:M#764c;RFI;:H-890:c,F
;:M#6515;RFI;:H-890:c,E
;:M#6529;RFI;:H-890:c,E
;:M#652b;RFI;:H-890:c,E
;:M#652d;RFI;:H-890:c,E
;:M#652f;RFI;:H-890:c,E
;:M#6531;RFI;:H-890:c,E
;:M#6537;RFI;:H-890:c,E
;:M#654b;RFI;:H-890:c,E
;:M#654d;RFI;:H-890:c,E
;:M#654f;RFI;:H-890:c,E
;:M#6551;RFI;:H-890:c,E
;:M#6553;RFI;:H-890:c,E
;:M#656a;RFI;:H-890:c,F
;:M#656c;RFI;:H-890:c,F
;:M#656e;RFI;:H-890:c,F
;:M#6570;RFI;:H-890:c,F
;:M#6572;RFI;:H-890:c,F
;:M#6589;RFI;:H-890:c,F
;:M#658b;RFI;:H-890:c,F
;:M#658d;RFI;:H-890:c,F
;:M#658f;RFI;:H-890:c,F
;:M#6591;RFI;:H-890:c,F
;:M#7645;RFI;:H-890:c,E
;:M#7647;RFI;:H-890:c,E
;:M#7649;RFI;:H-890:c,F
;:M#764d;RFI;:H-890:c,F
;:M#7650;RFI;:H-890:c,F
;:M#7652;RFI;:H-890:c,F

MapCount 2

ElementMap 1 7 3

Edge

ChildCount 0

NameCount 43
0
$#613f.7 0
$#614a.7 0
$#614b.7 0
$#614c.7 0
$#614d.7 0
$#614e.7 0
$#614f.7 0
$#7646.1f 0
$#649a.7 0
$#652a.a 0
$#6516.9 0
$#64aa.7 0
$#652e.c 0
$#64a9.7 0
$#6532.e 0
$#64a8.7 0
$#6530.d 0
$#64a7.7 0
$#652c.b 0
$#64a6.7 0
$#64a5.7 0
$#64dd.7 0
$#64cd.7 0
$#64d8.7 0
$#64d9.7 0
$#64da.7 0
$#64db.7 0
$#64dc.7 0
$#7648.20 0
$#3c43.7 0
$#654c.10 0
$#6538.f 0
$#3c44.7 0
$#6554.14 0
$#3c45.7 0
$#6552.13 0
$#3c46.7 0
$#6550.12 0
$#3c47.7 0
$#654e.11 0
$#3c48.7 0
$#3c49.7 0

Face

ChildCount 0

NameCount 18
0
$#764b.21 0
$#5c0a.8.61a5.764c 0
$#764e.22 0
$#656d.16 0
$#6573.19 0
$#6571.18 0
$#656f.17 0
$#656b.15 0
$#3bf4.5 0
$#3bee.4.6500.764f 0
$#7651.23 0
$#6592.1e 0
$#6590.1d 0
$#658e.1c 0
$#658c.1b 0
$#658a.1a 0
$#7653.24 0

Vertex

ChildCount 0

NameCount 29
0
$#6122.6 0
$#75ae.6 0
$#611f.6 0
$#611c.6 0
$#6119.6 0
$#6116.6 0
$#6113.6 0
$#75b1.6 0
$#75b0.6 0
$#644e.6 0
$#6452.6 0
$#75bd.6 0
$#75c0.6 0
$#75c3.6 0
$#75b4.6 0
$#6450.6 0
$#6464.6 0
$#6460.6 0
$#645c.6 0
$#6458.6 0
$#6454.6 0
$#75ad.6 0
$#3c39.6 0
$#3c34.6 0
$#3c35.6 0
$#3c36.6 0
$#3c37.6 0
$#3c38.6 0

EndMap

ElementMap 2 11 3

Edge

ChildCount 1
1 0 42 2192 1 ;:H890,E 0

NameCount 0

Face

ChildCount 1
1 0 17 2192 1 ;:H890,F 0

NameCount 0

Vertex

ChildCount 1
1 0 28 2192 1 ;:H890,V 0

NameCount 0

EndMap
]]>
      </ElementMap2>
    </Property>
    <Property name="SplitEdges" type="App::PropertyBool">
      <Bool value="false"/>
    </Property>
    <Property name="Support" type="App::PropertyXLinkSubList">
      <XLinkSubList count="1">
        <XLink file="" stamp="" name="Pipe" sub=""/>
      </XLinkSubList>
    </Property>
    <Property name="TightBound" type="App::PropertyBool">
      <Bool value="false"/>
    </Property>
    <Property name="TreeRank" type="App::PropertyInteger" status="2184">
      <Integer value="60"/>
    </Property>
    <Property name="ValidateShape" type="App::PropertyBool">
      <Bool value="false"/>
    </Property>
    <Property name="Visibility" type="App::PropertyBool" status="648">
      <Bool value="false"/>
    </Property>
    <Property name="_Version" type="App::PropertyInteger" status="83886080">
      <Integer value="8"/>
    </Property>
  </Properties>
</Object>
</Document>
