<?xml version='1.0' encoding='utf-8'?>
<!-- FreeCAD DocumentObject -->
<Document SchemaVersion="4" FileVersion="2">
<Object name="Element001" Extensions="True">
  <Extensions Count="1">
    <Extension type="App::LinkBaseExtensionPython" name="LinkBaseExtensionPython">
    </Extension>
  </Extensions>
  <Properties Count="19" TransientCount="1">
    <_Property name="_ElementMapVersion" type="App::PropertyString" status="234881024"/>
    <Property name="ColoredElements" type="App::PropertyLinkSubHidden" status="218103808">
      <LinkSub value="" count="0">
      </LinkSub>
    </Property>
    <Property name="Detach" type="App::PropertyBool" group=" Link" attr="0" ro="0" hide="0" doc="" status="2097152">
      <Bool value="false"/>
    </Property>
    <Property name="ExpressionEngine" type="App::PropertyExpressionEngine" status="67108864">
      <ExpressionEngine count="0"></ExpressionEngine>
    </Property>
    <Property name="FixShape" type="App::PropertyEnumeration">
      <Integer value="1"/>
    </Property>
    <Property name="InvalidShape" type="App::PropertyBool" status="67108864">
      <Bool value="false"/>
    </Property>
    <Property name="Label" type="App::PropertyString" status="134217728">
      <String value="Element001"/>
    </Property>
    <Property name="Label2" type="App::PropertyString" status="128">
      <String value=""/>
    </Property>
    <Property name="LinkTransform" type="App::PropertyBool" group=" Link" attr="0" ro="0" hide="0" doc="" status="2097418">
      <Bool value="true"/>
    </Property>
    <Property name="LinkedObject" type="App::PropertyXLink" group=" Link" attr="0" ro="0" hide="0" doc="" status="2097412">
      <XLink file="" stamp="" name="Link009" sub="Box003.Face48" shadow="Box003.;#7203;:H8a6,F.Face48"/>
    </Property>
    <Property name="Offset" type="App::PropertyPlacement" group=" Link" attr="0" ro="0" hide="0" doc="" status="2097152">
      <PropertyPlacement Px="0" Py="0" Pz="0" Q0="0" Q1="0" Q2="0" Q3="1" A="0" Ox="0" Oy="0" Oz="1"/>
    </Property>
    <Property name="Placement" type="App::PropertyPlacement" status="8388872">
      <PropertyPlacement Px="0" Py="0" Pz="0" Q0="0" Q1="0" Q2="0" Q3="1" A="0" Ox="0" Oy="0" Oz="1"/>
    </Property>
    <Property name="Proxy" type="App::PropertyPythonObject">
      <Python  module="freecad.asm3.assembly" class="AsmElement" value="null"/>
    </Property>
    <Property name="Shape" type="Part::PropertyPartShape">
      <Part HasherIndex="0" ElementMap="1.15.70200.4" brep="1">
<![CDATA[

CASCADE Topology V1, (c) Matra-Datavision
Locations 19
1
              1               0               0               0 
              0               1               0               0 
              0               0               1               0 
1
-0.104528463269769 0.994521895368051 1.03763153573826e-12 2.00000000006982 
0.843161128233933 0.0886198055900323 0.530307308918581 -78.4867393294843 
0.527402229993145 0.0554322080628606 -0.847805495445467 14.1555629580317 
1
              1               0               0              -0 
              0               1               0              -0 
              0               0               1              -0 
1
              1               0               0               0 
              0               1               0               0 
              0               0               1               0 
1
              1               0               0               0 
              0               1               0               0 
              0               0               1               0 
1
              1               0               0             -22 
              0               1               0             -50 
              0               0               1             -10 
1
              1               0               0             -22 
              0               1               0             -50 
              0               0               1             -10 
1
              1               0               0               0 
              0               1               0               0 
              0               0               1               0 
2  3 1 4 1 5 1 6 -1 7 1 8 1 0
2  8 -1 7 -1 6 1 5 -1 4 -1 3 -1 0
1
              1               0               0               0 
              0               1               0               0 
              0               0               1               0 
1
-0.104528463267654 -6.07071206434638e-17 0.994521895368273 8.10042656121277 
0.994521895368273 4.94363466807198e-17 0.104528463267654 0.85138913904204 
-5.55111512312578e-17               1 5.52070553365854e-17 -1.49880108324396e-16 
2  11 1 12 1 0
2  12 -1 11 -1 0
2  8 -1 7 -1 6 1 5 -1 4 -1 3 -1 12 -1 11 -1 0
1
              1               0               0 -14.9178284305241 
              0               1               0 -1.5679269490148 
              0               0               1 -8.32667268468867e-16 
2  11 1 12 1 16 1 0
2  16 -1 12 -1 11 -1 0
2  8 -1 7 -1 6 1 5 -1 4 -1 3 -1 16 -1 12 -1 11 -1 0
Curve2ds 4
1 0 0 -1.1102230246251563e-16 -1 
1 3.8000000000000007 -1.6653345369377348e-16 -1.1102230246251563e-16 -1 
1 1.7666257707707327e-15 -1.8567985063749417e-16 1 3.081487911019576e-33 
1 2.2204460492503126e-16 -15 1 3.081487911019576e-33 
Curves 4
1 9.0516355769484171 -8.1987601088092461 0.34999999999999948 -0.9945218953682734 -0.1045284632676534 5.5511151231257821e-17 
1 9.4488437373655003 -11.977943311208685 0.34999999999999942 -0.9945218953682734 -0.1045284632676534 5.5511151231257821e-17 
1 -9.1000000000000014 0.34999999999999926 3.8644938735609743e-17 -1 -1.1102230246251563e-16 -3.0646071978216101e-33 
1 -9.1000000000000014 0.35000000000000092 3.8644938735609743e-17 -1 -1.1102230246251563e-16 -3.0646071978216101e-33 
Polygon3D 0
PolygonOnTriangulations 0
Surfaces 1
1 9.0516355769484171 -8.1987601088092461 0.34999999999999964 -6.1009550669007073e-17 4.9404560004163692e-17 -1 0.10452846326765351 -0.9945218953682734 -5.5511151231257821e-17 0.9945218953682734 0.10452846326765351 -5.5511151231257821e-17 
Triangulations 0

TShapes 12
Ve
1.00000000166533e-07
9.05163557694842 -8.19876010880925 0.349999999999999
0 0

0101101
*
Ve
1.00000000166533e-07
-5.86619285357568 -9.76668705782405 0.35
0 0

0101101
*
Ed
 1.00000000166533e-07 1 1 0
1  1 0 0 15
2  1 1 0 0 15
0

0101000
+12 10 -11 10 *
Ve
1e-07
9.4488437373655 -11.9779433112087 0.349999999999999
0 0

0101101
*
Ve
1e-07
-5.4689846931586 -13.5458702602235 0.35
0 0

0101101
*
Ed
 1e-07 1 1 0
1  2 0 0 15
2  2 1 0 0 15
0

0101000
+9 10 -8 10 *
Ed
 1e-07 1 1 0
1  3 0 0 3.8
2  3 1 14 0 3.8
0

0101000
+12 15 -9 15 *
Ed
 1e-07 1 1 0
1  4 0 0 3.8
2  4 1 18 0 3.8
0

0101000
+11 19 -8 19 *
Wi

0101100
+10 0 -7 0 -6 13 +5 17 *
Fa
0  1e-07 1 0

0101000
+4 0 *
Co

0100000
+3 9 *
Co

0100000
+2 2 *

+1 1 ]]>
      </Part>
      <ElementMap new="1" count="1"><Element key="Dummy" value="Dummy"/></ElementMap>
      <ElementMap2 count="9">
<![CDATA[
17 PostfixCount 3
Edge
Face
Vertex

MapCount 1

ElementMap 1 17 3

Edge

ChildCount 0

NameCount 5
0
;#43;:X;:H8a7:3,E.0 0
;#44;:X;:H8a7:3,E.0 0
;#45;:X;:H8a7:3,E.0 0
;#46;:X;:H8a7:3,E.0 0

Face

ChildCount 0

NameCount 2
0
;#48;:X;:H8a7:3,F.0 0

Vertex

ChildCount 0

NameCount 5
0
;#3f;:X;:H8a7:3,V.0 0
;#40;:X;:H8a7:3,V.0 0
;#41;:X;:H8a7:3,V.0 0
;#42;:X;:H8a7:3,V.0 0

EndMap
]]>
      </ElementMap2>
    </Property>
    <Property name="TreeRank" type="App::PropertyInteger" status="2184">
      <Integer value="66"/>
    </Property>
    <Property name="ValidateShape" type="App::PropertyBool">
      <Bool value="false"/>
    </Property>
    <Property name="Visibility" type="App::PropertyBool" status="648">
      <Bool value="false"/>
    </Property>
    <Property name="_LinkOwner" type="App::PropertyInteger" status="201326592">
      <Integer value="0"/>
    </Property>
    <Property name="_LinkVersion" type="App::PropertyInteger" status="83886080">
      <Integer value="0"/>
    </Property>
    <Property name="_Parent" type="App::PropertyLinkHidden" group=" Link" attr="0" ro="0" hide="0" doc="" status="2097162">
      <Link value="Elements"/>
    </Property>
  </Properties>
</Object>
</Document>
