<?xml version='1.0' encoding='utf-8'?>
<!-- FreeCAD DocumentObject -->
<Document SchemaVersion="4" FileVersion="2">
<Object name="Pad">
  <Properties Count="46" TransientCount="2">
    <_Property name="_Body" type="App::PropertyLinkHidden" status="251658240"/>
    <_Property name="_ElementMapVersion" type="App::PropertyString" status="234881024"/>
    <Property name="AddSubShape" type="Part::PropertyPartShape">
      <Part HasherIndex="0" ElementMap="1.15.70200.4" brep="1">
<![CDATA[

CASCADE Topology V1, (c) Matra-Datavision
Locations 8
1
              1               0               0               0 
              0               1               0               0 
              0               0               1               0 
1
              1               0               0               0 
              0 2.22044604925031e-16              -1               0 
              0               1 2.22044604925031e-16               0 
1
              1               0               0              -0 
              0               1               0            37.5 
              0               0               1 -8.32667268468867e-15 
2  1 1 2 1 3 1 0
1
              1               0               0               0 
              0               1               0             -75 
              0               0               1 1.66533453693773e-14 
2  1 1 2 1 3 1 5 1 0
2  1 1 2 1 0
2  3 1 5 1 0
Curve2ds 0
Curves 26
1 33.399999999978967 37.5 -8.3266726846886741e-15 0 -1 2.2204460492503131e-16 
1 -4.5 37.5 -8.3266726846886741e-15 0 -1 2.2204460492503131e-16 
1 33.399999999978967 0 0 -1 0 0 
1 -6.5 37.5 1.9999999999999916 0 -1 2.2204460492503131e-16 
1 -4.5 0 0 -0.70710678118654746 0.70710678118654746 0 
1 -6.5 37.5 12.599999999999991 0 -1 2.2204460492503131e-16 
1 -6.5 2 0 0 1 0 
1 -8.8094010767585029 37.500000000000007 16.599999999999991 0 -1 2.2204460492503131e-16 
1 -6.5 12.6 0 -0.50000000000000022 0.8660254037844386 0 
1 8.8094010767585029 37.500000000000007 16.599999999999991 0 -1 2.2204460492503131e-16 
1 -8.8094010767585029 16.599999999999998 0 1 0 0 
1 6.5 37.5 12.599999999999991 0 -1 2.2204460492503131e-16 
1 8.8094010767585029 16.599999999999998 0 -0.50000000000000022 -0.8660254037844386 0 
1 6.5 37.5 8.5999999999999908 0 -1 2.2204460492503131e-16 
1 6.5 12.6 0 0 -1 0 
1 11.500000000000002 37.5 3.5999999999999917 0 -1 2.2204460492503131e-16 
1 11.500000000000002 3.6000000000000001 0 -0.70710678118654768 0.70710678118654746 0 
1 32 37.5 3.5999999999999917 0 -1 2.2204460492503131e-16 
1 11.500000000000002 3.6000000000000001 0 1 0 0 
1 32.399999999979038 37.5 3.9999999999999916 0 -1 2.2204460492503131e-16 
1 32 3.6000000000000001 0 0.70710678116801917 0.70710678120507575 0 
1 33.399999999979038 37.5 3.9999999999999916 0 -1 2.2204460492503131e-16 
1 32.399999999979038 4 0 1 0 0 
1 35.399999999979038 37.5 1.9999999999999916 0 -1 2.2204460492503131e-16 
1 33.399999999979038 4 0 0.70710678118654746 -0.70710678118654746 0 
1 33.399999999978967 0 0 0.70710678118656001 0.70710678118653492 0 
Polygon3D 0
PolygonOnTriangulations 0
Surfaces 14
1 33.399999999978967 37.5 -8.3266726846886741e-15 -0 -2.2204460492503131e-16 -1 -1 0 0 0 1 -2.2204460492503131e-16 
1 -4.5 37.5 -8.3266726846886741e-15 -0.70710678118654757 -1.5700924586837752e-16 -0.70710678118654757 -0.70710678118654757 1.5700924586837752e-16 0.70710678118654757 0 1 -2.2204460492503131e-16 
1 -6.5 37.5 1.9999999999999916 -1 0 0 0 2.2204460492503131e-16 1 0 1 -2.2204460492503131e-16 
1 -6.5 37.5 12.599999999999991 -0.8660254037844386 -1.110223024625157e-16 -0.50000000000000022 -0.50000000000000022 1.9229626863835638e-16 0.8660254037844386 0 1 -2.2204460492503131e-16 
1 -8.8094010767585029 37.500000000000007 16.599999999999991 -0 2.2204460492503131e-16 1 1 0 0 0 1 -2.2204460492503131e-16 
1 8.8094010767585029 37.500000000000007 16.599999999999991 0.8660254037844386 -1.110223024625157e-16 -0.50000000000000022 -0.50000000000000022 -1.9229626863835638e-16 -0.8660254037844386 0 1 -2.2204460492503131e-16 
1 6.5 37.5 12.599999999999991 1 0 0 0 -2.2204460492503131e-16 -1 0 1 -2.2204460492503131e-16 
1 11.500000000000002 37.5 3.5999999999999917 -0.70710678118654746 -1.5700924586837754e-16 -0.70710678118654768 -0.70710678118654768 1.5700924586837749e-16 0.70710678118654746 0 1 -2.2204460492503131e-16 
1 11.500000000000002 37.5 3.5999999999999917 -0 2.2204460492503131e-16 1 1 0 0 0 1 -2.2204460492503131e-16 
1 32 37.5 3.5999999999999917 -0.70710678120507586 1.5700924586426341e-16 0.70710678116801928 0.70710678116801928 1.5700924587249162e-16 0.70710678120507586 0 1 -2.2204460492503131e-16 
1 32.399999999979038 37.5 3.9999999999999916 -0 2.2204460492503131e-16 1 1 0 0 0 1 -2.2204460492503131e-16 
1 33.399999999979038 37.5 3.9999999999999916 0.70710678118654757 1.5700924586837752e-16 0.70710678118654757 0.70710678118654757 -1.5700924586837752e-16 -0.70710678118654757 0 1 -2.2204460492503131e-16 
1 33.399999999978967 37.5 -8.3266726846886741e-15 -0.70710678118653503 1.570092458683803e-16 0.70710678118656012 0.70710678118656012 1.5700924586837473e-16 0.70710678118653503 0 1 -2.2204460492503131e-16 
1 10.638063788385715 1.2990036708254374e-15 5.8501924478823462 6.1629758220391547e-33 1 -2.2204460492503136e-16 0 2.2204460492503136e-16 1 1 -6.1629758220391547e-33 1.3684555315672045e-48 
Triangulations 0

TShapes 69
Ve
1e-07
33.399999999979 0 0
0 0

0101101
*
Ed
 1e-07 1 1 0
1  1 0 0 75
0

0101000
+69 4 -69 6 *
Ve
1e-07
-4.5 0 0
0 0

0101101
*
Ed
 1e-07 1 1 0
1  2 0 0 75
0

0101000
+67 4 -67 6 *
Ed
 1e-07 1 1 0
1  3 0 0 37.899999999979
0

0101000
+69 0 -67 0 *
Wi

0101100
+68 0 -66 0 -65 4 +65 6 *
Fa
0  1e-07 1 0

0111000
+64 0 *
Ve
1e-07
-6.5 2 0
0 0

0101101
*
Ed
 1e-07 1 1 0
1  4 0 0 75
0

0101000
+62 4 -62 6 *
Ed
 1e-07 1 1 0
1  5 0 0 2.82842712474619
0

0101000
+67 0 -62 0 *
Wi

0101100
+66 0 -61 0 -60 4 +60 6 *
Fa
0  1e-07 2 0

0111000
+59 0 *
Ve
1e-07
-6.5 12.6 0
0 0

0101101
*
Ed
 1e-07 1 1 0
1  6 0 0 75
0

0101000
+57 4 -57 6 *
Ed
 1e-07 1 1 0
1  7 0 0 10.6
0

0101000
+62 0 -57 0 *
Wi

0101100
+61 0 -56 0 -55 4 +55 6 *
Fa
0  1e-07 3 0

0111000
+54 0 *
Ve
1e-07
-8.8094010767585 16.6 0
0 0

0101101
*
Ed
 1e-07 1 1 0
1  8 0 0 75
0

0101000
+52 4 -52 6 *
Ed
 1e-07 1 1 0
1  9 0 0 4.618802153517
0

0101000
+57 0 -52 0 *
Wi

0101100
+56 0 -51 0 -50 4 +50 6 *
Fa
0  1e-07 4 0

0111000
+49 0 *
Ve
1e-07
8.8094010767585 16.6 0
0 0

0101101
*
Ed
 1e-07 1 1 0
1  10 0 0 75
0

0101000
+47 4 -47 6 *
Ed
 1e-07 1 1 0
1  11 0 0 17.618802153517
0

0101000
+52 0 -47 0 *
Wi

0101100
+51 0 -46 0 -45 4 +45 6 *
Fa
0  1e-07 5 0

0111000
+44 0 *
Ve
1e-07
6.5 12.6 0
0 0

0101101
*
Ed
 1e-07 1 1 0
1  12 0 0 75
0

0101000
+42 4 -42 6 *
Ed
 1e-07 1 1 0
1  13 0 0 4.618802153517
0

0101000
+47 0 -42 0 *
Wi

0101100
+46 0 -41 0 -40 4 +40 6 *
Fa
0  1e-07 6 0

0111000
+39 0 *
Ve
1e-07
6.5 8.6 0
0 0

0101101
*
Ed
 1e-07 1 1 0
1  14 0 0 75
0

0101000
+37 4 -37 6 *
Ed
 1e-07 1 1 0
1  15 0 0 4
0

0101000
+42 0 -37 0 *
Wi

0101100
+41 0 -36 0 -35 4 +35 6 *
Fa
0  1e-07 7 0

0111000
+34 0 *
Ve
1.5e-07
11.5 3.6 0
0 0

0101101
*
Ed
 1e-07 1 1 0
1  16 0 0 75
0

0101000
+32 4 -32 6 *
Ed
 1e-07 1 1 0
1  17 0 0 7.07106781186548
0

0101000
+32 0 -37 0 *
Wi

0101100
+31 0 -36 0 -30 4 +30 6 *
Fa
0  1e-07 8 0

0111000
+29 0 *
Ve
1.5e-07
32 3.6 0
0 0

0101101
*
Ed
 1.5e-07 1 1 0
1  18 0 0 75
0

0101000
+27 4 -27 6 *
Ed
 1.5e-07 1 1 0
1  19 0 0 20.5
0

0101000
+32 0 -27 0 *
Wi

0101100
+31 0 -26 0 -25 4 +25 6 *
Fa
0  1e-07 9 0

0111000
+24 0 *
Ve
1e-07
32.399999999979 4 0
0 0

0101101
*
Ed
 1e-07 1 1 0
1  20 0 0 75
0

0101000
+22 4 -22 6 *
Ed
 1e-07 1 1 0
1  21 0 0 0.565685424934415
0

0101000
+27 0 -22 0 *
Wi

0101100
+26 0 -21 0 -20 4 +20 6 *
Fa
0  1e-07 10 0

0111000
+19 0 *
Ve
1e-07
33.399999999979 4 0
0 0

0101101
*
Ed
 1e-07 1 1 0
1  22 0 0 75
0

0101000
+17 4 -17 6 *
Ed
 1e-07 1 1 0
1  23 0 0 1
0

0101000
+22 0 -17 0 *
Wi

0101100
+21 0 -16 0 -15 4 +15 6 *
Fa
0  1e-07 11 0

0111000
+14 0 *
Ve
1e-07
35.399999999979 2 0
0 0

0101101
*
Ed
 1e-07 1 1 0
1  24 0 0 75
0

0101000
+12 4 -12 6 *
Ed
 1e-07 1 1 0
1  25 0 0 2.82842712474619
0

0101000
+17 0 -12 0 *
Wi

0101100
+16 0 -11 0 -10 4 +10 6 *
Fa
0  1e-07 12 0

0111000
+9 0 *
Ed
 1e-07 1 1 0
1  26 0 0 2.82842712474624
0

0101000
+69 0 -12 0 *
Wi

0101100
+68 0 -11 0 -7 4 +7 6 *
Fa
0  1e-07 13 0

0111000
+6 0 *
Wi

0101100
+65 0 +60 0 +55 0 +50 0 +45 0 +40 0 +35 0 -30 0 +25 0 +20 0 
+15 0 +10 0 -7 0 *
Fa
0  1e-07 14 0

0111000
+4 7 *
Sh

0101100
+63 0 +58 0 +53 0 +48 0 +43 0 +38 0 +33 0 -28 0 +23 0 +18 0 
+13 0 +8 0 -5 0 +3 3 -3 8 *
So

1100000
+2 0 *

+1 0 ]]>
      </Part>
      <ElementMap new="1" count="1"><Element key="Dummy" value="Dummy"/></ElementMap>
      <ElementMap2 count="93">
<![CDATA[
4 PostfixCount 12
Edge
Face
Vertex
;:G;XTR;:Hf87:7,F
;:G0;XTR;:Hf87:8,F
;:U;XTR;:Hf87:7,E
;:G;XTR;:Hf87:7,E
;FAC;:Hf87:4,F
;:U;XTR;:Hf87:7,V
;:U2;XTR;:Hf87:8,V
;SKT;:Hf87,E
;SKT;:Hf87,V

MapCount 1

ElementMap 1 4 3

Edge

ChildCount 0

NameCount 40
0
$#8.7 0
$#211.7 0
;g7.b 0
$#20.6 0
$#9.7 0
;g18.b 0
$#214.6 0
$#a.7 0
;g11.b 0
$#21.6 0
$#b.7 0
;g12.b 0
$#22.6 0
$#c.7 0
;g1.b 0
$#23.6 0
$#d.7 0
;g9.b 0
$#24.6 0
$#5e.7 0
;g17.b 0
$#25.6 0
$#49.7 0
;g16.b 0
$#26.6 0
$#4c.7 0
;g15.b 0
$#1c.6 0
$#4e.7 0
;g4.b 0
$#1d.6 0
$#50.7 0
;g5.b 0
$#1e.6 0
$#52.7 0
;g6.b 0
$#1f.6 0
;g19.b 0
$#215.6 0

Face

ChildCount 0

NameCount 16
0
$#13.4 0
$#212.4 0
$#14.4 0
$#15.4 0
$#2.4 0
$#16.4 0
$#17.4 0
$#18.4 0
$#f.4 0
$#10.4 0
$#11.4 0
$#12.4 0
$#213.4 0
$#2.8 0
$#1a.5 0

Vertex

ChildCount 0

NameCount 27
0
;g7v1.c ;g19v1.c 0
$#2c.9 0
;g18v1.c ;g7v2.c 0
$#65.a 0
;g11v1.c ;g18v2.c 0
$#2d.9 0
;g12v1.c ;g11v2.c 0
$#2e.9 0
;g1v1.c ;g12v2.c 0
$#2f.9 0
;g1v2.c ;g9v1.c 0
$#30.9 0
;g9v2.c ;g17v1.c 0
$#31.9 0
;g17v2.c ;g16v2.c 0
$#6a.a 0
;g16v1.c ;g15v1.c 0
$#61.9 0
;g15v2.c ;g4v1.c 0
$#61.a 0
;g4v2.c ;g5v1.c 0
$#62.a 0
;g5v2.c ;g6v1.c 0
$#63.a 0
;g6v2.c ;g19v2.c 0
$#64.a 0

EndMap
]]>
      </ElementMap2>
    </Property>
    <Property name="AddSubType" type="App::PropertyEnumeration">
      <Integer value="0"/>
    </Property>
    <Property name="AllowMultiFace" type="App::PropertyBool">
      <Bool value="true"/>
    </Property>
    <Property name="AlongSketchNormal" type="App::PropertyBool" status="4">
      <Bool value="false"/>
    </Property>
    <Property name="AutoTaperInnerAngle" type="App::PropertyBool">
      <Bool value="true"/>
    </Property>
    <Property name="BaseFeature" type="App::PropertyLink" status="8">
      <Link value=""/>
    </Property>
    <Property name="CheckUpToFaceLimits" type="App::PropertyBool">
      <Bool value="true"/>
    </Property>
    <Property name="ClaimChildren" type="App::PropertyBool" status="134217728">
      <Bool value="false"/>
    </Property>
    <Property name="ColoredElements" type="App::PropertyLinkSubHidden" status="218103808">
      <LinkSub value="" count="0">
      </LinkSub>
    </Property>
    <Property name="Direction" type="App::PropertyVector" status="4">
      <PropertyVector valueX="0" valueY="-1" valueZ="2.220446049250313e-16"/>
    </Property>
    <Property name="ExpressionEngine" type="App::PropertyExpressionEngine" status="67108864">
      <ExpressionEngine count="0"></ExpressionEngine>
    </Property>
    <Property name="Fit" type="App::PropertyDistance">
      <Float value="0"/>
    </Property>
    <Property name="FitJoin" type="App::PropertyEnumeration">
      <Integer value="0"/>
    </Property>
    <Property name="FixShape" type="App::PropertyEnumeration">
      <Integer value="1"/>
    </Property>
    <Property name="InnerFit" type="App::PropertyDistance">
      <Float value="0"/>
    </Property>
    <Property name="InnerFitJoin" type="App::PropertyEnumeration">
      <Integer value="0"/>
    </Property>
    <Property name="InvalidShape" type="App::PropertyBool" status="67108864">
      <Bool value="false"/>
    </Property>
    <Property name="Label" type="App::PropertyString" status="134217728">
      <String value="Pad"/>
    </Property>
    <Property name="Label2" type="App::PropertyString" status="128">
      <String value=""/>
    </Property>
    <Property name="Length" type="App::PropertyLength">
      <Float value="75"/>
    </Property>
    <Property name="Length2" type="App::PropertyLength">
      <Float value="100"/>
    </Property>
    <Property name="Linearize" type="App::PropertyBool">
      <Bool value="true"/>
    </Property>
    <Property name="Midplane" type="App::PropertyBool">
      <Bool value="true"/>
    </Property>
    <Property name="NewSolid" type="App::PropertyBool">
      <Bool value="false"/>
    </Property>
    <Property name="Offset" type="App::PropertyLength">
      <Float value="0"/>
    </Property>
    <Property name="Placement" type="App::PropertyPlacement" status="8388620">
      <PropertyPlacement Px="0" Py="0" Pz="0" Q0="0" Q1="0" Q2="0" Q3="1" A="0" Ox="0" Oy="0" Oz="1"/>
    </Property>
    <Property name="Profile" type="App::PropertyLinkSub">
      <LinkSub value="Sketch" count="1">
        <Sub value=""/>
      </LinkSub>
    </Property>
    <Property name="ReferenceAxis" type="App::PropertyLinkSub">
      <LinkSub value="" count="0">
      </LinkSub>
    </Property>
    <Property name="Refine" type="App::PropertyBool">
      <Bool value="false"/>
    </Property>
    <Property name="Reversed" type="App::PropertyBool" status="4">
      <Bool value="false"/>
    </Property>
    <Property name="Shape" type="Part::PropertyPartShape">
      <Part HasherIndex="0" ElementMap="1.15.70200.4" brep="1">
<![CDATA[

CASCADE Topology V1, (c) Matra-Datavision
Locations 8
1
              1               0               0               0 
              0               1               0               0 
              0               0               1               0 
1
              1               0               0               0 
              0 2.22044604925031e-16              -1               0 
              0               1 2.22044604925031e-16               0 
1
              1               0               0              -0 
              0               1               0            37.5 
              0               0               1 -8.32667268468867e-15 
2  1 1 2 1 3 1 0
1
              1               0               0               0 
              0               1               0             -75 
              0               0               1 1.66533453693773e-14 
2  1 1 2 1 3 1 5 1 0
2  1 1 2 1 0
2  3 1 5 1 0
Curve2ds 0
Curves 26
1 33.399999999978967 37.5 -8.3266726846886741e-15 0 -1 2.2204460492503131e-16 
1 -4.5 37.5 -8.3266726846886741e-15 0 -1 2.2204460492503131e-16 
1 33.399999999978967 0 0 -1 0 0 
1 -6.5 37.5 1.9999999999999916 0 -1 2.2204460492503131e-16 
1 -4.5 0 0 -0.70710678118654746 0.70710678118654746 0 
1 -6.5 37.5 12.599999999999991 0 -1 2.2204460492503131e-16 
1 -6.5 2 0 0 1 0 
1 -8.8094010767585029 37.500000000000007 16.599999999999991 0 -1 2.2204460492503131e-16 
1 -6.5 12.6 0 -0.50000000000000022 0.8660254037844386 0 
1 8.8094010767585029 37.500000000000007 16.599999999999991 0 -1 2.2204460492503131e-16 
1 -8.8094010767585029 16.599999999999998 0 1 0 0 
1 6.5 37.5 12.599999999999991 0 -1 2.2204460492503131e-16 
1 8.8094010767585029 16.599999999999998 0 -0.50000000000000022 -0.8660254037844386 0 
1 6.5 37.5 8.5999999999999908 0 -1 2.2204460492503131e-16 
1 6.5 12.6 0 0 -1 0 
1 11.500000000000002 37.5 3.5999999999999917 0 -1 2.2204460492503131e-16 
1 11.500000000000002 3.6000000000000001 0 -0.70710678118654768 0.70710678118654746 0 
1 32 37.5 3.5999999999999917 0 -1 2.2204460492503131e-16 
1 11.500000000000002 3.6000000000000001 0 1 0 0 
1 32.399999999979038 37.5 3.9999999999999916 0 -1 2.2204460492503131e-16 
1 32 3.6000000000000001 0 0.70710678116801917 0.70710678120507575 0 
1 33.399999999979038 37.5 3.9999999999999916 0 -1 2.2204460492503131e-16 
1 32.399999999979038 4 0 1 0 0 
1 35.399999999979038 37.5 1.9999999999999916 0 -1 2.2204460492503131e-16 
1 33.399999999979038 4 0 0.70710678118654746 -0.70710678118654746 0 
1 33.399999999978967 0 0 0.70710678118656001 0.70710678118653492 0 
Polygon3D 0
PolygonOnTriangulations 0
Surfaces 14
1 33.399999999978967 37.5 -8.3266726846886741e-15 -0 -2.2204460492503131e-16 -1 -1 0 0 0 1 -2.2204460492503131e-16 
1 -4.5 37.5 -8.3266726846886741e-15 -0.70710678118654757 -1.5700924586837752e-16 -0.70710678118654757 -0.70710678118654757 1.5700924586837752e-16 0.70710678118654757 0 1 -2.2204460492503131e-16 
1 -6.5 37.5 1.9999999999999916 -1 0 0 0 2.2204460492503131e-16 1 0 1 -2.2204460492503131e-16 
1 -6.5 37.5 12.599999999999991 -0.8660254037844386 -1.110223024625157e-16 -0.50000000000000022 -0.50000000000000022 1.9229626863835638e-16 0.8660254037844386 0 1 -2.2204460492503131e-16 
1 -8.8094010767585029 37.500000000000007 16.599999999999991 -0 2.2204460492503131e-16 1 1 0 0 0 1 -2.2204460492503131e-16 
1 8.8094010767585029 37.500000000000007 16.599999999999991 0.8660254037844386 -1.110223024625157e-16 -0.50000000000000022 -0.50000000000000022 -1.9229626863835638e-16 -0.8660254037844386 0 1 -2.2204460492503131e-16 
1 6.5 37.5 12.599999999999991 1 0 0 0 -2.2204460492503131e-16 -1 0 1 -2.2204460492503131e-16 
1 11.500000000000002 37.5 3.5999999999999917 -0.70710678118654746 -1.5700924586837754e-16 -0.70710678118654768 -0.70710678118654768 1.5700924586837749e-16 0.70710678118654746 0 1 -2.2204460492503131e-16 
1 11.500000000000002 37.5 3.5999999999999917 -0 2.2204460492503131e-16 1 1 0 0 0 1 -2.2204460492503131e-16 
1 32 37.5 3.5999999999999917 -0.70710678120507586 1.5700924586426341e-16 0.70710678116801928 0.70710678116801928 1.5700924587249162e-16 0.70710678120507586 0 1 -2.2204460492503131e-16 
1 32.399999999979038 37.5 3.9999999999999916 -0 2.2204460492503131e-16 1 1 0 0 0 1 -2.2204460492503131e-16 
1 33.399999999979038 37.5 3.9999999999999916 0.70710678118654757 1.5700924586837752e-16 0.70710678118654757 0.70710678118654757 -1.5700924586837752e-16 -0.70710678118654757 0 1 -2.2204460492503131e-16 
1 33.399999999978967 37.5 -8.3266726846886741e-15 -0.70710678118653503 1.570092458683803e-16 0.70710678118656012 0.70710678118656012 1.5700924586837473e-16 0.70710678118653503 0 1 -2.2204460492503131e-16 
1 10.638063788385715 1.2990036708254374e-15 5.8501924478823462 6.1629758220391547e-33 1 -2.2204460492503136e-16 0 2.2204460492503136e-16 1 1 -6.1629758220391547e-33 1.3684555315672045e-48 
Triangulations 0

TShapes 69
Ve
1e-07
33.399999999979 0 0
0 0

0101101
*
Ed
 1e-07 1 1 0
1  1 0 0 75
0

0101000
+69 4 -69 6 *
Ve
1e-07
-4.5 0 0
0 0

0101101
*
Ed
 1e-07 1 1 0
1  2 0 0 75
0

0101000
+67 4 -67 6 *
Ed
 1e-07 1 1 0
1  3 0 0 37.899999999979
0

0101000
+69 0 -67 0 *
Wi

0101100
+68 0 -66 0 -65 4 +65 6 *
Fa
0  1e-07 1 0

0111000
+64 0 *
Ve
1e-07
-6.5 2 0
0 0

0101101
*
Ed
 1e-07 1 1 0
1  4 0 0 75
0

0101000
+62 4 -62 6 *
Ed
 1e-07 1 1 0
1  5 0 0 2.82842712474619
0

0101000
+67 0 -62 0 *
Wi

0101100
+66 0 -61 0 -60 4 +60 6 *
Fa
0  1e-07 2 0

0111000
+59 0 *
Ve
1e-07
-6.5 12.6 0
0 0

0101101
*
Ed
 1e-07 1 1 0
1  6 0 0 75
0

0101000
+57 4 -57 6 *
Ed
 1e-07 1 1 0
1  7 0 0 10.6
0

0101000
+62 0 -57 0 *
Wi

0101100
+61 0 -56 0 -55 4 +55 6 *
Fa
0  1e-07 3 0

0111000
+54 0 *
Ve
1e-07
-8.8094010767585 16.6 0
0 0

0101101
*
Ed
 1e-07 1 1 0
1  8 0 0 75
0

0101000
+52 4 -52 6 *
Ed
 1e-07 1 1 0
1  9 0 0 4.618802153517
0

0101000
+57 0 -52 0 *
Wi

0101100
+56 0 -51 0 -50 4 +50 6 *
Fa
0  1e-07 4 0

0111000
+49 0 *
Ve
1e-07
8.8094010767585 16.6 0
0 0

0101101
*
Ed
 1e-07 1 1 0
1  10 0 0 75
0

0101000
+47 4 -47 6 *
Ed
 1e-07 1 1 0
1  11 0 0 17.618802153517
0

0101000
+52 0 -47 0 *
Wi

0101100
+51 0 -46 0 -45 4 +45 6 *
Fa
0  1e-07 5 0

0111000
+44 0 *
Ve
1e-07
6.5 12.6 0
0 0

0101101
*
Ed
 1e-07 1 1 0
1  12 0 0 75
0

0101000
+42 4 -42 6 *
Ed
 1e-07 1 1 0
1  13 0 0 4.618802153517
0

0101000
+47 0 -42 0 *
Wi

0101100
+46 0 -41 0 -40 4 +40 6 *
Fa
0  1e-07 6 0

0111000
+39 0 *
Ve
1e-07
6.5 8.6 0
0 0

0101101
*
Ed
 1e-07 1 1 0
1  14 0 0 75
0

0101000
+37 4 -37 6 *
Ed
 1e-07 1 1 0
1  15 0 0 4
0

0101000
+42 0 -37 0 *
Wi

0101100
+41 0 -36 0 -35 4 +35 6 *
Fa
0  1e-07 7 0

0111000
+34 0 *
Ve
1.5e-07
11.5 3.6 0
0 0

0101101
*
Ed
 1e-07 1 1 0
1  16 0 0 75
0

0101000
+32 4 -32 6 *
Ed
 1e-07 1 1 0
1  17 0 0 7.07106781186548
0

0101000
+32 0 -37 0 *
Wi

0101100
+31 0 -36 0 -30 4 +30 6 *
Fa
0  1e-07 8 0

0111000
+29 0 *
Ve
1.5e-07
32 3.6 0
0 0

0101101
*
Ed
 1.5e-07 1 1 0
1  18 0 0 75
0

0101000
+27 4 -27 6 *
Ed
 1.5e-07 1 1 0
1  19 0 0 20.5
0

0101000
+32 0 -27 0 *
Wi

0101100
+31 0 -26 0 -25 4 +25 6 *
Fa
0  1e-07 9 0

0111000
+24 0 *
Ve
1e-07
32.399999999979 4 0
0 0

0101101
*
Ed
 1e-07 1 1 0
1  20 0 0 75
0

0101000
+22 4 -22 6 *
Ed
 1e-07 1 1 0
1  21 0 0 0.565685424934415
0

0101000
+27 0 -22 0 *
Wi

0101100
+26 0 -21 0 -20 4 +20 6 *
Fa
0  1e-07 10 0

0111000
+19 0 *
Ve
1e-07
33.399999999979 4 0
0 0

0101101
*
Ed
 1e-07 1 1 0
1  22 0 0 75
0

0101000
+17 4 -17 6 *
Ed
 1e-07 1 1 0
1  23 0 0 1
0

0101000
+22 0 -17 0 *
Wi

0101100
+21 0 -16 0 -15 4 +15 6 *
Fa
0  1e-07 11 0

0111000
+14 0 *
Ve
1e-07
35.399999999979 2 0
0 0

0101101
*
Ed
 1e-07 1 1 0
1  24 0 0 75
0

0101000
+12 4 -12 6 *
Ed
 1e-07 1 1 0
1  25 0 0 2.82842712474619
0

0101000
+17 0 -12 0 *
Wi

0101100
+16 0 -11 0 -10 4 +10 6 *
Fa
0  1e-07 12 0

0111000
+9 0 *
Ed
 1e-07 1 1 0
1  26 0 0 2.82842712474624
0

0101000
+69 0 -12 0 *
Wi

0101100
+68 0 -11 0 -7 4 +7 6 *
Fa
0  1e-07 13 0

0111000
+6 0 *
Wi

0101100
+65 0 +60 0 +55 0 +50 0 +45 0 +40 0 +35 0 -30 0 +25 0 +20 0 
+15 0 +10 0 -7 0 *
Fa
0  1e-07 14 0

0111000
+4 7 *
Sh

0101100
+63 0 +58 0 +53 0 +48 0 +43 0 +38 0 +33 0 -28 0 +23 0 +18 0 
+13 0 +8 0 -5 0 +3 3 -3 8 *
So

1100000
+2 0 *

+1 0 ]]>
      </Part>
      <ElementMap new="1" count="1"><Element key="Dummy" value="Dummy"/></ElementMap>
      <ElementMap2 count="93">
<![CDATA[
4 PostfixCount 12
Edge
Face
Vertex
;:G;XTR;:Hf87:7,F
;:G0;XTR;:Hf87:8,F
;:U;XTR;:Hf87:7,E
;:G;XTR;:Hf87:7,E
;FAC;:Hf87:4,F
;:U;XTR;:Hf87:7,V
;:U2;XTR;:Hf87:8,V
;SKT;:Hf87,E
;SKT;:Hf87,V

MapCount 1

ElementMap 1 4 3

Edge

ChildCount 0

NameCount 40
0
$#8.7 0
$#211.7 0
;g7.b 0
$#20.6 0
$#9.7 0
;g18.b 0
$#214.6 0
$#a.7 0
;g11.b 0
$#21.6 0
$#b.7 0
;g12.b 0
$#22.6 0
$#c.7 0
;g1.b 0
$#23.6 0
$#d.7 0
;g9.b 0
$#24.6 0
$#5e.7 0
;g17.b 0
$#25.6 0
$#49.7 0
;g16.b 0
$#26.6 0
$#4c.7 0
;g15.b 0
$#1c.6 0
$#4e.7 0
;g4.b 0
$#1d.6 0
$#50.7 0
;g5.b 0
$#1e.6 0
$#52.7 0
;g6.b 0
$#1f.6 0
;g19.b 0
$#215.6 0

Face

ChildCount 0

NameCount 16
0
$#13.4 0
$#212.4 0
$#14.4 0
$#15.4 0
$#2.4 0
$#16.4 0
$#17.4 0
$#18.4 0
$#f.4 0
$#10.4 0
$#11.4 0
$#12.4 0
$#213.4 0
$#2.8 0
$#1a.5 0

Vertex

ChildCount 0

NameCount 27
0
;g7v1.c ;g19v1.c 0
$#2c.9 0
;g18v1.c ;g7v2.c 0
$#65.a 0
;g11v1.c ;g18v2.c 0
$#2d.9 0
;g12v1.c ;g11v2.c 0
$#2e.9 0
;g1v1.c ;g12v2.c 0
$#2f.9 0
;g1v2.c ;g9v1.c 0
$#30.9 0
;g9v2.c ;g17v1.c 0
$#31.9 0
;g17v2.c ;g16v2.c 0
$#6a.a 0
;g16v1.c ;g15v1.c 0
$#61.9 0
;g15v2.c ;g4v1.c 0
$#61.a 0
;g4v2.c ;g5v1.c 0
$#62.a 0
;g5v2.c ;g6v1.c 0
$#63.a 0
;g6v2.c ;g19v2.c 0
$#64.a 0

EndMap
]]>
      </ElementMap2>
    </Property>
    <Property name="Suppress" type="App::PropertyBool">
      <Bool value="false"/>
    </Property>
    <Property name="SuppressedShape" type="Part::PropertyPartShape">
      <Part ElementMap="0.15.70200.4" brep="1">
<![CDATA[

CASCADE Topology V1, (c) Matra-Datavision
Locations 0
Curve2ds 0
Curves 0
Polygon3D 0
PolygonOnTriangulations 0
Surfaces 0
Triangulations 0

TShapes 0

*]]>
      </Part>
      <ElementMap/>
    </Property>
    <Property name="TaperAngle" type="App::PropertyAngle">
      <Float value="0"/>
    </Property>
    <Property name="TaperAngleRev" type="App::PropertyAngle">
      <Float value="0"/>
    </Property>
    <Property name="TaperInnerAngle" type="App::PropertyAngle">
      <Float value="0"/>
    </Property>
    <Property name="TaperInnerAngleRev" type="App::PropertyAngle">
      <Float value="0"/>
    </Property>
    <Property name="TreeRank" type="App::PropertyInteger" status="2184">
      <Integer value="19"/>
    </Property>
    <Property name="Type" type="App::PropertyEnumeration">
      <Integer value="0"/>
    </Property>
    <Property name="UpToFace" type="App::PropertyLinkSub">
      <LinkSub value="" count="0">
      </LinkSub>
    </Property>
    <Property name="UseCustomVector" type="App::PropertyBool">
      <Bool value="false"/>
    </Property>
    <Property name="UsePipeForDraft" type="App::PropertyBool">
      <Bool value="false"/>
    </Property>
    <Property name="ValidateShape" type="App::PropertyBool">
      <Bool value="false"/>
    </Property>
    <Property name="Visibility" type="App::PropertyBool" status="648">
      <Bool value="false"/>
    </Property>
    <Property name="_ProfileBasedVersion" type="App::PropertyInteger" status="67108864">
      <Integer value="1"/>
    </Property>
    <Property name="_Siblings" type="App::PropertyLinkList" status="218103808">
      <LinkList count="0">
      </LinkList>
    </Property>
  </Properties>
</Object>
</Document>
