<?xml version='1.0' encoding='utf-8'?>
<!-- FreeCAD DocumentObject -->
<Document SchemaVersion="4" FileVersion="2">
<Object name="Pad">
  <Properties Count="47" TransientCount="2">
    <_Property name="_Body" type="App::PropertyLinkHidden" status="251658241"/>
    <_Property name="_ElementMapVersion" type="App::PropertyString" status="234881024"/>
    <Property name="AddSubShape" type="Part::PropertyPartShape">
      <Part HasherIndex="0" ElementMap="1.15.70200.4" brep="1">
<![CDATA[

CASCADE Topology V1, (c) Matra-Datavision
Locations 5
1
              1               0               0               0 
              0               1               0               0 
              0               0               1               0 
1
2.22044604925031e-16 -3.33066907387547e-16               1               0 
              1 3.33066907387547e-16 -2.22044604925031e-16               0 
-3.33066907387547e-16               1 3.33066907387547e-16               0 
2  1 1 2 1 0
1
              1               0               0            2.45 
              0               1               0 -8.1601392309949e-16 
              0               0               1 9.52016243616072e-16 
2  1 1 2 1 4 1 0
Curve2ds 0
Curves 16
1 -7.234499027620045e-15 -20.948143192757204 7.7554292881631035 1 -3.3306690738754696e-16 3.8857805861880479e-16 
1 -1.3034086491148445e-15 0.17598310935643502 4.0306758772143532 1 -3.3306690738754696e-16 3.8857805861880479e-16 
1 -20.948143192757207 7.7554292881630964 0 0.98480775301226575 -0.17364817766660362 0 
1 -6.0767021009754462e-15 -21.642735903423631 3.8161982761139401 1 -3.3306690738754696e-16 3.8857805861880479e-16 
1 -20.948143192757207 7.7554292881630964 0 -0.17364817766660154 -0.98480775301226608 0 
1 0 0 0 1 -3.3306690738754696e-16 3.8857805861880479e-16 
1 0 0 0 -0.98480775301226608 0.17364817766660168 0 
1 4.0458175888490791e-15 20.9731061225316 1.8349090246545863 1 -3.3306690738754696e-16 3.8857805861880479e-16 
1 0 0 0 0.99619469809171701 0.087155742747984807 0 
1 6.1278395414124798e-15 41.624364360351116 9.3513523233731082 1 -3.3306690738754696e-16 3.8857805861880479e-16 
1 20.9731061225316 1.8349090246545932 0 0.93969262078579852 0.34202014332597086 0 
1 4.5721425706073911e-15 40.25628378704711 13.110122806516571 1 -3.3306690738754696e-16 3.8857805861880479e-16 
1 40.256283787047103 13.110122806516586 0 0.34202014332597785 -0.93969262078579585 0 
1 2.5400106402462283e-15 20.099877071191276 5.7737907321741693 1 -3.3306690738754696e-16 3.8857805861880479e-16 
1 20.099877071191273 5.7737907321741764 0 0.93969262078579585 0.3420201433259778 0 
1 0.17598310935643369 4.0306758772143532 0 0.99619469809171668 0.087155742747988943 0 
Polygon3D 0
PolygonOnTriangulations 0
Surfaces 9
1 -7.234499027620045e-15 -20.948143192757204 7.7554292881631035 -3.2483822326935449e-16 0.17364817766660395 0.98480775301226564 2.7650770995361532e-16 0.98480775301226564 -0.17364817766660395 -1 2.1589937102280637e-16 -3.6791826069460084e-16 
1 -7.234499027620045e-15 -20.948143192757204 7.7554292881631035 3.9548274442745606e-16 0.98480775301226597 -0.17364817766660187 2.8944923166114251e-16 -0.17364817766660187 -0.98480775301226597 -1 3.3921214128977176e-16 -3.5372670531175076e-16 
1 0 0 0 3.2483822326935528e-16 -0.17364817766660201 -0.98480775301226597 -2.7650770995361473e-16 -0.98480775301226597 0.17364817766660201 -1 2.1589937102280637e-16 -3.6791826069460109e-16 
1 0 0 0 -4.1612809548896159e-16 -0.087155742747984474 0.99619469809171701 1.9217096446805023e-16 0.99619469809171701 0.087155742747984474 -1 2.2770764917088804e-16 -3.9779579931029782e-16 
1 4.0458175888490791e-15 20.9731061225316 1.8349090246545863 -4.7905952568518893e-16 -0.34202014332597053 0.93969262078579863 9.4738085331523195e-17 0.93969262078579863 0.34202014332597053 -1 2.5287268732992737e-16 -4.1776636768000109e-16 
1 4.5721425706073911e-15 40.25628378704711 13.110122806516571 1.8007899179789027e-16 0.93969262078579596 0.34202014332597752 3.8892424270124324e-16 0.34202014332597752 -0.93969262078579596 -1 3.0223882498264986e-16 -3.0387859832635031e-16 
1 2.5400106402462283e-15 20.099877071191276 5.7737907321741693 -4.7905952568519021e-16 -0.34202014332597747 0.93969262078579596 9.4738085331520336e-17 0.93969262078579596 0.34202014332597747 -1 2.5287268732992826e-16 -4.1776636768000144e-16 
1 -1.3034086491148445e-15 0.17598310935643502 4.0306758772143532 -4.1612809548896278e-16 -0.08715574274798861 0.99619469809171668 1.9217096446804876e-16 0.99619469809171668 0.08715574274798861 -1 2.2770764917088829e-16 -3.9779579931029811e-16 
1 5.8466471873869893e-16 10.129581582761654 4.9976571822089113 1 0 3.3306690738754701e-16 -3.3306690738754701e-16 0 1 0 -1 0 
Triangulations 0

TShapes 44
Ve
1e-07
-20.9481431927572 7.7554292881631 0
0 0

0101101
*
Ed
 1e-07 1 1 0
1  1 0 0 2.45
0

0101000
+44 3 -44 5 *
Ve
1e-07
0.175983109356434 4.03067587721435 0
0 0

0101101
*
Ed
 1e-07 1 1 0
1  2 0 0 2.45
0

0101000
+42 3 -42 5 *
Ed
 1e-07 1 1 0
1  3 0 0 21.4500000000005
0

0101000
+44 0 -42 0 *
Wi

0101100
+43 0 -41 0 -40 3 +40 5 *
Fa
0  1e-07 1 0

0111000
+39 0 *
Ve
1e-07
-21.6427359034236 3.81619827611393 0
0 0

0101101
*
Ed
 1e-07 1 1 0
1  4 0 0 2.45
0

0101000
+37 3 -37 5 *
Ed
 1e-07 1 1 0
1  5 0 0 4.0000000000001
0

0101000
+44 0 -37 0 *
Wi

0101100
+43 0 -36 0 -35 3 +35 5 *
Fa
0  1e-07 2 0

0111000
+34 0 *
Ve
1e-07
0 0 0
0 0

0101101
*
Ed
 1e-07 1 1 0
1  6 0 0 2.45
0

0101000
+32 3 -32 5 *
Ed
 1e-07 1 1 0
1  7 0 0 21.9766099903501
0

0101000
+32 0 -37 0 *
Wi

0101100
+31 0 -36 0 -30 3 +30 5 *
Fa
0  1e-07 3 0

0111000
+29 0 *
Ve
1e-07
20.9731061225316 1.83490902465459 0
0 0

0101101
*
Ed
 1e-07 1 1 0
1  8 0 0 2.45
0

0101000
+27 3 -27 5 *
Ed
 1e-07 1 1 0
1  9 0 0 21.0532199806997
0

0101000
+32 0 -27 0 *
Wi

0101100
+31 0 -26 0 -25 3 +25 5 *
Fa
0  1e-07 4 0

0111000
+24 0 *
Ve
1e-07
41.6243643603511 9.35135232337312 0
0 0

0101101
*
Ed
 1e-07 1 1 0
1  10 0 0 2.45
0

0101000
+22 3 -22 5 *
Ed
 1e-07 1 1 0
1  11 0 0 21.9766099903502
0

0101000
+27 0 -22 0 *
Wi

0101100
+26 0 -21 0 -20 3 +20 5 *
Fa
0  1e-07 5 0

0111000
+19 0 *
Ve
1e-07
40.2562837870471 13.1101228065166 0
0 0

0101101
*
Ed
 1e-07 1 1 0
1  12 0 0 2.45
0

0101000
+17 3 -17 5 *
Ed
 1e-07 1 1 0
1  13 0 0 4.0000000000003
0

0101000
+17 0 -22 0 *
Wi

0101100
+16 0 -21 0 -15 3 +15 5 *
Fa
0  1e-07 6 0

0111000
+14 0 *
Ve
1e-07
20.0998770711913 5.77379073217418 0
0 0

0101101
*
Ed
 1e-07 1 1 0
1  14 0 0 2.45
0

0101000
+12 3 -12 5 *
Ed
 1e-07 1 1 0
1  15 0 0 21.4500000000005
0

0101000
+12 0 -17 0 *
Wi

0101100
+11 0 -16 0 -10 3 +10 5 *
Fa
0  1e-07 7 0

0111000
+9 0 *
Ed
 1e-07 1 1 0
1  16 0 0 20.0000000000005
0

0101000
+42 0 -12 0 *
Wi

0101100
+41 0 -11 0 -7 3 +7 5 *
Fa
0  1e-07 8 0

0111000
+6 0 *
Wi

0101100
-40 0 +35 0 -30 0 +25 0 +20 0 -15 0 -10 0 -7 0 *
Fa
0  1e-07 9 0

0111000
+4 3 *
Sh

0101100
-38 0 +33 0 -28 0 +23 0 +18 0 -13 0 -8 0 -5 0 +3 0 -3 4 
*
So

1100000
-2 0 *

+1 0 ]]>
      </Part>
      <ElementMap new="1" count="1"><Element key="Dummy" value="Dummy"/></ElementMap>
      <ElementMap2 count="58">
<![CDATA[
6 PostfixCount 11
Edge
Face
Vertex
;:G;XTR;:Heda:7,E
;:G;XTR;:Heda:7,F
;:U;XTR;:Heda:7,E
;:U;XTR;:Heda:7,V
;FAC;:Heda:4,F
;:G0;XTR;:Heda:8,F
;SKT;:Heda,E
;SKT;:Heda,V

MapCount 1

ElementMap 1 6 3

Edge

ChildCount 0

NameCount 25
0
$#cc3.4 0
$#cc4.4 0
;g66.a 0
$#cdd.6 0
$#cc5.4 0
;g57.a 0
$#cde.6 0
$#cc6.4 0
;g58.a 0
$#cdf.6 0
$#1237.4 0
;g75.a 0
$#123c.6 0
$#1238.4 0
;g76.a 0
$#123d.6 0
$#cce.4 0
;g74.a 0
$#123e.6 0
$#ccf.4 0
;g64.a 0
$#ce8.6 0
;g65.a 0
$#ce9.6 0

Face

ChildCount 0

NameCount 11
0
$#cd0.5 0
$#cc1.5 0
$#cd1.5 0
$#1239.5 0
$#123a.5 0
$#123b.5 0
$#cda.5 0
$#cdb.5 0
$#cc1.8 0
$#cdc.9 0

Vertex

ChildCount 0

NameCount 17
0
;g57v1.b ;g66v1.b 0
$#cea.7 0
;g66v2.b ;g65v1.b 0
$#ceb.7 0
;g57v2.b ;g58v2.b 0
$#cec.7 0
;g58v1.b ;g75v1.b 0
$#ced.7 0
;g75v2.b ;g76v1.b 0
$#123f.7 0
;g74v2.b ;g76v2.b 0
$#1240.7 0
;g64v2.b ;g74v1.b 0
$#cf5.7 0
;g65v2.b ;g64v1.b 0
$#cf6.7 0

EndMap
]]>
      </ElementMap2>
    </Property>
    <Property name="AddSubType" type="App::PropertyEnumeration">
      <Integer value="0"/>
    </Property>
    <Property name="AllowMultiFace" type="App::PropertyBool">
      <Bool value="true"/>
    </Property>
    <Property name="AlongSketchNormal" type="App::PropertyBool">
      <Bool value="false"/>
    </Property>
    <Property name="AutoTaperInnerAngle" type="App::PropertyBool">
      <Bool value="true"/>
    </Property>
    <Property name="BaseFeature" type="App::PropertyLink" status="8">
      <Link value=""/>
    </Property>
    <Property name="CheckUpToFaceLimits" type="App::PropertyBool">
      <Bool value="true"/>
    </Property>
    <Property name="ClaimChildren" type="App::PropertyBool" status="134217728">
      <Bool value="false"/>
    </Property>
    <Property name="ColoredElements" type="App::PropertyLinkSubHidden" status="218103808">
      <LinkSub value="" count="0">
      </LinkSub>
    </Property>
    <Property name="Direction" type="App::PropertyVector" status="4">
      <PropertyVector valueX="1" valueY="-3e-16" valueZ="4e-16"/>
    </Property>
    <Property name="ExpressionEngine" type="App::PropertyExpressionEngine" status="67108864">
      <ExpressionEngine count="0"></ExpressionEngine>
    </Property>
    <Property name="Fit" type="App::PropertyDistance">
      <Float value="0"/>
    </Property>
    <Property name="FitJoin" type="App::PropertyEnumeration">
      <Integer value="0"/>
    </Property>
    <Property name="FixShape" type="App::PropertyEnumeration">
      <Integer value="0"/>
    </Property>
    <Property name="InnerFit" type="App::PropertyDistance">
      <Float value="0"/>
    </Property>
    <Property name="InnerFitJoin" type="App::PropertyEnumeration">
      <Integer value="0"/>
    </Property>
    <Property name="InvalidShape" type="App::PropertyBool" status="67108864">
      <Bool value="false"/>
    </Property>
    <Property name="Label" type="App::PropertyString" status="134217728">
      <String value="Pad"/>
    </Property>
    <Property name="Label2" type="App::PropertyString" status="128">
      <String value=""/>
    </Property>
    <Property name="Length" type="App::PropertyLength">
      <Float value="2.45"/>
    </Property>
    <Property name="Length2" type="App::PropertyLength" status="4">
      <Float value="10"/>
    </Property>
    <Property name="Linearize" type="App::PropertyBool">
      <Bool value="true"/>
    </Property>
    <Property name="Midplane" type="App::PropertyBool">
      <Bool value="false"/>
    </Property>
    <Property name="NewSolid" type="App::PropertyBool">
      <Bool value="false"/>
    </Property>
    <Property name="Offset" type="App::PropertyLength" status="4">
      <Float value="0"/>
    </Property>
    <Property name="Placement" type="App::PropertyPlacement" status="8388620">
      <PropertyPlacement Px="0" Py="0" Pz="0" Q0="0" Q1="0" Q2="0" Q3="1" A="0" Ox="0" Oy="0" Oz="1"/>
    </Property>
    <Property name="Profile" type="App::PropertyLinkSub">
      <LinkSub value="Sketch001" count="1">
        <Sub value=""/>
      </LinkSub>
    </Property>
    <Property name="ReferenceAxis" type="App::PropertyLinkSub">
      <LinkSub value="Sketch001" count="1">
        <Sub value="N_Axis"/>
      </LinkSub>
    </Property>
    <Property name="Refine" type="App::PropertyBool">
      <Bool value="false"/>
    </Property>
    <Property name="Reversed" type="App::PropertyBool">
      <Bool value="false"/>
    </Property>
    <Property name="Shape" type="Part::PropertyPartShape">
      <Part HasherIndex="0" ElementMap="1.15.70200.4" brep="1">
<![CDATA[

CASCADE Topology V1, (c) Matra-Datavision
Locations 6
1
              1               0               0               0 
              0               1               0               0 
              0               0               1               0 
1
              1               0               0               0 
              0               1               0               0 
              0               0               1               0 
1
2.22044604925031e-16 -3.33066907387547e-16               1               0 
              1 3.33066907387547e-16 -2.22044604925031e-16               0 
-3.33066907387547e-16               1 3.33066907387547e-16               0 
2  2 1 3 1 0
1
              1               0               0            2.45 
              0               1               0 -8.1601392309949e-16 
              0               0               1 9.52016243616072e-16 
2  2 1 3 1 5 1 0
Curve2ds 0
Curves 16
1 -7.234499027620045e-15 -20.948143192757204 7.7554292881631035 1 -3.3306690738754696e-16 3.8857805861880479e-16 
1 -1.3034086491148445e-15 0.17598310935643502 4.0306758772143532 1 -3.3306690738754696e-16 3.8857805861880479e-16 
1 -20.948143192757207 7.7554292881630964 0 0.98480775301226575 -0.17364817766660362 0 
1 -6.0767021009754462e-15 -21.642735903423631 3.8161982761139401 1 -3.3306690738754696e-16 3.8857805861880479e-16 
1 -20.948143192757207 7.7554292881630964 0 -0.17364817766660154 -0.98480775301226608 0 
1 0 0 0 1 -3.3306690738754696e-16 3.8857805861880479e-16 
1 0 0 0 -0.98480775301226608 0.17364817766660168 0 
1 4.0458175888490791e-15 20.9731061225316 1.8349090246545863 1 -3.3306690738754696e-16 3.8857805861880479e-16 
1 0 0 0 0.99619469809171701 0.087155742747984807 0 
1 6.1278395414124798e-15 41.624364360351116 9.3513523233731082 1 -3.3306690738754696e-16 3.8857805861880479e-16 
1 20.9731061225316 1.8349090246545932 0 0.93969262078579852 0.34202014332597086 0 
1 4.5721425706073911e-15 40.25628378704711 13.110122806516571 1 -3.3306690738754696e-16 3.8857805861880479e-16 
1 40.256283787047103 13.110122806516586 0 0.34202014332597785 -0.93969262078579585 0 
1 2.5400106402462283e-15 20.099877071191276 5.7737907321741693 1 -3.3306690738754696e-16 3.8857805861880479e-16 
1 20.099877071191273 5.7737907321741764 0 0.93969262078579585 0.3420201433259778 0 
1 0.17598310935643369 4.0306758772143532 0 0.99619469809171668 0.087155742747988943 0 
Polygon3D 0
PolygonOnTriangulations 0
Surfaces 9
1 -7.234499027620045e-15 -20.948143192757204 7.7554292881631035 -3.2483822326935449e-16 0.17364817766660395 0.98480775301226564 2.7650770995361532e-16 0.98480775301226564 -0.17364817766660395 -1 2.1589937102280637e-16 -3.6791826069460084e-16 
1 -7.234499027620045e-15 -20.948143192757204 7.7554292881631035 3.9548274442745606e-16 0.98480775301226597 -0.17364817766660187 2.8944923166114251e-16 -0.17364817766660187 -0.98480775301226597 -1 3.3921214128977176e-16 -3.5372670531175076e-16 
1 0 0 0 3.2483822326935528e-16 -0.17364817766660201 -0.98480775301226597 -2.7650770995361473e-16 -0.98480775301226597 0.17364817766660201 -1 2.1589937102280637e-16 -3.6791826069460109e-16 
1 0 0 0 -4.1612809548896159e-16 -0.087155742747984474 0.99619469809171701 1.9217096446805023e-16 0.99619469809171701 0.087155742747984474 -1 2.2770764917088804e-16 -3.9779579931029782e-16 
1 4.0458175888490791e-15 20.9731061225316 1.8349090246545863 -4.7905952568518893e-16 -0.34202014332597053 0.93969262078579863 9.4738085331523195e-17 0.93969262078579863 0.34202014332597053 -1 2.5287268732992737e-16 -4.1776636768000109e-16 
1 4.5721425706073911e-15 40.25628378704711 13.110122806516571 1.8007899179789027e-16 0.93969262078579596 0.34202014332597752 3.8892424270124324e-16 0.34202014332597752 -0.93969262078579596 -1 3.0223882498264986e-16 -3.0387859832635031e-16 
1 2.5400106402462283e-15 20.099877071191276 5.7737907321741693 -4.7905952568519021e-16 -0.34202014332597747 0.93969262078579596 9.4738085331520336e-17 0.93969262078579596 0.34202014332597747 -1 2.5287268732992826e-16 -4.1776636768000144e-16 
1 -1.3034086491148445e-15 0.17598310935643502 4.0306758772143532 -4.1612809548896278e-16 -0.08715574274798861 0.99619469809171668 1.9217096446804876e-16 0.99619469809171668 0.08715574274798861 -1 2.2770764917088829e-16 -3.9779579931029811e-16 
1 5.8466471873869893e-16 10.129581582761654 4.9976571822089113 1 0 3.3306690738754701e-16 -3.3306690738754701e-16 0 1 0 -1 0 
Triangulations 0

TShapes 44
Ve
1e-07
-20.9481431927572 7.7554292881631 0
0 0

0101101
*
Ed
 1e-07 1 1 0
1  1 0 0 2.45
0

0101000
+44 4 -44 6 *
Ve
1e-07
0.175983109356434 4.03067587721435 0
0 0

0101101
*
Ed
 1e-07 1 1 0
1  2 0 0 2.45
0

0101000
+42 4 -42 6 *
Ed
 1e-07 1 1 0
1  3 0 0 21.4500000000005
0

0101000
+44 0 -42 0 *
Wi

0101100
+43 0 -41 0 -40 4 +40 6 *
Fa
0  1e-07 1 0

0101000
+39 0 *
Ve
1e-07
-21.6427359034236 3.81619827611393 0
0 0

0101101
*
Ed
 1e-07 1 1 0
1  4 0 0 2.45
0

0101000
+37 4 -37 6 *
Ed
 1e-07 1 1 0
1  5 0 0 4.0000000000001
0

0101000
+44 0 -37 0 *
Wi

0101100
+43 0 -36 0 -35 4 +35 6 *
Fa
0  1e-07 2 0

0101000
+34 0 *
Ve
1e-07
0 0 0
0 0

0101101
*
Ed
 1e-07 1 1 0
1  6 0 0 2.45
0

0101000
+32 4 -32 6 *
Ed
 1e-07 1 1 0
1  7 0 0 21.9766099903501
0

0101000
+32 0 -37 0 *
Wi

0101100
+31 0 -36 0 -30 4 +30 6 *
Fa
0  1e-07 3 0

0101000
+29 0 *
Ve
1e-07
20.9731061225316 1.83490902465459 0
0 0

0101101
*
Ed
 1e-07 1 1 0
1  8 0 0 2.45
0

0101000
+27 4 -27 6 *
Ed
 1e-07 1 1 0
1  9 0 0 21.0532199806997
0

0101000
+32 0 -27 0 *
Wi

0101100
+31 0 -26 0 -25 4 +25 6 *
Fa
0  1e-07 4 0

0101000
+24 0 *
Ve
1e-07
41.6243643603511 9.35135232337312 0
0 0

0101101
*
Ed
 1e-07 1 1 0
1  10 0 0 2.45
0

0101000
+22 4 -22 6 *
Ed
 1e-07 1 1 0
1  11 0 0 21.9766099903502
0

0101000
+27 0 -22 0 *
Wi

0101100
+26 0 -21 0 -20 4 +20 6 *
Fa
0  1e-07 5 0

0101000
+19 0 *
Ve
1e-07
40.2562837870471 13.1101228065166 0
0 0

0101101
*
Ed
 1e-07 1 1 0
1  12 0 0 2.45
0

0101000
+17 4 -17 6 *
Ed
 1e-07 1 1 0
1  13 0 0 4.0000000000003
0

0101000
+17 0 -22 0 *
Wi

0101100
+16 0 -21 0 -15 4 +15 6 *
Fa
0  1e-07 6 0

0101000
+14 0 *
Ve
1e-07
20.0998770711913 5.77379073217418 0
0 0

0101101
*
Ed
 1e-07 1 1 0
1  14 0 0 2.45
0

0101000
+12 4 -12 6 *
Ed
 1e-07 1 1 0
1  15 0 0 21.4500000000005
0

0101000
+12 0 -17 0 *
Wi

0101100
+11 0 -16 0 -10 4 +10 6 *
Fa
0  1e-07 7 0

0101000
+9 0 *
Ed
 1e-07 1 1 0
1  16 0 0 20.0000000000005
0

0101000
+42 0 -12 0 *
Wi

0101100
+41 0 -11 0 -7 4 +7 6 *
Fa
0  1e-07 8 0

0101000
+6 0 *
Wi

0101100
-40 0 +35 0 -30 0 +25 0 +20 0 -15 0 -10 0 -7 0 *
Fa
0  1e-07 9 0

0101000
+4 4 *
Sh

0101100
-38 0 +33 0 -28 0 +23 0 +18 0 -13 0 -8 0 -5 0 +3 0 -3 5 
*
So

1100000
-2 0 *

+1 1 ]]>
      </Part>
      <ElementMap new="1" count="1"><Element key="Dummy" value="Dummy"/></ElementMap>
      <ElementMap2 count="58">
<![CDATA[
6 PostfixCount 11
Edge
Face
Vertex
;:G;XTR;:Heda:7,E
;:G;XTR;:Heda:7,F
;:U;XTR;:Heda:7,E
;:U;XTR;:Heda:7,V
;FAC;:Heda:4,F
;:G0;XTR;:Heda:8,F
;SKT;:Heda,E
;SKT;:Heda,V

MapCount 1

ElementMap 1 6 3

Edge

ChildCount 0

NameCount 25
0
$#cc3.4 0
$#cc4.4 0
;g66.a 0
$#cdd.6 0
$#cc5.4 0
;g57.a 0
$#cde.6 0
$#cc6.4 0
;g58.a 0
$#cdf.6 0
$#1237.4 0
;g75.a 0
$#123c.6 0
$#1238.4 0
;g76.a 0
$#123d.6 0
$#cce.4 0
;g74.a 0
$#123e.6 0
$#ccf.4 0
;g64.a 0
$#ce8.6 0
;g65.a 0
$#ce9.6 0

Face

ChildCount 0

NameCount 11
0
$#cd0.5 0
$#cc1.5 0
$#cd1.5 0
$#1239.5 0
$#123a.5 0
$#123b.5 0
$#cda.5 0
$#cdb.5 0
$#cc1.8 0
$#cdc.9 0

Vertex

ChildCount 0

NameCount 17
0
;g57v1.b ;g66v1.b 0
$#cea.7 0
;g66v2.b ;g65v1.b 0
$#ceb.7 0
;g57v2.b ;g58v2.b 0
$#cec.7 0
;g58v1.b ;g75v1.b 0
$#ced.7 0
;g75v2.b ;g76v1.b 0
$#123f.7 0
;g74v2.b ;g76v2.b 0
$#1240.7 0
;g64v2.b ;g74v1.b 0
$#cf5.7 0
;g65v2.b ;g64v1.b 0
$#cf6.7 0

EndMap
]]>
      </ElementMap2>
    </Property>
    <Property name="Suppress" type="App::PropertyBool">
      <Bool value="false"/>
    </Property>
    <Property name="SuppressedShape" type="Part::PropertyPartShape">
      <Part ElementMap="0.15.70200.4" brep="1">
<![CDATA[

CASCADE Topology V1, (c) Matra-Datavision
Locations 0
Curve2ds 0
Curves 0
Polygon3D 0
PolygonOnTriangulations 0
Surfaces 0
Triangulations 0

TShapes 0

*]]>
      </Part>
      <ElementMap/>
    </Property>
    <Property name="TaperAngle" type="App::PropertyAngle" status="4">
      <Float value="0"/>
    </Property>
    <Property name="TaperAngle2" type="App::PropertyAngle" status="4">
      <Float value="0"/>
    </Property>
    <Property name="TaperAngleRev" type="App::PropertyAngle" status="4">
      <Float value="0"/>
    </Property>
    <Property name="TaperInnerAngle" type="App::PropertyAngle">
      <Float value="0"/>
    </Property>
    <Property name="TaperInnerAngleRev" type="App::PropertyAngle">
      <Float value="0"/>
    </Property>
    <Property name="TreeRank" type="App::PropertyInteger" status="2184">
      <Integer value="15"/>
    </Property>
    <Property name="Type" type="App::PropertyEnumeration">
      <Integer value="0"/>
    </Property>
    <Property name="UpToFace" type="App::PropertyLinkSub" status="4">
      <LinkSub value="" count="0">
      </LinkSub>
    </Property>
    <Property name="UseCustomVector" type="App::PropertyBool">
      <Bool value="false"/>
    </Property>
    <Property name="UsePipeForDraft" type="App::PropertyBool">
      <Bool value="false"/>
    </Property>
    <Property name="ValidateShape" type="App::PropertyBool">
      <Bool value="true"/>
    </Property>
    <Property name="Visibility" type="App::PropertyBool" status="648">
      <Bool value="false"/>
    </Property>
    <Property name="_ProfileBasedVersion" type="App::PropertyInteger" status="67108864">
      <Integer value="1"/>
    </Property>
    <Property name="_Siblings" type="App::PropertyLinkList" status="218103808">
      <LinkList count="0">
      </LinkList>
    </Property>
  </Properties>
</Object>
</Document>
