<?xml version='1.0' encoding='utf-8'?>
<!-- FreeCAD DocumentObject -->
<Document SchemaVersion="4" FileVersion="2">
<Object name="Pad001">
  <Properties Count="47" TransientCount="2">
    <_Property name="_Body" type="App::PropertyLinkHidden" status="251658241"/>
    <_Property name="_ElementMapVersion" type="App::PropertyString" status="234881024"/>
    <Property name="AddSubShape" type="Part::PropertyPartShape">
      <Part HasherIndex="0" ElementMap="1.15.70200.4" brep="1">
<![CDATA[

CASCADE Topology V1, (c) Matra-Datavision
Locations 8
1
              1               0               0               0 
              0               1               0               0 
              0               0               1               0 
1
2.22044604925031e-16 -3.33066907387547e-16               1               0 
              1 3.33066907387547e-16 -2.22044604925031e-16               0 
-3.33066907387547e-16               1 3.33066907387547e-16               0 
1
              1               0               0            -3.2 
              0               1               0 1.06581410364015e-15 
              0               0               1 -1.24344978758018e-15 
2  1 1 2 1 3 1 0
1
              1               0               0             7.8 
              0               1               0 -2.59792187762287e-15 
              0               0               1 3.03090885722668e-15 
2  1 1 2 1 3 1 5 1 0
2  1 1 2 1 0
2  3 1 5 1 0
Curve2ds 0
Curves 48
1 -3.1999999999999971 20.736760172131817 4.4625394535336245 1 -3.3306690738754696e-16 3.8857805861880479e-16 
1 -3.1999999999999966 24.4955306552751 5.8306200268375736 1 -3.3306690738754696e-16 3.8857805861880479e-16 
1 20.736760172131817 4.4625394535336325 0 0.93969262078579563 0.34202014332597863 0 
1 -3.1999999999999962 25.042762884596666 4.3271118335802932 1 -3.3306690738754696e-16 3.8857805861880479e-16 
1 24.495530655275097 5.8306200268375825 0 0.34202014332597891 -0.93969262078579552 0 
1 -3.1999999999999966 21.283992401453382 2.9590312602763453 1 -3.3306690738754696e-16 3.8857805861880479e-16 
1 21.283992401453382 2.9590312602763538 0 0.93969262078579585 0.34202014332597797 0 
1 20.736760172131817 4.4625394535336325 0 0.3420201433259773 -0.93969262078579618 0 
1 -3.1999999999999953 39.24870480161249 11.20033627705557 1 -3.3306690738754696e-16 3.8857805861880479e-16 
1 -3.1999999999999957 35.489934318469203 9.8322557037516205 1 -3.3306690738754696e-16 3.8857805861880479e-16 
1 39.248704801612483 11.200336277055584 0 -0.93969262078579574 -0.34202014332597847 0 
1 -3.1999999999999948 36.037166547790768 8.32874751049434 1 -3.3306690738754696e-16 3.8857805861880479e-16 
1 36.037166547790768 8.3287475104943542 0 -0.34202014332597697 0.9396926207857963 0 
1 -3.1999999999999944 39.795937030934049 9.6968280837982892 1 -3.3306690738754696e-16 3.8857805861880479e-16 
1 36.037166547790768 8.3287475104943542 0 0.93969262078579574 0.34202014332597847 0 
1 39.795937030934049 9.6968280837983034 0 -0.34202014332597697 0.9396926207857963 0 
1 -3.2000000000000064 -19.624240645554114 6.0496209620287082 1 -3.3306690738754696e-16 3.8857805861880479e-16 
1 -3.2000000000000055 -15.685009633504947 5.3550282513622696 1 -3.3306690738754696e-16 3.8857805861880479e-16 
1 -19.624240645554117 6.0496209620287029 0 0.98480775301226553 -0.17364817766660487 0 
1 -3.2000000000000051 -15.962846717771519 3.7793358465426277 1 -3.3306690738754696e-16 3.8857805861880479e-16 
1 -15.962846717771523 3.7793358465426237 0 0.17364817766660581 0.98480775301226531 0 
1 -3.200000000000006 -19.902077729820686 4.4739285572090424 1 -3.3306690738754696e-16 3.8857805861880479e-16 
1 -19.902077729820686 4.473928557209037 0 0.98480775301226653 -0.1736481776665991 0 
1 -19.624240645554117 6.0496209620287029 0 -0.17364817766660107 -0.9848077530122662 0 
1 -3.2000000000000024 -4.1627589232611539 3.3233445726629673 1 -3.3306690738754696e-16 3.8857805861880479e-16 
1 -3.2000000000000011 -0.2235279112119864 2.6287518619965211 1 -3.3306690738754696e-16 3.8857805861880479e-16 
1 -4.1627589232611557 3.3233445726629673 0 0.9848077530122652 -0.17364817766660653 0 
1 -3.2000000000000006 -0.50136499547855384 1.0530594571769054 1 -3.3306690738754696e-16 3.8857805861880479e-16 
1 -0.22352791121198834 2.6287518619965224 0 -0.17364817766660531 -0.98480775301226542 0 
1 -3.200000000000002 -4.4405960075277182 1.7476521678433252 1 -3.3306690738754696e-16 3.8857805861880479e-16 
1 -4.44059600752772 1.747652167843325 0 0.98480775301226631 -0.17364817766660026 0 
1 -4.1627589232611557 3.3233445726629673 0 -0.17364817766660087 -0.9848077530122662 0 
1 -3.2000000000000002 0.59123732945155327 1.0053554094467734 1 -3.3306690738754696e-16 3.8857805861880479e-16 
1 -3.1999999999999997 4.576016121818526 1.3539783804387384 1 -3.3306690738754696e-16 3.8857805861880479e-16 
1 0.59123732945155183 1.0053554094467749 0 0.99619469809171657 0.087155742747989276 0 
1 -3.2000000000000002 4.4365669334217426 2.9478898973854877 1 -3.3306690738754696e-16 3.8857805861880479e-16 
1 4.5760161218185242 1.3539783804387413 0 -0.087155742747989512 0.99619469809171657 0 
1 -3.2000000000000011 0.45178814105477211 2.5992669263935118 1 -3.3306690738754696e-16 3.8857805861880479e-16 
1 0.45178814105477016 2.5992669263935131 0 0.99619469809171635 0.08715574274799201 0 
1 0.59123732945155183 1.0053554094467749 0 -0.087155742747988998 0.99619469809171657 0 
1 -3.1999999999999971 20.076823693462106 4.3162350585289477 1 -3.3306690738754696e-16 3.8857805861880479e-16 
1 -3.199999999999998 16.092044901095136 3.9676120875369811 1 -3.3306690738754696e-16 3.8857805861880479e-16 
1 20.076823693462106 4.3162350585289557 0 -0.99619469809171657 -0.087155742747989692 0 
1 -3.1999999999999975 16.231494089491918 2.3737005705902328 1 -3.3306690738754696e-16 3.8857805861880479e-16 
1 16.092044901095136 3.9676120875369878 0 0.087155742747988457 -0.99619469809171668 0 
1 -3.1999999999999966 20.216272881858892 2.7223235415821985 1 -3.3306690738754696e-16 3.8857805861880479e-16 
1 20.216272881858892 2.7223235415822065 0 -0.99619469809171657 -0.087155742747989401 0 
1 20.076823693462106 4.3162350585289557 0 0.087155742747990594 -0.99619469809171646 0 
Polygon3D 0
PolygonOnTriangulations 0
Surfaces 30
1 -3.1999999999999971 20.736760172131817 4.4625394535336245 -4.7905952568519041e-16 -0.3420201433259783 0.93969262078579574 9.4738085331520064e-17 0.93969262078579574 0.3420201433259783 -1 2.5287268732992841e-16 -4.1776636768000154e-16 
1 -3.1999999999999966 24.4955306552751 5.8306200268375736 1.8007899179788975e-16 0.93969262078579563 0.34202014332597858 3.8892424270124334e-16 0.34202014332597858 -0.93969262078579563 -1 3.0223882498264976e-16 -3.0387859832635021e-16 
1 -3.1999999999999966 21.283992401453382 2.9590312602763453 -4.7905952568519021e-16 -0.34202014332597763 0.93969262078579596 9.4738085331520434e-17 0.93969262078579596 0.34202014332597763 -1 2.5287268732992841e-16 -4.1776636768000134e-16 
1 -3.1999999999999971 20.736760172131817 4.4625394535336245 1.8007899179789064e-16 0.9396926207857963 0.34202014332597697 3.8892424270124304e-16 0.34202014332597697 -0.9396926207857963 -1 3.0223882498264991e-16 -3.0387859832635016e-16 
1 7.8454631488318624e-16 10.179192097491127 4.4306064040855393 1 0 3.3306690738754672e-16 -3.3306690738754672e-16 0 1 0 -1 0 
1 -3.1999999999999953 39.24870480161249 11.20033627705557 4.7905952568519041e-16 0.34202014332597813 -0.93969262078579585 -9.4738085331519966e-17 -0.93969262078579585 -0.34202014332597813 -1 2.5287268732992826e-16 -4.1776636768000159e-16 
1 -3.1999999999999948 36.037166547790768 8.32874751049434 -1.8007899179789076e-16 -0.93969262078579641 -0.34202014332597663 -3.8892424270124319e-16 -0.34202014332597663 0.93969262078579641 -1 3.0223882498264996e-16 -3.0387859832635036e-16 
1 -3.1999999999999948 36.037166547790768 8.32874751049434 -4.7905952568519041e-16 -0.34202014332597813 0.93969262078579585 9.4738085331519966e-17 0.93969262078579585 0.34202014332597813 -1 2.5287268732992826e-16 -4.1776636768000159e-16 
1 -3.1999999999999944 39.795937030934049 9.6968280837982892 -1.8007899179789076e-16 -0.93969262078579641 -0.34202014332597663 -3.8892424270124319e-16 -0.34202014332597663 0.93969262078579641 -1 3.0223882498264996e-16 -3.0387859832635036e-16 
1 7.8454631488318624e-16 10.179192097491127 4.4306064040855393 1 0 3.3306690738754672e-16 -3.3306690738754672e-16 0 1 0 -1 0 
1 -3.2000000000000064 -19.624240645554114 6.0496209620287082 -3.2483822326935404e-16 0.1736481776666052 0.98480775301226553 2.7650770995361577e-16 0.98480775301226553 -0.1736481776666052 -1 2.1589937102280637e-16 -3.6791826069460069e-16 
1 -3.2000000000000051 -15.962846717771519 3.7793358465426277 -3.9548274442745749e-16 -0.98480775301226531 0.17364817766660617 -2.8944923166114123e-16 0.17364817766660617 0.98480775301226531 -1 3.3921214128977181e-16 -3.5372670531175116e-16 
1 -3.200000000000006 -19.902077729820686 4.4739285572090424 -3.2483822326935631e-16 0.17364817766659943 0.98480775301226642 2.7650770995361399e-16 0.98480775301226642 -0.17364817766659943 -1 2.1589937102280642e-16 -3.6791826069460143e-16 
1 -3.2000000000000064 -19.624240645554114 6.0496209620287082 3.9548274442745596e-16 0.98480775301226608 -0.1736481776666014 2.8944923166114261e-16 -0.1736481776666014 -0.98480775301226608 -1 3.3921214128977186e-16 -3.5372670531175071e-16 
1 7.8454631488318624e-16 10.179192097491127 4.4306064040855393 1 0 3.3306690738754672e-16 -3.3306690738754672e-16 0 1 0 -1 0 
1 -3.2000000000000024 -4.1627589232611539 3.3233445726629673 -3.2483822326935335e-16 0.1736481776666069 0.9848077530122652 2.7650770995361621e-16 0.9848077530122652 -0.1736481776666069 -1 2.1589937102280629e-16 -3.6791826069460045e-16 
1 -3.2000000000000011 -0.2235279112119864 2.6287518619965211 3.9548274442745735e-16 0.98480775301226542 -0.17364817766660565 2.8944923166114138e-16 -0.17364817766660565 -0.98480775301226542 -1 3.3921214128977181e-16 -3.5372670531175111e-16 
1 -3.200000000000002 -4.4405960075277182 1.7476521678433252 -3.2483822326935587e-16 0.17364817766660059 0.9848077530122662 2.7650770995361414e-16 0.9848077530122662 -0.17364817766660059 -1 2.1589937102280617e-16 -3.6791826069460128e-16 
1 -3.2000000000000024 -4.1627589232611539 3.3233445726629673 3.9548274442745587e-16 0.98480775301226608 -0.17364817766660121 2.8944923166114261e-16 -0.17364817766660121 -0.98480775301226608 -1 3.3921214128977181e-16 -3.5372670531175066e-16 
1 7.8454631488318624e-16 10.179192097491127 4.4306064040855393 1 0 3.3306690738754672e-16 -3.3306690738754672e-16 0 1 0 -1 0 
1 -3.2000000000000002 0.59123732945155327 1.0053554094467734 -4.1612809548896288e-16 -0.087155742747988943 0.99619469809171657 1.9217096446804863e-16 0.99619469809171657 0.087155742747988943 -1 2.2770764917088834e-16 -3.9779579931029821e-16 
1 -3.1999999999999997 4.576016121818526 1.3539783804387384 -2.9793267793478547e-16 -0.99619469809171657 -0.087155742747989179 -3.5115194971470401e-16 -0.087155742747989179 0.99619469809171657 -1 3.2740386314168978e-16 -3.2384916669605354e-16 
1 -3.2000000000000011 0.45178814105477211 2.5992669263935118 -4.1612809548896371e-16 -0.087155742747991677 0.99619469809171635 1.9217096446804767e-16 0.99619469809171635 0.087155742747991677 -1 2.2770764917088854e-16 -3.9779579931029851e-16 
1 -3.2000000000000002 0.59123732945155327 1.0053554094467734 -2.9793267793478567e-16 -0.99619469809171668 -0.087155742747988679 -3.5115194971470376e-16 -0.087155742747988679 0.99619469809171668 -1 3.2740386314168983e-16 -3.2384916669605339e-16 
1 7.8454631488318624e-16 10.179192097491127 4.4306064040855393 1 0 3.3306690738754672e-16 -3.3306690738754672e-16 0 1 0 -1 0 
1 -3.1999999999999971 20.076823693462106 4.3162350585289477 4.1612809548896298e-16 0.087155742747989359 -0.99619469809171657 -1.9217096446804851e-16 -0.99619469809171657 -0.087155742747989359 -1 2.2770764917088839e-16 -3.9779579931029821e-16 
1 -3.199999999999998 16.092044901095136 3.9676120875369811 2.9793267793478587e-16 0.99619469809171668 0.087155742747988124 3.5115194971470386e-16 0.087155742747988124 -0.99619469809171668 -1 3.2740386314168988e-16 -3.2384916669605369e-16 
1 -3.1999999999999966 20.216272881858892 2.7223235415821985 4.1612809548896288e-16 0.087155742747989068 -0.99619469809171657 -1.9217096446804858e-16 -0.99619469809171657 -0.087155742747989068 -1 2.2770764917088834e-16 -3.9779579931029816e-16 
1 -3.1999999999999971 20.076823693462106 4.3162350585289477 2.9793267793478503e-16 0.99619469809171646 0.087155742747990261 3.511519497147042e-16 0.087155742747990261 -0.99619469809171646 -1 3.2740386314168978e-16 -3.2384916669605339e-16 
1 7.8454631488318624e-16 10.179192097491127 4.4306064040855393 1 0 3.3306690738754672e-16 -3.3306690738754672e-16 0 1 0 -1 0 
Triangulations 0

TShapes 145
Ve
1e-07
20.7367601721318 4.46253945353363 0
0 0

0101101
*
Ed
 1e-07 1 1 0
1  1 0 0 7.8
0

0101000
+145 4 -145 6 *
Ve
1e-07
24.4955306552751 5.83062002683758 0
0 0

0101101
*
Ed
 1e-07 1 1 0
1  2 0 0 7.8
0

0101000
+143 4 -143 6 *
Ed
 1e-07 1 1 0
1  3 0 0 4.0000000000001
0

0101000
+145 0 -143 0 *
Wi

0101100
+144 0 -142 0 -141 4 +141 6 *
Fa
0  1e-07 1 0

0111000
+140 0 *
Ve
1e-07
25.0427628845967 4.3271118335803 0
0 0

0101101
*
Ed
 1e-07 1 1 0
1  4 0 0 7.8
0

0101000
+138 4 -138 6 *
Ed
 1e-07 1 1 0
1  5 0 0 1.60000000000001
0

0101000
+143 0 -138 0 *
Wi

0101100
+142 0 -137 0 -136 4 +136 6 *
Fa
0  1e-07 2 0

0111000
+135 0 *
Ve
1e-07
21.2839924014534 2.95903126027635 0
0 0

0101101
*
Ed
 1e-07 1 1 0
1  6 0 0 7.8
0

0101000
+133 4 -133 6 *
Ed
 1e-07 1 1 0
1  7 0 0 4.00000000000011
0

0101000
+133 0 -138 0 *
Wi

0101100
+132 0 -137 0 -131 4 +131 6 *
Fa
0  1e-07 3 0

0111000
+130 0 *
Ed
 1e-07 1 1 0
1  8 0 0 1.60000000000001
0

0101000
+145 0 -133 0 *
Wi

0101100
+144 0 -132 0 -128 4 +128 6 *
Fa
0  1e-07 4 0

0111000
+127 0 *
Wi

0101100
+141 0 +136 0 -131 0 -128 0 *
Fa
0  1e-07 5 0

0111000
-125 7 *
Sh

0101100
-139 0 -134 0 +129 0 +126 0 +124 3 -124 8 *
So

0100000
-123 0 *
Ve
1e-07
39.2487048016125 11.2003362770556 0
0 0

0101101
*
Ed
 1e-07 1 1 0
1  9 0 0 7.8
0

0101000
+121 4 -121 6 *
Ve
1e-07
35.4899343184692 9.83225570375163 0
0 0

0101101
*
Ed
 1e-07 1 1 0
1  10 0 0 7.8
0

0101000
+119 4 -119 6 *
Ed
 1e-07 1 1 0
1  11 0 0 4.0000000000001
0

0101000
+121 0 -119 0 *
Wi

0101100
+120 0 -118 0 -117 4 +117 6 *
Fa
0  1e-07 6 0

0111000
+116 0 *
Ve
1e-07
36.0371665477908 8.32874751049435 0
0 0

0101101
*
Ed
 1e-07 1 1 0
1  12 0 0 7.8
0

0101000
+114 4 -114 6 *
Ed
 1e-07 1 1 0
1  13 0 0 1.60000000000001
0

0101000
+114 0 -119 0 *
Wi

0101100
+113 0 -118 0 -112 4 +112 6 *
Fa
0  1e-07 7 0

0111000
+111 0 *
Ve
1e-07
39.795937030934 9.6968280837983 0
0 0

0101101
*
Ed
 1e-07 1 1 0
1  14 0 0 7.8
0

0101000
+109 4 -109 6 *
Ed
 1e-07 1 1 0
1  15 0 0 4.0000000000001
0

0101000
+114 0 -109 0 *
Wi

0101100
+113 0 -108 0 -107 4 +107 6 *
Fa
0  1e-07 8 0

0111000
+106 0 *
Ed
 1e-07 1 1 0
1  16 0 0 1.60000000000001
0

0101000
+109 0 -121 0 *
Wi

0101100
+108 0 -120 0 -104 4 +104 6 *
Fa
0  1e-07 9 0

0111000
+103 0 *
Wi

0101100
+117 0 -112 0 +107 0 +104 0 *
Fa
0  1e-07 10 0

0111000
+101 7 *
Sh

0101100
+115 0 -110 0 +105 0 +102 0 +100 3 -100 8 *
So

0100000
-99 0 *
Ve
1e-07
-19.6242406455541 6.0496209620287 0
0 0

0101101
*
Ed
 1e-07 1 1 0
1  17 0 0 7.8
0

0101000
+97 4 -97 6 *
Ve
1e-07
-15.685009633505 5.35502825136227 0
0 0

0101101
*
Ed
 1e-07 1 1 0
1  18 0 0 7.8
0

0101000
+95 4 -95 6 *
Ed
 1e-07 1 1 0
1  19 0 0 4.00000000000011
0

0101000
+97 0 -95 0 *
Wi

0101100
+96 0 -94 0 -93 4 +93 6 *
Fa
0  1e-07 11 0

0111000
+92 0 *
Ve
1e-07
-15.9628467177715 3.77933584654262 0
0 0

0101101
*
Ed
 1e-07 1 1 0
1  20 0 0 7.8
0

0101000
+90 4 -90 6 *
Ed
 1e-07 1 1 0
1  21 0 0 1.60000000000002
0

0101000
+90 0 -95 0 *
Wi

0101100
+89 0 -94 0 -88 4 +88 6 *
Fa
0  1e-07 12 0

0111000
+87 0 *
Ve
1e-07
-19.9020777298207 4.47392855720904 0
0 0

0101101
*
Ed
 1e-07 1 1 0
1  22 0 0 7.8
0

0101000
+85 4 -85 6 *
Ed
 1e-07 1 1 0
1  23 0 0 4.0000000000001
0

0101000
+85 0 -90 0 *
Wi

0101100
+84 0 -89 0 -83 4 +83 6 *
Fa
0  1e-07 13 0

0111000
+82 0 *
Ed
 1e-07 1 1 0
1  24 0 0 1.60000000000004
0

0101000
+97 0 -85 0 *
Wi

0101100
+96 0 -84 0 -80 4 +80 6 *
Fa
0  1e-07 14 0

0111000
+79 0 *
Wi

0101100
+93 0 -88 0 -83 0 -80 0 *
Fa
0  1e-07 15 0

0111000
-77 7 *
Sh

0101100
-91 0 +86 0 +81 0 +78 0 +76 3 -76 8 *
So

0100000
-75 0 *
Ve
1e-07
-4.16275892326116 3.32334457266297 0
0 0

0101101
*
Ed
 1e-07 1 1 0
1  25 0 0 7.8
0

0101000
+73 4 -73 6 *
Ve
1e-07
-0.223527911211988 2.62875186199652 0
0 0

0101101
*
Ed
 1e-07 1 1 0
1  26 0 0 7.8
0

0101000
+71 4 -71 6 *
Ed
 1e-07 1 1 0
1  27 0 0 4.00000000000011
0

0101000
+73 0 -71 0 *
Wi

0101100
+72 0 -70 0 -69 4 +69 6 *
Fa
0  1e-07 16 0

0111000
+68 0 *
Ve
1e-07
-0.501364995478555 1.05305945717691 0
0 0

0101101
*
Ed
 1e-07 1 1 0
1  28 0 0 7.8
0

0101000
+66 4 -66 6 *
Ed
 1e-07 1 1 0
1  29 0 0 1.59999999999999
0

0101000
+71 0 -66 0 *
Wi

0101100
+70 0 -65 0 -64 4 +64 6 *
Fa
0  1e-07 17 0

0111000
+63 0 *
Ve
1e-07
-4.44059600752772 1.74765216784332 0
0 0

0101101
*
Ed
 1e-07 1 1 0
1  30 0 0 7.8
0

0101000
+61 4 -61 6 *
Ed
 1e-07 1 1 0
1  31 0 0 4.0000000000001
0

0101000
+61 0 -66 0 *
Wi

0101100
+60 0 -65 0 -59 4 +59 6 *
Fa
0  1e-07 18 0

0111000
+58 0 *
Ed
 1e-07 1 1 0
1  32 0 0 1.60000000000002
0

0101000
+73 0 -61 0 *
Wi

0101100
+72 0 -60 0 -56 4 +56 6 *
Fa
0  1e-07 19 0

0111000
+55 0 *
Wi

0101100
+69 0 +64 0 -59 0 -56 0 *
Fa
0  1e-07 20 0

0111000
-53 7 *
Sh

0101100
-67 0 -62 0 +57 0 +54 0 +52 3 -52 8 *
So

0100000
-51 0 *
Ve
1e-07
0.591237329451552 1.00535540944677 0
0 0

0101101
*
Ed
 1e-07 1 1 0
1  33 0 0 7.8
0

0101000
+49 4 -49 6 *
Ve
1e-07
4.57601612181852 1.35397838043874 0
0 0

0101101
*
Ed
 1e-07 1 1 0
1  34 0 0 7.8
0

0101000
+47 4 -47 6 *
Ed
 1e-07 1 1 0
1  35 0 0 4.00000000000011
0

0101000
+49 0 -47 0 *
Wi

0101100
+48 0 -46 0 -45 4 +45 6 *
Fa
0  1e-07 21 0

0111000
+44 0 *
Ve
1e-07
4.43656693342174 2.94788989738549 0
0 0

0101101
*
Ed
 1e-07 1 1 0
1  36 0 0 7.8
0

0101000
+42 4 -42 6 *
Ed
 1e-07 1 1 0
1  37 0 0 1.6
0

0101000
+47 0 -42 0 *
Wi

0101100
+46 0 -41 0 -40 4 +40 6 *
Fa
0  1e-07 22 0

0111000
+39 0 *
Ve
1e-07
0.45178814105477 2.59926692639351 0
0 0

0101101
*
Ed
 1e-07 1 1 0
1  38 0 0 7.8
0

0101000
+37 4 -37 6 *
Ed
 1e-07 1 1 0
1  39 0 0 4.00000000000011
0

0101000
+37 0 -42 0 *
Wi

0101100
+36 0 -41 0 -35 4 +35 6 *
Fa
0  1e-07 23 0

0111000
+34 0 *
Ed
 1e-07 1 1 0
1  40 0 0 1.59999999999999
0

0101000
+49 0 -37 0 *
Wi

0101100
+48 0 -36 0 -32 4 +32 6 *
Fa
0  1e-07 24 0

0111000
+31 0 *
Wi

0101100
+45 0 +40 0 -35 0 -32 0 *
Fa
0  1e-07 25 0

0111000
+29 7 *
Sh

0101100
+43 0 +38 0 -33 0 -30 0 +28 3 -28 8 *
So

0100000
-27 0 *
Ve
1e-07
20.0768236934621 4.31623505852896 0
0 0

0101101
*
Ed
 1e-07 1 1 0
1  41 0 0 7.8
0

0101000
+25 4 -25 6 *
Ve
1e-07
16.0920449010951 3.96761208753699 0
0 0

0101101
*
Ed
 1e-07 1 1 0
1  42 0 0 7.8
0

0101000
+23 4 -23 6 *
Ed
 1e-07 1 1 0
1  43 0 0 4.0000000000001
0

0101000
+25 0 -23 0 *
Wi

0101100
+24 0 -22 0 -21 4 +21 6 *
Fa
0  1e-07 26 0

0111000
+20 0 *
Ve
1e-07
16.2314940894919 2.37370057059024 0
0 0

0101101
*
Ed
 1e-07 1 1 0
1  44 0 0 7.8
0

0101000
+18 4 -18 6 *
Ed
 1e-07 1 1 0
1  45 0 0 1.6
0

0101000
+23 0 -18 0 *
Wi

0101100
+22 0 -17 0 -16 4 +16 6 *
Fa
0  1e-07 27 0

0111000
+15 0 *
Ve
1e-07
20.2162728818589 2.72232354158221 0
0 0

0101101
*
Ed
 1e-07 1 1 0
1  46 0 0 7.8
0

0101000
+13 4 -13 6 *
Ed
 1e-07 1 1 0
1  47 0 0 4.00000000000011
0

0101000
+13 0 -18 0 *
Wi

0101100
+12 0 -17 0 -11 4 +11 6 *
Fa
0  1e-07 28 0

0111000
+10 0 *
Ed
 1e-07 1 1 0
1  48 0 0 1.6
0

0101000
+25 0 -13 0 *
Wi

0101100
+24 0 -12 0 -8 4 +8 6 *
Fa
0  1e-07 29 0

0111000
+7 0 *
Wi

0101100
+21 0 +16 0 -11 0 -8 0 *
Fa
0  1e-07 30 0

0111000
+5 7 *
Sh

0101100
+19 0 +14 0 -9 0 -6 0 +4 3 -4 8 *
So

0100000
-3 0 *
Co

1100000
+122 0 +98 0 +74 0 +50 0 +26 0 +2 0 *

+1 0 ]]>
      </Part>
      <ElementMap new="1" count="1"><Element key="Dummy" value="Dummy"/></ElementMap>
      <ElementMap2 count="156">
<![CDATA[
8 PostfixCount 11
Edge
Face
Vertex
;:G;XTR;:Hedc:7,F
;FAC;:Hedc:4,F
;:G;XTR;:Hedc:7,E
;:G0;XTR;:Hedc:8,F
;:U;XTR;:Hedc:7,E
;:U;XTR;:Hedc:7,V
;SKT;:Hedc,E
;SKT;:Hedc,V

MapCount 1

ElementMap 1 8 3

Edge

ChildCount 0

NameCount 73
0
$#56f.6 0
$#570.6 0
;g105.a 0
$#58f.8 0
$#571.6 0
;g106.a 0
$#590.8 0
$#572.6 0
;g107.a 0
$#591.8 0
;g108.a 0
$#592.8 0
$#573.6 0
$#574.6 0
;g113.a 0
$#593.8 0
$#575.6 0
;g114.a 0
$#594.8 0
$#576.6 0
;g115.a 0
$#595.8 0
;g116.a 0
$#596.8 0
$#214.6 0
$#215.6 0
;g72.a 0
$#234.8 0
$#216.6 0
;g73.a 0
$#235.8 0
$#217.6 0
;g74.a 0
$#236.8 0
;g75.a 0
$#237.8 0
$#218.6 0
$#219.6 0
;g76.a 0
$#238.8 0
$#21a.6 0
;g77.a 0
$#239.8 0
$#21b.6 0
;g79.a 0
$#23a.8 0
;g78.a 0
$#23b.8 0
$#21c.6 0
$#21d.6 0
;g80.a 0
$#23c.8 0
$#21e.6 0
;g81.a 0
$#23d.8 0
$#21f.6 0
;g84.a 0
$#23e.8 0
;g83.a 0
$#23f.8 0
$#220.6 0
$#221.6 0
;g85.a 0
$#240.8 0
$#222.6 0
;g86.a 0
$#241.8 0
$#223.6 0
;g87.a 0
$#242.8 0
;g88.a 0
$#243.8 0

Face

ChildCount 0

NameCount 37
0
$#565.4 0
$#57f.4 0
$#580.4 0
$#581.4 0
$#565.5 0
$#582.7 0
$#566.4 0
$#583.4 0
$#584.4 0
$#585.4 0
$#566.5 0
$#586.7 0
$#210.4 0
$#224.4 0
$#225.4 0
$#226.4 0
$#210.5 0
$#227.7 0
$#211.4 0
$#228.4 0
$#229.4 0
$#22a.4 0
$#211.5 0
$#22b.7 0
$#212.4 0
$#22c.4 0
$#22d.4 0
$#22e.4 0
$#212.5 0
$#22f.7 0
$#213.4 0
$#230.4 0
$#231.4 0
$#232.4 0
$#213.5 0
$#233.7 0

Vertex

ChildCount 0

NameCount 49
0
;g105v1.b 0
$#59f.9 0
;g105v2.b 0
$#5a0.9 0
;g106v2.b 0
$#5a1.9 0
;g107v1.b 0
$#5a2.9 0
;g113v1.b 0
$#5a3.9 0
;g113v2.b 0
$#5a4.9 0
;g114v1.b 0
$#5a5.9 0
;g115v2.b 0
$#5a6.9 0
;g72v1.b 0
$#244.9 0
;g72v2.b 0
$#245.9 0
;g73v1.b 0
$#246.9 0
;g74v1.b 0
$#247.9 0
;g76v1.b 0
$#248.9 0
;g76v2.b 0
$#249.9 0
;g77v2.b 0
$#24a.9 0
;g78v2.b 0
$#24b.9 0
;g80v1.b 0
$#24c.9 0
;g80v2.b 0
$#24d.9 0
;g81v2.b 0
$#24e.9 0
;g83v2.b 0
$#24f.9 0
;g85v1.b 0
$#250.9 0
;g85v2.b 0
$#251.9 0
;g86v2.b 0
$#252.9 0
;g87v1.b 0
$#253.9 0

EndMap
]]>
      </ElementMap2>
    </Property>
    <Property name="AddSubType" type="App::PropertyEnumeration">
      <Integer value="1"/>
    </Property>
    <Property name="AllowMultiFace" type="App::PropertyBool">
      <Bool value="true"/>
    </Property>
    <Property name="AlongSketchNormal" type="App::PropertyBool">
      <Bool value="false"/>
    </Property>
    <Property name="AutoTaperInnerAngle" type="App::PropertyBool">
      <Bool value="true"/>
    </Property>
    <Property name="BaseFeature" type="App::PropertyLink" status="8">
      <Link value="Pad"/>
    </Property>
    <Property name="CheckUpToFaceLimits" type="App::PropertyBool">
      <Bool value="true"/>
    </Property>
    <Property name="ClaimChildren" type="App::PropertyBool" status="134217728">
      <Bool value="false"/>
    </Property>
    <Property name="ColoredElements" type="App::PropertyLinkSubHidden" status="218103808">
      <LinkSub value="" count="0">
      </LinkSub>
    </Property>
    <Property name="Direction" type="App::PropertyVector" status="4">
      <PropertyVector valueX="1" valueY="-3e-16" valueZ="4e-16"/>
    </Property>
    <Property name="ExpressionEngine" type="App::PropertyExpressionEngine" status="67108864">
      <ExpressionEngine count="0"></ExpressionEngine>
    </Property>
    <Property name="Fit" type="App::PropertyDistance">
      <Float value="0"/>
    </Property>
    <Property name="FitJoin" type="App::PropertyEnumeration">
      <Integer value="0"/>
    </Property>
    <Property name="FixShape" type="App::PropertyEnumeration">
      <Integer value="0"/>
    </Property>
    <Property name="InnerFit" type="App::PropertyDistance">
      <Float value="0"/>
    </Property>
    <Property name="InnerFitJoin" type="App::PropertyEnumeration">
      <Integer value="0"/>
    </Property>
    <Property name="InvalidShape" type="App::PropertyBool" status="67108864">
      <Bool value="false"/>
    </Property>
    <Property name="Label" type="App::PropertyString" status="134217728">
      <String value="Pad001"/>
    </Property>
    <Property name="Label2" type="App::PropertyString" status="128">
      <String value=""/>
    </Property>
    <Property name="Length" type="App::PropertyLength">
      <Float value="4.6"/>
    </Property>
    <Property name="Length2" type="App::PropertyLength">
      <Float value="3.2"/>
    </Property>
    <Property name="Linearize" type="App::PropertyBool">
      <Bool value="true"/>
    </Property>
    <Property name="Midplane" type="App::PropertyBool" status="4">
      <Bool value="false"/>
    </Property>
    <Property name="NewSolid" type="App::PropertyBool">
      <Bool value="false"/>
    </Property>
    <Property name="Offset" type="App::PropertyLength" status="4">
      <Float value="0"/>
    </Property>
    <Property name="Placement" type="App::PropertyPlacement" status="8388620">
      <PropertyPlacement Px="0" Py="0" Pz="0" Q0="0" Q1="0" Q2="0" Q3="1" A="0" Ox="0" Oy="0" Oz="1"/>
    </Property>
    <Property name="Profile" type="App::PropertyLinkSub">
      <LinkSub value="Sketch002" count="1">
        <Sub value=""/>
      </LinkSub>
    </Property>
    <Property name="ReferenceAxis" type="App::PropertyLinkSub">
      <LinkSub value="Sketch002" count="1">
        <Sub value="N_Axis"/>
      </LinkSub>
    </Property>
    <Property name="Refine" type="App::PropertyBool">
      <Bool value="false"/>
    </Property>
    <Property name="Reversed" type="App::PropertyBool">
      <Bool value="false"/>
    </Property>
    <Property name="Shape" type="Part::PropertyPartShape">
      <Part HasherIndex="0" ElementMap="1.15.70200.4" brep="1">
<![CDATA[

CASCADE Topology V1, (c) Matra-Datavision
Locations 6
1
              1               0               0               0 
              0               1               0               0 
              0               0               1               0 
1
              1               0               0               0 
              0               1               0               0 
              0               0               1               0 
1
2.22044604925031e-16 -3.33066907387547e-16               1               0 
              1 3.33066907387547e-16 -2.22044604925031e-16               0 
-3.33066907387547e-16               1 3.33066907387547e-16               0 
2  2 1 3 1 0
1
              1               0               0            2.45 
              0               1               0 -8.1601392309949e-16 
              0               0               1 9.52016243616072e-16 
2  2 1 3 1 5 1 0
Curve2ds 96
8 -2.3728941906122749 -0.77289419061227238
1 -0.26009199979809416 -5.8951011510850631 0.99619469809171668 0.087155742747988124 
8 -2.3728941906122749 -0.77289419061227238
1 -0.77289419061227294 -3.1999999999999988 -1 -1.9352462465424729e-17 
8 0.92499999999999627 4.9250000000001073
1 -2.7045756736605666 -5.1804324109954276 0.087155742747989068 -0.99619469809171657 
8 0.92499999999999627 4.9250000000001073
1 4.9250000000001055 -3.1999999999999993 -1 2.2119965816618595e-16 
8 -2.3728941906122833 -0.77289419061227971
1 0.088530971193879537 -9.8798799434520301 0.99619469809171646 0.087155742747990261 
8 -2.3728941906122833 -0.77289419061227971
1 -0.77289419061228026 -3.199999999999998 -1 -1.9352462465425123e-17 
8 0.92499999999999627 4.9250000000001037
1 -1.1106641567138182 -5.040983222598646 0.087155742747989359 -0.99619469809171657 
8 0.92499999999999627 4.9250000000001037
1 4.925000000000102 -3.1999999999999993 -1 2.2119965816618597e-16 
8 -8.8922332027653255 -4.8922332027652162
1 -2.2083600298691541 -6.0099831495684288 -0.3420201433259783 0.93969262078579574 
8 -8.8922332027653255 -4.8922332027652162
1 -4.8922332027652171 -3.1999999999999988 -1 -2.086536767333492e-16 
8 -3.6653574611542261 -2.0653574611542194
1 1.4056834368562221 -9.9007847344868214 0.9396926207857963 0.34202014332597697 
8 -3.6653574611542261 -2.0653574611542194
1 -2.0653574611542203 -3.199999999999998 -1 -7.5943727601219028e-17 
8 -8.8922332027653272 -4.892233202765218
1 -3.7118682231264311 -6.5572153788899907 -0.34202014332597763 0.93969262078579596 
8 -8.8922332027653272 -4.892233202765218
1 -4.8922332027652189 -3.1999999999999988 -1 -2.0865367673334928e-16 
8 -3.6653574611542377 -2.0653574611542282
1 2.7737640101601784 -13.659555217630098 0.93969262078579563 0.34202014332597858 
8 -3.6653574611542377 -2.0653574611542282
1 -2.0653574611542291 -3.1999999999999966 -1 -7.594372760121941e-17 
8 1.265357461154202 2.8653574611542112
1 6.0236455904455646 -24.927574995484996 -0.93969262078579641 -0.34202014332597663 
8 1.265357461154202 2.8653574611542112
1 2.8653574611542099 -3.1999999999999953 -1 7.5943727601219003e-17 
8 -16.742233202765533 -12.742233202765426
1 -1.0270100980174379 -13.933802452058687 -0.34202014332597813 0.93969262078579585 
8 -16.742233202765533 -12.742233202765426
1 -12.742233202765426 -3.1999999999999975 -1 -2.0865367673334913e-16 
8 1.2653574611541998 2.8653574611542081
1 7.3917261637495102 -28.686345478628276 -0.93969262078579641 -0.34202014332597663 
8 1.2653574611541998 2.8653574611542081
1 2.8653574611542068 -3.1999999999999944 -1 7.5943727601219003e-17 
8 10.74223320276537 14.742233202765483
1 1.1605383818918167 -15.265955464308766 0.34202014332597813 -0.93969262078579585 
8 10.74223320276537 14.742233202765483
1 14.742233202765481 -3.1999999999999975 -1 2.0865367673334913e-16 
8 -0.027105809387730551 1.5728941906122729
1 -2.0767699484229638 5.6906522223899394 -0.99619469809171657 -0.087155742747989179 
8 -0.027105809387730551 1.5728941906122729
1 1.5728941906122729 -3.2000000000000015 -1 1.9352462465424877e-17 
8 0.925000000000054 4.9250000000001606
1 -1.9691482227815253 4.7715345536050213 -0.087155742747991677 0.99619469809171635 
8 0.925000000000054 4.9250000000001606
1 4.9250000000001597 -3.2000000000000011 -1 -2.2119965816618587e-16 
8 -0.027105809387717006 1.5728941906122753
1 -2.4253929194149264 9.6754310147569118 -0.99619469809171668 -0.087155742747988679 
8 -0.027105809387717006 1.5728941906122753
1 1.5728941906122753 -3.2000000000000024 -1 1.9352462465424775e-17 
8 0.92500000000005045 4.9250000000001579
1 -3.5630597397282773 4.6320853652082405 -0.087155742747988943 0.99619469809171657 
8 0.92500000000005045 4.9250000000001579
1 4.925000000000157 -3.2000000000000006 -1 -2.2119965816618595e-16 
8 2.8922332027652065 6.8922332027653166
1 -2.8711363452594214 7.5048158123709729 0.1736481776666069 0.9848077530122652 
8 2.8922332027652065 6.8922332027653166
1 6.8922332027653157 -3.2000000000000028 -1 -2.1867124844471609e-16 
8 -3.6653574611542439 -2.0653574611542265
1 0.35966743094046993 13.933694946663259 0.98480775301226608 -0.17364817766660121 
8 -3.6653574611542439 -2.0653574611542265
1 -2.0653574611542269 -3.2000000000000037 -1 3.8557641005932067e-17 
8 2.892233202765226 6.8922332027653281
1 -4.4468287500790229 7.7826528966375159 0.17364817766660059 0.9848077530122662 
8 2.892233202765226 6.8922332027653281
1 6.8922332027653272 -3.2000000000000024 -1 -2.1867124844471629e-16 
8 -3.665357461154251 -2.0653574611542593
1 -0.33492527972594566 9.9944639346140782 0.98480775301226542 -0.17364817766660565 
8 -3.665357461154251 -2.0653574611542593
1 -2.0653574611542598 -3.2000000000000033 -1 3.8557641005933096e-17 
8 10.742233202765409 14.742233202765517
1 -1.507998150576555 15.235556673517449 0.1736481776666052 0.98480775301226553 
8 10.742233202765409 14.742233202765517
1 14.742233202765515 -3.2000000000000037 -1 -2.1867124844471621e-16 
8 -3.6653574611542545 -2.0653574611542123
1 3.0859438203061966 29.395176668956218 0.98480775301226608 -0.1736481776666014 
8 -3.6653574611542545 -2.0653574611542123
1 -2.0653574611542127 -3.2000000000000068 -1 3.8557641005932067e-17 
8 10.742233202765425 14.742233202765529
1 -3.0836905553961378 15.513393757783991 0.17364817766659943 0.98480775301226642 
8 10.742233202765425 14.742233202765529
1 14.742233202765528 -3.2000000000000037 -1 -2.1867124844471643e-16 
8 1.2653574611542726 2.8653574611542907
1 1.6035049072300041 25.594864199040323 -0.98480775301226531 0.17364817766660617 
8 1.2653574611542726 2.8653574611542907
1 2.8653574611542907 -3.2000000000000064 -1 -3.8557641005933244e-17 
8 -2.372894190612274 -0.77289419061227149
1 -0.26009199979809505 -5.8951011510850631 0.99619469809171668 0.087155742747988124 
8 -2.372894190612274 -0.77289419061227149
1 -0.77289419061227205 -5.6499999999999986 -1 -1.9352462465424729e-17 
8 0.92499999999999627 4.9250000000001073
1 -2.7045756736605666 -5.1804324109954276 0.087155742747989068 -0.99619469809171657 
8 0.92499999999999627 4.9250000000001073
1 4.9250000000001055 -5.6499999999999995 -1 2.2119965816618595e-16 
8 -2.3728941906122833 -0.77289419061227982
1 0.088530971193879537 -9.8798799434520301 0.99619469809171646 0.087155742747990261 
8 -2.3728941906122833 -0.77289419061227982
1 -0.77289419061228037 -5.6499999999999986 -1 -1.9352462465425123e-17 
8 0.92499999999999627 4.9250000000001037
1 -1.1106641567138182 -5.040983222598646 0.087155742747989359 -0.99619469809171657 
8 0.92499999999999627 4.9250000000001037
1 4.925000000000102 -5.6499999999999995 -1 2.2119965816618597e-16 
8 -8.8922332027653219 -4.8922332027652145
1 -2.2083600298691541 -6.0099831495684288 -0.3420201433259783 0.93969262078579574 
8 -8.8922332027653219 -4.8922332027652145
1 -4.8922332027652153 -5.6499999999999986 -1 -2.086536767333492e-16 
8 -3.6653574611542252 -2.0653574611542185
1 1.4056834368562212 -9.9007847344868214 0.9396926207857963 0.34202014332597697 
8 -3.6653574611542252 -2.0653574611542185
1 -2.0653574611542194 -5.6499999999999995 -1 -7.5943727601219028e-17 
8 -8.8922332027653255 -4.8922332027652162
1 -3.7118682231264311 -6.5572153788899907 -0.34202014332597763 0.93969262078579596 
8 -8.8922332027653255 -4.8922332027652162
1 -4.8922332027652171 -5.6499999999999986 -1 -2.0865367673334928e-16 
8 -3.6653574611542368 -2.0653574611542274
1 2.7737640101601775 -13.659555217630098 0.93969262078579563 0.34202014332597858 
8 -3.6653574611542368 -2.0653574611542274
1 -2.0653574611542282 -5.6499999999999968 -1 -7.594372760121941e-17 
8 1.2653574611542029 2.8653574611542121
1 6.0236455904455655 -24.927574995484996 -0.93969262078579641 -0.34202014332597663 
8 1.2653574611542029 2.8653574611542121
1 2.8653574611542107 -5.649999999999995 -1 7.5943727601219003e-17 
8 -16.742233202765529 -12.742233202765425
1 -1.027010098017437 -13.933802452058687 -0.34202014332597813 0.93969262078579585 
8 -16.742233202765529 -12.742233202765425
1 -12.742233202765425 -5.6499999999999977 -1 -2.0865367673334913e-16 
8 1.2653574611542002 2.8653574611542085
1 7.3917261637495111 -28.686345478628276 -0.93969262078579641 -0.34202014332597663 
8 1.2653574611542002 2.8653574611542085
1 2.8653574611542072 -5.6499999999999941 -1 7.5943727601219003e-17 
8 10.74223320276537 14.742233202765483
1 1.1605383818918176 -15.265955464308766 0.34202014332597813 -0.93969262078579585 
8 10.74223320276537 14.742233202765483
1 14.742233202765481 -5.6499999999999986 -1 2.0865367673334913e-16 
8 -0.027105809387730329 1.5728941906122731
1 -2.0767699484229638 5.6906522223899394 -0.99619469809171657 -0.087155742747989179 
8 -0.027105809387730329 1.5728941906122731
1 1.5728941906122731 -5.6500000000000021 -1 1.9352462465424877e-17 
8 0.925000000000054 4.9250000000001606
1 -1.9691482227815253 4.7715345536050213 -0.087155742747991677 0.99619469809171635 
8 0.925000000000054 4.9250000000001606
1 4.9250000000001597 -5.6500000000000012 -1 -2.2119965816618587e-16 
8 -0.027105809387717006 1.5728941906122753
1 -2.4253929194149264 9.6754310147569118 -0.99619469809171668 -0.087155742747988679 
8 -0.027105809387717006 1.5728941906122753
1 1.5728941906122753 -5.650000000000003 -1 1.9352462465424775e-17 
8 0.92500000000005045 4.9250000000001579
1 -3.5630597397282768 4.6320853652082405 -0.087155742747988943 0.99619469809171657 
8 0.92500000000005045 4.9250000000001579
1 4.925000000000157 -5.6500000000000012 -1 -2.2119965816618595e-16 
8 2.8922332027652065 6.8922332027653166
1 -2.8711363452594214 7.5048158123709729 0.1736481776666069 0.9848077530122652 
8 2.8922332027652065 6.8922332027653166
1 6.8922332027653157 -5.6500000000000021 -1 -2.1867124844471609e-16 
8 -3.6653574611542439 -2.0653574611542265
1 0.35966743094046993 13.933694946663261 0.98480775301226608 -0.17364817766660121 
8 -3.6653574611542439 -2.0653574611542265
1 -2.0653574611542269 -5.6500000000000039 -1 3.8557641005932067e-17 
8 2.8922332027652269 6.892233202765329
1 -4.4468287500790229 7.7826528966375159 0.17364817766660059 0.9848077530122662 
8 2.8922332027652269 6.892233202765329
1 6.8922332027653281 -5.6500000000000021 -1 -2.1867124844471629e-16 
8 -3.6653574611542519 -2.0653574611542598
1 -0.33492527972594477 9.9944639346140782 0.98480775301226542 -0.17364817766660565 
8 -3.6653574611542519 -2.0653574611542598
1 -2.0653574611542602 -5.650000000000003 -1 3.8557641005933096e-17 
8 10.742233202765409 14.742233202765519
1 -1.507998150576555 15.235556673517449 0.1736481776666052 0.98480775301226553 
8 10.742233202765409 14.742233202765519
1 14.742233202765517 -5.650000000000003 -1 -2.1867124844471621e-16 
8 -3.6653574611542545 -2.0653574611542127
1 3.0859438203061975 29.395176668956225 0.98480775301226608 -0.1736481776666014 
8 -3.6653574611542545 -2.0653574611542127
1 -2.0653574611542131 -5.6500000000000066 -1 3.8557641005932067e-17 
8 10.742233202765426 14.742233202765531
1 -3.0836905553961378 15.513393757783991 0.17364817766659943 0.98480775301226642 
8 10.742233202765426 14.742233202765531
1 14.742233202765529 -5.650000000000003 -1 -2.1867124844471643e-16 
8 1.2653574611542717 2.8653574611542898
1 1.6035049072300032 25.594864199040323 -0.98480775301226531 0.17364817766660617 
8 1.2653574611542717 2.8653574611542898
1 2.8653574611542898 -5.6500000000000066 -1 -3.8557641005933244e-17 
Curves 88
1 -7.234499027620045e-15 -20.948143192757204 7.7554292881631035 1 -3.3306690738754696e-16 3.8857805861880479e-16 
1 -1.3034086491148445e-15 0.17598310935643502 4.0306758772143532 1 -3.3306690738754696e-16 3.8857805861880479e-16 
1 -20.948143192757207 7.7554292881630964 0 0.98480775301226575 -0.17364817766660362 0 
1 -6.0767021009754462e-15 -21.642735903423631 3.8161982761139401 1 -3.3306690738754696e-16 3.8857805861880479e-16 
1 -20.948143192757207 7.7554292881630964 0 -0.17364817766660154 -0.98480775301226608 0 
1 2.5400106402462283e-15 20.099877071191276 5.7737907321741693 1 -3.3306690738754696e-16 3.8857805861880479e-16 
1 0.17598310935643369 4.0306758772143532 0 0.99619469809171668 0.087155742747988943 0 
1 0 0 0 -0.98480775301226608 0.17364817766660168 0 
1 20.099877071191273 5.7737907321741764 0 0.93969262078579585 0.3420201433259778 0 
1 0 0 0 0.99619469809171701 0.087155742747984807 0 
1 40.256283787047103 13.110122806516586 0 0.34202014332597785 -0.93969262078579585 0 
1 20.9731061225316 1.8349090246545932 0 0.93969262078579852 0.34202014332597086 0 
1 6.5151264015235974e-16 16.024682733846717 4.7375651824108171 -3.3179948724927913e-16 -0.087155742747988124 0.99619469809171668 
1 1.4803516600869664e-15 15.310013993757082 2.2930815085483447 -2.9028693698137346e-17 0.99619469809171657 0.087155742747989068 
1 5.9345525275608067e-16 20.009461526213684 5.0861881534027908 -3.3179948724927908e-16 -0.087155742747990261 0.99619469809171646 
1 9.9286746536251153e-16 15.1705648053603 3.8869930254950931 -2.9028693698137444e-17 0.99619469809171657 0.087155742747989359 
1 1.3828382112771393e-15 16.139564732330083 2.7892971523397572 1.1391559140182916e-16 -0.93969262078579574 -0.3420201433259783 
1 6.2320914050081198e-16 20.030366317248475 6.4033406190651334 -3.1298051510002413e-16 -0.34202014332597697 0.9396926207857963 
1 1.8552672282821899e-15 16.686796961651645 1.2857889590824805 1.1391559140182894e-16 -0.93969262078579596 -0.34202014332597763 
1 -2.7075585707794881e-16 23.789136800391752 7.7714211923690897 -3.1298051510002393e-16 -0.34202014332597858 0.93969262078579563 
1 -9.3716206677866012e-16 35.057156578246648 11.021302772654476 3.1298051510002418e-16 0.34202014332597663 -0.93969262078579641 
