<?xml version='1.0' encoding='utf-8'?>
<!-- FreeCAD DocumentObject -->
<Document SchemaVersion="4" FileVersion="2">
<Object name="Pad003">
  <Properties Count="47" TransientCount="2">
    <_Property name="_Body" type="App::PropertyLinkHidden" status="251658241"/>
    <_Property name="_ElementMapVersion" type="App::PropertyString" status="234881024"/>
    <Property name="AddSubShape" type="Part::PropertyPartShape">
      <Part HasherIndex="0" ElementMap="1.15.70200.4" brep="1">
<![CDATA[

CASCADE Topology V1, (c) Matra-Datavision
Locations 5
1
              1               0               0               0 
              0               1               0               0 
              0               0               1               0 
1
2.22044604925031e-16 -3.33066907387547e-16               1               0 
              1 3.33066907387547e-16 -2.22044604925031e-16               0 
-3.33066907387547e-16               1 3.33066907387547e-16               0 
2  1 1 2 1 0
1
              1               0               0             1.5 
              0               1               0 -4.9960036108132e-16 
              0               0               1 5.82867087928207e-16 
2  1 1 2 1 4 1 0
Curve2ds 0
Curves 48
1 4.9845017859937692e-15 39.24870480161249 11.200336277055571 1 -3.3306690738754696e-16 3.8857805861880479e-16 
1 4.9276589347948633e-15 38.684889229141071 10.995124191060004 1 -3.3306690738754696e-16 3.8857805861880479e-16 
1 39.248704801612483 11.200336277055584 0 -0.93969262078579485 -0.34202014332598063 0 
1 5.5499377231168573e-15 39.232121458462636 9.4916159978027217 1 -3.3306690738754696e-16 3.8857805861880479e-16 
1 38.684889229141064 10.995124191060016 0 0.34202014332598052 -0.93969262078579496 0 
1 5.6067805743157608e-15 39.795937030934049 9.696828083798291 1 -3.3306690738754696e-16 3.8857805861880479e-16 
1 39.232121458462636 9.4916159978027341 0 0.93969262078579263 0.34202014332598707 0 
1 39.795937030934049 9.6968280837983034 0 -0.34202014332597697 0.9396926207857963 0 
1 3.1181615049627728e-15 20.736760172131817 4.4625394535336254 1 -3.3306690738754696e-16 3.8857805861880479e-16 
1 3.1750043561616826e-15 21.300575744603272 4.6677515395292044 1 -3.3306690738754696e-16 3.8857805861880479e-16 
1 20.736760172131817 4.4625394535336325 0 0.93969262078579574 0.34202014332597863 0 
1 3.7972831444836735e-15 21.847807973924841 3.1642433462719288 1 -3.3306690738754696e-16 3.8857805861880479e-16 
1 21.300575744603272 4.6677515395292115 0 0.34202014332597991 -0.93969262078579519 0 
1 3.7404402932847644e-15 21.283992401453382 2.9590312602763467 1 -3.3306690738754696e-16 3.8857805861880479e-16 
1 21.847807973924841 3.1642433462719359 0 -0.93969262078579463 -0.3420201433259813 0 
1 21.283992401453382 2.9590312602763538 0 -0.3420201433259773 0.93969262078579618 0 
1 -6.3723853057855819e-15 -19.624240645554114 6.0496209620287091 1 -3.3306690738754696e-16 3.8857805861880479e-16 
1 -6.2064806798134065e-15 -19.033355993746738 5.9454320554287383 1 -3.3306690738754696e-16 3.8857805861880479e-16 
1 -19.624240645554117 6.0496209620287029 0 0.98480775301226409 -0.17364817766661311 0 
1 -5.7433619091555717e-15 -19.311193078013314 4.3697396506090849 1 -3.3306690738754696e-16 3.8857805861880479e-16 
1 -19.311193078013314 4.3697396506090787 0 0.17364817766660454 0.98480775301226553 0 
1 -5.9092665351277423e-15 -19.902077729820686 4.4739285572090433 1 -3.3306690738754696e-16 3.8857805861880479e-16 
1 -19.902077729820686 4.473928557209037 0 0.98480775301226742 -0.17364817766659404 0 
1 -19.902077729820686 4.473928557209037 0 0.17364817766660107 0.9848077530122662 0 
1 -1.0910880456713953e-15 -0.81441256301936615 2.7329407685964884 1 -3.3306690738754696e-16 3.8857805861880479e-16 
1 -9.251834196992207e-16 -0.22352791121198745 2.6287518619965224 1 -3.3306690738754696e-16 3.8857805861880479e-16 
1 -0.81441256301936704 2.7329407685964879 0 0.98480775301226575 -0.17364817766660351 0 
1 -4.6206464904139704e-16 -0.50136499547855495 1.0530594571769067 1 -3.3306690738754696e-16 3.8857805861880479e-16 
1 -0.22352791121198834 2.6287518619965224 0 -0.17364817766660531 -0.98480775301226542 0 
1 -6.2796927501356955e-16 -1.0922496472859282 1.1572483637768698 1 -3.3306690738754696e-16 3.8857805861880479e-16 
1 -0.50136499547855529 1.0530594571769065 0 -0.9848077530122662 0.17364817766660071 0 
1 -1.0922496472859287 1.1572483637768693 0 0.17364817766660179 0.98480775301226608 0 
1 -7.6541267735830121e-16 0.45178814105477105 2.5992669263935131 1 -3.3306690738754696e-16 3.8857805861880479e-16 
1 -6.5011009867748012e-16 1.0495049599097799 2.6515603720423164 1 -3.3306690738754696e-16 3.8857805861880479e-16 
1 0.45178814105477016 2.5992669263935131 0 0.99619469809171479 0.087155742748009232 0 
1 -8.8266979133952609e-17 1.1889541483065629 1.0576488550955669 1 -3.3306690738754696e-16 3.8857805861880479e-16 
1 1.049504959909779 2.6515603720423169 0 0.087155742747989484 -0.99619469809171657 0 
1 -2.0356955781477789e-16 0.59123732945155216 1.0053554094467747 1 -3.3306690738754696e-16 3.8857805861880479e-16 
1 0.59123732945155183 1.0053554094467749 0 0.99619469809171646 0.087155742747990234 0 
1 0.45178814105477016 2.5992669263935131 0 0.087155742747988998 -0.99619469809171657 0 
1 2.9050527439815274e-15 19.479106874607083 4.2639416128801546 1 -3.3306690738754696e-16 3.8857805861880479e-16 
1 3.0203553226623544e-15 20.076823693462106 4.3162350585289486 1 -3.3306690738754696e-16 3.8857805861880479e-16 
1 19.479106874607083 4.2639416128801608 0 0.99619469809171635 0.087155742747992482 0 
1 3.5821984422058823e-15 20.216272881858892 2.7223235415821998 1 -3.3306690738754696e-16 3.8857805861880479e-16 
1 20.076823693462106 4.3162350585289557 0 0.087155742747990594 -0.99619469809171646 0 
1 3.4668958635250545e-15 19.618556063003869 2.6700300959334062 1 -3.3306690738754696e-16 3.8857805861880479e-16 
1 20.216272881858892 2.7223235415822065 0 -0.99619469809171657 -0.087155742747990289 0 
1 19.479106874607083 4.2639416128801608 0 0.087155742747990678 -0.99619469809171646 0 
Polygon3D 0
PolygonOnTriangulations 0
Surfaces 30
1 4.9845017859937692e-15 39.24870480161249 11.200336277055571 4.790595256851908e-16 0.3420201433259803 -0.93969262078579496 -9.4738085331519152e-17 -0.93969262078579496 -0.3420201433259803 -1 2.528726873299286e-16 -4.1776636768000164e-16 
1 4.9276589347948633e-15 38.684889229141071 10.995124191060004 1.8007899179788894e-16 0.93969262078579507 0.34202014332598019 3.8892424270124359e-16 0.34202014332598019 -0.93969262078579507 -1 3.0223882498264957e-16 -3.0387859832635021e-16 
1 5.5499377231168573e-15 39.232121458462636 9.4916159978027217 -4.7905952568519199e-16 -0.34202014332598674 0.93969262078579274 9.473808533151649e-17 0.93969262078579274 0.34202014332598674 -1 2.5287268732992934e-16 -4.1776636768000193e-16 
1 5.6067805743157608e-15 39.795937030934049 9.696828083798291 -1.8007899179789076e-16 -0.93969262078579641 -0.34202014332597663 -3.8892424270124319e-16 -0.34202014332597663 0.93969262078579641 -1 3.0223882498264996e-16 -3.0387859832635036e-16 
1 7.8454631488314206e-16 10.179192097490903 4.4306064040855224 1 0 3.3306690738754691e-16 -3.3306690738754691e-16 0 1 0 -1 0 
1 3.1181615049627728e-15 20.736760172131817 4.4625394535336254 -4.7905952568519041e-16 -0.3420201433259783 0.93969262078579585 9.473808533151999e-17 0.93969262078579585 0.3420201433259783 -1 2.5287268732992836e-16 -4.1776636768000154e-16 
1 3.1750043561616826e-15 21.300575744603272 4.6677515395292044 1.8007899179788928e-16 0.9396926207857953 0.34202014332597958 3.8892424270124349e-16 0.34202014332597958 -0.9396926207857953 -1 3.0223882498264967e-16 -3.0387859832635021e-16 
1 3.7972831444836735e-15 21.847807973924841 3.1642433462719288 4.790595256851908e-16 0.34202014332598096 -0.93969262078579474 -9.4738085331518955e-17 -0.93969262078579474 -0.34202014332598096 -1 2.528726873299287e-16 -4.1776636768000154e-16 
1 3.7404402932847644e-15 21.283992401453382 2.9590312602763467 -1.8007899179789064e-16 -0.9396926207857963 -0.34202014332597697 -3.8892424270124304e-16 -0.34202014332597697 0.9396926207857963 -1 3.0223882498264991e-16 -3.0387859832635016e-16 
1 7.8454631488314206e-16 10.179192097490903 4.4306064040855224 1 0 3.3306690738754691e-16 -3.3306690738754691e-16 0 1 0 -1 0 
1 -6.3723853057855819e-15 -19.624240645554114 6.0496209620287091 -3.2483822326935069e-16 0.17364817766661345 0.98480775301226398 2.7650770995361833e-16 0.98480775301226398 -0.17364817766661345 -1 2.1589937102280646e-16 -3.6791826069459971e-16 
1 -5.7433619091555717e-15 -19.311193078013314 4.3697396506090849 -3.954827444274571e-16 -0.98480775301226553 0.1736481776666049 -2.8944923166114162e-16 0.1736481776666049 0.98480775301226553 -1 3.3921214128977176e-16 -3.5372670531175106e-16 
1 -5.9092665351277423e-15 -19.902077729820686 4.4739285572090433 -3.2483822326935833e-16 0.17364817766659438 0.98480775301226731 2.7650770995361246e-16 0.98480775301226731 -0.17364817766659438 -1 2.1589937102280642e-16 -3.6791826069460202e-16 
1 -5.9092665351277423e-15 -19.902077729820686 4.4739285572090433 -3.9548274442745596e-16 -0.98480775301226608 0.1736481776666014 -2.8944923166114261e-16 0.1736481776666014 0.98480775301226608 -1 3.3921214128977186e-16 -3.5372670531175071e-16 
1 7.8454631488314206e-16 10.179192097490903 4.4306064040855224 1 0 3.3306690738754691e-16 -3.3306690738754691e-16 0 1 0 -1 0 
1 -1.0910880456713953e-15 -0.81441256301936615 2.7329407685964884 -3.2483822326935454e-16 0.17364817766660384 0.98480775301226564 2.7650770995361527e-16 0.98480775301226564 -0.17364817766660384 -1 2.1589937102280632e-16 -3.6791826069460084e-16 
1 -9.251834196992207e-16 -0.22352791121198745 2.6287518619965224 3.9548274442745735e-16 0.98480775301226542 -0.17364817766660565 2.8944923166114138e-16 -0.17364817766660565 -0.98480775301226542 -1 3.3921214128977181e-16 -3.5372670531175111e-16 
1 -4.6206464904139704e-16 -0.50136499547855495 1.0530594571769067 3.2483822326935572e-16 -0.17364817766660107 -0.9848077530122662 -2.7650770995361424e-16 -0.9848077530122662 0.17364817766660107 -1 2.1589937102280609e-16 -3.6791826069460119e-16 
1 -6.2796927501356955e-16 -1.0922496472859282 1.1572483637768698 -3.9548274442745616e-16 -0.98480775301226597 0.17364817766660212 -2.8944923166114266e-16 0.17364817766660212 0.98480775301226597 -1 3.3921214128977176e-16 -3.5372670531175106e-16 
1 7.8454631488314206e-16 10.179192097490903 4.4306064040855224 1 0 3.3306690738754691e-16 -3.3306690738754691e-16 0 1 0 -1 0 
1 -7.6541267735830121e-16 0.45178814105477105 2.5992669263935131 -4.1612809548896889e-16 -0.087155742748008913 0.9961946980917149 1.9217096446804138e-16 0.9961946980917149 0.087155742748008913 -1 2.2770764917088957e-16 -3.9779579931030023e-16 
1 -6.5011009867748012e-16 1.0495049599097799 2.6515603720423164 2.9793267793478547e-16 0.99619469809171657 0.087155742747989151 3.5115194971470401e-16 0.087155742747989151 -0.99619469809171657 -1 3.2740386314168978e-16 -3.2384916669605354e-16 
1 -2.0356955781477789e-16 0.59123732945155216 1.0053554094467747 -4.1612809548896317e-16 -0.087155742747989914 0.99619469809171657 1.9217096446804829e-16 0.99619469809171657 0.087155742747989914 -1 2.2770764917088839e-16 -3.9779579931029826e-16 
1 -7.6541267735830121e-16 0.45178814105477105 2.5992669263935131 2.9793267793478567e-16 0.99619469809171668 0.087155742747988679 3.5115194971470371e-16 0.087155742747988679 -0.99619469809171668 -1 3.2740386314168978e-16 -3.2384916669605334e-16 
1 7.8454631488314206e-16 10.179192097490903 4.4306064040855224 1 0 3.3306690738754691e-16 -3.3306690738754691e-16 0 1 0 -1 0 
1 2.9050527439815274e-15 19.479106874607083 4.2639416128801546 -4.1612809548896386e-16 -0.087155742747992149 0.99619469809171635 1.9217096446804752e-16 0.99619469809171635 0.087155742747992149 -1 2.2770764917088859e-16 -3.9779579931029856e-16 
1 3.0203553226623544e-15 20.076823693462106 4.3162350585289486 2.9793267793478503e-16 0.99619469809171646 0.087155742747990261 3.511519497147042e-16 0.087155742747990261 -0.99619469809171646 -1 3.2740386314168978e-16 -3.2384916669605339e-16 
1 3.5821984422058823e-15 20.216272881858892 2.7223235415821998 4.1612809548896317e-16 0.087155742747989956 -0.99619469809171657 -1.9217096446804807e-16 -0.99619469809171657 -0.087155742747989956 -1 2.2770764917088814e-16 -3.9779579931029826e-16 
1 2.9050527439815274e-15 19.479106874607083 4.2639416128801546 2.9793267793478498e-16 0.99619469809171646 0.087155742747990345 3.5115194971470425e-16 0.087155742747990345 -0.99619469809171646 -1 3.2740386314168973e-16 -3.2384916669605344e-16 
1 7.8454631488314206e-16 10.179192097490903 4.4306064040855224 1 0 3.3306690738754691e-16 -3.3306690738754691e-16 0 1 0 -1 0 
Triangulations 0

TShapes 145
Ve
1e-07
39.2487048016125 11.2003362770556 0
0 0

0101101
*
Ed
 1e-07 1 1 0
1  1 0 0 1.5
0

0101000
+145 3 -145 5 *
Ve
1e-07
38.6848892291411 10.99512419106 0
0 0

0101101
*
Ed
 1e-07 1 1 0
1  2 0 0 1.5
0

0101000
+143 3 -143 5 *
Ed
 1e-07 1 1 0
1  3 0 0 0.599999999999939
0

0101000
+145 0 -143 0 *
Wi

0101100
+144 0 -142 0 -141 3 +141 5 *
Fa
0  1e-07 1 0

0111000
+140 0 *
Ve
1e-07
39.2321214584626 9.49161599780273 0
0 0

0101101
*
Ed
 1e-07 1 1 0
1  4 0 0 1.5
0

0101000
+138 3 -138 5 *
Ed
 1e-07 1 1 0
1  5 0 0 1.60000000000001
0

0101000
+143 0 -138 0 *
Wi

0101100
+142 0 -137 0 -136 3 +136 5 *
Fa
0  1e-07 2 0

0111000
+135 0 *
Ve
1e-07
39.795937030934 9.6968280837983 0
0 0

0101101
*
Ed
 1e-07 1 1 0
1  6 0 0 1.5
0

0101000
+133 3 -133 5 *
Ed
 1e-07 1 1 0
1  7 0 0 0.599999999999933
0

0101000
+138 0 -133 0 *
Wi

0101100
+137 0 -132 0 -131 3 +131 5 *
Fa
0  1e-07 3 0

0111000
+130 0 *
Ed
 1e-07 1 1 0
1  8 0 0 1.60000000000001
0

0101000
+133 0 -145 0 *
Wi

0101100
+132 0 -144 0 -128 3 +128 5 *
Fa
0  1e-07 4 0

0111000
+127 0 *
Wi

0101100
+141 0 +136 0 +131 0 +128 0 *
Fa
0  1e-07 5 0

0111000
+125 3 *
Sh

0101100
+139 0 +134 0 +129 0 +126 0 +124 0 -124 4 *
So

0100000
-123 0 *
Ve
1e-07
20.7367601721318 4.46253945353363 0
0 0

0101101
*
Ed
 1e-07 1 1 0
1  9 0 0 1.5
0

0101000
+121 3 -121 5 *
Ve
1e-07
21.3005757446033 4.66775153952921 0
0 0

0101101
*
Ed
 1e-07 1 1 0
1  10 0 0 1.5
0

0101000
+119 3 -119 5 *
Ed
 1e-07 1 1 0
1  11 0 0 0.599999999999976
0

0101000
+121 0 -119 0 *
Wi

0101100
+120 0 -118 0 -117 3 +117 5 *
Fa
0  1e-07 6 0

0111000
+116 0 *
Ve
1e-07
21.8478079739248 3.16424334627194 0
0 0

0101101
*
Ed
 1e-07 1 1 0
1  12 0 0 1.5
0

0101000
+114 3 -114 5 *
Ed
 1e-07 1 1 0
1  13 0 0 1.6
0

0101000
+119 0 -114 0 *
Wi

0101100
+118 0 -113 0 -112 3 +112 5 *
Fa
0  1e-07 7 0

0111000
+111 0 *
Ve
1e-07
21.2839924014534 2.95903126027635 0
0 0

0101101
*
Ed
 1e-07 1 1 0
1  14 0 0 1.5
0

0101000
+109 3 -109 5 *
Ed
 1e-07 1 1 0
1  15 0 0 0.599999999999981
0

0101000
+114 0 -109 0 *
Wi

0101100
+113 0 -108 0 -107 3 +107 5 *
Fa
0  1e-07 8 0

0111000
+106 0 *
Ed
 1e-07 1 1 0
1  16 0 0 1.60000000000001
0

0101000
+109 0 -121 0 *
Wi

0101100
+108 0 -120 0 -104 3 +104 5 *
Fa
0  1e-07 9 0

0111000
+103 0 *
Wi

0101100
+117 0 +112 0 +107 0 +104 0 *
Fa
0  1e-07 10 0

0111000
-101 3 *
Sh

0101100
-115 0 -110 0 -105 0 -102 0 +100 0 -100 4 *
So

0100000
-99 0 *
Ve
1e-07
-19.6242406455541 6.0496209620287 0
0 0

0101101
*
Ed
 1e-07 1 1 0
1  17 0 0 1.5
0

0101000
+97 3 -97 5 *
Ve
1e-07
-19.0333559937467 5.94543205542873 0
0 0

0101101
*
Ed
 1e-07 1 1 0
1  18 0 0 1.5
0

0101000
+95 3 -95 5 *
Ed
 1e-07 1 1 0
1  19 0 0 0.600000000000017
0

0101000
+97 0 -95 0 *
Wi

0101100
+96 0 -94 0 -93 3 +93 5 *
Fa
0  1e-07 11 0

0111000
+92 0 *
Ve
1e-07
-19.3111930780133 4.36973965060908 0
0 0

0101101
*
Ed
 1e-07 1 1 0
1  20 0 0 1.5
0

0101000
+90 3 -90 5 *
Ed
 1e-07 1 1 0
1  21 0 0 1.60000000000003
0

0101000
+90 0 -95 0 *
Wi

0101100
+89 0 -94 0 -88 3 +88 5 *
Fa
0  1e-07 12 0

0111000
+87 0 *
Ve
1e-07
-19.9020777298207 4.47392855720904 0
0 0

0101101
*
Ed
 1e-07 1 1 0
1  22 0 0 1.5
0

0101000
+85 3 -85 5 *
Ed
 1e-07 1 1 0
1  23 0 0 0.600000000000011
0

0101000
+85 0 -90 0 *
Wi

0101100
+84 0 -89 0 -83 3 +83 5 *
Fa
0  1e-07 13 0

0111000
+82 0 *
Ed
 1e-07 1 1 0
1  24 0 0 1.60000000000004
0

0101000
+85 0 -97 0 *
Wi

0101100
+84 0 -96 0 -80 3 +80 5 *
Fa
0  1e-07 14 0

0111000
+79 0 *
Wi

0101100
+93 0 -88 0 -83 0 +80 0 *
Fa
0  1e-07 15 0

0111000
-77 3 *
Sh

0101100
-91 0 +86 0 +81 0 -78 0 +76 0 -76 4 *
So

0100000
-75 0 *
Ve
1e-07
-0.814412563019367 2.73294076859649 0
0 0

0101101
*
Ed
 1e-07 1 1 0
1  25 0 0 1.5
0

0101000
+73 3 -73 5 *
Ve
1e-07
-0.223527911211988 2.62875186199652 0
0 0

0101101
*
Ed
 1e-07 1 1 0
1  26 0 0 1.5
0

0101000
+71 3 -71 5 *
Ed
 1e-07 1 1 0
1  27 0 0 0.60000000000002
0

0101000
+73 0 -71 0 *
Wi

0101100
+72 0 -70 0 -69 3 +69 5 *
Fa
0  1e-07 16 0

0111000
+68 0 *
Ve
1e-07
-0.501364995478555 1.05305945717691 0
0 0

0101101
*
Ed
 1e-07 1 1 0
1  28 0 0 1.5
0

0101000
+66 3 -66 5 *
Ed
 1e-07 1 1 0
1  29 0 0 1.59999999999999
0

0101000
+71 0 -66 0 *
Wi

0101100
+70 0 -65 0 -64 3 +64 5 *
Fa
0  1e-07 17 0

0111000
+63 0 *
Ve
1e-07
-1.09224964728593 1.15724836377687 0
0 0

0101101
*
Ed
 1e-07 1 1 0
1  30 0 0 1.5
0

0101000
+61 3 -61 5 *
Ed
 1e-07 1 1 0
1  31 0 0 0.600000000000014
0

0101000
+66 0 -61 0 *
Wi

0101100
+65 0 -60 0 -59 3 +59 5 *
Fa
0  1e-07 18 0

0111000
+58 0 *
Ed
 1e-07 1 1 0
1  32 0 0 1.59999999999999
0

0101000
+61 0 -73 0 *
Wi

0101100
+60 0 -72 0 -56 3 +56 5 *
Fa
0  1e-07 19 0

0111000
+55 0 *
Wi

0101100
+69 0 +64 0 +59 0 +56 0 *
Fa
0  1e-07 20 0

0111000
-53 3 *
Sh

0101100
-67 0 -62 0 -57 0 -54 0 +52 0 -52 4 *
So

0100000
-51 0 *
Ve
1e-07
0.45178814105477 2.59926692639351 0
0 0

0101101
*
Ed
 1e-07 1 1 0
1  33 0 0 1.5
0

0101000
+49 3 -49 5 *
Ve
1e-07
1.04950495990978 2.65156037204232 0
0 0

0101101
*
Ed
 1e-07 1 1 0
1  34 0 0 1.5
0

0101000
+47 3 -47 5 *
Ed
 1e-07 1 1 0
1  35 0 0 0.59999999999998
0

0101000
+49 0 -47 0 *
Wi

0101100
+48 0 -46 0 -45 3 +45 5 *
Fa
0  1e-07 21 0

0111000
+44 0 *
Ve
1e-07
1.18895414830656 1.05764885509557 0
0 0

0101101
*
Ed
 1e-07 1 1 0
1  36 0 0 1.5
0

0101000
+42 3 -42 5 *
Ed
 1e-07 1 1 0
1  37 0 0 1.6
0

0101000
+47 0 -42 0 *
Wi

0101100
+46 0 -41 0 -40 3 +40 5 *
Fa
0  1e-07 22 0

0111000
+39 0 *
Ve
1e-07
0.591237329451552 1.00535540944677 0
0 0

0101101
*
Ed
 1e-07 1 1 0
1  38 0 0 1.5
0

0101000
+37 3 -37 5 *
Ed
 1e-07 1 1 0
1  39 0 0 0.599999999999981
0

0101000
+37 0 -42 0 *
Wi

0101100
+36 0 -41 0 -35 3 +35 5 *
Fa
0  1e-07 23 0

0111000
+34 0 *
Ed
 1e-07 1 1 0
1  40 0 0 1.59999999999999
0

0101000
+49 0 -37 0 *
Wi

0101100
+48 0 -36 0 -32 3 +32 5 *
Fa
0  1e-07 24 0

0111000
+31 0 *
Wi

0101100
+45 0 +40 0 -35 0 -32 0 *
Fa
0  1e-07 25 0

0111000
-29 3 *
Sh

0101100
-43 0 -38 0 +33 0 +30 0 +28 0 -28 4 *
So

0100000
-27 0 *
Ve
1e-07
19.4791068746071 4.26394161288016 0
0 0

0101101
*
Ed
 1e-07 1 1 0
1  41 0 0 1.5
0

0101000
+25 3 -25 5 *
Ve
1e-07
20.0768236934621 4.31623505852896 0
0 0

0101101
*
Ed
 1e-07 1 1 0
1  42 0 0 1.5
0

0101000
+23 3 -23 5 *
Ed
 1e-07 1 1 0
1  43 0 0 0.599999999999993
0

0101000
+25 0 -23 0 *
Wi

0101100
+24 0 -22 0 -21 3 +21 5 *
Fa
0  1e-07 26 0

0111000
+20 0 *
Ve
1e-07
20.2162728818589 2.72232354158221 0
0 0

0101101
*
Ed
 1e-07 1 1 0
1  44 0 0 1.5
0

0101000
+18 3 -18 5 *
Ed
 1e-07 1 1 0
1  45 0 0 1.6
0

0101000
+23 0 -18 0 *
Wi

0101100
+22 0 -17 0 -16 3 +16 5 *
Fa
0  1e-07 27 0

0111000
+15 0 *
Ve
1e-07
19.6185560630039 2.67003009593341 0
0 0

0101101
*
Ed
 1e-07 1 1 0
1  46 0 0 1.5
0

0101000
+13 3 -13 5 *
Ed
 1e-07 1 1 0
1  47 0 0 0.599999999999993
0

0101000
+18 0 -13 0 *
Wi

0101100
+17 0 -12 0 -11 3 +11 5 *
Fa
0  1e-07 28 0

0111000
+10 0 *
Ed
 1e-07 1 1 0
1  48 0 0 1.6
0

0101000
+25 0 -13 0 *
Wi

0101100
+24 0 -12 0 -8 3 +8 5 *
Fa
0  1e-07 29 0

0111000
+7 0 *
Wi

0101100
+21 0 +16 0 +11 0 -8 0 *
Fa
0  1e-07 30 0

0111000
-5 3 *
Sh

0101100
-19 0 -14 0 -9 0 +6 0 +4 0 -4 4 *
So

0100000
-3 0 *
Co

1100000
+122 0 +98 0 +74 0 +50 0 +26 0 +2 0 *

+1 0 ]]>
      </Part>
      <ElementMap new="1" count="1"><Element key="Dummy" value="Dummy"/></ElementMap>
      <ElementMap2 count="156">
<![CDATA[
11 PostfixCount 11
Edge
Face
Vertex
;:G;XTR;:Hee0:7,F
;FAC;:Hee0:4,F
;:G;XTR;:Hee0:7,E
;:G0;XTR;:Hee0:8,F
;:U;XTR;:Hee0:7,E
;:U;XTR;:Hee0:7,V
;SKT;:Hee0,E
;SKT;:Hee0,V

MapCount 1

ElementMap 1 11 3

Edge

ChildCount 0

NameCount 73
0
$#733.6 0
$#734.6 0
;g122.a 0
$#753.8 0
$#735.6 0
;g123.a 0
$#754.8 0
$#736.6 0
;g124.a 0
$#755.8 0
;g125.a 0
$#756.8 0
$#737.6 0
$#738.6 0
;g126.a 0
$#757.8 0
$#739.6 0
;g127.a 0
$#758.8 0
$#73a.6 0
;g128.a 0
$#759.8 0
;g129.a 0
$#75a.8 0
$#404.6 0
$#405.6 0
;g82.a 0
$#426.8 0
$#406.6 0
;g83.a 0
$#427.8 0
$#407.6 0
;g84.a 0
$#428.8 0
;g85.a 0
$#429.8 0
$#408.6 0
$#409.6 0
;g86.a 0
$#42a.8 0
$#40a.6 0
;g87.a 0
$#42b.8 0
$#40b.6 0
;g88.a 0
$#42c.8 0
;g89.a 0
$#42d.8 0
$#40c.6 0
$#40d.6 0
;g90.a 0
$#42e.8 0
$#40e.6 0
;g91.a 0
$#42f.8 0
$#40f.6 0
;g92.a 0
$#430.8 0
;g93.a 0
$#431.8 0
$#410.6 0
$#411.6 0
;g94.a 0
$#432.8 0
$#412.6 0
;g95.a 0
$#433.8 0
$#413.6 0
;g96.a 0
$#434.8 0
;g97.a 0
$#435.8 0

Face

ChildCount 0

NameCount 37
0
$#729.4 0
$#743.4 0
$#744.4 0
$#745.4 0
$#729.5 0
$#746.7 0
$#72a.4 0
$#747.4 0
$#748.4 0
$#749.4 0
$#72a.5 0
$#74a.7 0
$#3ff.4 0
$#414.4 0
$#415.4 0
$#416.4 0
$#3ff.5 0
$#418.7 0
$#400.4 0
$#419.4 0
$#41a.4 0
$#41b.4 0
$#400.5 0
$#41c.7 0
$#401.4 0
$#41d.4 0
$#41e.4 0
$#41f.4 0
$#401.5 0
$#420.7 0
$#402.4 0
$#421.4 0
$#422.4 0
$#423.4 0
$#402.5 0
$#424.7 0

Vertex

ChildCount 0

NameCount 49
0
;g122v1.b 0
$#763.9 0
;g122v2.b 0
$#764.9 0
;g123v2.b 0
$#765.9 0
;g124v2.b 0
$#766.9 0
;g126v1.b 0
$#767.9 0
;g126v2.b 0
$#768.9 0
;g127v2.b 0
$#769.9 0
;g128v2.b 0
$#76a.9 0
;g82v1.b 0
$#437.9 0
;g82v2.b 0
$#438.9 0
;g83v1.b 0
$#439.9 0
;g84v1.b 0
$#43a.9 0
;g86v1.b 0
$#43b.9 0
;g86v2.b 0
$#43c.9 0
;g87v2.b 0
$#43d.9 0
;g88v2.b 0
$#43e.9 0
;g90v1.b 0
$#43f.9 0
;g90v2.b 0
$#440.9 0
;g91v2.b 0
$#441.9 0
;g92v1.b 0
$#442.9 0
;g94v1.b 0
$#443.9 0
;g94v2.b 0
$#444.9 0
;g95v2.b 0
$#445.9 0
;g96v2.b 0
$#446.9 0

EndMap
]]>
      </ElementMap2>
    </Property>
    <Property name="AddSubType" type="App::PropertyEnumeration">
      <Integer value="0"/>
    </Property>
    <Property name="AllowMultiFace" type="App::PropertyBool">
      <Bool value="true"/>
    </Property>
    <Property name="AlongSketchNormal" type="App::PropertyBool">
      <Bool value="false"/>
    </Property>
    <Property name="AutoTaperInnerAngle" type="App::PropertyBool">
      <Bool value="true"/>
    </Property>
    <Property name="BaseFeature" type="App::PropertyLink" status="8">
      <Link value="Pad001"/>
    </Property>
    <Property name="CheckUpToFaceLimits" type="App::PropertyBool">
      <Bool value="true"/>
    </Property>
    <Property name="ClaimChildren" type="App::PropertyBool" status="134217728">
      <Bool value="false"/>
    </Property>
    <Property name="ColoredElements" type="App::PropertyLinkSubHidden" status="218103808">
      <LinkSub value="" count="0">
      </LinkSub>
    </Property>
    <Property name="Direction" type="App::PropertyVector" status="4">
      <PropertyVector valueX="1" valueY="-3e-16" valueZ="4e-16"/>
    </Property>
    <Property name="ExpressionEngine" type="App::PropertyExpressionEngine" status="67108864">
      <ExpressionEngine count="0"></ExpressionEngine>
    </Property>
    <Property name="Fit" type="App::PropertyDistance">
      <Float value="0"/>
    </Property>
    <Property name="FitJoin" type="App::PropertyEnumeration">
      <Integer value="0"/>
    </Property>
    <Property name="FixShape" type="App::PropertyEnumeration">
      <Integer value="0"/>
    </Property>
    <Property name="InnerFit" type="App::PropertyDistance">
      <Float value="0"/>
    </Property>
    <Property name="InnerFitJoin" type="App::PropertyEnumeration">
      <Integer value="0"/>
    </Property>
    <Property name="InvalidShape" type="App::PropertyBool" status="67108864">
      <Bool value="false"/>
    </Property>
    <Property name="Label" type="App::PropertyString" status="134217728">
      <String value="Pad003"/>
    </Property>
    <Property name="Label2" type="App::PropertyString" status="128">
      <String value=""/>
    </Property>
    <Property name="Length" type="App::PropertyLength">
      <Float value="1.5"/>
    </Property>
    <Property name="Length2" type="App::PropertyLength" status="4">
      <Float value="10"/>
    </Property>
    <Property name="Linearize" type="App::PropertyBool">
      <Bool value="true"/>
    </Property>
    <Property name="Midplane" type="App::PropertyBool">
      <Bool value="false"/>
    </Property>
    <Property name="NewSolid" type="App::PropertyBool">
      <Bool value="false"/>
    </Property>
    <Property name="Offset" type="App::PropertyLength" status="4">
      <Float value="0"/>
    </Property>
    <Property name="Placement" type="App::PropertyPlacement" status="8388620">
      <PropertyPlacement Px="0" Py="0" Pz="0" Q0="0" Q1="0" Q2="0" Q3="1" A="0" Ox="0" Oy="0" Oz="1"/>
    </Property>
    <Property name="Profile" type="App::PropertyLinkSub">
      <LinkSub value="Sketch004" count="1">
        <Sub value=""/>
      </LinkSub>
    </Property>
    <Property name="ReferenceAxis" type="App::PropertyLinkSub">
      <LinkSub value="Sketch004" count="1">
        <Sub value="N_Axis"/>
      </LinkSub>
    </Property>
    <Property name="Refine" type="App::PropertyBool">
      <Bool value="false"/>
    </Property>
    <Property name="Reversed" type="App::PropertyBool">
      <Bool value="false"/>
    </Property>
    <Property name="Shape" type="Part::PropertyPartShape">
      <Part HasherIndex="0" ElementMap="1.15.70200.4" brep="1">
<![CDATA[

CASCADE Topology V1, (c) Matra-Datavision
Locations 13
1
              1               0               0               0 
              0               1               0               0 
              0               0               1               0 
1
              1               0               0               0 
              0               1               0               0 
              0               0               1               0 
1
2.22044604925031e-16 -3.33066907387547e-16               1               0 
              1 3.33066907387547e-16 -2.22044604925031e-16               0 
-3.33066907387547e-16               1 3.33066907387547e-16               0 
2  2 1 3 1 0
1
              1               0               0            2.45 
              0               1               0 -8.1601392309949e-16 
              0               0               1 9.52016243616072e-16 
2  2 1 3 1 5 1 0
1
              1               0               0               0 
              0               1               0               0 
              0               0               1               0 
1
2.22044604925031e-16 -3.33066907387547e-16               1               0 
              1 3.33066907387547e-16 -2.22044604925031e-16               0 
-3.33066907387547e-16               1 3.33066907387547e-16               0 
1
              1               0               0             1.5 
              0               1               0 -4.9960036108132e-16 
              0               0               1 5.82867087928207e-16 
2  7 1 8 1 9 1 0
2  9 -1 8 -1 7 -1 0
2  7 1 8 1 0
2  8 -1 7 -1 0
Curve2ds 96
8 -2.3728941906122749 -0.77289419061227238
1 -0.26009199979809416 -5.8951011510850631 0.99619469809171668 0.087155742747988124 
8 -2.3728941906122749 -0.77289419061227238
1 -0.77289419061227294 -3.1999999999999988 -1 -1.9352462465424729e-17 
8 0.92499999999999627 4.9250000000001073
1 -2.7045756736605666 -5.1804324109954276 0.087155742747989068 -0.99619469809171657 
8 0.92499999999999627 4.9250000000001073
1 4.9250000000001055 -3.1999999999999993 -1 2.2119965816618595e-16 
8 -2.3728941906122833 -0.77289419061227971
1 0.088530971193879537 -9.8798799434520301 0.99619469809171646 0.087155742747990261 
8 -2.3728941906122833 -0.77289419061227971
1 -0.77289419061228026 -3.199999999999998 -1 -1.9352462465425123e-17 
8 0.92499999999999627 4.9250000000001037
1 -1.1106641567138182 -5.040983222598646 0.087155742747989359 -0.99619469809171657 
8 0.92499999999999627 4.9250000000001037
1 4.925000000000102 -3.1999999999999993 -1 2.2119965816618597e-16 
8 -8.8922332027653255 -4.8922332027652162
1 -2.2083600298691541 -6.0099831495684288 -0.3420201433259783 0.93969262078579574 
8 -8.8922332027653255 -4.8922332027652162
1 -4.8922332027652171 -3.1999999999999988 -1 -2.086536767333492e-16 
8 -3.6653574611542261 -2.0653574611542194
1 1.4056834368562221 -9.9007847344868214 0.9396926207857963 0.34202014332597697 
8 -3.6653574611542261 -2.0653574611542194
1 -2.0653574611542203 -3.199999999999998 -1 -7.5943727601219028e-17 
8 -8.8922332027653272 -4.892233202765218
1 -3.7118682231264311 -6.5572153788899907 -0.34202014332597763 0.93969262078579596 
8 -8.8922332027653272 -4.892233202765218
1 -4.8922332027652189 -3.1999999999999988 -1 -2.0865367673334928e-16 
8 -3.6653574611542377 -2.0653574611542282
1 2.7737640101601784 -13.659555217630098 0.93969262078579563 0.34202014332597858 
8 -3.6653574611542377 -2.0653574611542282
1 -2.0653574611542291 -3.1999999999999966 -1 -7.594372760121941e-17 
8 1.265357461154202 2.8653574611542112
1 6.0236455904455646 -24.927574995484996 -0.93969262078579641 -0.34202014332597663 
8 1.265357461154202 2.8653574611542112
1 2.8653574611542099 -3.1999999999999953 -1 7.5943727601219003e-17 
8 -16.742233202765533 -12.742233202765426
1 -1.0270100980174379 -13.933802452058687 -0.34202014332597813 0.93969262078579585 
8 -16.742233202765533 -12.742233202765426
1 -12.742233202765426 -3.1999999999999975 -1 -2.0865367673334913e-16 
8 1.2653574611541998 2.8653574611542081
1 7.3917261637495102 -28.686345478628276 -0.93969262078579641 -0.34202014332597663 
8 1.2653574611541998 2.8653574611542081
1 2.8653574611542068 -3.1999999999999944 -1 7.5943727601219003e-17 
8 10.74223320276537 14.742233202765483
1 1.1605383818918167 -15.265955464308766 0.34202014332597813 -0.93969262078579585 
8 10.74223320276537 14.742233202765483
1 14.742233202765481 -3.1999999999999975 -1 2.0865367673334913e-16 
8 -0.027105809387730551 1.5728941906122729
1 -2.0767699484229638 5.6906522223899394 -0.99619469809171657 -0.087155742747989179 
8 -0.027105809387730551 1.5728941906122729
1 1.5728941906122729 -3.2000000000000015 -1 1.9352462465424877e-17 
8 0.925000000000054 4.9250000000001606
1 -1.9691482227815253 4.7715345536050213 -0.087155742747991677 0.99619469809171635 
8 0.925000000000054 4.9250000000001606
1 4.9250000000001597 -3.2000000000000011 -1 -2.2119965816618587e-16 
8 -0.027105809387717006 1.5728941906122753
1 -2.4253929194149264 9.6754310147569118 -0.99619469809171668 -0.087155742747988679 
8 -0.027105809387717006 1.5728941906122753
1 1.5728941906122753 -3.2000000000000024 -1 1.9352462465424775e-17 
8 0.92500000000005045 4.9250000000001579
1 -3.5630597397282773 4.6320853652082405 -0.087155742747988943 0.99619469809171657 
8 0.92500000000005045 4.9250000000001579
1 4.925000000000157 -3.2000000000000006 -1 -2.2119965816618595e-16 
8 2.8922332027652065 6.8922332027653166
1 -2.8711363452594214 7.5048158123709729 0.1736481776666069 0.9848077530122652 
8 2.8922332027652065 6.8922332027653166
1 6.8922332027653157 -3.2000000000000028 -1 -2.1867124844471609e-16 
8 -3.6653574611542439 -2.0653574611542265
1 0.35966743094046993 13.933694946663259 0.98480775301226608 -0.17364817766660121 
8 -3.6653574611542439 -2.0653574611542265
1 -2.0653574611542269 -3.2000000000000037 -1 3.8557641005932067e-17 
8 2.892233202765226 6.8922332027653281
1 -4.4468287500790229 7.7826528966375159 0.17364817766660059 0.9848077530122662 
8 2.892233202765226 6.8922332027653281
1 6.8922332027653272 -3.2000000000000024 -1 -2.1867124844471629e-16 
8 -3.665357461154251 -2.0653574611542593
1 -0.33492527972594566 9.9944639346140782 0.98480775301226542 -0.17364817766660565 
8 -3.665357461154251 -2.0653574611542593
1 -2.0653574611542598 -3.2000000000000033 -1 3.8557641005933096e-17 
8 10.742233202765409 14.742233202765517
1 -1.507998150576555 15.235556673517449 0.1736481776666052 0.98480775301226553 
8 10.742233202765409 14.742233202765517
1 14.742233202765515 -3.2000000000000037 -1 -2.1867124844471621e-16 
8 -3.6653574611542545 -2.0653574611542123
1 3.0859438203061966 29.395176668956218 0.98480775301226608 -0.1736481776666014 
8 -3.6653574611542545 -2.0653574611542123
1 -2.0653574611542127 -3.2000000000000068 -1 3.8557641005932067e-17 
8 10.742233202765425 14.742233202765529
1 -3.0836905553961378 15.513393757783991 0.17364817766659943 0.98480775301226642 
8 10.742233202765425 14.742233202765529
1 14.742233202765528 -3.2000000000000037 -1 -2.1867124844471643e-16 
8 1.2653574611542726 2.8653574611542907
1 1.6035049072300041 25.594864199040323 -0.98480775301226531 0.17364817766660617 
8 1.2653574611542726 2.8653574611542907
1 2.8653574611542907 -3.2000000000000064 -1 -3.8557641005933244e-17 
8 -2.372894190612274 -0.77289419061227149
1 -0.26009199979809505 -5.8951011510850631 0.99619469809171668 0.087155742747988124 
8 -2.372894190612274 -0.77289419061227149
1 -0.77289419061227205 -5.6499999999999986 -1 -1.9352462465424729e-17 
8 0.92499999999999627 4.9250000000001073
1 -2.7045756736605666 -5.1804324109954276 0.087155742747989068 -0.99619469809171657 
8 0.92499999999999627 4.9250000000001073
1 4.9250000000001055 -5.6499999999999995 -1 2.2119965816618595e-16 
8 -2.3728941906122833 -0.77289419061227982
1 0.088530971193879537 -9.8798799434520301 0.99619469809171646 0.087155742747990261 
8 -2.3728941906122833 -0.77289419061227982
1 -0.77289419061228037 -5.6499999999999986 -1 -1.9352462465425123e-17 
8 0.92499999999999627 4.9250000000001037
1 -1.1106641567138182 -5.040983222598646 0.087155742747989359 -0.99619469809171657 
8 0.92499999999999627 4.9250000000001037
1 4.925000000000102 -5.6499999999999995 -1 2.2119965816618597e-16 
8 -8.8922332027653219 -4.8922332027652145
1 -2.2083600298691541 -6.0099831495684288 -0.3420201433259783 0.93969262078579574 
8 -8.8922332027653219 -4.8922332027652145
1 -4.8922332027652153 -5.6499999999999986 -1 -2.086536767333492e-16 
8 -3.6653574611542252 -2.0653574611542185
1 1.4056834368562212 -9.9007847344868214 0.9396926207857963 0.34202014332597697 
8 -3.6653574611542252 -2.0653574611542185
1 -2.0653574611542194 -5.6499999999999995 -1 -7.5943727601219028e-17 
8 -8.8922332027653255 -4.8922332027652162
1 -3.7118682231264311 -6.5572153788899907 -0.34202014332597763 0.93969262078579596 
8 -8.8922332027653255 -4.8922332027652162
1 -4.8922332027652171 -5.6499999999999986 -1 -2.0865367673334928e-16 
8 -3.6653574611542368 -2.0653574611542274
1 2.7737640101601775 -13.659555217630098 0.93969262078579563 0.34202014332597858 
8 -3.6653574611542368 -2.0653574611542274
1 -2.0653574611542282 -5.6499999999999968 -1 -7.594372760121941e-17 
8 1.2653574611542029 2.8653574611542121
1 6.0236455904455655 -24.927574995484996 -0.93969262078579641 -0.34202014332597663 
8 1.2653574611542029 2.8653574611542121
1 2.8653574611542107 -5.649999999999995 -1 7.5943727601219003e-17 
8 -16.742233202765529 -12.742233202765425
1 -1.027010098017437 -13.933802452058687 -0.34202014332597813 0.93969262078579585 
8 -16.742233202765529 -12.742233202765425
1 -12.742233202765425 -5.6499999999999977 -1 -2.0865367673334913e-16 
8 1.2653574611542002 2.8653574611542085
1 7.3917261637495111 -28.686345478628276 -0.93969262078579641 -0.34202014332597663 
8 1.2653574611542002 2.8653574611542085
1 2.8653574611542072 -5.6499999999999941 -1 7.5943727601219003e-17 
8 10.74223320276537 14.742233202765483
1 1.1605383818918176 -15.265955464308766 0.34202014332597813 -0.93969262078579585 
8 10.74223320276537 14.742233202765483
1 14.742233202765481 -5.6499999999999986 -1 2.0865367673334913e-16 
8 -0.027105809387730329 1.5728941906122731
1 -2.0767699484229638 5.6906522223899394 -0.99619469809171657 -0.087155742747989179 
8 -0.027105809387730329 1.5728941906122731
1 1.5728941906122731 -5.6500000000000021 -1 1.9352462465424877e-17 
8 0.925000000000054 4.9250000000001606
1 -1.9691482227815253 4.7715345536050213 -0.087155742747991677 0.99619469809171635 
8 0.925000000000054 4.9250000000001606
1 4.9250000000001597 -5.6500000000000012 -1 -2.2119965816618587e-16 
8 -0.027105809387717006 1.5728941906122753
1 -2.4253929194149264 9.6754310147569118 -0.99619469809171668 -0.087155742747988679 
8 -0.027105809387717006 1.5728941906122753
1 1.5728941906122753 -5.650000000000003 -1 1.9352462465424775e-17 
8 0.92500000000005045 4.9250000000001579
1 -3.5630597397282768 4.6320853652082405 -0.087155742747988943 0.99619469809171657 
8 0.92500000000005045 4.9250000000001579
1 4.925000000000157 -5.6500000000000012 -1 -2.2119965816618595e-16 
8 2.8922332027652065 6.8922332027653166
1 -2.8711363452594214 7.5048158123709729 0.1736481776666069 0.9848077530122652 
8 2.8922332027652065 6.8922332027653166
1 6.8922332027653157 -5.6500000000000021 -1 -2.1867124844471609e-16 
8 -3.6653574611542439 -2.0653574611542265
1 0.35966743094046993 13.933694946663261 0.98480775301226608 -0.17364817766660121 
8 -3.6653574611542439 -2.0653574611542265
1 -2.0653574611542269 -5.6500000000000039 -1 3.8557641005932067e-17 
8 2.8922332027652269 6.892233202765329
1 -4.4468287500790229 7.7826528966375159 0.17364817766660059 0.9848077530122662 
8 2.8922332027652269 6.892233202765329
1 6.8922332027653281 -5.6500000000000021 -1 -2.1867124844471629e-16 
8 -3.6653574611542519 -2.0653574611542598
1 -0.33492527972594477 9.9944639346140782 0.98480775301226542 -0.17364817766660565 
8 -3.6653574611542519 -2.0653574611542598
1 -2.0653574611542602 -5.650000000000003 -1 3.8557641005933096e-17 
8 10.742233202765409 14.742233202765519
1 -1.507998150576555 15.235556673517449 0.1736481776666052 0.98480775301226553 
8 10.742233202765409 14.742233202765519
1 14.742233202765517 -5.650000000000003 -1 -2.1867124844471621e-16 
8 -3.6653574611542545 -2.0653574611542127
1 3.0859438203061975 29.395176668956225 0.98480775301226608 -0.1736481776666014 
8 -3.6653574611542545 -2.0653574611542127
1 -2.0653574611542131 -5.6500000000000066 -1 3.8557641005932067e-17 
8 10.742233202765426 14.742233202765531
1 -3.0836905553961378 15.513393757783991 0.17364817766659943 0.98480775301226642 
8 10.742233202765426 14.742233202765531
1 14.742233202765529 -5.650000000000003 -1 -2.1867124844471643e-16 
8 1.2653574611542717 2.8653574611542898
1 1.6035049072300032 25.594864199040323 -0.98480775301226531 0.17364817766660617 
8 1.2653574611542717 2.8653574611542898
1 2.8653574611542898 -5.6500000000000066 -1 -3.8557641005933244e-17 
Curves 124
1 -7.234499027620045e-15 -20.948143192757204 7.7554292881631035 1 -3.3306690738754696e-16 3.8857805861880479e-16 
1 -1.3034086491148445e-15 0.17598310935643502 4.0306758772143532 1 -3.3306690738754696e-16 3.8857805861880479e-16 
1 -20.948143192757207 7.7554292881630964 0 0.98480775301226575 -0.17364817766660362 0 
1 -6.0767021009754462e-15 -21.642735903423631 3.8161982761139401 1 -3.3306690738754696e-16 3.8857805861880479e-16 
1 -20.948143192757207 7.7554292881630964 0 -0.17364817766660154 -0.98480775301226608 0 
1 2.5400106402462283e-15 20.099877071191276 5.7737907321741693 1 -3.3306690738754696e-16 3.8857805861880479e-16 
1 0.17598310935643369 4.0306758772143532 0 0.99619469809171668 0.087155742747988943 0 
1 0 0 0 -0.98480775301226608 0.17364817766660168 0 
1 20.099877071191273 5.7737907321741764 0 0.93969262078579585 0.3420201433259778 0 
1 0 0 0 0.99619469809171701 0.087155742747984807 0 
1 40.256283787047103 13.110122806516586 0 0.34202014332597785 -0.93969262078579585 0 
1 20.9731061225316 1.8349090246545932 0 0.93969262078579852 0.34202014332597086 0 
1 6.5151264015235974e-16 16.024682733846717 4.7375651824108171 -3.3179948724927913e-16 -0.087155742747988124 0.99619469809171668 
1 1.4803516600869664e-15 15.310013993757082 2.2930815085483447 -2.9028693698137346e-17 0.99619469809171657 0.087155742747989068 
1 5.9345525275608067e-16 20.009461526213684 5.0861881534027908 -3.3179948724927908e-16 -0.087155742747990261 0.99619469809171646 
1 9.9286746536251153e-16 15.1705648053603 3.8869930254950931 -2.9028693698137444e-17 0.99619469809171657 0.087155742747989359 
