<?xml version='1.0' encoding='utf-8'?>
<!-- FreeCAD DocumentObject -->
<Document SchemaVersion="4" FileVersion="2">
<Object name="Pad003">
  <Properties Count="47" TransientCount="2">
    <_Property name="_Body" type="App::PropertyLinkHidden" status="251658240"/>
    <_Property name="_ElementMapVersion" type="App::PropertyString" status="234881024"/>
    <Property name="AddSubShape" type="Part::PropertyPartShape">
      <Part HasherIndex="0" ElementMap="1.15.70200.4" brep="1">
<![CDATA[

CASCADE Topology V1, (c) Matra-Datavision
Locations 5
1
              1               0               0               0 
              0               1               0               0 
              0               0               1               0 
1
4.44089209850063e-16 -3.33066907387547e-16               1               0 
              1 3.33066907387547e-16 -4.44089209850063e-16               0 
-3.33066907387547e-16               1 3.33066907387547e-16               0 
2  1 1 2 1 0
1
              1               0               0             1.5 
              0               1               0 -4.9960036108132e-16 
              0               0               1 4.9960036108132e-16 
2  1 1 2 1 4 1 0
Curve2ds 0
Curves 64
1 -2.3539332108012539e-14 -39.837862613736092 17.557334721815614 1 -3.3306690738754681e-16 3.3306690738754681e-16 
1 -2.3213387108130785e-14 -39.29407794151409 17.303763764771116 1 -3.3306690738754681e-16 3.3306690738754681e-16 
1 -39.837862613736071 17.55733472181555 0 0.90630778703664916 -0.42261826174070133 0 
1 -2.3030697633178926e-14 -39.970267160299194 15.853671305512512 1 -3.3306690738754681e-16 3.3306690738754681e-16 
1 -39.970267160299187 15.85367130551246 0 0.42261826174068484 0.90630778703665682 0 
1 -2.3356642633060646e-14 -40.51405183252119 16.107242262556912 1 -3.3306690738754681e-16 3.3306690738754681e-16 
1 -40.51405183252119 16.107242262556909 0 0.90630778703663517 -0.42261826174073108 0 
1 -40.51405183252119 16.107242262556909 0 0.42261826174069889 0.90630778703665016 0 
1 -1.3217740445091232e-14 -22.618014660039698 9.5275877487422669 1 -3.3306690738754681e-16 3.3306690738754681e-16 
1 -1.2891795445209501e-14 -22.074229987817695 9.2740167916978464 1 -3.3306690738754681e-16 3.3306690738754681e-16 
1 -22.618014660039719 9.5275877487422562 0 0.90630778703665138 -0.42261826174069639 0 
1 -1.2709105970257634e-14 -22.750419206602796 7.8239243324392183 1 -3.3306690738754681e-16 3.3306690738754681e-16 
1 -22.074229987817731 9.2740167916978393 0 -0.42261826174070105 -0.90630778703664927 0 
1 -1.3035050970139363e-14 -23.294203878824796 8.0774952894836378 1 -3.3306690738754681e-16 3.3306690738754681e-16 
1 -22.750419206602849 7.8239243324392067 0 -0.90630778703664683 0.42261826174070616 0 
1 -23.294203878824838 8.0774952894836307 0 0.42261826174070277 0.90630778703664849 0 
1 1.1903497617890591e-14 37.441720170575906 14.183235269876088 1 -3.3306690738754681e-16 3.3306690738754681e-16 
1 1.1721462560651553e-14 36.877904598104308 13.978023183880687 1 -3.3306690738754681e-16 3.3306690738754681e-16 
1 37.441720170575891 14.18323526987608 0 -0.93969262078590643 -0.34202014332567449 0 
1 1.2465251313135362e-14 37.425136827425405 12.474514990623188 1 -3.3306690738754681e-16 3.3306690738754681e-16 
1 36.87790459810433 13.978023183880669 0 0.34202014332566644 -0.93969262078590932 0 
1 1.2647286370374402e-14 37.988952399897009 12.679727076618587 1 -3.3306690738754681e-16 3.3306690738754681e-16 
1 37.425136827425398 12.474514990623209 0 0.93969262078590643 0.34202014332567449 0 
1 37.988952399896959 12.679727076618621 0 -0.34202014332566644 0.93969262078590932 0 
1 5.9570190814161592e-15 19.023744803172104 7.4796404606929636 1 -3.3306690738754681e-16 3.3306690738754681e-16 
1 6.7008078338999521e-15 19.570977032493204 5.9761322674355135 1 -3.3306690738754681e-16 3.3306690738754681e-16 
1 19.023744803172089 7.479640460692969 0 0.3420201433256701 -0.93969262078590787 0 
1 6.8828428911389462e-15 20.134792604964705 6.1813443534309132 1 -3.3306690738754681e-16 3.3306690738754681e-16 
1 19.570977032493161 5.976132267435518 0 0.93969262078591065 0.3420201433256625 0 
1 6.1390541386551494e-15 19.587560375643605 7.6848525466883739 1 -3.3306690738754681e-16 3.3306690738754681e-16 
1 20.134792604964709 6.1813443534309158 0 -0.34202014332566621 0.93969262078590932 0 
1 19.58756037564364 7.6848525466883766 0 -0.9396926207859061 -0.34202014332567499 0 
1 -1.2485880850461241e-14 -21.335000257900997 9.0409385531517668 1 -3.3306690738754681e-16 3.3306690738754681e-16 
1 -1.2188773475422202e-14 -20.744115606093697 8.9367496465516076 1 -3.3306690738754681e-16 3.3306690738754681e-16 
1 -21.33500025790099 9.0409385531517561 0 0.98480775301220902 -0.17364817766692492 0 
1 -1.1787346930374091e-14 -21.021952690360695 7.3610572417320768 1 -3.3306690738754681e-16 3.3306690738754681e-16 
1 -20.744115606093661 8.9367496465516005 0 -0.17364817766693039 -0.98480775301220813 0 
1 -1.2084454305413173e-14 -21.612837342168095 7.4652461483322368 1 -3.3306690738754681e-16 3.3306690738754681e-16 
1 -21.612837342168081 7.4652461483322297 0 0.98480775301220924 -0.17364817766692389 0 
1 -21.33500025790099 9.0409385531517561 0 -0.1736481776669325 -0.98480775301220769 0 
1 -3.0774806408913603e-15 -2.623652950669058 5.741623177480081 1 -3.3306690738754681e-16 3.3306690738754681e-16 
1 -2.7803732658522996e-15 -2.0327682988617082 5.637434270879921 1 -3.3306690738754681e-16 3.3306690738754681e-16 
1 -2.623652950669058 5.7416231774800766 0 0.98480775301221024 -0.17364817766691829 0 
1 -2.3789467208042322e-15 -2.3106053831287987 4.0617418660604008 1 -3.3306690738754681e-16 3.3306690738754681e-16 
1 -2.0327682988617108 5.6374342708799219 0 -0.17364817766693152 -0.98480775301220791 0 
1 -2.6760540958432898e-15 -2.9014900349361485 4.165930772660551 1 -3.3306690738754681e-16 3.3306690738754681e-16 
1 -2.3106053831288 4.0617418660603963 0 -0.98480775301221002 0.1736481776669197 0 
1 -2.623652950669058 5.7416231774800766 0 -0.17364817766693164 -0.98480775301220791 0 
1 5.6768394451988208e-15 18.267013958558405 7.3118772713848337 1 -3.3306690738754681e-16 3.3306690738754681e-16 
1 5.4288170716182285e-15 17.669297139703403 7.2595838257362342 1 -3.3306690738754681e-16 3.3306690738754681e-16 
1 18.26701395855844 7.3118772713848399 0 -0.99619469809174566 -0.087155742747656736 0 
1 6.0216241311061899e-15 17.808746328099602 5.6656723087894436 1 -3.3306690738754681e-16 3.3306690738754681e-16 
1 17.669297139703371 7.2595838257362439 0 0.087155742747662038 -0.99619469809174521 0 
1 6.2696465046868272e-15 18.406463146954703 5.717965754438044 1 -3.3306690738754681e-16 3.3306690738754681e-16 
1 17.80874632809963 5.6656723087894498 0 0.99619469809174532 0.08715574274766115 0 
1 18.4064631469547 5.7179657544380484 0 -0.08715574274766219 0.99619469809174521 0 
1 -2.4252247584345753e-15 -1.2584021240397683 5.6036247135307402 1 -3.3306690738754681e-16 3.3306690738754681e-16 
1 -2.1772023848539482e-15 -0.66068530518469015 5.6559181591793397 1 -3.3306690738754681e-16 3.3306690738754681e-16 
1 -1.258402124039768 5.6036247135307393 0 0.99619469809174543 0.08715574274766015 0 
1 -1.5843953253659628e-15 -0.52123611678843762 4.06200664223255 1 -3.3306690738754681e-16 3.3306690738754681e-16 
1 -0.66068530518469193 5.6559181591793379 0 0.087155742747658138 -0.99619469809174555 0 
1 -1.832417698946591e-15 -1.1189529356435186 4.0097131965839496 1 -3.3306690738754681e-16 3.3306690738754681e-16 
1 -0.52123611678843895 4.0620066422325456 0 -0.99619469809174555 -0.087155742747658679 0 
1 -1.1189529356435151 4.0097131965839479 0 -0.087155742747658194 0.99619469809174555 0 
Polygon3D 0
PolygonOnTriangulations 0
Surfaces 40
1 -2.3539332108012511e-14 -39.837862613736064 17.557334721815565 -1.6110097432607183e-16 0.42261826174070161 0.90630778703664905 5.432416664695408e-16 0.90630778703664905 -0.42261826174070161 -1 4.2425993882969292e-16 -3.7559091631938938e-16 
1 -2.3030697633178907e-14 -39.97026716029918 15.853671305512473 -4.4262128921302141e-16 -0.90630778703665671 0.42261826174068512 -1.1418092184492317e-16 0.42261826174068512 0.90630778703665671 -1 3.5289617840791498e-16 -2.9054289845570593e-16 
1 -2.3356642633060646e-14 -40.514051832521183 16.107242262556923 -1.6110097432605724e-16 0.42261826174073136 0.90630778703663506 5.4324166646954445e-16 0.90630778703663506 -0.42261826174073136 -1 4.2425993882969016e-16 -3.7559091631939174e-16 
1 -2.3356642633060646e-14 -40.514051832521183 16.107242262556923 -4.4262128921302388e-16 -0.90630778703665005 0.42261826174069916 -1.1418092184491471e-16 0.42261826174069916 0.90630778703665005 -1 3.5289617840791626e-16 -2.9054289845570479e-16 
1 -3.5830673064365794e-15 -1.509141154423024 8.7456121848434201 1 -4.4408920985006257e-16 3.3306690738754716e-16 4.4408920985006257e-16 1 0 -3.3306690738754716e-16 1.4791141972893978e-31 1 
1 -1.3217740445091238e-14 -22.618014660039716 9.5275877487422633 -1.6110097432607422e-16 0.42261826174069667 0.90630778703665127 5.4324166646954011e-16 0.90630778703665127 -0.42261826174069667 -1 4.2425993882969342e-16 -3.7559091631938898e-16 
1 -1.2891795445209515e-14 -22.074229987817727 9.2740167916978464 4.4262128921302432e-16 0.90630778703664916 -0.42261826174070133 1.1418092184491351e-16 -0.42261826174070133 -0.90630778703664916 -1 3.5289617840791651e-16 -2.9054289845570474e-16 
1 -1.2709105970257655e-14 -22.750419206602846 7.8239243324392147 1.6110097432606944e-16 -0.42261826174070644 -0.90630778703664672 -5.4324166646954149e-16 -0.90630778703664672 0.42261826174070644 -1 4.2425993882969268e-16 -3.7559091631938987e-16 
1 -1.3035050970139381e-14 -23.294203878824835 8.0774952894836378 -4.4262128921302462e-16 -0.90630778703664838 0.42261826174070305 -1.1418092184491245e-16 0.42261826174070305 0.90630778703664838 -1 3.528961784079166e-16 -2.905428984557045e-16 
1 -3.5830673064365794e-15 -1.509141154423024 8.7456121848434201 1 -4.4408920985006257e-16 3.3306690738754716e-16 4.4408920985006257e-16 1 0 -3.3306690738754716e-16 1.4791141972893978e-31 1 
1 1.1903497617890595e-14 37.441720170575898 14.183235269876068 4.2689610650178843e-16 0.34202014332567415 -0.93969262078590654 -3.0339176206501979e-16 -0.93969262078590654 -0.34202014332567415 -1 4.3110206755064646e-16 -2.9738502717665809e-16 
1 1.1721462560651577e-14 36.877904598104337 13.978023183880657 1.9906492369833654e-16 0.93969262078590943 0.3420201433256661 4.6486797030236227e-16 0.3420201433256661 -0.93969262078590943 -1 3.4605404968696228e-16 -3.687487875984352e-16 
1 1.2465251313135359e-14 37.425136827425405 12.474514990623197 -4.2689610650178843e-16 -0.34202014332567415 0.93969262078590654 3.0339176206501979e-16 0.93969262078590654 0.34202014332567415 -1 4.3110206755064646e-16 -2.9738502717665809e-16 
1 1.2647286370374377e-14 37.988952399896966 12.679727076618608 -1.9906492369833654e-16 -0.93969262078590943 -0.3420201433256661 -4.6486797030236227e-16 -0.3420201433256661 0.93969262078590943 -1 3.4605404968696228e-16 -3.687487875984352e-16 
1 -3.5830673064365794e-15 -1.509141154423024 8.7456121848434201 1 -4.4408920985006257e-16 3.3306690738754716e-16 4.4408920985006257e-16 1 0 -3.3306690738754716e-16 1.4791141972893978e-31 1 
1 5.9570190814161545e-15 19.023744803172093 7.4796404606929627 1.9906492369833481e-16 0.93969262078590798 0.34202014332566977 4.6486797030236345e-16 0.34202014332566977 -0.93969262078590798 -1 3.4605404968696257e-16 -3.6874878759843559e-16 
1 6.7008078338999348e-15 19.570977032493165 5.9761322674355117 -4.2689610650178587e-16 -0.34202014332566216 0.93969262078591076 3.0339176206502561e-16 0.93969262078591076 0.34202014332566216 -1 4.311020675506473e-16 -2.9738502717665917e-16 
1 6.882842891138951e-15 20.134792604964712 6.1813443534309087 -1.9906492369833661e-16 -0.93969262078590943 -0.34202014332566588 -4.6486797030236217e-16 -0.34202014332566588 0.93969262078590943 -1 3.4605404968696228e-16 -3.687487875984352e-16 
1 6.1390541386551683e-15 19.587560375643644 7.6848525466883704 4.2689610650178853e-16 0.34202014332567465 -0.93969262078590621 -3.033917620650195e-16 -0.93969262078590621 -0.34202014332567465 -1 4.3110206755064646e-16 -2.9738502717665804e-16 
1 -3.5830673064365794e-15 -1.509141154423024 8.7456121848434201 1 -4.4408920985006257e-16 3.3306690738754716e-16 4.4408920985006257e-16 1 0 -3.3306690738754716e-16 1.4791141972893978e-31 1 
1 -1.2485880850461235e-14 -21.335000257900987 9.0409385531517632 -2.7017041115804942e-16 0.17364817766692528 0.98480775301220902 4.9517895839841375e-16 0.98480775301220902 -0.17364817766692528 -1 4.4074147780214864e-16 -3.5205283928783393e-16 
1 -1.2188773475422185e-14 -20.744115606093658 8.9367496465516076 3.8584333417606305e-16 0.98480775301220802 -0.17364817766693072 2.5089159065504508e-16 -0.17364817766693072 -0.98480775301220802 -1 3.3641463943546104e-16 -3.1408097548725955e-16 
1 -1.2084454305413165e-14 -21.612837342168078 7.4652461483322368 -2.7017041115804982e-16 0.17364817766692422 0.98480775301220913 4.9517895839841335e-16 0.98480775301220913 -0.17364817766692422 -1 4.4074147780214864e-16 -3.5205283928783388e-16 
1 -1.2485880850461235e-14 -21.335000257900987 9.0409385531517632 3.8584333417606364e-16 0.98480775301220769 -0.17364817766693286 2.5089159065504399e-16 -0.17364817766693286 -0.98480775301220769 -1 3.3641463943546104e-16 -3.1408097548725925e-16 
1 -3.5830673064365794e-15 -1.509141154423024 8.7456121848434201 1 -4.4408920985006257e-16 3.3306690738754716e-16 4.4408920985006257e-16 1 0 -3.3306690738754716e-16 1.4791141972893978e-31 1 
1 -3.0774806408913579e-15 -2.6236529506690562 5.7416231774800774 -2.7017041115805203e-16 0.17364817766691862 0.98480775301221013 4.9517895839841197e-16 0.98480775301221013 -0.17364817766691862 -1 4.4074147780214888e-16 -3.5205283928783334e-16 
1 -2.7803732658523004e-15 -2.0327682988617091 5.6374342708799228 3.8584333417606335e-16 0.9848077530122078 -0.17364817766693186 2.5089159065504449e-16 -0.17364817766693186 -0.9848077530122078 -1 3.3641463943546104e-16 -3.140809754872594e-16 
1 -2.378946720804231e-15 -2.3106053831287987 4.0617418660603972 2.7017041115805149e-16 -0.17364817766692003 -0.98480775301220991 -4.9517895839841237e-16 -0.98480775301220991 0.17364817766692003 -1 4.4074147780214888e-16 -3.5205283928783349e-16 
1 -3.0774806408913579e-15 -2.6236529506690562 5.7416231774800774 3.858433341760634e-16 0.9848077530122078 -0.17364817766693197 2.5089159065504444e-16 -0.17364817766693197 -0.9848077530122078 -1 3.3641463943546109e-16 -3.140809754872594e-16 
1 -3.5830673064365794e-15 -1.509141154423024 8.7456121848434201 1 -4.4408920985006257e-16 3.3306690738754716e-16 4.4408920985006257e-16 1 0 -3.3306690738754716e-16 1.4791141972893978e-31 1 
1 5.6768394451988382e-15 18.267013958558444 7.3118772713848337 3.6082818094731513e-16 0.087155742747656403 -0.99619469809174566 -4.1337062263435838e-16 -0.99619469809174566 -0.087155742747656403 -1 4.4324587072998058e-16 -3.2342749713604568e-16 
1 5.4288170716182143e-15 17.669297139703374 7.2595838257362377 3.0277079355126014e-16 0.99619469809174521 0.087155742747661705 3.705044121799933e-16 0.087155742747661705 -0.99619469809174521 -1 3.3391024650762885e-16 -3.4270631763904894e-16 
1 6.0216241311062041e-15 17.808746328099634 5.6656723087894436 -3.6082818094731651e-16 -0.087155742747660817 0.99619469809174532 4.133706226343568e-16 0.99619469809174532 0.087155742747660817 -1 4.4324587072998058e-16 -3.2342749713604523e-16 
1 6.269646504686828e-15 18.406463146954703 5.7179657544380422 -3.027707935512601e-16 -0.99619469809174521 -0.087155742747661857 -3.705044121799934e-16 -0.087155742747661857 0.99619469809174521 -1 3.3391024650762885e-16 -3.4270631763904899e-16 
1 -3.5830673064365794e-15 -1.509141154423024 8.7456121848434201 1 -4.4408920985006257e-16 3.3306690738754716e-16 4.4408920985006257e-16 1 0 -3.3306690738754716e-16 1.4791141972893978e-31 1 
1 -2.4252247584345741e-15 -1.2584021240397663 5.6036247135307393 -3.6082818094731621e-16 -0.087155742747659817 0.99619469809174543 4.133706226343572e-16 0.99619469809174543 0.087155742747659817 -1 4.4324587072998063e-16 -3.2342749713604533e-16 
1 -2.1772023848539478e-15 -0.66068530518469004 5.6559181591793379 3.0277079355126162e-16 0.99619469809174555 0.087155742747657805 3.7050441217999162e-16 0.087155742747657805 -0.99619469809174555 -1 3.3391024650762885e-16 -3.4270631763904844e-16 
1 -1.5843953253659614e-15 -0.52123611678843762 4.0620066422325456 3.6082818094731577e-16 0.087155742747658346 -0.99619469809174555 -4.1337062263435774e-16 -0.99619469809174555 -0.087155742747658346 -1 4.4324587072998063e-16 -3.2342749713604553e-16 
1 -1.8324176989465878e-15 -1.1189529356435137 4.0097131965839479 -3.0277079355126157e-16 -0.99619469809174555 -0.087155742747657861 -3.7050441217999167e-16 -0.087155742747657861 0.99619469809174555 -1 3.339102465076288e-16 -3.4270631763904844e-16 
1 -3.5830673064365794e-15 -1.509141154423024 8.7456121848434201 1 -4.4408920985006257e-16 3.3306690738754716e-16 4.4408920985006257e-16 1 0 -3.3306690738754716e-16 1.4791141972893978e-31 1 
Triangulations 0

TShapes 193
Ve
1e-07
-39.8378626137361 17.5573347218156 0
0 0

0101101
*
Ed
 1e-07 1 1 0
1  1 0 0 1.5
0

0101000
+193 3 -193 5 *
Ve
1e-07
-39.2940779415141 17.3037637647711 0
0 0

0101101
*
Ed
 1e-07 1 1 0
1  2 0 0 1.5
0

0101000
+191 3 -191 5 *
Ed
 1e-07 1 1 0
1  3 0 0 0.599999999999999
0

0101000
+193 0 -191 0 *
Wi

0101100
+192 0 -190 0 -189 3 +189 5 *
Fa
0  1e-07 1 0

0111000
+188 0 *
Ve
1e-07
-39.9702671602992 15.8536713055125 0
0 0

0101101
*
Ed
 1e-07 1 1 0
1  4 0 0 1.5
0

0101000
+186 3 -186 5 *
Ed
 1e-07 1 1 0
1  5 0 0 1.60000000000002
0

0101000
+186 0 -191 0 *
Wi

0101100
+185 0 -190 0 -184 3 +184 5 *
Fa
0  1e-07 2 0

0111000
+183 0 *
Ve
1e-07
-40.5140518325212 16.1072422625569 0
0 0

0101101
*
Ed
 1e-07 1 1 0
1  6 0 0 1.5
0

0101000
+181 3 -181 5 *
Ed
 1e-07 1 1 0
1  7 0 0 0.600000000000024
0

0101000
+181 0 -186 0 *
Wi

0101100
+180 0 -185 0 -179 3 +179 5 *
Fa
0  1e-07 3 0

0111000
+178 0 *
Ed
 1e-07 1 1 0
1  8 0 0 1.6
0

0101000
+181 0 -193 0 *
Wi

0101100
+180 0 -192 0 -176 3 +176 5 *
Fa
0  1e-07 4 0

0111000
+175 0 *
Wi

0101100
+189 0 -184 0 -179 0 +176 0 *
Fa
0  1e-07 5 0

0111000
-173 3 *
Sh

0101100
-187 0 +182 0 +177 0 -174 0 +172 0 -172 4 *
So

0100000
-171 0 *
Ve
1e-07
-22.6180146600397 9.52758774874226 0
0 0

0101101
*
Ed
 1e-07 1 1 0
1  9 0 0 1.5
0

0101000
+169 3 -169 5 *
Ve
1e-07
-22.0742299878177 9.27401679169784 0
0 0

0101101
*
Ed
 1e-07 1 1 0
1  10 0 0 1.5
0

0101000
+167 3 -167 5 *
Ed
 1e-07 1 1 0
1  11 0 0 0.599999999999998
0

0101000
+169 0 -167 0 *
Wi

0101100
+168 0 -166 0 -165 3 +165 5 *
Fa
0  1e-07 6 0

0111000
+164 0 *
Ve
1e-07
-22.7504192066028 7.82392433243921 0
0 0

0101101
*
Ed
 1e-07 1 1 0
1  12 0 0 1.5
0

0101000
+162 3 -162 5 *
Ed
 1e-07 1 1 0
1  13 0 0 1.59999999999999
0

0101000
+167 0 -162 0 *
Wi

0101100
+166 0 -161 0 -160 3 +160 5 *
Fa
0  1e-07 7 0

0111000
+159 0 *
Ve
1e-07
-23.2942038788248 8.07749528948363 0
0 0

0101101
*
Ed
 1e-07 1 1 0
1  14 0 0 1.5
0

0101000
+157 3 -157 5 *
Ed
 1e-07 1 1 0
1  15 0 0 0.600000000000001
0

0101000
+162 0 -157 0 *
Wi

0101100
+161 0 -156 0 -155 3 +155 5 *
Fa
0  1e-07 8 0

0111000
+154 0 *
Ed
 1e-07 1 1 0
1  16 0 0 1.59999999999999
0

0101000
+157 0 -169 0 *
Wi

0101100
+156 0 -168 0 -152 3 +152 5 *
Fa
0  1e-07 9 0

0111000
+151 0 *
Wi

0101100
+165 0 +160 0 +155 0 +152 0 *
Fa
0  1e-07 10 0

0111000
-149 3 *
Sh

0101100
-163 0 -158 0 -153 0 -150 0 +148 0 -148 4 *
So

0100000
-147 0 *
Ve
1e-07
37.4417201705759 14.1832352698761 0
0 0

0101101
*
Ed
 1e-07 1 1 0
1  17 0 0 1.5
0

0101000
+145 3 -145 5 *
Ve
1e-07
36.8779045981043 13.9780231838807 0
0 0

0101101
*
Ed
 1e-07 1 1 0
1  18 0 0 1.5
0

0101000
+143 3 -143 5 *
Ed
 1e-07 1 1 0
1  19 0 0 0.600000000000019
0

0101000
+145 0 -143 0 *
Wi

0101100
+144 0 -142 0 -141 3 +141 5 *
Fa
0  1e-07 11 0

0111000
+140 0 *
Ve
1e-07
37.4251368274254 12.4745149906232 0
0 0

0101101
*
Ed
 1e-07 1 1 0
1  20 0 0 1.5
0

0101000
+138 3 -138 5 *
Ed
 1e-07 1 1 0
1  21 0 0 1.60000000000001
0

0101000
+143 0 -138 0 *
Wi

0101100
+142 0 -137 0 -136 3 +136 5 *
Fa
0  1e-07 12 0

0111000
+135 0 *
Ve
1e-07
37.988952399897 12.6797270766186 0
0 0

0101101
*
Ed
 1e-07 1 1 0
1  22 0 0 1.5
0

0101000
+133 3 -133 5 *
Ed
 1e-07 1 1 0
1  23 0 0 0.600000000000019
0

0101000
+138 0 -133 0 *
Wi

0101100
+137 0 -132 0 -131 3 +131 5 *
Fa
0  1e-07 13 0

0111000
+130 0 *
Ed
 1e-07 1 1 0
1  24 0 0 1.60000000000001
0

0101000
+133 0 -145 0 *
Wi

0101100
+132 0 -144 0 -128 3 +128 5 *
Fa
0  1e-07 14 0

0111000
+127 0 *
Wi

0101100
+141 0 +136 0 +131 0 +128 0 *
Fa
0  1e-07 15 0

0111000
+125 3 *
Sh

0101100
+139 0 +134 0 +129 0 +126 0 +124 0 -124 4 *
So

0100000
-123 0 *
Ve
1e-07
19.0237448031721 7.47964046069297 0
0 0

0101101
*
Ed
 1e-07 1 1 0
1  25 0 0 1.5
0

0101000
+121 3 -121 5 *
Ve
1e-07
19.5709770324932 5.97613226743552 0
0 0

0101101
*
Ed
 1e-07 1 1 0
1  26 0 0 1.5
0

0101000
+119 3 -119 5 *
Ed
 1e-07 1 1 0
1  27 0 0 1.6
0

0101000
+121 0 -119 0 *
Wi

0101100
+120 0 -118 0 -117 3 +117 5 *
Fa
0  1e-07 16 0

0111000
+116 0 *
Ve
1e-07
20.1347926049647 6.18134435343092 0
0 0

0101101
*
Ed
 1e-07 1 1 0
1  28 0 0 1.5
0

0101000
+114 3 -114 5 *
Ed
 1e-07 1 1 0
1  29 0 0 0.600000000000001
0

0101000
+119 0 -114 0 *
Wi

0101100
+118 0 -113 0 -112 3 +112 5 *
Fa
0  1e-07 17 0

0111000
+111 0 *
Ve
1e-07
19.5875603756436 7.68485254668838 0
0 0

0101101
*
Ed
 1e-07 1 1 0
1  30 0 0 1.5
0

0101000
+109 3 -109 5 *
Ed
 1e-07 1 1 0
1  31 0 0 1.60000000000001
0

0101000
+114 0 -109 0 *
Wi

0101100
+113 0 -108 0 -107 3 +107 5 *
Fa
0  1e-07 18 0

0111000
+106 0 *
Ed
 1e-07 1 1 0
1  32 0 0 0.600000000000008
0

0101000
+109 0 -121 0 *
Wi

0101100
+108 0 -120 0 -104 3 +104 5 *
Fa
0  1e-07 19 0

0111000
+103 0 *
Wi

0101100
+117 0 +112 0 +107 0 +104 0 *
Fa
0  1e-07 20 0

0111000
+101 3 *
Sh

0101100
+115 0 +110 0 +105 0 +102 0 +100 0 -100 4 *
So

0100000
-99 0 *
Ve
1e-07
-21.335000257901 9.04093855315176 0
0 0

0101101
*
Ed
 1e-07 1 1 0
1  33 0 0 1.5
0

0101000
+97 3 -97 5 *
Ve
1e-07
-20.7441156060937 8.9367496465516 0
0 0

0101101
*
Ed
 1e-07 1 1 0
1  34 0 0 1.5
0

0101000
+95 3 -95 5 *
Ed
 1e-07 1 1 0
1  35 0 0 0.600000000000004
0

0101000
+97 0 -95 0 *
Wi

0101100
+96 0 -94 0 -93 3 +93 5 *
Fa
0  1e-07 21 0

0111000
+92 0 *
Ve
1e-07
-21.0219526903607 7.36105724173207 0
0 0

0101101
*
Ed
 1e-07 1 1 0
1  36 0 0 1.5
0

0101000
+90 3 -90 5 *
Ed
 1e-07 1 1 0
1  37 0 0 1.59999999999999
0

0101000
+95 0 -90 0 *
Wi

0101100
+94 0 -89 0 -88 3 +88 5 *
Fa
0  1e-07 22 0

0111000
+87 0 *
Ve
1e-07
-21.6128373421681 7.46524614833223 0
0 0

0101101
*
Ed
 1e-07 1 1 0
1  38 0 0 1.5
0

0101000
+85 3 -85 5 *
Ed
 1e-07 1 1 0
1  39 0 0 0.600000000000007
0

0101000
+85 0 -90 0 *
Wi

0101100
+84 0 -89 0 -83 3 +83 5 *
Fa
0  1e-07 23 0

0111000
+82 0 *
Ed
 1e-07 1 1 0
1  40 0 0 1.59999999999999
0

0101000
+97 0 -85 0 *
Wi

0101100
+96 0 -84 0 -80 3 +80 5 *
Fa
0  1e-07 24 0

0111000
+79 0 *
Wi

0101100
+93 0 +88 0 -83 0 -80 0 *
Fa
0  1e-07 25 0

0111000
-77 3 *
Sh

0101100
-91 0 -86 0 +81 0 +78 0 +76 0 -76 4 *
So

0100000
-75 0 *
Ve
1e-07
-2.62365295066906 5.74162317748008 0
0 0

0101101
*
Ed
 1e-07 1 1 0
1  41 0 0 1.5
0

0101000
+73 3 -73 5 *
Ve
1e-07
-2.03276829886171 5.63743427087992 0
0 0

0101101
*
Ed
 1e-07 1 1 0
1  42 0 0 1.5
0

0101000
+71 3 -71 5 *
Ed
 1e-07 1 1 0
1  43 0 0 0.600000000000021
0

0101000
+73 0 -71 0 *
Wi

0101100
+72 0 -70 0 -69 3 +69 5 *
Fa
0  1e-07 26 0

0111000
+68 0 *
Ve
1e-07
-2.3106053831288 4.0617418660604 0
0 0

0101101
*
Ed
 1e-07 1 1 0
1  44 0 0 1.5
0

0101000
+66 3 -66 5 *
Ed
 1e-07 1 1 0
1  45 0 0 1.59999999999999
0

0101000
+71 0 -66 0 *
Wi

0101100
+70 0 -65 0 -64 3 +64 5 *
Fa
0  1e-07 27 0

0111000
+63 0 *
Ve
1e-07
-2.90149003493615 4.16593077266055 0
0 0

0101101
*
Ed
 1e-07 1 1 0
1  46 0 0 1.5
0

0101000
+61 3 -61 5 *
Ed
 1e-07 1 1 0
1  47 0 0 0.600000000000022
0

0101000
+66 0 -61 0 *
Wi

0101100
+65 0 -60 0 -59 3 +59 5 *
Fa
0  1e-07 28 0

0111000
+58 0 *
Ed
 1e-07 1 1 0
1  48 0 0 1.59999999999999
0

0101000
+73 0 -61 0 *
Wi

0101100
+72 0 -60 0 -56 3 +56 5 *
Fa
0  1e-07 29 0

0111000
+55 0 *
Wi

0101100
+69 0 +64 0 +59 0 -56 0 *
Fa
0  1e-07 30 0

0111000
-53 3 *
Sh

0101100
-67 0 -62 0 -57 0 +54 0 +52 0 -52 4 *
So

0100000
-51 0 *
Ve
1e-07
18.2670139585584 7.31187727138484 0
0 0

0101101
*
Ed
 1e-07 1 1 0
1  49 0 0 1.5
0

0101000
+49 3 -49 5 *
Ve
1e-07
17.6692971397034 7.25958382573624 0
0 0

0101101
*
Ed
 1e-07 1 1 0
1  50 0 0 1.5
0

0101000
+47 3 -47 5 *
Ed
 1e-07 1 1 0
1  51 0 0 0.600000000000022
0

0101000
+49 0 -47 0 *
Wi

0101100
+48 0 -46 0 -45 3 +45 5 *
Fa
0  1e-07 31 0

0111000
+44 0 *
Ve
1e-07
17.8087463280996 5.66567230878945 0
0 0

0101101
*
Ed
 1e-07 1 1 0
1  52 0 0 1.5
0

0101000
+42 3 -42 5 *
Ed
 1e-07 1 1 0
1  53 0 0 1.6
0

0101000
+47 0 -42 0 *
Wi

0101100
+46 0 -41 0 -40 3 +40 5 *
Fa
0  1e-07 32 0

0111000
+39 0 *
Ve
1e-07
18.4064631469547 5.71796575443805 0
0 0

0101101
*
Ed
 1e-07 1 1 0
1  54 0 0 1.5
0

0101000
+37 3 -37 5 *
Ed
 1e-07 1 1 0
1  55 0 0 0.600000000000022
0

0101000
+42 0 -37 0 *
Wi

0101100
+41 0 -36 0 -35 3 +35 5 *
Fa
0  1e-07 33 0

0111000
+34 0 *
Ed
 1e-07 1 1 0
1  56 0 0 1.6
0

0101000
+37 0 -49 0 *
Wi

0101100
+36 0 -48 0 -32 3 +32 5 *
Fa
0  1e-07 34 0

0111000
+31 0 *
Wi

0101100
+45 0 +40 0 +35 0 +32 0 *
Fa
0  1e-07 35 0

0111000
+29 3 *
Sh

0101100
+43 0 +38 0 +33 0 +30 0 +28 0 -28 4 *
So

0100000
-27 0 *
Ve
1e-07
-1.25840212403977 5.60362471353074 0
0 0

0101101
*
Ed
 1e-07 1 1 0
1  57 0 0 1.5
0

0101000
+25 3 -25 5 *
Ve
1e-07
-0.660685305184692 5.65591815917934 0
0 0

0101101
*
Ed
 1e-07 1 1 0
1  58 0 0 1.5
0

0101000
+23 3 -23 5 *
Ed
 1e-07 1 1 0
1  59 0 0 0.600000000000029
0

0101000
+25 0 -23 0 *
Wi

0101100
+24 0 -22 0 -21 3 +21 5 *
Fa
0  1e-07 36 0

0111000
+20 0 *
Ve
1e-07
-0.521236116788439 4.06200664223255 0
0 0

0101101
*
Ed
 1e-07 1 1 0
1  60 0 0 1.5
0

0101000
+18 3 -18 5 *
Ed
 1e-07 1 1 0
1  61 0 0 1.6
0

0101000
+23 0 -18 0 *
Wi

0101100
+22 0 -17 0 -16 3 +16 5 *
Fa
0  1e-07 37 0

0111000
+15 0 *
Ve
1e-07
-1.11895293564352 4.00971319658395 0
0 0

0101101
*
Ed
 1e-07 1 1 0
1  62 0 0 1.5
0

0101000
+13 3 -13 5 *
Ed
 1e-07 1 1 0
1  63 0 0 0.600000000000029
0

0101000
+18 0 -13 0 *
Wi

0101100
+17 0 -12 0 -11 3 +11 5 *
Fa
0  1e-07 38 0

0111000
+10 0 *
Ed
 1e-07 1 1 0
1  64 0 0 1.6
0

0101000
+13 0 -25 0 *
Wi

0101100
+12 0 -24 0 -8 3 +8 5 *
Fa
0  1e-07 39 0

0111000
+7 0 *
Wi

0101100
+21 0 +16 0 +11 0 +8 0 *
Fa
0  1e-07 40 0

0111000
-5 3 *
Sh

0101100
-19 0 -14 0 -9 0 -6 0 +4 0 -4 4 *
So

0100000
-3 0 *
Co

1100000
+170 0 +146 0 +122 0 +98 0 +74 0 +50 0 +26 0 +2 0 *

+1 0 ]]>
      </Part>
      <ElementMap new="1" count="1"><Element key="Dummy" value="Dummy"/></ElementMap>
      <ElementMap2 count="208">
<![CDATA[
13 PostfixCount 11
Edge
Face
Vertex
;:G;XTR;:Hee0:7,F
;FAC;:Hee0:4,F
;:G;XTR;:Hee0:7,E
;:G0;XTR;:Hee0:8,F
;:U;XTR;:Hee0:7,E
;:U;XTR;:Hee0:7,V
;SKT;:Hee0,E
;SKT;:Hee0,V

MapCount 1

ElementMap 1 13 3

Edge

ChildCount 0

NameCount 97
0
$#404.6 0
$#405.6 0
;g82.a 0
$#426.8 0
$#406.6 0
;g83.a 0
$#427.8 0
$#407.6 0
;g84.a 0
$#428.8 0
;g85.a 0
$#429.8 0
$#408.6 0
$#409.6 0
;g86.a 0
$#42a.8 0
$#40a.6 0
;g87.a 0
$#42b.8 0
$#40b.6 0
;g88.a 0
$#42c.8 0
;g89.a 0
$#42d.8 0
$#72b.6 0
$#72c.6 0
;g114.a 0
$#74b.8 0
$#72d.6 0
;g115.a 0
$#74c.8 0
$#72e.6 0
;g116.a 0
$#74d.8 0
;g117.a 0
$#74e.8 0
$#72f.6 0
$#730.6 0
;g118.a 0
$#74f.8 0
$#731.6 0
;g119.a 0
$#750.8 0
$#732.6 0
;g120.a 0
$#751.8 0
;g121.a 0
$#752.8 0
$#40c.6 0
$#40d.6 0
;g90.a 0
$#42e.8 0
$#40e.6 0
;g91.a 0
$#42f.8 0
$#40f.6 0
;g92.a 0
$#430.8 0
;g93.a 0
$#431.8 0
$#410.6 0
$#411.6 0
;g94.a 0
$#432.8 0
$#412.6 0
;g95.a 0
$#433.8 0
$#413.6 0
;g96.a 0
$#434.8 0
;g97.a 0
$#435.8 0
$#733.6 0
$#734.6 0
;g122.a 0
$#753.8 0
$#735.6 0
;g123.a 0
$#754.8 0
$#736.6 0
;g124.a 0
$#755.8 0
;g125.a 0
$#756.8 0
$#737.6 0
$#738.6 0
;g126.a 0
$#757.8 0
$#739.6 0
;g127.a 0
$#758.8 0
$#73a.6 0
;g128.a 0
$#759.8 0
;g129.a 0
$#75a.8 0

Face

ChildCount 0

NameCount 49
0
$#3ff.4 0
$#414.4 0
$#415.4 0
$#416.4 0
$#3ff.5 0
$#418.7 0
$#400.4 0
$#419.4 0
$#41a.4 0
$#41b.4 0
$#400.5 0
$#41c.7 0
$#727.4 0
$#73b.4 0
$#73c.4 0
$#73d.4 0
$#727.5 0
$#73e.7 0
$#728.4 0
$#73f.4 0
$#740.4 0
$#741.4 0
$#728.5 0
$#742.7 0
$#401.4 0
$#41d.4 0
$#41e.4 0
$#41f.4 0
$#401.5 0
$#420.7 0
$#402.4 0
$#421.4 0
$#422.4 0
$#423.4 0
$#402.5 0
$#424.7 0
$#729.4 0
$#743.4 0
$#744.4 0
$#745.4 0
$#729.5 0
$#746.7 0
$#72a.4 0
$#747.4 0
$#748.4 0
$#749.4 0
$#72a.5 0
$#74a.7 0

Vertex

ChildCount 0

NameCount 65
0
;g82v1.b 0
$#437.9 0
;g82v2.b 0
$#438.9 0
;g83v1.b 0
$#439.9 0
;g84v1.b 0
$#43a.9 0
;g86v1.b 0
$#43b.9 0
;g86v2.b 0
$#43c.9 0
;g87v2.b 0
$#43d.9 0
;g88v2.b 0
$#43e.9 0
;g114v1.b 0
$#75b.9 0
;g114v2.b 0
$#75c.9 0
;g115v2.b 0
$#75d.9 0
;g116v2.b 0
$#75e.9 0
;g118v1.b 0
$#75f.9 0
;g118v2.b 0
$#760.9 0
;g119v2.b 0
$#761.9 0
;g120v2.b 0
$#762.9 0
;g90v1.b 0
$#43f.9 0
;g90v2.b 0
$#440.9 0
;g91v2.b 0
$#441.9 0
;g92v1.b 0
$#442.9 0
;g94v1.b 0
$#443.9 0
;g94v2.b 0
$#444.9 0
;g95v2.b 0
$#445.9 0
;g96v2.b 0
$#446.9 0
;g122v1.b 0
$#763.9 0
;g122v2.b 0
$#764.9 0
;g123v2.b 0
$#765.9 0
;g124v2.b 0
$#766.9 0
;g126v1.b 0
$#767.9 0
;g126v2.b 0
$#768.9 0
;g127v2.b 0
$#769.9 0
;g128v2.b 0
$#76a.9 0

EndMap
]]>
      </ElementMap2>
    </Property>
    <Property name="AddSubType" type="App::PropertyEnumeration">
      <Integer value="0"/>
    </Property>
    <Property name="AllowMultiFace" type="App::PropertyBool">
      <Bool value="true"/>
    </Property>
    <Property name="AlongSketchNormal" type="App::PropertyBool">
      <Bool value="false"/>
    </Property>
    <Property name="AutoTaperInnerAngle" type="App::PropertyBool">
      <Bool value="true"/>
    </Property>
    <Property name="BaseFeature" type="App::PropertyLink" status="8">
      <Link value="Pad001"/>
    </Property>
    <Property name="CheckUpToFaceLimits" type="App::PropertyBool">
      <Bool value="true"/>
    </Property>
    <Property name="ClaimChildren" type="App::PropertyBool" status="134217728">
      <Bool value="false"/>
    </Property>
    <Property name="ColoredElements" type="App::PropertyLinkSubHidden" status="218103808">
      <LinkSub value="" count="0">
      </LinkSub>
    </Property>
    <Property name="Direction" type="App::PropertyVector" status="4">
      <PropertyVector valueX="1" valueY="-3.33066907387547e-16" valueZ="3.33066907387547e-16"/>
    </Property>
    <Property name="ExpressionEngine" type="App::PropertyExpressionEngine" status="67108864">
      <ExpressionEngine count="0"></ExpressionEngine>
    </Property>
    <Property name="Fit" type="App::PropertyDistance">
      <Float value="0"/>
    </Property>
    <Property name="FitJoin" type="App::PropertyEnumeration">
      <Integer value="0"/>
    </Property>
    <Property name="FixShape" type="App::PropertyEnumeration">
      <Integer value="0"/>
    </Property>
    <Property name="InnerFit" type="App::PropertyDistance">
      <Float value="0"/>
    </Property>
    <Property name="InnerFitJoin" type="App::PropertyEnumeration">
      <Integer value="0"/>
    </Property>
    <Property name="InvalidShape" type="App::PropertyBool" status="67108864">
      <Bool value="false"/>
    </Property>
    <Property name="Label" type="App::PropertyString" status="134217728">
      <String value="Pad003"/>
    </Property>
    <Property name="Label2" type="App::PropertyString" status="128">
      <String value=""/>
    </Property>
    <Property name="Length" type="App::PropertyLength">
      <Float value="1.5"/>
    </Property>
    <Property name="Length2" type="App::PropertyLength" status="4">
      <Float value="10"/>
    </Property>
    <Property name="Linearize" type="App::PropertyBool">
      <Bool value="true"/>
    </Property>
    <Property name="Midplane" type="App::PropertyBool">
      <Bool value="false"/>
    </Property>
    <Property name="NewSolid" type="App::PropertyBool">
      <Bool value="false"/>
    </Property>
    <Property name="Offset" type="App::PropertyLength" status="4">
      <Float value="0"/>
    </Property>
    <Property name="Placement" type="App::PropertyPlacement" status="8388620">
      <PropertyPlacement Px="0" Py="0" Pz="0" Q0="0" Q1="0" Q2="0" Q3="1" A="0" Ox="0" Oy="0" Oz="1"/>
    </Property>
    <Property name="Profile" type="App::PropertyLinkSub">
      <LinkSub value="Sketch004" count="1">
        <Sub value=""/>
      </LinkSub>
    </Property>
    <Property name="ReferenceAxis" type="App::PropertyLinkSub">
      <LinkSub value="Sketch004" count="1">
        <Sub value="N_Axis"/>
      </LinkSub>
    </Property>
    <Property name="Refine" type="App::PropertyBool">
      <Bool value="false"/>
    </Property>
    <Property name="Reversed" type="App::PropertyBool">
      <Bool value="false"/>
    </Property>
    <Property name="Shape" type="Part::PropertyPartShape">
      <Part HasherIndex="0" ElementMap="1.15.70200.4" brep="1">
<![CDATA[

CASCADE Topology V1, (c) Matra-Datavision
Locations 12
1
              1               0               0               0 
              0               1               0               0 
              0               0               1               0 
1
2.22044604925031e-16 -3.33066907387547e-16               1               0 
              1 3.33066907387547e-16 -2.22044604925031e-16               0 
-3.33066907387547e-16               1 3.33066907387547e-16               0 
2  1 1 2 1 0
1
              1               0               0             2.5 
              0               1               0 -8.32667268468867e-16 
              0               0               1 9.71445146547012e-16 
2  1 1 2 1 4 1 0
1
              1               0               0               0 
              0               1               0               0 
              0               0               1               0 
1
4.44089209850063e-16 -3.33066907387547e-16               1               0 
              1 3.33066907387547e-16 -4.44089209850063e-16               0 
-3.33066907387547e-16               1 3.33066907387547e-16               0 
1
              1               0               0             1.5 
              0               1               0 -4.9960036108132e-16 
              0               0               1 4.9960036108132e-16 
2  6 1 7 1 8 1 0
2  8 -1 7 -1 6 -1 0
2  6 1 7 1 0
2  7 -1 6 -1 0
Curve2ds 128
8 -13.342877596656781 -9.3428775966567272
1 -6.2992207783078715 -12.235211531700433 -0.34202014332566222 0.93969262078591076 
8 -13.342877596656781 -9.3428775966567272
1 -9.3428775966567272 -3.1999999999999953 -1 -4.1730735346674949e-16 
8 3.4520100418846225 5.0520100418846532
1 3.0116486861727623 -23.045525950720346 -0.93969262078590865 -0.34202014332566799 
8 3.4520100418846225 5.0520100418846532
1 5.0520100418846523 -3.19999999999999 -1 1.5188745520230136e-16 
8 7.3428775966566633 11.342877596656745
1 -4.1116722983991263 -13.56736454395126 0.3420201433256691 -0.93969262078590843 
8 7.3428775966566633 11.342877596656745
1 11.342877596656713 -3.1999999999999944 -1 4.173073534667485e-16 
8 -5.8520100418846672 -4.2520100418846569
1 2.3953222094988256 -19.013139352916117 0.93969262078590798 0.34202014332566977 
8 -5.8520100418846672 -4.2520100418846569
1 -4.2520100418846569 -3.1999999999999917 -1 -1.5188745520230215e-16 
8 0.93959733547108493 2.539597335471115
1 -1.1806245267291047 -15.644011496226284 -0.99619469809174555 -0.087155742747658194 
8 0.93959733547108493 2.539597335471115
1 2.539597335471115 -3.1999999999999935 -1 3.8704924930703124e-17 
8 -11.740791550946946 -7.7407915509468248
1 -4.3852123646909753 -8.1540164861926012 -0.087155742747664688 0.99619469809174499 
8 -11.740791550946946 -7.7407915509468248
1 -7.7407915509468639 -3.1999999999999975 -1 -4.4239931633238471e-16 
8 0.93959733547113533 2.5395973354711381
1 -0.83200155573841705 -19.628790288593333 -0.99619469809174521 -0.087155742747661857 
8 0.93959733547113533 2.5395973354711381
1 2.5395973354711381 -3.1999999999999917 -1 3.87049249307048e-17 
8 5.7407915509468381 9.7407915509469216
1 -2.6169893622487885 -10.006956693979854 0.087155742747658152 -0.99619469809174566 
8 5.7407915509468381 9.7407915509469216
1 9.7407915509469181 -3.1999999999999966 -1 4.4239931633238491e-16 
8 -3.9407915509469715 0.059208449053081022
1 -3.4711156411758335 -0.24424865268074747 -0.087155742747657403 0.99619469809174566 
8 -3.9407915509469715 0.059208449053081022
1 0.059208449053079031 -3.2000000000000006 -1 -4.4239931633238486e-16 
8 -3.339597335471101 -1.7395973354710998
1 -1.743298355119153 -0.033649611797005097 0.99619469809174555 0.087155742747657861 
8 -3.339597335471101 -1.7395973354710998
1 -1.7395973354711007 -3.2000000000000002 -1 -3.8704924930702926e-17 
8 -3.9407915509469897 0.059208449053066485
1 -5.0650271581226267 -0.3836978410769829 -0.087155742747650741 0.99619469809174621 
8 -3.9407915509469897 0.059208449053066485
1 0.059208449053061843 -3.2000000000000002 -1 -4.4239931633238526e-16 
8 -3.3395973354711308 -1.7395973354711007
1 -1.3946753841285187 -4.0184284041640366 0.99619469809174566 0.08715574274765793 
8 -3.3395973354711308 -1.7395973354711007
1 -1.7395973354711007 -3.1999999999999993 -1 -3.870492493070292e-17 
8 -5.8520100418846344 -4.2520100418845779
1 9.0989170186818775 -37.431114720319968 0.93969262078590943 0.3420201433256661 
8 -5.8520100418846344 -4.2520100418845779
1 -4.2520100418845939 -3.1999999999999837 -1 -1.518874552023004e-16 
8 -21.142877596656746 -17.14287759665665
1 -2.1279554671102794 -19.017581744509471 -0.34202014332566932 0.93969262078590821 
8 -21.142877596656746 -17.14287759665665
1 -17.14287759665665 -3.1999999999999922 -1 -4.1730735346674835e-16 
8 3.4520100418846487 5.0520100418847038
1 6.9790823487505094 -33.945960351836753 -0.93969262078590787 -0.34202014332567038 
8 3.4520100418846487 5.0520100418847038
1 5.0520100418846949 -3.1999999999999855 -1 1.5188745520230235e-16 
8 15.142877596656589 19.142877596656692
1 -2.9474233737164761 -21.444199215402456 0.34202014332567438 -0.93969262078590632 
8 15.142877596656589 19.142877596656692
1 19.14287759665666 -3.1999999999999909 -1 4.1730735346674742e-16 
8 -3.3462319483718148 -1.7462319483717839
1 -1.0281709681989284 4.2251016816004832 0.98480775301220802 -0.17364817766693097 
8 -3.3462319483718148 -1.7462319483717839
1 -1.7462319483717841 -3.2000000000000028 -1 7.7115282012010306e-17 
8 -3.9911864391737013 0.0088135608263796728
1 -5.0166283862240864 0.87561741247065994 -0.17364817766692409 -0.98480775301220913 
8 -3.9911864391737013 0.0088135608263796728
1 0.0088135608263784603 -3.2000000000000006 -1 4.3734249688940767e-16 
8 -3.3462319483717824 -1.7462319483717803
1 -1.7227636788666665 0.28587066955157336 0.98480775301220791 -0.17364817766693111 
8 -3.3462319483717824 -1.7462319483717803
1 -1.7462319483717823 -3.2000000000000006 -1 7.7115282012010368e-17 
8 -3.991186439173684 0.0088135608263972699
1 -3.440935981404551 0.59778032820358762 -0.17364817766693075 -0.98480775301220802 
8 -3.991186439173684 0.0088135608263972699
1 0.0088135608263959792 -3.2000000000000006 -1 4.3734249688940708e-16 
8 0.94623194837177516 2.5462319483718088
1 0.19830169032767309 15.787790158675515 -0.98480775301220791 0.17364817766693172 
8 0.94623194837177516 2.5462319483718088
1 2.5462319483718052 -3.2000000000000082 -1 -7.7115282012010652e-17 
8 5.791186439173547 9.7911864391736163
1 -1.7391838402686322 10.248896307723225 0.17364817766693044 0.98480775301220802 
8 5.791186439173547 9.7911864391736163
1 9.7911864391736056 -3.2000000000000051 -1 -4.3734249688940708e-16 
8 0.94623194837179936 2.5462319483718003
1 0.89289440099542183 19.727021170724392 -0.9848077530122078 0.17364817766693219 
8 0.94623194837179936 2.5462319483718003
1 2.5462319483717994 -3.2000000000000091 -1 -7.7115282012010812e-17 
8 5.7911864391735328 9.7911864391736074
1 -3.3148762450882217 10.526733391990343 0.17364817766693663 0.98480775301220702 
8 5.7911864391735328 9.7911864391736074
1 9.7911864391735897 -3.2000000000000051 -1 -4.3734249688940693e-16 
8 7.3898381565321563 11.389838156532276
1 -2.9289644756216155 13.933094487920448 0.42261826174069966 0.90630778703664994 
