<?xml version='1.0' encoding='utf-8'?>
<!-- FreeCAD DocumentObject -->
<Document SchemaVersion="4" FileVersion="2">
<Object name="Pad001">
  <Properties Count="47" TransientCount="2">
    <_Property name="_Body" type="App::PropertyLinkHidden" status="251658240"/>
    <_Property name="_ElementMapVersion" type="App::PropertyString" status="234881024"/>
    <Property name="AddSubShape" type="Part::PropertyPartShape">
      <Part HasherIndex="0" ElementMap="1.15.70200.4" brep="1">
<![CDATA[

CASCADE Topology V1, (c) Matra-Datavision
Locations 8
1
              1               0               0               0 
              0               1               0               0 
              0               0               1               0 
1
4.44089209850063e-16 -3.33066907387547e-16               1               0 
              1 3.33066907387547e-16 -4.44089209850063e-16               0 
-3.33066907387547e-16               1 3.33066907387547e-16               0 
1
              1               0               0            -3.2 
              0               1               0 1.06581410364015e-15 
              0               0               1 -1.06581410364015e-15 
2  1 1 2 1 3 1 0
1
              1               0               0             7.8 
              0               1               0 -2.59792187762286e-15 
              0               0               1 2.59792187762286e-15 
2  1 1 2 1 3 1 5 1 0
2  1 1 2 1 0
2  3 1 5 1 0
Curve2ds 0
Curves 64
1 -3.2000000000000237 -39.837862613736092 17.557334721815515 1 -3.3306690738754681e-16 3.3306690738754681e-16 
1 -3.2000000000000215 -36.212631465589396 15.866861674852711 1 -3.3306690738754681e-16 3.3306690738754681e-16 
1 -39.837862613736071 17.55733472181554 0 0.90630778703664971 -0.42261826174069994 0 
1 -3.2000000000000215 -36.888820684374593 14.41676921559411 1 -3.3306690738754681e-16 3.3306690738754681e-16 
1 -36.8888206843746 14.416769215594107 0 0.42261826174073536 0.90630778703663328 0 
1 -3.2000000000000237 -40.51405183252119 16.107242262556912 1 -3.3306690738754681e-16 3.3306690738754681e-16 
1 -40.51405183252119 16.107242262556898 0 0.90630778703665005 -0.42261826174069922 0 
1 -39.837862613736071 17.55733472181554 0 -0.42261826174069889 -0.90630778703665016 0 
1 -3.2000000000000153 -25.699461135964395 10.964489838660707 1 -3.3306690738754681e-16 3.3306690738754681e-16 
1 -3.2000000000000131 -22.074229987817695 9.2740167916978447 1 -3.3306690738754681e-16 3.3306690738754681e-16 
1 -25.699461135964398 10.964489838660665 0 0.90630778703665005 -0.42261826174069939 0 
1 -3.2000000000000131 -22.750419206602796 7.8239243324392067 1 -3.3306690738754681e-16 3.3306690738754681e-16 
1 -22.074229987817731 9.2740167916978358 0 -0.42261826174069939 -0.90630778703665005 0 
1 -3.2000000000000153 -26.375650354749496 9.5143973794019772 1 -3.3306690738754681e-16 3.3306690738754681e-16 
1 -26.37565035474946 9.5143973794019701 0 0.90630778703665271 -0.4226182617406935 0 
1 -25.699461135964398 10.964489838660665 0 -0.42261826174065698 -0.9063077870366697 0 
1 -3.1999999999999944 19.023744803172104 7.4796404606929627 1 -3.3306690738754681e-16 3.3306690738754681e-16 
1 -3.1999999999999935 19.570977032493204 5.9761322674355126 1 -3.3306690738754681e-16 3.3306690738754681e-16 
1 19.023744803172089 7.479640460692969 0 0.3420201433256701 -0.93969262078590787 0 
1 -3.1999999999999922 23.329747515636804 7.3442128407381713 1 -3.3306690738754681e-16 3.3306690738754681e-16 
1 19.570977032493161 5.976132267435518 0 0.93969262078591065 0.34202014332566255 0 
1 -3.1999999999999931 22.782515286315803 8.8477210339956507 1 -3.3306690738754681e-16 3.3306690738754681e-16 
1 23.329747515636846 7.3442128407381837 0 -0.34202014332566832 0.93969262078590854 0 
1 22.782515286315768 8.8477210339956631 0 -0.93969262078590832 -0.34202014332566943 0 
1 -3.1999999999999882 37.441720170575906 14.183235269876086 1 -3.3306690738754681e-16 3.3306690738754681e-16 
1 -3.1999999999999877 37.988952399897009 12.679727076618585 1 -3.3306690738754681e-16 3.3306690738754681e-16 
1 37.441720170575891 14.18323526987608 0 0.34202014332566644 -0.93969262078590932 0 
1 -3.1999999999999886 34.23018191675331 11.311646503315888 1 -3.3306690738754681e-16 3.3306690738754681e-16 
1 37.988952399896959 12.679727076618621 0 -0.93969262078590621 -0.34202014332567471 0 
1 -3.1999999999999895 33.682949687432206 12.815154696573387 1 -3.3306690738754681e-16 3.3306690738754681e-16 
1 34.230181916753267 11.311646503315897 0 -0.34202014332567071 0.93969262078590776 0 
1 33.682949687432185 12.815154696573375 0 0.93969262078590809 0.34202014332566966 0 
1 -3.2000000000000122 -21.612837342168095 7.4652461483322261 1 -3.3306690738754681e-16 3.3306690738754681e-16 
1 -3.2000000000000104 -17.673606330119195 6.7706534376644649 1 -3.3306690738754681e-16 3.3306690738754681e-16 
1 -21.612837342168081 7.4652461483322181 0 0.98480775301220702 -0.17364817766693627 0 
1 -3.2000000000000108 -17.395769245852097 8.3463458424840233 1 -3.3306690738754681e-16 3.3306690738754681e-16 
1 -17.673606330119203 6.770653437664464 0 0.17364817766693136 0.98480775301220791 0 
1 -3.2000000000000126 -21.335000257900997 9.0409385531517561 1 -3.3306690738754681e-16 3.3306690738754681e-16 
1 -21.33500025790099 9.0409385531517508 0 0.98480775301220813 -0.17364817766693011 0 
1 -21.612837342168081 7.4652461483322181 0 0.17364817766693186 0.98480775301220791 0 
1 -3.2000000000000028 -2.0327682988617073 5.6374342708799201 1 -3.3306690738754681e-16 3.3306690738754681e-16 
1 -3.2000000000000051 -5.9719993109106175 6.3320269815476511 1 -3.3306690738754681e-16 3.3306690738754681e-16 
1 -2.0327682988617108 5.6374342708799183 0 -0.98480775301220813 0.17364817766693041 0 
1 -3.2000000000000046 -6.2498363951777076 4.7563345767280909 1 -3.3306690738754681e-16 3.3306690738754681e-16 
1 -5.9719993109106211 6.3320269815476538 0 -0.17364817766693061 -0.98480775301220802 0 
1 -3.2000000000000024 -2.3106053831287978 4.0617418660603901 1 -3.3306690738754681e-16 3.3306690738754681e-16 
1 -2.3106053831288 4.0617418660603857 0 -0.98480775301220924 0.17364817766692375 0 
1 -2.0327682988617108 5.6374342708799183 0 -0.17364817766693078 -0.98480775301220802 0 
1 -3.2000000000000024 -1.2584021240397671 5.6036247135307393 1 -3.3306690738754681e-16 3.3306690738754681e-16 
1 -3.2000000000000011 2.7263766683272626 5.9522476845213683 1 -3.3306690738754681e-16 3.3306690738754681e-16 
1 -1.258402124039768 5.6036247135307393 0 0.99619469809174566 0.087155742747657736 0 
1 -3.2000000000000002 2.8658258567235224 4.3583361675745582 1 -3.3306690738754681e-16 3.3306690738754681e-16 
1 2.7263766683272634 5.9522476845213745 0 0.087155742747658263 -0.99619469809174566 0 
1 -3.200000000000002 -1.1189529356435175 4.0097131965839488 1 -3.3306690738754681e-16 3.3306690738754681e-16 
1 -1.1189529356435151 4.0097131965839479 0 0.99619469809174621 0.087155742747651074 0 
1 -1.258402124039768 5.6036247135307393 0 0.087155742747658194 -0.99619469809174555 0 
1 -3.1999999999999944 18.267013958558405 7.3118772713848328 1 -3.3306690738754681e-16 3.3306690738754681e-16 
1 -3.1999999999999962 14.282235166191404 6.9632543003941949 1 -3.3306690738754681e-16 3.3306690738754681e-16 
1 18.26701395855844 7.3118772713848399 0 -0.99619469809174566 -0.087155742747658485 0 
1 -3.1999999999999957 14.421684354587603 5.369342783447375 1 -3.3306690738754681e-16 3.3306690738754681e-16 
1 14.421684354587638 5.3693427834473813 0 -0.087155742747658527 0.99619469809174555 0 
1 -3.199999999999994 18.406463146954703 5.7179657544380431 1 -3.3306690738754681e-16 3.3306690738754681e-16 
1 14.421684354587638 5.3693427834473813 0 0.99619469809174499 0.087155742747665021 0 
1 18.4064631469547 5.7179657544380484 0 -0.08715574274766219 0.99619469809174521 0 
Polygon3D 0
PolygonOnTriangulations 0
Surfaces 40
1 -3.2000000000000237 -39.837862613736064 17.557334721815554 -1.6110097432607245e-16 0.42261826174070022 0.9063077870366496 5.4324166646954051e-16 0.9063077870366496 -0.42261826174070022 -1 4.2425993882969307e-16 -3.7559091631938928e-16 
1 -3.2000000000000215 -36.888820684374593 14.416769215594117 -4.4262128921303043e-16 -0.90630778703663317 0.42261826174073563 -1.141809218448929e-16 0.42261826174073563 0.90630778703663317 -1 3.5289617840791966e-16 -2.9054289845570193e-16 
1 -3.2000000000000237 -40.514051832521183 16.107242262556912 -1.6110097432607284e-16 0.4226182617406995 0.90630778703664994 5.4324166646954041e-16 0.90630778703664994 -0.4226182617406995 -1 4.2425993882969312e-16 -3.7559091631938923e-16 
1 -3.2000000000000237 -39.837862613736064 17.557334721815554 4.4262128921302388e-16 0.90630778703665005 -0.42261826174069916 1.1418092184491471e-16 -0.42261826174069916 -0.90630778703665005 -1 3.5289617840791626e-16 -2.9054289845570479e-16 
1 -3.5830673064365675e-15 -1.509141154423004 8.745612184843397 1 -4.4408920985006257e-16 3.3306690738754849e-16 4.4408920985006257e-16 1 0 -3.3306690738754849e-16 1.4791141972894037e-31 1 
1 -3.2000000000000153 -25.699461135964395 10.964489838660672 -1.6110097432607277e-16 0.42261826174069966 0.90630778703664994 5.4324166646954041e-16 0.90630778703664994 -0.42261826174069966 -1 4.2425993882969302e-16 -3.7559091631938918e-16 
1 -3.2000000000000131 -22.074229987817727 9.2740167916978411 4.4262128921302402e-16 0.90630778703664994 -0.42261826174069966 1.1418092184491447e-16 -0.42261826174069966 -0.90630778703664994 -1 3.5289617840791631e-16 -2.9054289845570479e-16 
1 -3.2000000000000153 -26.375650354749457 9.5143973794019772 -1.6110097432607563e-16 0.42261826174069378 0.9063077870366526 5.4324166646953972e-16 0.9063077870366526 -0.42261826174069378 -1 4.2425993882969366e-16 -3.7559091631938879e-16 
1 -3.2000000000000153 -25.699461135964395 10.964489838660672 4.4262128921301643e-16 0.90630778703666959 -0.42261826174065725 1.1418092184493986e-16 -0.42261826174065725 -0.90630778703666959 -1 3.5289617840791232e-16 -2.905428984557081e-16 
1 -3.5830673064365675e-15 -1.509141154423004 8.745612184843397 1 -4.4408920985006257e-16 3.3306690738754849e-16 4.4408920985006257e-16 1 0 -3.3306690738754849e-16 1.4791141972894037e-31 1 
1 -3.1999999999999944 19.023744803172093 7.4796404606929618 1.9906492369833481e-16 0.93969262078590798 0.34202014332566977 4.6486797030236345e-16 0.34202014332566977 -0.93969262078590798 -1 3.4605404968696257e-16 -3.6874878759843559e-16 
1 -3.1999999999999935 19.570977032493165 5.9761322674355108 -4.2689610650178592e-16 -0.34202014332566222 0.93969262078591076 3.0339176206502561e-16 0.93969262078591076 0.34202014332566222 -1 4.3110206755064735e-16 -2.9738502717665922e-16 
1 -3.1999999999999922 23.32974751563685 7.3442128407381748 -1.9906492369833565e-16 -0.93969262078590865 -0.34202014332566799 -4.6486797030236286e-16 -0.34202014332566799 0.93969262078590865 -1 3.4605404968696247e-16 -3.6874878759843539e-16 
1 -3.1999999999999931 22.782515286315771 8.8477210339956542 4.2689610650178745e-16 0.3420201433256691 -0.93969262078590843 -3.0339176206502226e-16 -0.93969262078590821 -0.34202014332566899 -1 4.3110206755064691e-16 -2.9738502717665863e-16 
1 -3.5830673064365675e-15 -1.509141154423004 8.745612184843397 1 -4.4408920985006257e-16 3.3306690738754849e-16 4.4408920985006257e-16 1 0 -3.3306690738754849e-16 1.4791141972894037e-31 1 
1 -3.1999999999999882 37.441720170575898 14.183235269876066 1.9906492369833654e-16 0.93969262078590943 0.3420201433256661 4.6486797030236227e-16 0.3420201433256661 -0.93969262078590943 -1 3.4605404968696228e-16 -3.687487875984352e-16 
1 -3.1999999999999877 37.988952399896966 12.679727076618606 4.2689610650178848e-16 0.34202014332567438 -0.93969262078590632 -3.0339176206501955e-16 -0.93969262078590632 -0.34202014332567438 -1 4.3110206755064637e-16 -2.9738502717665809e-16 
1 -3.1999999999999886 34.230181916753274 11.311646503315885 -1.9906492369833457e-16 -0.93969262078590787 -0.34202014332567038 -4.6486797030236365e-16 -0.34202014332567038 0.93969262078590787 -1 3.4605404968696257e-16 -3.6874878759843559e-16 
1 -3.1999999999999895 33.682949687432192 12.815154696573362 -4.2689610650178745e-16 -0.34202014332566932 0.93969262078590821 3.0339176206502216e-16 0.93969262078590821 0.34202014332566932 -1 4.3110206755064691e-16 -2.9738502717665858e-16 
1 -3.5830673064365675e-15 -1.509141154423004 8.745612184843397 1 -4.4408920985006257e-16 3.3306690738754849e-16 4.4408920985006257e-16 1 0 -3.3306690738754849e-16 1.4791141972894037e-31 1 
1 -3.2000000000000122 -21.612837342168078 7.4652461483322243 -2.7017041115804498e-16 0.17364817766693663 0.98480775301220702 4.9517895839841671e-16 0.98480775301220702 -0.17364817766693663 -1 4.4074147780214839e-16 -3.5205283928783526e-16 
1 -3.2000000000000104 -17.673606330119199 6.7706534376644694 -3.8584333417606335e-16 -0.98480775301220791 0.17364817766693172 -2.5089159065504459e-16 0.17364817766693172 0.98480775301220791 -1 3.3641463943546099e-16 -3.140809754872594e-16 
1 -3.2000000000000126 -21.335000257900987 9.0409385531517561 -2.7017041115804735e-16 0.17364817766693044 0.98480775301220802 4.9517895839841493e-16 0.98480775301220802 -0.17364817766693044 -1 4.4074147780214839e-16 -3.5205283928783447e-16 
1 -3.2000000000000122 -21.612837342168078 7.4652461483322243 -3.8584333417606349e-16 -0.9848077530122078 0.17364817766693219 -2.5089159065504439e-16 0.17364817766693219 0.9848077530122078 -1 3.3641463943546114e-16 -3.1408097548725945e-16 
1 -3.5830673064365675e-15 -1.509141154423004 8.745612184843397 1 -4.4408920985006257e-16 3.3306690738754849e-16 4.4408920985006257e-16 1 0 -3.3306690738754849e-16 1.4791141972894037e-31 1 
1 -3.2000000000000028 -2.0327682988617082 5.6374342708799183 2.7017041115804725e-16 -0.17364817766693075 -0.98480775301220802 -4.9517895839841503e-16 -0.98480775301220802 0.17364817766693075 -1 4.4074147780214839e-16 -3.5205283928783457e-16 
1 -3.2000000000000051 -5.9719993109106184 6.3320269815476546 3.8584333417606315e-16 0.98480775301220802 -0.17364817766693097 2.5089159065504498e-16 -0.17364817766693097 -0.98480775301220802 -1 3.3641463943546099e-16 -3.1408097548725955e-16 
1 -3.2000000000000024 -2.3106053831287978 4.0617418660603857 2.7017041115804987e-16 -0.17364817766692409 -0.98480775301220913 -4.9517895839841335e-16 -0.98480775301220913 0.17364817766692409 -1 4.4074147780214868e-16 -3.5205283928783388e-16 
1 -3.2000000000000028 -2.0327682988617082 5.6374342708799183 3.8584333417606315e-16 0.98480775301220791 -0.17364817766693111 2.5089159065504488e-16 -0.17364817766693111 -0.98480775301220791 -1 3.3641463943546099e-16 -3.140809754872595e-16 
1 -3.5830673064365675e-15 -1.509141154423004 8.745612184843397 1 -4.4408920985006257e-16 3.3306690738754849e-16 4.4408920985006257e-16 1 0 -3.3306690738754849e-16 1.4791141972894037e-31 1 
1 -3.2000000000000024 -1.2584021240397651 5.6036247135307384 -3.6082818094731547e-16 -0.087155742747657403 0.99619469809174566 4.1337062263435809e-16 0.99619469809174566 0.087155742747657403 -1 4.4324587072998058e-16 -3.2342749713604558e-16 
1 -3.2000000000000011 2.7263766683272661 5.9522476845213728 3.0277079355126157e-16 0.99619469809174566 0.08715574274765793 3.7050441217999172e-16 0.08715574274765793 -0.99619469809174566 -1 3.3391024650762875e-16 -3.4270631763904844e-16 
1 -3.200000000000002 -1.1189529356435126 4.009713196583947 -3.6082818094731345e-16 -0.087155742747650741 0.99619469809174621 4.133706226343606e-16 0.99619469809174621 0.087155742747650741 -1 4.4324587072998083e-16 -3.2342749713604637e-16 
1 -3.2000000000000024 -1.2584021240397651 5.6036247135307384 3.0277079355126157e-16 0.99619469809174555 0.087155742747657861 3.7050441217999167e-16 0.087155742747657861 -0.99619469809174555 -1 3.339102465076288e-16 -3.4270631763904844e-16 
1 -3.5830673064365675e-15 -1.509141154423004 8.745612184843397 1 -4.4408920985006257e-16 3.3306690738754849e-16 4.4408920985006257e-16 1 0 -3.3306690738754849e-16 1.4791141972894037e-31 1 
1 -3.1999999999999944 18.267013958558444 7.3118772713848328 3.6082818094731572e-16 0.087155742747658152 -0.99619469809174566 -4.1337062263435784e-16 -0.99619469809174566 -0.087155742747658152 -1 4.4324587072998063e-16 -3.2342749713604553e-16 
1 -3.1999999999999957 14.421684354587642 5.3693427834473759 -3.0277079355126148e-16 -0.99619469809174555 -0.087155742747658194 -3.7050441217999187e-16 -0.087155742747658194 0.99619469809174555 -1 3.3391024650762885e-16 -3.4270631763904854e-16 
1 -3.1999999999999957 14.421684354587642 5.3693427834473759 -3.6082818094731769e-16 -0.087155742747664688 0.99619469809174499 4.1337062263435537e-16 0.99619469809174499 0.087155742747664688 -1 4.4324587072998053e-16 -3.2342749713604484e-16 
1 -3.199999999999994 18.406463146954703 5.7179657544380413 -3.027707935512601e-16 -0.99619469809174521 -0.087155742747661857 -3.705044121799934e-16 -0.087155742747661857 0.99619469809174521 -1 3.3391024650762885e-16 -3.4270631763904899e-16 
1 -3.5830673064365675e-15 -1.509141154423004 8.745612184843397 1 -4.4408920985006257e-16 3.3306690738754849e-16 4.4408920985006257e-16 1 0 -3.3306690738754849e-16 1.4791141972894037e-31 1 
Triangulations 0

TShapes 193
Ve
1e-07
-39.8378626137361 17.5573347218155 0
0 0

0101101
*
Ed
 1e-07 1 1 0
1  1 0 0 7.8
0

0101000
+193 4 -193 6 *
Ve
1e-07
-36.2126314655894 15.8668616748527 0
0 0

0101101
*
Ed
 1e-07 1 1 0
1  2 0 0 7.8
0

0101000
+191 4 -191 6 *
Ed
 1e-07 1 1 0
1  3 0 0 4.00000000000005
0

0101000
+193 0 -191 0 *
Wi

0101100
+192 0 -190 0 -189 4 +189 6 *
Fa
0  1e-07 1 0

0101000
+188 0 *
Ve
1e-07
-36.8888206843746 14.4167692155941 0
0 0

0101101
*
Ed
 1e-07 1 1 0
1  4 0 0 7.8
0

0101000
+186 4 -186 6 *
Ed
 1e-07 1 1 0
1  5 0 0 1.6
0

0101000
+186 0 -191 0 *
Wi

0101100
+185 0 -190 0 -184 4 +184 6 *
Fa
0  1e-07 2 0

0101000
+183 0 *
Ve
1e-07
-40.5140518325212 16.1072422625569 0
0 0

0101101
*
Ed
 1e-07 1 1 0
1  6 0 0 7.8
0

0101000
+181 4 -181 6 *
Ed
 1e-07 1 1 0
1  7 0 0 3.99999999999999
0

0101000
+181 0 -186 0 *
Wi

0101100
+180 0 -185 0 -179 4 +179 6 *
Fa
0  1e-07 3 0

0101000
+178 0 *
Ed
 1e-07 1 1 0
1  8 0 0 1.6
0

0101000
+193 0 -181 0 *
Wi

0101100
+192 0 -180 0 -176 4 +176 6 *
Fa
0  1e-07 4 0

0101000
+175 0 *
Wi

0101100
+189 0 -184 0 -179 0 -176 0 *
Fa
0  1e-07 5 0

0101000
-173 7 *
Sh

0101100
-187 0 +182 0 +177 0 +174 0 +172 3 -172 8 *
So

0100000
-171 0 *
Ve
1e-07
-25.6994611359644 10.9644898386607 0
0 0

0101101
*
Ed
 1e-07 1 1 0
1  9 0 0 7.8
0

0101000
+169 4 -169 6 *
Ve
1e-07
-22.0742299878177 9.27401679169784 0
0 0

0101101
*
Ed
 1e-07 1 1 0
1  10 0 0 7.8
0

0101000
+167 4 -167 6 *
Ed
 1e-07 1 1 0
1  11 0 0 4.00000000000007
0

0101000
+169 0 -167 0 *
Wi

0101100
+168 0 -166 0 -165 4 +165 6 *
Fa
0  1e-07 6 0

0101000
+164 0 *
Ve
1e-07
-22.7504192066028 7.8239243324392 0
0 0

0101101
*
Ed
 1e-07 1 1 0
1  12 0 0 7.8
0

0101000
+162 4 -162 6 *
Ed
 1e-07 1 1 0
1  13 0 0 1.6
0

0101000
+167 0 -162 0 *
Wi

0101100
+166 0 -161 0 -160 4 +160 6 *
Fa
0  1e-07 7 0

0101000
+159 0 *
Ve
1e-07
-26.3756503547495 9.51439737940197 0
0 0

0101101
*
Ed
 1e-07 1 1 0
1  14 0 0 7.8
0

0101000
+157 4 -157 6 *
Ed
 1e-07 1 1 0
1  15 0 0 4
0

0101000
+157 0 -162 0 *
Wi

0101100
+156 0 -161 0 -155 4 +155 6 *
Fa
0  1e-07 8 0

0101000
+154 0 *
Ed
 1e-07 1 1 0
1  16 0 0 1.60000000000003
0

0101000
+169 0 -157 0 *
Wi

0101100
+168 0 -156 0 -152 4 +152 6 *
Fa
0  1e-07 9 0

0101000
+151 0 *
Wi

0101100
+165 0 +160 0 -155 0 -152 0 *
Fa
0  1e-07 10 0

0101000
-149 7 *
Sh

0101100
-163 0 -158 0 +153 0 +150 0 +148 3 -148 8 *
So

0100000
-147 0 *
Ve
1e-07
19.0237448031721 7.47964046069297 0
0 0

0101101
*
Ed
 1e-07 1 1 0
1  17 0 0 7.8
0

0101000
+145 4 -145 6 *
Ve
1e-07
19.5709770324932 5.97613226743552 0
0 0

0101101
*
Ed
 1e-07 1 1 0
1  18 0 0 7.8
0

0101000
+143 4 -143 6 *
Ed
 1e-07 1 1 0
1  19 0 0 1.6
0

0101000
+145 0 -143 0 *
Wi

0101100
+144 0 -142 0 -141 4 +141 6 *
Fa
0  1e-07 11 0

0101000
+140 0 *
Ve
1e-07
23.3297475156368 7.34421284073818 0
0 0

0101101
*
Ed
 1e-07 1 1 0
1  20 0 0 7.8
0

0101000
+138 4 -138 6 *
Ed
 1e-07 1 1 0
1  21 0 0 4.00000000000005
0

0101000
+143 0 -138 0 *
Wi

0101100
+142 0 -137 0 -136 4 +136 6 *
Fa
0  1e-07 12 0

0101000
+135 0 *
Ve
1e-07
22.7825152863158 8.84772103399566 0
0 0

0101101
*
Ed
 1e-07 1 1 0
1  22 0 0 7.8
0

0101000
+133 4 -133 6 *
Ed
 1e-07 1 1 0
1  23 0 0 1.60000000000003
0

0101000
+138 0 -133 0 *
Wi

0101100
+137 0 -132 0 -131 4 +131 6 *
Fa
0  1e-07 13 0

0101000
+130 0 *
Ed
 1e-07 1 1 0
1  24 0 0 4.00000000000005
0

0101000
+133 0 -145 0 *
Wi

0101100
+132 0 -144 0 -128 4 +128 6 *
Fa
0  1e-07 14 0

0101000
+127 0 *
Wi

0101100
+141 0 +136 0 +131 0 +128 0 *
Fa
0  1e-07 15 0

0101000
+125 7 *
Sh

0101100
+139 0 +134 0 +129 0 +126 0 +124 3 -124 8 *
So

0100000
-123 0 *
Ve
1e-07
37.4417201705759 14.1832352698761 0
0 0

0101101
*
Ed
 1e-07 1 1 0
1  25 0 0 7.8
0

0101000
+121 4 -121 6 *
Ve
1e-07
37.988952399897 12.6797270766186 0
0 0

0101101
*
Ed
 1e-07 1 1 0
1  26 0 0 7.8
0

0101000
+119 4 -119 6 *
Ed
 1e-07 1 1 0
1  27 0 0 1.60000000000001
0

0101000
+121 0 -119 0 *
Wi

0101100
+120 0 -118 0 -117 4 +117 6 *
Fa
0  1e-07 16 0

0101000
+116 0 *
Ve
1e-07
34.2301819167533 11.3116465033159 0
0 0

0101101
*
Ed
 1e-07 1 1 0
1  28 0 0 7.8
0

0101000
+114 4 -114 6 *
Ed
 1e-07 1 1 0
1  29 0 0 4.00000000000007
0

0101000
+119 0 -114 0 *
Wi

0101100
+118 0 -113 0 -112 4 +112 6 *
Fa
0  1e-07 17 0

0101000
+111 0 *
Ve
1e-07
33.6829496874322 12.8151546965734 0
0 0

0101101
*
Ed
 1e-07 1 1 0
1  30 0 0 7.8
0

0101000
+109 4 -109 6 *
Ed
 1e-07 1 1 0
1  31 0 0 1.60000000000003
0

0101000
+114 0 -109 0 *
Wi

0101100
+113 0 -108 0 -107 4 +107 6 *
Fa
0  1e-07 18 0

0101000
+106 0 *
Ed
 1e-07 1 1 0
1  32 0 0 4.00000000000008
0

0101000
+109 0 -121 0 *
Wi

0101100
+108 0 -120 0 -104 4 +104 6 *
Fa
0  1e-07 19 0

0101000
+103 0 *
Wi

0101100
+117 0 +112 0 +107 0 +104 0 *
Fa
0  1e-07 20 0

0101000
-101 7 *
Sh

0101100
-115 0 -110 0 -105 0 -102 0 +100 3 -100 8 *
So

0100000
-99 0 *
Ve
1e-07
-21.6128373421681 7.46524614833222 0
0 0

0101101
*
Ed
 1e-07 1 1 0
1  33 0 0 7.8
0

0101000
+97 4 -97 6 *
Ve
1e-07
-17.6736063301192 6.77065343766446 0
0 0

0101101
*
Ed
 1e-07 1 1 0
1  34 0 0 7.8
0

0101000
+95 4 -95 6 *
Ed
 1e-07 1 1 0
1  35 0 0 4.00000000000005
0

0101000
+97 0 -95 0 *
Wi

0101100
+96 0 -94 0 -93 4 +93 6 *
Fa
0  1e-07 21 0

0101000
+92 0 *
Ve
1e-07
-17.3957692458521 8.34634584248402 0
0 0

0101101
*
Ed
 1e-07 1 1 0
1  36 0 0 7.8
0

0101000
+90 4 -90 6 *
Ed
 1e-07 1 1 0
1  37 0 0 1.60000000000003
0

0101000
+95 0 -90 0 *
Wi

0101100
+94 0 -89 0 -88 4 +88 6 *
Fa
0  1e-07 22 0

0101000
+87 0 *
Ve
1e-07
-21.335000257901 9.04093855315175 0
0 0

0101101
*
Ed
 1e-07 1 1 0
1  38 0 0 7.8
0

0101000
+85 4 -85 6 *
Ed
 1e-07 1 1 0
1  39 0 0 4.00000000000005
0

0101000
+85 0 -90 0 *
Wi

0101100
+84 0 -89 0 -83 4 +83 6 *
Fa
0  1e-07 23 0

0101000
+82 0 *
Ed
 1e-07 1 1 0
1  40 0 0 1.6
0

0101000
+97 0 -85 0 *
Wi

0101100
+96 0 -84 0 -80 4 +80 6 *
Fa
0  1e-07 24 0

0101000
+79 0 *
Wi

0101100
+93 0 +88 0 -83 0 -80 0 *
Fa
0  1e-07 25 0

0101000
+77 7 *
Sh

0101100
+91 0 +86 0 -81 0 -78 0 +76 3 -76 8 *
So

0100000
-75 0 *
Ve
1e-07
-2.03276829886171 5.63743427087992 0
0 0

0101101
*
Ed
 1e-07 1 1 0
1  41 0 0 7.8
0

0101000
+73 4 -73 6 *
Ve
1e-07
-5.97199931091062 6.33202698154765 0
0 0

0101101
*
Ed
 1e-07 1 1 0
1  42 0 0 7.8
0

0101000
+71 4 -71 6 *
Ed
 1e-07 1 1 0
1  43 0 0 4.00000000000008
0

0101000
+73 0 -71 0 *
Wi

0101100
+72 0 -70 0 -69 4 +69 6 *
Fa
0  1e-07 26 0

0101000
+68 0 *
Ve
1e-07
-6.24983639517771 4.75633457672809 0
0 0

0101101
*
Ed
 1e-07 1 1 0
1  44 0 0 7.8
0

0101000
+66 4 -66 6 *
Ed
 1e-07 1 1 0
1  45 0 0 1.60000000000003
0

0101000
+71 0 -66 0 *
Wi

0101100
+70 0 -65 0 -64 4 +64 6 *
Fa
0  1e-07 27 0

0101000
+63 0 *
Ve
1e-07
-2.3106053831288 4.06174186606039 0
0 0

0101101
*
Ed
 1e-07 1 1 0
1  46 0 0 7.8
0

0101000
+61 4 -61 6 *
Ed
 1e-07 1 1 0
1  47 0 0 4.00000000000008
0

0101000
+61 0 -66 0 *
Wi

0101100
+60 0 -65 0 -59 4 +59 6 *
Fa
0  1e-07 28 0

0101000
+58 0 *
Ed
 1e-07 1 1 0
1  48 0 0 1.6
0

0101000
+73 0 -61 0 *
Wi

0101100
+72 0 -60 0 -56 4 +56 6 *
Fa
0  1e-07 29 0

0101000
+55 0 *
Wi

0101100
+69 0 +64 0 -59 0 -56 0 *
Fa
0  1e-07 30 0

0101000
+53 7 *
Sh

0101100
+67 0 +62 0 -57 0 -54 0 +52 3 -52 8 *
So

0100000
-51 0 *
Ve
1e-07
-1.25840212403977 5.60362471353074 0
0 0

0101101
*
Ed
 1e-07 1 1 0
1  49 0 0 7.8
0

0101000
+49 4 -49 6 *
Ve
1e-07
2.72637666832726 5.95224768452137 0
0 0

0101101
*
Ed
 1e-07 1 1 0
1  50 0 0 7.8
0

0101000
+47 4 -47 6 *
Ed
 1e-07 1 1 0
1  51 0 0 4.00000000000005
0

0101000
+49 0 -47 0 *
Wi

0101100
+48 0 -46 0 -45 4 +45 6 *
Fa
0  1e-07 31 0

0101000
+44 0 *
Ve
1e-07
2.86582585672352 4.35833616757456 0
0 0

0101101
*
Ed
 1e-07 1 1 0
1  52 0 0 7.8
0

0101000
+42 4 -42 6 *
Ed
 1e-07 1 1 0
1  53 0 0 1.60000000000003
0

0101000
+47 0 -42 0 *
Wi

0101100
+46 0 -41 0 -40 4 +40 6 *
Fa
0  1e-07 32 0

0101000
+39 0 *
Ve
1e-07
-1.11895293564352 4.00971319658395 0
0 0

0101101
*
Ed
 1e-07 1 1 0
1  54 0 0 7.8
0

0101000
+37 4 -37 6 *
Ed
 1e-07 1 1 0
1  55 0 0 4.00000000000005
0

0101000
+37 0 -42 0 *
Wi

0101100
+36 0 -41 0 -35 4 +35 6 *
Fa
0  1e-07 33 0

0101000
+34 0 *
Ed
 1e-07 1 1 0
1  56 0 0 1.6
0

0101000
+49 0 -37 0 *
Wi

0101100
+48 0 -36 0 -32 4 +32 6 *
Fa
0  1e-07 34 0

0101000
+31 0 *
Wi

0101100
+45 0 +40 0 -35 0 -32 0 *
Fa
0  1e-07 35 0

0101000
-29 7 *
Sh

0101100
-43 0 -38 0 +33 0 +30 0 +28 3 -28 8 *
So

0100000
-27 0 *
Ve
1e-07
18.2670139585584 7.31187727138484 0
0 0

0101101
*
Ed
 1e-07 1 1 0
1  57 0 0 7.8
0

0101000
+25 4 -25 6 *
Ve
1e-07
14.2822351661914 6.9632543003942 0
0 0

0101101
*
Ed
 1e-07 1 1 0
1  58 0 0 7.8
0

0101000
+23 4 -23 6 *
Ed
 1e-07 1 1 0
1  59 0 0 4.00000000000008
0

0101000
+25 0 -23 0 *
Wi

0101100
+24 0 -22 0 -21 4 +21 6 *
Fa
0  1e-07 36 0

0101000
+20 0 *
Ve
1e-07
14.4216843545876 5.36934278344738 0
0 0

0101101
*
Ed
 1e-07 1 1 0
1  60 0 0 7.8
0

0101000
+18 4 -18 6 *
Ed
 1e-07 1 1 0
1  61 0 0 1.60000000000003
0

0101000
+18 0 -23 0 *
Wi

0101100
+17 0 -22 0 -16 4 +16 6 *
Fa
0  1e-07 37 0

0101000
+15 0 *
Ve
1e-07
18.4064631469547 5.71796575443805 0
0 0

0101101
*
Ed
 1e-07 1 1 0
1  62 0 0 7.8
0

0101000
+13 4 -13 6 *
Ed
 1e-07 1 1 0
1  63 0 0 4.00000000000008
0

0101000
+18 0 -13 0 *
Wi

0101100
+17 0 -12 0 -11 4 +11 6 *
Fa
0  1e-07 38 0

0101000
+10 0 *
Ed
 1e-07 1 1 0
1  64 0 0 1.6
0

0101000
+13 0 -25 0 *
Wi

0101100
+12 0 -24 0 -8 4 +8 6 *
Fa
0  1e-07 39 0

0101000
+7 0 *
Wi

0101100
+21 0 -16 0 +11 0 +8 0 *
Fa
0  1e-07 40 0

0101000
+5 7 *
Sh

0101100
+19 0 -14 0 +9 0 +6 0 +4 3 -4 8 *
So

0100000
-3 0 *
Co

1100000
+170 0 +146 0 +122 0 +98 0 +74 0 +50 0 +26 0 +2 0 *

+1 0 ]]>
      </Part>
      <ElementMap new="1" count="1"><Element key="Dummy" value="Dummy"/></ElementMap>
      <ElementMap2 count="208">
<![CDATA[
8 PostfixCount 11
Edge
Face
Vertex
;:G;XTR;:Hedc:7,F
;FAC;:Hedc:4,F
;:G;XTR;:Hedc:7,E
;:G0;XTR;:Hedc:8,F
;:U;XTR;:Hedc:7,E
;:U;XTR;:Hedc:7,V
;SKT;:Hedc,E
;SKT;:Hedc,V

MapCount 1

ElementMap 1 8 3

Edge

ChildCount 0

NameCount 97
0
$#214.6 0
$#215.6 0
;g72.a 0
$#234.8 0
$#216.6 0
;g73.a 0
$#235.8 0
$#217.6 0
;g74.a 0
$#236.8 0
;g75.a 0
$#237.8 0
$#218.6 0
$#219.6 0
;g76.a 0
$#238.8 0
$#21a.6 0
;g77.a 0
$#239.8 0
$#21b.6 0
;g79.a 0
$#23a.8 0
;g78.a 0
$#23b.8 0
$#567.6 0
$#568.6 0
;g109.a 0
$#587.8 0
$#569.6 0
;g110.a 0
$#588.8 0
$#56a.6 0
;g111.a 0
$#589.8 0
;g112.a 0
$#58a.8 0
$#56b.6 0
$#56c.6 0
;g117.a 0
$#58b.8 0
$#56d.6 0
;g118.a 0
$#58c.8 0
$#56e.6 0
;g119.a 0
$#58d.8 0
;g120.a 0
$#58e.8 0
$#21c.6 0
$#21d.6 0
;g80.a 0
$#23c.8 0
$#21e.6 0
;g81.a 0
$#23d.8 0
$#21f.6 0
;g84.a 0
$#23e.8 0
;g83.a 0
$#23f.8 0
$#220.6 0
$#221.6 0
;g85.a 0
$#240.8 0
$#222.6 0
;g86.a 0
$#241.8 0
$#223.6 0
;g87.a 0
$#242.8 0
;g88.a 0
$#243.8 0
$#56f.6 0
$#570.6 0
;g105.a 0
$#58f.8 0
$#571.6 0
;g106.a 0
$#590.8 0
$#572.6 0
;g107.a 0
$#591.8 0
;g108.a 0
$#592.8 0
$#573.6 0
$#574.6 0
;g113.a 0
$#593.8 0
$#575.6 0
;g114.a 0
$#594.8 0
$#576.6 0
;g115.a 0
$#595.8 0
;g116.a 0
$#596.8 0

Face

ChildCount 0

NameCount 49
0
$#210.4 0
$#224.4 0
$#225.4 0
$#226.4 0
$#210.5 0
$#227.7 0
$#211.4 0
$#228.4 0
$#229.4 0
$#22a.4 0
$#211.5 0
$#22b.7 0
$#563.4 0
$#577.4 0
$#578.4 0
$#579.4 0
$#563.5 0
$#57a.7 0
$#564.4 0
$#57b.4 0
$#57c.4 0
$#57d.4 0
$#564.5 0
$#57e.7 0
$#212.4 0
$#22c.4 0
$#22d.4 0
$#22e.4 0
$#212.5 0
$#22f.7 0
$#213.4 0
$#230.4 0
$#231.4 0
$#232.4 0
$#213.5 0
$#233.7 0
$#565.4 0
$#57f.4 0
$#580.4 0
$#581.4 0
$#565.5 0
$#582.7 0
$#566.4 0
$#583.4 0
$#584.4 0
$#585.4 0
$#566.5 0
$#586.7 0

Vertex

ChildCount 0

NameCount 65
0
;g72v1.b 0
$#244.9 0
;g72v2.b 0
$#245.9 0
;g73v1.b 0
$#246.9 0
;g74v1.b 0
$#247.9 0
;g76v1.b 0
$#248.9 0
;g76v2.b 0
$#249.9 0
;g77v2.b 0
$#24a.9 0
;g78v2.b 0
$#24b.9 0
;g109v1.b 0
$#597.9 0
;g109v2.b 0
$#598.9 0
;g110v2.b 0
$#599.9 0
;g111v2.b 0
$#59a.9 0
;g117v1.b 0
$#59b.9 0
;g117v2.b 0
$#59c.9 0
;g118v2.b 0
$#59d.9 0
;g119v2.b 0
$#59e.9 0
;g80v1.b 0
$#24c.9 0
;g80v2.b 0
$#24d.9 0
;g81v2.b 0
$#24e.9 0
;g83v2.b 0
$#24f.9 0
;g85v1.b 0
$#250.9 0
;g85v2.b 0
$#251.9 0
;g86v2.b 0
$#252.9 0
;g87v1.b 0
$#253.9 0
;g105v1.b 0
$#59f.9 0
;g105v2.b 0
$#5a0.9 0
;g106v2.b 0
$#5a1.9 0
;g107v1.b 0
$#5a2.9 0
;g113v1.b 0
$#5a3.9 0
;g113v2.b 0
$#5a4.9 0
;g114v1.b 0
$#5a5.9 0
;g115v2.b 0
$#5a6.9 0

EndMap
]]>
      </ElementMap2>
    </Property>
    <Property name="AddSubType" type="App::PropertyEnumeration">
      <Integer value="1"/>
    </Property>
    <Property name="AllowMultiFace" type="App::PropertyBool">
      <Bool value="true"/>
    </Property>
    <Property name="AlongSketchNormal" type="App::PropertyBool">
      <Bool value="false"/>
    </Property>
    <Property name="AutoTaperInnerAngle" type="App::PropertyBool">
      <Bool value="true"/>
    </Property>
    <Property name="BaseFeature" type="App::PropertyLink" status="8">
      <Link value="Pad"/>
    </Property>
    <Property name="CheckUpToFaceLimits" type="App::PropertyBool">
      <Bool value="true"/>
    </Property>
    <Property name="ClaimChildren" type="App::PropertyBool" status="134217728">
      <Bool value="false"/>
    </Property>
    <Property name="ColoredElements" type="App::PropertyLinkSubHidden" status="218103808">
      <LinkSub value="" count="0">
      </LinkSub>
    </Property>
    <Property name="Direction" type="App::PropertyVector" status="4">
      <PropertyVector valueX="1" valueY="-3.33066907387547e-16" valueZ="3.33066907387547e-16"/>
    </Property>
    <Property name="ExpressionEngine" type="App::PropertyExpressionEngine" status="67108864">
      <ExpressionEngine count="0"></ExpressionEngine>
    </Property>
    <Property name="Fit" type="App::PropertyDistance">
      <Float value="0"/>
    </Property>
    <Property name="FitJoin" type="App::PropertyEnumeration">
      <Integer value="0"/>
    </Property>
    <Property name="FixShape" type="App::PropertyEnumeration">
      <Integer value="0"/>
    </Property>
    <Property name="InnerFit" type="App::PropertyDistance">
      <Float value="0"/>
    </Property>
    <Property name="InnerFitJoin" type="App::PropertyEnumeration">
      <Integer value="0"/>
    </Property>
    <Property name="InvalidShape" type="App::PropertyBool" status="67108864">
      <Bool value="false"/>
    </Property>
    <Property name="Label" type="App::PropertyString" status="134217728">
      <String value="Pad001"/>
    </Property>
    <Property name="Label2" type="App::PropertyString" status="128">
      <String value=""/>
    </Property>
    <Property name="Length" type="App::PropertyLength">
      <Float value="4.6"/>
    </Property>
    <Property name="Length2" type="App::PropertyLength">
      <Float value="3.2"/>
    </Property>
    <Property name="Linearize" type="App::PropertyBool">
      <Bool value="true"/>
    </Property>
    <Property name="Midplane" type="App::PropertyBool" status="4">
      <Bool value="false"/>
    </Property>
    <Property name="NewSolid" type="App::PropertyBool">
      <Bool value="false"/>
    </Property>
    <Property name="Offset" type="App::PropertyLength" status="4">
      <Float value="0"/>
    </Property>
    <Property name="Placement" type="App::PropertyPlacement" status="8388620">
      <PropertyPlacement Px="0" Py="0" Pz="0" Q0="0" Q1="0" Q2="0" Q3="1" A="0" Ox="0" Oy="0" Oz="1"/>
    </Property>
    <Property name="Profile" type="App::PropertyLinkSub">
      <LinkSub value="Sketch002" count="1">
        <Sub value=""/>
      </LinkSub>
    </Property>
    <Property name="ReferenceAxis" type="App::PropertyLinkSub">
      <LinkSub value="Sketch002" count="1">
        <Sub value="N_Axis"/>
      </LinkSub>
    </Property>
    <Property name="Refine" type="App::PropertyBool">
      <Bool value="false"/>
    </Property>
    <Property name="Reversed" type="App::PropertyBool">
      <Bool value="false"/>
    </Property>
    <Property name="Shape" type="Part::PropertyPartShape">
      <Part HasherIndex="0" ElementMap="1.15.70200.4" brep="1">
<![CDATA[

CASCADE Topology V1, (c) Matra-Datavision
Locations 5
1
              1               0               0               0 
              0               1               0               0 
              0               0               1               0 
1
2.22044604925031e-16 -3.33066907387547e-16               1               0 
              1 3.33066907387547e-16 -2.22044604925031e-16               0 
-3.33066907387547e-16               1 3.33066907387547e-16               0 
2  1 1 2 1 0
1
              1               0               0             2.5 
              0               1               0 -8.32667268468867e-16 
              0               0               1 9.71445146547012e-16 
2  1 1 2 1 4 1 0
Curve2ds 128
8 -13.342877596656781 -9.3428775966567272
1 -6.2992207783078715 -12.235211531700433 -0.34202014332566222 0.93969262078591076 
8 -13.342877596656781 -9.3428775966567272
1 -9.3428775966567272 -3.1999999999999953 -1 -4.1730735346674949e-16 
8 3.4520100418846225 5.0520100418846532
1 3.0116486861727623 -23.045525950720346 -0.93969262078590865 -0.34202014332566799 
8 3.4520100418846225 5.0520100418846532
1 5.0520100418846523 -3.19999999999999 -1 1.5188745520230136e-16 
8 7.3428775966566633 11.342877596656745
1 -4.1116722983991263 -13.56736454395126 0.3420201433256691 -0.93969262078590843 
8 7.3428775966566633 11.342877596656745
1 11.342877596656713 -3.1999999999999944 -1 4.173073534667485e-16 
8 -5.8520100418846672 -4.2520100418846569
1 2.3953222094988256 -19.013139352916117 0.93969262078590798 0.34202014332566977 
8 -5.8520100418846672 -4.2520100418846569
1 -4.2520100418846569 -3.1999999999999917 -1 -1.5188745520230215e-16 
8 0.93959733547108493 2.539597335471115
1 -1.1806245267291047 -15.644011496226284 -0.99619469809174555 -0.087155742747658194 
8 0.93959733547108493 2.539597335471115
1 2.539597335471115 -3.1999999999999935 -1 3.8704924930703124e-17 
8 -11.740791550946946 -7.7407915509468248
1 -4.3852123646909753 -8.1540164861926012 -0.087155742747664688 0.99619469809174499 
8 -11.740791550946946 -7.7407915509468248
1 -7.7407915509468639 -3.1999999999999975 -1 -4.4239931633238471e-16 
8 0.93959733547113533 2.5395973354711381
1 -0.83200155573841705 -19.628790288593333 -0.99619469809174521 -0.087155742747661857 
8 0.93959733547113533 2.5395973354711381
1 2.5395973354711381 -3.1999999999999917 -1 3.87049249307048e-17 
8 5.7407915509468381 9.7407915509469216
1 -2.6169893622487885 -10.006956693979854 0.087155742747658152 -0.99619469809174566 
8 5.7407915509468381 9.7407915509469216
1 9.7407915509469181 -3.1999999999999966 -1 4.4239931633238491e-16 
8 -3.9407915509469715 0.059208449053081022
1 -3.4711156411758335 -0.24424865268074747 -0.087155742747657403 0.99619469809174566 
8 -3.9407915509469715 0.059208449053081022
1 0.059208449053079031 -3.2000000000000006 -1 -4.4239931633238486e-16 
8 -3.339597335471101 -1.7395973354710998
1 -1.743298355119153 -0.033649611797005097 0.99619469809174555 0.087155742747657861 
8 -3.339597335471101 -1.7395973354710998
1 -1.7395973354711007 -3.2000000000000002 -1 -3.8704924930702926e-17 
8 -3.9407915509469897 0.059208449053066485
1 -5.0650271581226267 -0.3836978410769829 -0.087155742747650741 0.99619469809174621 
8 -3.9407915509469897 0.059208449053066485
1 0.059208449053061843 -3.2000000000000002 -1 -4.4239931633238526e-16 
8 -3.3395973354711308 -1.7395973354711007
1 -1.3946753841285187 -4.0184284041640366 0.99619469809174566 0.08715574274765793 
8 -3.3395973354711308 -1.7395973354711007
1 -1.7395973354711007 -3.1999999999999993 -1 -3.870492493070292e-17 
8 -5.8520100418846344 -4.2520100418845779
1 9.0989170186818775 -37.431114720319968 0.93969262078590943 0.3420201433256661 
8 -5.8520100418846344 -4.2520100418845779
1 -4.2520100418845939 -3.1999999999999837 -1 -1.518874552023004e-16 
8 -21.142877596656746 -17.14287759665665
1 -2.1279554671102794 -19.017581744509471 -0.34202014332566932 0.93969262078590821 
8 -21.142877596656746 -17.14287759665665
1 -17.14287759665665 -3.1999999999999922 -1 -4.1730735346674835e-16 
8 3.4520100418846487 5.0520100418847038
1 6.9790823487505094 -33.945960351836753 -0.93969262078590787 -0.34202014332567038 
8 3.4520100418846487 5.0520100418847038
1 5.0520100418846949 -3.1999999999999855 -1 1.5188745520230235e-16 
8 15.142877596656589 19.142877596656692
1 -2.9474233737164761 -21.444199215402456 0.34202014332567438 -0.93969262078590632 
8 15.142877596656589 19.142877596656692
1 19.14287759665666 -3.1999999999999909 -1 4.1730735346674742e-16 
8 -3.3462319483718148 -1.7462319483717839
1 -1.0281709681989284 4.2251016816004832 0.98480775301220802 -0.17364817766693097 
8 -3.3462319483718148 -1.7462319483717839
1 -1.7462319483717841 -3.2000000000000028 -1 7.7115282012010306e-17 
8 -3.9911864391737013 0.0088135608263796728
1 -5.0166283862240864 0.87561741247065994 -0.17364817766692409 -0.98480775301220913 
8 -3.9911864391737013 0.0088135608263796728
1 0.0088135608263784603 -3.2000000000000006 -1 4.3734249688940767e-16 
8 -3.3462319483717824 -1.7462319483717803
1 -1.7227636788666665 0.28587066955157336 0.98480775301220791 -0.17364817766693111 
8 -3.3462319483717824 -1.7462319483717803
1 -1.7462319483717823 -3.2000000000000006 -1 7.7115282012010368e-17 
8 -3.991186439173684 0.0088135608263972699
1 -3.440935981404551 0.59778032820358762 -0.17364817766693075 -0.98480775301220802 
8 -3.991186439173684 0.0088135608263972699
1 0.0088135608263959792 -3.2000000000000006 -1 4.3734249688940708e-16 
8 0.94623194837177516 2.5462319483718088
1 0.19830169032767309 15.787790158675515 -0.98480775301220791 0.17364817766693172 
8 0.94623194837177516 2.5462319483718088
1 2.5462319483718052 -3.2000000000000082 -1 -7.7115282012010652e-17 
8 5.791186439173547 9.7911864391736163
1 -1.7391838402686322 10.248896307723225 0.17364817766693044 0.98480775301220802 
8 5.791186439173547 9.7911864391736163
1 9.7911864391736056 -3.2000000000000051 -1 -4.3734249688940708e-16 
8 0.94623194837179936 2.5462319483718003
1 0.89289440099542183 19.727021170724392 -0.9848077530122078 0.17364817766693219 
8 0.94623194837179936 2.5462319483718003
1 2.5462319483717994 -3.2000000000000091 -1 -7.7115282012010812e-17 
8 5.7911864391735328 9.7911864391736074
1 -3.3148762450882217 10.526733391990343 0.17364817766693663 0.98480775301220702 
8 5.7911864391735328 9.7911864391736074
1 9.7911864391735897 -3.2000000000000051 -1 -4.3734249688940693e-16 
8 7.3898381565321563 11.389838156532276
1 -2.9289644756216155 13.933094487920448 0.42261826174069966 0.90630778703664994 
8 7.3898381565321563 11.389838156532276
1 11.38983815653226 -3.2000000000000073 -1 -4.0248150902606454e-16 
8 -5.8714617426812348 -4.2714617426811614
1 5.7558481670211314 22.450595765489151 0.90630778703666959 -0.42261826174065725 
8 -5.8714617426812348 -4.2714617426811614
1 -4.2714617426811934 -3.2000000000000108 -1 1.8768020992461516e-16 
8 7.3898381565322122 11.389838156532292
1 -4.3790569348802428 14.609283706705481 0.42261826174069378 0.9063077870366526 
8 7.3898381565322122 11.389838156532292
1 11.389838156532257 -3.2000000000000073 -1 -4.0248150902606597e-16 
8 -5.8714617426817259 -4.2714617426817085
1 4.0653751200586985 18.825364617342078 0.90630778703664994 -0.42261826174069966 
8 -5.8714617426817259 -4.2714617426817085
