<?xml version='1.0' encoding='utf-8'?>
<!-- FreeCAD DocumentObject -->
<Document SchemaVersion="4" FileVersion="2">
<Object name="Body" Extensions="True">
  <Extensions Count="1">
    <Extension type="App::OriginGroupExtension" name="OriginGroupExtension">
    </Extension>
  </Extensions>
  <Properties Count="21" TransientCount="2">
    <_Property name="_ElementMapVersion" type="App::PropertyString" status="234881024"/>
    <_Property name="_GroupTouched" type="App::PropertyBool" status="100663424"/>
    <Property name="AutoGroupSolids" type="App::PropertyBool" status="134217728">
      <Bool value="false"/>
    </Property>
    <Property name="BaseFeature" type="App::PropertyLink">
      <Link value=""/>
    </Property>
    <Property name="ClaimAllChildren" type="App::PropertyBool" status="8">
      <Bool value="false"/>
    </Property>
    <Property name="ColoredElements" type="App::PropertyLinkSubHidden" status="218103808">
      <LinkSub value="" count="0">
      </LinkSub>
    </Property>
    <Property name="ExportMode" type="App::PropertyEnumeration" status="8">
      <Integer value="0"/>
    </Property>
    <Property name="ExpressionEngine" type="App::PropertyExpressionEngine" status="67108864">
      <ExpressionEngine count="0"></ExpressionEngine>
    </Property>
    <Property name="FixShape" type="App::PropertyEnumeration">
      <Integer value="1"/>
    </Property>
    <Property name="Group" type="App::PropertyLinkList">
      <LinkList count="8">
        <Link value="Sketch"/>
        <Link value="Pad"/>
        <Link value="Sketch001"/>
        <Link value="Pad001"/>
        <Link value="Sketch002"/>
        <Link value="Pocket"/>
        <Link value="Sketch003"/>
        <Link value="Pad002"/>
      </LinkList>
    </Property>
    <Property name="InvalidShape" type="App::PropertyBool" status="67108864">
      <Bool value="false"/>
    </Property>
    <Property name="Label" type="App::PropertyString" status="134217728">
      <String value="Body"/>
    </Property>
    <Property name="Label2" type="App::PropertyString" status="128">
      <String value=""/>
    </Property>
    <Property name="Origin" type="App::PropertyLink" status="67108864">
      <Link value="Origin001"/>
    </Property>
    <Property name="Placement" type="App::PropertyPlacement" status="8388608">
      <PropertyPlacement Px="0" Py="0" Pz="0" Q0="0" Q1="0" Q2="0" Q3="1" A="0" Ox="0" Oy="0" Oz="1"/>
    </Property>
    <Property name="Shape" type="Part::PropertyPartShape">
      <Part HasherIndex="0" ElementMap="1.15.70200.4" brep="1">
<![CDATA[

CASCADE Topology V1, (c) Matra-Datavision
Locations 22
1
              1               0               0               0 
              0               1               0               0 
              0               0               1               0 
1
              1               0               0               0 
              0               1               0               0 
              0               0               1               0 
1
2.22044604925031e-16 -2.22044604925031e-16               1               0 
              1 2.22044604925031e-16 -2.22044604925031e-16               0 
-2.22044604925031e-16               1 2.22044604925031e-16               0 
2  2 1 3 1 0
2  3 -1 2 -1 0
1
              1               0               0               0 
              0               1               0               0 
              0               0               1               0 
1
2.22044604925031e-16 -2.22044604925031e-16               1               0 
              1 2.22044604925031e-16 -2.22044604925031e-16               0 
-2.22044604925031e-16               1 2.22044604925031e-16               0 
2  6 1 7 1 0
2  7 -1 6 -1 0
1
              1               0               0               0 
              0               1               0               0 
              0               0               1               0 
1
2.22044604925031e-16 -2.22044604925031e-16               1            -1.5 
              1 2.22044604925031e-16 -2.22044604925031e-16 3.33066907387547e-16 
-2.22044604925031e-16               1 2.22044604925031e-16 -3.33066907387547e-16 
2  10 1 11 1 0
2  11 -1 10 -1 0
1
              1               0               0               8 
              0               1               0 -1.77635683940025e-15 
              0               0               1 2.22044604925031e-15 
2  6 1 7 1 14 1 0
2  14 -1 7 -1 6 -1 0
1
              1               0               0            -0.5 
              0               1               0 1.11022302462516e-16 
              0               0               1 -1.38777878078145e-16 
2  10 1 11 1 17 1 0
2  17 -1 11 -1 10 -1 0
1
              1               0               0              -2 
              0               1               0 4.44089209850063e-16 
              0               0               1 -5.55111512312578e-16 
2  2 1 3 1 20 1 0
2  20 -1 3 -1 2 -1 0
Curve2ds 0
Curves 90
1 10.000000000000002 17.320508075688771 -1.0947644252537635e-46 -1 0 1.0947644252537633e-47 
1 -6.0663714220174405e-15 -9.9999999999999947 17.320508075688775 -1 2.2204460492503131e-16 -2.7755575615628914e-16 
1 -1.5000000000000031 5.0000000000000036 17.320508075688771 2.220446049250317e-16 1 -2.2204460492503128e-16 
1 -1.625479323516814e-15 10.000000000000005 17.320508075688767 -1 2.2204460492503131e-16 -2.7755575615628914e-16 
1 -9.9999999999999982 17.320508075688771 1.0947644252537631e-46 -0.50000000000000033 -0.8660254037844386 5.4738221262688203e-48 
1 -20 2.4434813448203517e-15 2.1895288505075267e-46 0.49999999999999989 -0.86602540378443871 -5.4738221262688155e-48 
1 -10.000000000000002 -17.320508075688771 1.0947644252537635e-46 1 0 -1.0947644252537633e-47 
1 9.9999999999999982 -17.320508075688771 -1.0947644252537631e-46 0.50000000000000033 0.8660254037844386 -5.4738221262688203e-48 
1 20 -2.930445574509533e-15 -2.1895288505075267e-46 -0.49999999999999989 0.86602540378443871 5.4738221262688155e-48 
1 2.5000000000000351 4.3301270189223189 -2.7369110631344467e-47 -1 0 1.0947644252537633e-47 
1 5 5.9741039547837975e-15 -5.4738221262688167e-47 -0.4999999999999844 0.8660254037844477 5.4738221262686459e-48 
1 2.5000000000000346 -4.3301270189223064 -2.7369110631344463e-47 0.49999999999998446 0.86602540378444759 -5.4738221262686465e-48 
1 -2.5000000000000351 -4.3301270189223064 2.7369110631344467e-47 1 0 -1.0947644252537633e-47 
1 -5 6.2110949788412781e-15 5.4738221262688167e-47 0.4999999999999844 -0.8660254037844477 -5.4738221262686459e-48 
1 -2.5000000000000342 4.3301270189223189 2.7369110631344458e-47 -0.49999999999998457 -0.86602540378444759 5.4738221262686477e-48 
1 16.999999999999993 0 -1.8610995229313969e-46 -1 0 1.0947644252537633e-47 
1 0 10.1 15 -0 -0 -1 
1 -12 8.6602540378443855 1.313717310304516e-46 1 0 -1.0947644252537633e-47 
1 12 8.6602540378443855 -1.313717310304516e-46 0.4999999999999995 -0.86602540378443893 -5.4738221262688112e-48 
1 -12 8.6602540378443855 1.313717310304516e-46 1 0 -1.0947644252537633e-47 
1 0 -10.1 15 -0 -0 -1 
1 -7.1000000000000023 -2.4857469346700735e-27 7.7728274193017222e-47 -1 0 1.0947644252537633e-47 
1 -16.999999999999993 -2.4857469346700735e-27 1.8610995229313969e-46 0.4999999999999995 0.86602540378443893 -5.4738221262688112e-48 
1 -4.440892098500627e-15 -20 7.4389896134129798e-15 -1 2.2204460492503131e-16 -2.7755575615628914e-16 
1 -1.5000000000000058 -12.499999999999995 12.990381056766584 -8.464474711503954e-17 0.50000000000000044 0.86602540378443837 
1 -10.5 18.186533479473212 1.1495026465164515e-46 -0.5 -0.86602540378443871 5.4738221262688167e-48 
1 10.5 18.186533479473212 -1.1495026465164515e-46 -1 0 1.0947644252537633e-47 
1 -21 1.5068401686806536e-15 2.299005293032903e-46 0.5 -0.86602540378443871 -5.4738221262688167e-48 
1 21 1.184224192002415e-25 -2.299005293032903e-46 -0.5 0.86602540378443871 5.4738221262688167e-48 
1 -10.5 -18.186533479473212 1.1495026465164515e-46 1 0 -1.0947644252537633e-47 
1 10.5 -18.186533479473212 -1.1495026465164515e-46 0.5 0.86602540378443871 -5.4738221262688167e-48 
1 -1.5000000000000031 -17.5 -4.3301270189221874 -3.0668935204007129e-16 -0.49999999999999972 0.86602540378443882 
1 -1.4999999999999973 -5.0000000000000053 -17.320508075688771 -2.220446049250317e-16 -1 2.2204460492503128e-16 
1 -1.4999999999999947 12.499999999999993 -12.990381056766584 8.464474711503954e-17 -0.50000000000000044 -0.86602540378443837 
1 -1.4999999999999973 17.500000000000004 4.3301270189221874 3.0668935204007129e-16 0.49999999999999972 -0.86602540378443882 
1 4.440892098500627e-15 20 -7.68247172101974e-15 -1 2.2204460492503131e-16 -2.7755575615628914e-16 
1 1.625479323516814e-15 -10.000000000000005 -17.320508075688767 -1 2.2204460492503131e-16 -2.7755575615628914e-16 
1 6.0663714220174405e-15 9.9999999999999947 -17.320508075688775 -1 2.2204460492503131e-16 -2.7755575615628914e-16 
1 3.9690473130349331e-15 10.1 -2.0095036745715331e-15 -1 -0 -2.7755575615628909e-16 
1 6.2000000000000002 13.549999999999994 -1.0269562977782696e-15 0 1 -2.2204460492503136e-16 
1 1.5765166949677218e-15 7.0999999999999979 -1.5765166949677218e-15 1 -2.2204460492503131e-16 2.7755575615628914e-16 
1 16.999999999999993 0 -1.8610995229313969e-46 -1 0 1.0947644252537633e-47 
1 3.7747582837255307e-15 16.999999999999993 -3.7747582837255307e-15 1 -2.2204460492503131e-16 2.7755575615628914e-16 
1 -1.413932480559528e-15 10.1 8.6602540378443855 1 0 2.7755575615628909e-16 
1 6.2000000000000002 10.1 15 -0 -0 -1 
1 3.0999999999999988 -10.1 8.6602540378443891 -1 0 -2.7755575615628909e-16 
1 6.2000000000000002 -0.95000000000000018 8.6602540378443891 0 -1 2.2204460492503136e-16 
1 7.4157257271681198e-16 12.000000000000002 8.660254037844382 1 -2.2204460492503131e-16 2.7755575615628914e-16 
1 -12 8.6602540378443855 1.313717310304516e-46 1 0 -1.0947644252537633e-47 
1 -4.5874979454839394e-15 -11.999999999999998 8.6602540378443891 1 -2.2204460492503131e-16 2.7755575615628914e-16 
1 12 8.6602540378443855 -1.313717310304516e-46 0.4999999999999995 -0.86602540378443893 -5.4738221262688112e-48 
1 3.1000000000000014 -10.1 2.8976820942704155e-15 1 0 2.7755575615628909e-16 
1 6.2000000000000002 -10.1 15 -0 -0 -1 
1 6.2000000000000002 1.4999999999999969 1.648681191567115e-15 0 1 -2.2204460492503136e-16 
1 -3.7747582837255307e-15 -16.999999999999993 3.774758283723045e-15 1 -2.2204460492503131e-16 2.7755575615628914e-16 
1 -7.1000000000000023 -2.4857469346700735e-27 7.7728274193017222e-47 -1 0 1.0947644252537633e-47 
1 -1.5765166949677228e-15 -7.1000000000000023 1.5765166949652371e-15 1 -2.2204460492503131e-16 2.7755575615628914e-16 
1 -16.999999999999993 -2.4857469346700735e-27 1.8610995229313969e-46 0.4999999999999995 0.86602540378443893 -5.4738221262688112e-48 
1 -1.500000000000006 -10.499999999999996 18.186533479473216 -1 2.2204460492503131e-16 -2.7755575615628914e-16 
1 -1.5000000000000042 -21 5.0832898811851474e-15 -1 2.2204460492503131e-16 -2.7755575615628914e-16 
1 -10.5 18.186533479473212 1.1495026465164515e-46 -0.5 -0.86602540378443871 5.4738221262688167e-48 
1 -1.5000000000000013 10.500000000000004 18.186533479473209 -1 2.2204460492503131e-16 -2.7755575615628914e-16 
1 10.5 18.186533479473212 -1.1495026465164515e-46 -1 0 1.0947644252537633e-47 
1 -1.4999999999999978 -10.500000000000004 -18.186533479473209 -1 2.2204460492503131e-16 -2.7755575615628914e-16 
1 -21 1.5068401686806536e-15 2.299005293032903e-46 0.5 -0.86602540378443871 -5.4738221262688167e-48 
1 -1.4999999999999949 21 -4.9960036108132044e-15 -1 2.2204460492503131e-16 -2.7755575615628914e-16 
1 21 1.184224192002415e-25 -2.299005293032903e-46 -0.5 0.86602540378443871 5.4738221262688167e-48 
1 -1.4999999999999931 10.499999999999996 -18.186533479473216 -1 2.2204460492503131e-16 -2.7755575615628914e-16 
1 -10.5 -18.186533479473212 1.1495026465164515e-46 1 0 -1.0947644252537633e-47 
1 10.5 -18.186533479473212 -1.1495026465164515e-46 0.5 0.86602540378443871 -5.4738221262688167e-48 
1 6.2000000000000011 -1.7024047358083623 9.348909236273089 -0 -0.49999999999999983 -0.86602540378443882 
1 6.2000000000000002 3.2749999999999977 6.14878036686952 0 -1 2.2204460492503136e-16 
1 6.2000000000000011 2.4524047358083547 8.0498711305964328 0 -0.4999999999999995 0.86602540378443904 
1 3.5499999999999989 6.1487803668695182 -3.8864137096508587e-47 0.49999999999999961 -0.86602540378443882 -5.4738221262688124e-48 
1 -5.7704515984847033e-16 3.5500000000000003 6.1487803668695173 1 -2.2204460492503131e-16 2.7755575615628914e-16 
1 -3.5500000000000034 6.1487803668695182 3.8864137096508635e-47 1 0 -1.0947644252537633e-47 
1 -7.1000000000000023 -2.4857469346700735e-27 7.7728274193017222e-47 0.49999999999999961 0.86602540378443882 -5.4738221262688124e-48 
1 -2.1535618548161929e-15 -3.550000000000002 6.1487803668695191 1 -2.2204460492503131e-16 2.7755575615628914e-16 
1 -1.5165928555043956e-15 -2.5000000000000333 4.3301270189223198 -1 2.2204460492503131e-16 -2.7755575615628914e-16 
1 2.5000000000000351 4.3301270189223189 -2.7369110631344467e-47 -1 0 1.0947644252537633e-47 
1 -4.063698308792238e-16 2.500000000000036 4.330127018922318 -1 2.2204460492503131e-16 -2.7755575615628914e-16 
1 5 5.9741039547837975e-15 -5.4738221262688167e-47 -0.4999999999999844 0.8660254037844477 5.4738221262686459e-48 
1 1.1102230246251552e-15 5 4.985453425025903e-15 -1 2.2204460492503131e-16 -2.7755575615628914e-16 
1 2.5000000000000346 -4.3301270189223064 -2.7369110631344463e-47 0.49999999999998446 0.86602540378444759 -5.4738221262686465e-48 
1 1.5165928555043931e-15 2.5000000000000338 -4.3301270189223073 -1 2.2204460492503131e-16 -2.7755575615628914e-16 
1 -2.5000000000000351 -4.3301270189223064 2.7369110631344467e-47 1 0 -1.0947644252537633e-47 
1 4.0636983087922104e-16 -2.500000000000036 -4.3301270189223056 -1 2.2204460492503131e-16 -2.7755575615628914e-16 
1 -5 6.2110949788412781e-15 5.4738221262688167e-47 0.4999999999999844 -0.8660254037844477 -5.4738221262686459e-48 
1 -1.1102230246251579e-15 -5 7.3243949829962339e-15 -1 2.2204460492503131e-16 -2.7755575615628914e-16 
1 -2.5000000000000342 4.3301270189223189 2.7369110631344458e-47 -0.49999999999998457 -0.86602540378444759 5.4738221262686477e-48 
Polygon3D 0
PolygonOnTriangulations 0
Surfaces 33
1 -1.625479323516814e-15 10.000000000000005 17.320508075688767 -2.7755575615628909e-16 2.2204460492503136e-16 1 -2.2204460492503131e-16 -1 2.2204460492503131e-16 1 -2.2204460492503126e-16 2.7755575615628914e-16 
1 1.0518145402946824e-31 0 4.7369515717340012e-16 1 -2.2204460492503123e-16 2.2204460492503131e-16 -2.2204460492503131e-16 0 1 -2.2204460492503123e-16 -1 -4.9303806576313221e-32 
1 -6.0663714220174405e-15 -9.9999999999999947 17.320508075688775 -3.31074146716501e-16 -0.86602540378443837 0.50000000000000044 8.1273966175840678e-17 -0.50000000000000044 -0.86602540378443837 1 -2.4608163850482578e-16 2.3592239273284586e-16 
1 -1.5000000000000002 -2.1407377295336359e-15 -1.3664283380001931e-15 1 -2.2204460492503165e-16 2.2593684749028306e-16 -2.2593684749028306e-16 0 1 -2.2204460492503165e-16 -1 -5.0168058038987031e-32 
1 4.440892098500627e-15 20 -7.3713376730101591e-15 5.3518390560211937e-17 0.86602540378443882 0.49999999999999972 -3.0331857110087208e-16 -0.49999999999999972 0.86602540378443882 1 -1.9800757134523682e-16 2.3592239273284581e-16 
1 -4.440892098500627e-15 -20 6.8843734433209779e-15 -5.3518390560211937e-17 -0.86602540378443882 -0.49999999999999972 3.0331857110087208e-16 0.49999999999999972 -0.86602540378443882 1 -1.9800757134523682e-16 2.3592239273284581e-16 
1 1.625479323516814e-15 -10.000000000000005 -17.320508075688767 2.7755575615628909e-16 -2.2204460492503136e-16 -1 2.2204460492503131e-16 1 -2.2204460492503131e-16 1 -2.2204460492503126e-16 2.7755575615628914e-16 
1 6.0663714220174405e-15 9.9999999999999947 -17.320508075688775 3.31074146716501e-16 0.86602540378443837 -0.50000000000000044 -8.1273966175840678e-17 0.50000000000000044 0.86602540378443837 1 -2.4608163850482578e-16 2.3592239273284586e-16 
1 3.7747582837255307e-15 16.999999999999993 -3.7747582837255307e-15 2.7755575615628909e-16 -2.2204460492503136e-16 -1 -2.2204460492503131e-16 -1 2.2204460492503131e-16 -1 2.2204460492503126e-16 -2.7755575615628914e-16 
1 0 10.1 15 0 -1 0 1 0 0 0 0 1 
1 -4.5874979454839394e-15 -11.999999999999998 8.6602540378443891 -2.7755575615628909e-16 2.2204460492503136e-16 1 2.2204460492503131e-16 1 -2.2204460492503131e-16 -1 2.2204460492503126e-16 -2.7755575615628914e-16 
1 7.4157257271681198e-16 12.000000000000002 8.660254037844382 5.351839056021211e-17 0.86602540378443904 0.49999999999999933 3.0331857110087204e-16 0.49999999999999933 -0.86602540378443904 -1 1.9800757134523682e-16 -2.3592239273284576e-16 
1 6.2000000000000002 -10.1 15 0 1 0 -1 0 0 0 0 1 
1 -1.5765166949677228e-15 -7.1000000000000023 1.5765166949652371e-15 2.7755575615628909e-16 -2.2204460492503136e-16 -1 -2.2204460492503131e-16 -1 2.2204460492503131e-16 -1 2.2204460492503126e-16 -2.7755575615628914e-16 
1 -3.7747582837255307e-15 -16.999999999999993 3.774758283723045e-15 -3.310741467165009e-16 -0.86602540378443882 0.49999999999999967 -8.1273966175840925e-17 0.49999999999999967 0.86602540378443882 -1 2.4608163850482578e-16 -2.3592239273284581e-16 
1 -1.500000000000006 -10.499999999999996 18.186533479473216 -3.31074146716501e-16 -0.8660254037844386 0.50000000000000022 8.1273966175840752e-17 -0.50000000000000022 -0.8660254037844386 1 -2.4608163850482587e-16 2.3592239273284586e-16 
1 -1.5000000000000013 10.500000000000004 18.186533479473209 -2.7755575615628909e-16 2.2204460492503136e-16 1 -2.2204460492503131e-16 -1 2.2204460492503131e-16 1 -2.2204460492503126e-16 2.7755575615628914e-16 
1 -1.5000000000000042 -21 5.8367099647187641e-15 -5.3518390560211913e-17 -0.86602540378443882 -0.49999999999999983 3.0331857110087204e-16 0.49999999999999983 -0.86602540378443882 1 -1.9800757134523674e-16 2.3592239273284572e-16 
1 -1.4999999999999949 21 -4.9960036106947822e-15 5.3518390560211913e-17 0.86602540378443882 0.49999999999999983 -3.0331857110087204e-16 -0.49999999999999983 0.86602540378443882 1 -1.9800757134523674e-16 2.3592239273284572e-16 
1 -1.4999999999999978 -10.500000000000004 -18.186533479473209 2.7755575615628909e-16 -2.2204460492503136e-16 -1 2.2204460492503131e-16 1 -2.2204460492503131e-16 1 -2.2204460492503126e-16 2.7755575615628914e-16 
1 -1.4999999999999931 10.499999999999996 -18.186533479473216 3.31074146716501e-16 0.8660254037844386 -0.50000000000000022 -8.1273966175840752e-17 0.50000000000000022 0.8660254037844386 1 -2.4608163850482587e-16 2.3592239273284586e-16 
1 6.2000000000000002 10.1 15 -1 0 0 0 -1 0 0 0 1 
1 -5.7704515984847033e-16 3.5500000000000003 6.1487803668695173 5.3518390560212061e-17 0.86602540378443904 0.4999999999999995 3.0331857110087208e-16 0.4999999999999995 -0.86602540378443904 -1 1.9800757134523679e-16 -2.3592239273284581e-16 
1 -9.9609919084794748e-16 2.5048510073799076e-16 4.4860319447268688 1 -2.2204460492503126e-16 2.2204460492503136e-16 -2.2204460492503136e-16 0 1 -2.2204460492503126e-16 -1 -4.9303806576313238e-32 
1 -1.5765166949677228e-15 -7.1000000000000023 1.5765166949652371e-15 -3.3107414671650095e-16 -0.86602540378443882 0.49999999999999983 -8.1273966175840912e-17 0.49999999999999983 0.86602540378443882 -1 2.4608163850482578e-16 -2.3592239273284581e-16 
1 -2.1535618548161929e-15 -3.550000000000002 6.1487803668695191 -2.7755575615628909e-16 2.2204460492503136e-16 1 2.2204460492503131e-16 1 -2.2204460492503131e-16 -1 2.2204460492503126e-16 -2.7755575615628914e-16 
1 -1.0000000000000009 1.6336138790912855e-15 4.3301270189223189 3.9079850466805579e-16 -3.5527136788004513e-16 -1 -1 0 -3.9079850466805579e-16 1.3883951931889638e-31 1 -3.5527136788004513e-16 
1 -0.99999999999999967 3.7500000000000182 2.1650635094611608 8.8177091635028122e-17 -0.86602540378444781 -0.49999999999998429 0 0.49999999999998429 -0.86602540378444781 1 7.6363601387763478e-17 4.4088545817512662e-17 
1 -0.99999999999999856 3.7500000000000169 -2.1650635094611519 -2.4026354407545175e-16 -0.86602540378444759 0.49999999999998451 -1.2325951644078309e-32 -0.49999999999998451 -0.86602540378444759 1 -2.0807433277262553e-16 1.2013177203772215e-16 
1 -0.999999999999999 -1.1102230246251455e-15 -4.3301270189223073 -3.907985046680557e-16 3.5527136788004513e-16 1 1 0 3.907985046680557e-16 1.3883951931889634e-31 1 -3.5527136788004513e-16 
1 -1.0000000000000004 -3.7500000000000182 -2.1650635094611497 -9.9624478154238094e-17 0.8660254037844477 0.49999999999998435 6.1629758220391547e-33 -0.49999999999998435 0.8660254037844477 1 8.6277328920338939e-17 4.9812239077117481e-17 
1 -1.0000000000000013 -3.7500000000000164 2.1650635094611634 2.6520447364615887e-16 0.86602540378444748 -0.49999999999998479 0 0.49999999999998479 0.86602540378444748 1 -2.2967381137485661e-16 1.3260223682307539e-16 
1 -1.9999999999999993 -2.2556912246352386e-16 1.578983857244667e-15 -1 2.2380686369427758e-16 -2.2281948588254e-16 -2.2380686369427758e-16 -1 0 -2.2281948588254e-16 4.9868530305342637e-32 1 
Triangulations 0

TShapes 223
Ve
1e-07
-1.62547932351681e-15 10 17.3205080756888
0 0

0101101
*
Ve
1e-07
-6.06637142201744e-15 -9.99999999999999 17.3205080756888
0 0

0101101
*
Ed
 1e-07 1 1 0
1  1 0 0 20
0

0101000
+223 5 -222 5 *
Ve
1.50000001790181e-07
-1.50000000000001 -9.99999999999999 17.3205080756888
0 0

0101101
*
Ed
 1e-07 1 1 0
1  2 0 0 1.5
0

0101000
+222 0 -220 0 *
Ve
1.50000003972055e-07
-1.5 10 17.3205080756888
0 0

0101101
*
Ed
 1.5e-07 1 1 0
1  3 0 -15 5
0

0101000
+220 0 -218 0 *
Ed
 1e-07 1 1 0
1  4 0 0 1.5
0

0101000
+223 0 -218 0 *
Wi

0101100
-221 4 -219 0 -217 0 +216 0 *
Fa
0  1e-07 1 0

0101000
+215 0 *
Ve
1.00000000554616e-07
-4.44089209850063e-15 -20 7.43898961341298e-15
0 0

0101101
*
Ed
 1e-07 1 1 0
1  5 0 0 20
0

0101000
+222 5 -213 5 *
Ve
1e-07
1.62547932351681e-15 -10 -17.3205080756888
0 0

0101101
*
Ed
 1e-07 1 1 0
1  6 0 0 20
0

0101000
+213 5 -211 5 *
Ve
1e-07
6.06637142201744e-15 9.99999999999999 -17.3205080756888
0 0

0101101
*
Ed
 1e-07 1 1 0
1  7 0 0 20
0

0101000
+211 5 -209 5 *
Ve
1.00000000311134e-07
4.44089209850063e-15 20 -7.68247172101974e-15
0 0

0101101
*
Ed
 1e-07 1 1 0
1  8 0 0 20
0

0101000
+209 5 -207 5 *
Ed
 1e-07 1 1 0
1  9 0 0 20
0

0101000
+207 5 -223 5 *
Wi

0101100
+221 4 +212 4 +210 4 +208 4 +206 4 +205 4 *
Ve
1.00001283622656e-07
-4.06369830879224e-16 2.50000000000004 4.33012701892232
0 0

0101101
*
Ve
1.00001511593327e-07
-1.5165928555044e-15 -2.50000000000003 4.33012701892232
0 0

0101101
*
Ed
 1.00000549793921e-07 1 1 0
1  10 0 0 5.00000000000007
0

0101000
+203 5 -202 5 *
Ve
1.00001283622656e-07
1.11022302462516e-15 5 4.9854534250259e-15
0 0

0101101
*
Ed
 1.00001283622656e-07 1 1 0
1  11 0 0 5.00000000000009
0

0101000
+200 5 -203 5 *
Ve
1.00001283622656e-07
1.51659285550439e-15 2.50000000000003 -4.33012701892231
0 0

0101101
*
Ed
 1.00001283622656e-07 1 1 0
1  12 0 0 5.00000000000009
0

0101000
+198 5 -200 5 *
Ve
1.00001511593327e-07
4.06369830879221e-16 -2.50000000000004 -4.33012701892231
0 0

0101101
*
Ed
 1.00001283622656e-07 1 1 0
1  13 0 0 5.00000000000007
0

0101000
+196 5 -198 5 *
Ve
1.00001511593327e-07
-1.11022302462516e-15 -5 7.32439498299623e-15
0 0

0101101
*
Ed
 1.00001511593327e-07 1 1 0
1  14 0 0 5.00000000000009
0

0101000
+194 5 -196 5 *
Ed
 1.00001511593327e-07 1 1 0
1  15 0 0 5.00000000000009
0

0101000
+202 5 -194 5 *
Wi

0101100
-201 4 -199 4 -197 4 -195 4 -193 4 -192 4 *
Ve
1e-07
3.77475828372553e-15 17 -3.77475828372553e-15
0 0

0101101
*
Ve
1.50000001121325e-07
1.12132525487141e-15 10.1 -2.00950367457153e-15
0 0

0101101
*
Ed
 1e-07 1 1 0
1  16 0 0 6.89999999999999
0

0101000
+190 9 -189 9 *
Ve
1.50000001783534e-07
1.59843911679626e-16 10.1 8.66025403784438
0 0

0101101
*
Ed
 1e-07 1 1 0
1  17 0 6.33974596215562 15
0

0101000
+187 0 -189 0 *
Ve
1e-07
7.41572572716812e-16 12 8.66025403784438
0 0

0101101
*
Ed
 1e-07 1 1 0
1  18 0 22.1 24
0

0101000
+187 9 -185 9 *
Ed
 1e-07 1 1 0
1  19 0 0 10
0

0101000
+185 9 -190 9 *
Wi

0101100
+188 8 -186 0 +184 8 +183 8 *
Ve
1e-07
-4.58749794548394e-15 -12 8.66025403784439
0 0

0101101
*
Ve
1.50000002082807e-07
-2.08280659806319e-15 -10.1 8.66025403784439
0 0

0101101
*
Ed
 1e-07 1 1 0
1  20 0 0 1.9
0

0101000
+181 9 -180 9 *
Ve
1.50000001121669e-07
-1.12132525487141e-15 -10.1 2.00950367457029e-15
0 0

0101101
*
Ed
 1e-07 1 1 0
1  21 0 6.33974596215561 15
0

0101000
+180 0 -178 0 *
Ve
1e-07
-3.77475828372553e-15 -17 3.77475828372304e-15
0 0

0101101
*
Ed
 1e-07 1 1 0
1  22 0 3 9.89999999999999
0

0101000
+178 9 -176 9 *
Ed
 1e-07 1 1 0
1  23 0 0 10
0

0101000
+176 9 -181 9 *
Wi

0101100
+179 8 +177 0 +175 8 +174 8 *
Fa
0  1e-07 2 0

0101000
+204 0 +191 0 +182 0 +173 0 *
Ve
1.50000003560608e-07
-1.5 -20 7.02265597917855e-15
0 0

0101101
*
Ed
 1.00000000554616e-07 1 1 0
1  24 0 0 1.5
0

0101000
+213 0 -171 0 *
Ed
 1.5e-07 1 1 0
1  25 0 -15 5
0

0101000
+171 0 -220 0 *
Wi

0101100
-212 4 -170 0 -169 0 +219 0 *
Fa
0  1e-07 3 0

0101000
+168 0 *
Ve
1e-07
-1.50000000000001 -10.5 18.1865334794732
0 0

0101101
*
Ve
1.0000000075342e-07
-1.5 -21 5.08328988118515e-15
0 0

0101101
*
Ed
 1e-07 1 1 0
1  26 0 0 21
0

0101000
+166 13 -165 13 *
Ve
1e-07
-1.5 10.5 18.1865334794732
0 0

0101101
*
Ed
 1e-07 1 1 0
1  27 0 0 21
0

0101000
+163 13 -166 13 *
Ve
1e-07
-1.5 -10.5 -18.1865334794732
0 0

0101101
*
Ed
 1e-07 1 1 0
1  28 0 0 21
0

0101000
+165 13 -161 13 *
Ve
1e-07
-1.49999999999999 21 -4.9960036108132e-15
0 0

0101101
*
Ed
 1e-07 1 1 0
1  29 0 0 21
0

0101000
+159 13 -163 13 *
Ve
1e-07
-1.49999999999999 10.5 -18.1865334794732
0 0

0101101
*
Ed
 1e-07 1 1 0
1  30 0 0 21
0

0101000
+161 13 -157 13 *
Ed
 1e-07 1 1 0
1  31 0 0 21
0

0101000
+157 13 -159 13 *
Wi

0101100
+164 12 +162 12 +160 12 +158 12 +156 12 +155 12 *
Ve
1.50000003972055e-07
-1.5 -10 -17.3205080756888
0 0

0101101
*
Ed
 1.5e-07 1 1 0
1  32 0 -15 5
0

0101000
+153 0 -171 0 *
Ve
1.50000003978256e-07
-1.49999999999999 9.99999999999999 -17.3205080756888
0 0

0101101
*
Ed
 1.5e-07 1 1 0
1  33 0 -15 5
0

0101000
+151 0 -153 0 *
Ve
1.5000000368898e-07
-1.5 20 -8.09880535525417e-15
0 0

0101101
*
Ed
 1.5e-07 1 1 0
1  34 0 -15 5
0

0101000
+149 0 -151 0 *
Ed
 1.5e-07 1 1 0
1  35 0 -15 5
0

0101000
+218 0 -149 0 *
Wi

0101100
+169 0 +152 0 +150 0 +148 0 +147 0 +217 0 *
Fa
0  1e-07 4 0

0101000
+154 0 +146 0 *
Ed
 1.00000000311134e-07 1 1 0
1  36 0 0 1.5
0

0101000
+207 0 -149 0 *
Wi

0101100
-205 4 -216 0 -147 0 +144 0 *
Fa
0  1e-07 5 0

0101000
+143 0 *
Ed
 1e-07 1 1 0
1  37 0 0 1.5
0

0101000
+211 0 -153 0 *
Wi

0101100
-210 4 -141 0 -152 0 +170 0 *
Fa
0  1e-07 6 0

0101000
+140 0 *
Ed
 1e-07 1 1 0
1  38 0 0 1.5
0

0101000
+209 0 -151 0 *
Wi

0101100
-208 4 -138 0 -150 0 +141 0 *
Fa
0  1e-07 7 0

0101000
+137 0 *
Wi

0101100
-206 4 -144 0 -148 0 +138 0 *
Fa
0  1e-07 8 0

0101000
+135 0 *
Ve
1.50000000288658e-07
6.2 10.1 0
0 0

0101101
*
Ed
 1.5e-07 1 1 0
1  39 0 -6.2 1.72639680329212e-15
0

0101000
+133 0 -189 0 *
Ve
1.50000002116104e-07
6.2 7.1 1.4432899320127e-16
0 0

0101101
*
Ed
 1.5e-07 1 1 0
1  40 0 -6.45 -3.44999999999999
0

0101000
+131 0 -133 0 *
Ve
1e-07
8 7.1 6.43929354282591e-16
0 0

0101101
*
Ed
 1e-07 1 1 0
1  41 0 6.2 8
0

0101000
+131 0 -129 0 *
Ve
1e-07
8 17 -1.55431223447522e-15
0 0

0101101
*
Ed
 1e-07 1 1 0
1  42 0 0 9.9
0

0101000
+127 16 -129 16 *
Ed
 1e-07 1 1 0
1  43 0 0 8
0

0101000
+190 0 -127 0 *
Wi

0101100
-188 8 +132 0 +130 0 -128 0 +126 15 +125 0 *
Fa
0  1e-07 9 0

0101000
+124 0 *
Ve
1.50000002512148e-07
6.2 10.1 8.66025403784439
0 0

0101101
*
Ed
 1.5e-07 1 1 0
1  44 0 1.73362030391878e-15 6.2
0

0101000
+187 0 -122 0 *
Ed
 1e-07 1 1 0
1  45 0 6.33974596215561 15
0

0101000
+122 0 -133 0 *
Wi

0101100
-121 0 -120 0 -132 0 +186 0 *
Fa
0  1e-07 10 0

0101000
+119 0 *
Ve
1.50000001776357e-07
6.2 -10.1 8.66025403784439
0 0

0101101
*
Ed
 1.5e-07 1 1 0
1  46 0 -3.1 3.1
0

0101000
+117 0 -180 0 *
Ed
 1.5e-07 1 1 0
1  47 0 -11.05 9.15
0

0101000
+122 0 -117 0 *
Ve
1e-07
8 12 8.66025403784438
0 0

0101101
*
Ed
 1e-07 1 1 0
1  48 0 0 8
0

0101000
+185 0 -114 0 *
Ve
1e-07
8 -12 8.66025403784439
0 0

0101101
*
Ed
 1e-07 1 1 0
1  49 0 0 24
0

0101000
+112 16 -114 16 *
Ed
 1e-07 1 1 0
1  50 0 0 8
0

0101000
+181 0 -112 0 *
Wi

0101100
-179 8 +116 0 +115 0 +121 0 -184 8 -113 0 +111 15 +110 0 *
Fa
0  1e-07 11 0

0101000
+109 0 *
Ed
 1e-07 1 1 0
1  51 0 0 10
0

0101000
+114 16 -127 16 *
Wi

0101100
+113 0 -125 0 -183 8 +107 15 *
Fa
0  1e-07 12 0

0101000
+106 0 *
Ve
1.50000000671685e-07
6.2 -10.1 3.5527136788005e-15
0 0

0101101
*
Ed
 1.5e-07 1 1 0
1  52 0 -3.1 3.1
0

0101000
+178 0 -104 0 *
Ed
 1e-07 1 1 0
1  53 0 6.33974596215561 15
0

0101000
+117 0 -104 0 *
Wi

0101100
-116 0 -177 0 -103 0 +102 0 *
Fa
0  1e-07 13 0

0101000
+101 0 *
Ve
1.50000001972607e-07
6.2 -7.1 3.29736238313423e-15
0 0

0101101
*
Ed
 1.5e-07 1 1 0
1  54 0 -11.6 -8.6
0

0101000
+104 0 -99 0 *
Ve
1e-07
8 -17 5.99520433297336e-15
0 0

0101101
*
Ed
 1e-07 1 1 0
1  55 0 0 8
0

0101000
+176 0 -97 0 *
Ve
1e-07
8 -7.1 3.79696274421555e-15
0 0

0101101
*
Ed
 1e-07 1 1 0
1  56 0 0 9.89999999999999
0

0101000
+95 16 -97 16 *
Ed
 1e-07 1 1 0
1  57 0 6.2 8
0

0101000
+99 0 -95 0 *
Wi

0101100
+98 0 +103 0 -175 8 -96 0 +94 15 +93 0 *
Fa
0  1e-07 14 0

0101000
+92 0 *
Ed
 1e-07 1 1 0
1  58 0 0 10
0

0101000
+97 16 -112 16 *
Wi

0101100
+96 0 -110 0 -174 8 +90 15 *
Fa
0  1e-07 15 0

0101000
+89 0 *
Ve
1e-07
-2.00000000000001 -10.5 18.1865334794732
0 0

0101101
*
Ed
 1e-07 1 1 0
1  59 0 0 0.5
0

0101000
+166 0 -87 0 *
Ve
1.0000000075342e-07
-2 -21 4.944512003107e-15
0 0

0101101
*
Ed
 1.0000000075342e-07 1 1 0
1  60 0 0 0.5
0

0101000
+165 0 -85 0 *
Ed
 1e-07 1 1 0
1  61 0 0 21
0

0101000
+87 19 -85 19 *
Wi

0101100
+86 0 -84 0 -164 12 +83 18 *
Fa
0  1e-07 16 0

0101000
+82 0 *
Ve
1e-07
-2 10.5 18.1865334794732
0 0

0101101
*
Ed
 1e-07 1 1 0
1  62 0 0 0.5
0

0101000
+163 0 -80 0 *
Ed
 1e-07 1 1 0
1  63 0 0 21
0

0101000
+80 19 -87 19 *
Wi

0101100
+79 0 -86 0 -162 12 +78 18 *
Fa
0  1e-07 17 0

0101000
+77 0 *
Ve
1e-07
-2 -10.5 -18.1865334794732
0 0

0101101
*
Ed
 1e-07 1 1 0
1  64 0 0 0.5
0

0101000
+161 0 -75 0 *
Ed
 1e-07 1 1 0
1  65 0 0 21
0

0101000
+85 19 -75 19 *
Wi

0101100
+84 0 -74 0 -160 12 +73 18 *
Fa
0  1e-07 18 0

0101000
+72 0 *
Ve
1e-07
-1.99999999999999 21 -5.13478148889135e-15
0 0

0101101
*
Ed
 1e-07 1 1 0
1  66 0 0 0.5
0

0101000
+159 0 -70 0 *
Ed
 1e-07 1 1 0
1  67 0 0 21
0

0101000
+70 19 -80 19 *
Wi

0101100
+69 0 -79 0 -158 12 +68 18 *
Fa
0  1e-07 19 0

0101000
+67 0 *
Ve
1e-07
-1.99999999999999 10.5 -18.1865334794732
0 0

0101101
*
Ed
 1e-07 1 1 0
1  68 0 0 0.5
0

0101000
+157 0 -65 0 *
Ed
 1e-07 1 1 0
1  69 0 0 21
0

0101000
+75 19 -65 19 *
Wi

0101100
+74 0 -64 0 -156 12 +63 18 *
Fa
0  1e-07 20 0

0101000
+62 0 *
Ed
 1e-07 1 1 0
1  70 0 0 21
0

0101000
+65 19 -70 19 *
Wi

0101100
+64 0 -69 0 -155 12 +60 18 *
Fa
0  1e-07 21 0

0101000
+59 0 *
Ve
1.5000000153837e-07
6.2 -3.55 6.14878036686952
0 0

0101101
*
Ed
 1.5e-07 1 1 0
1  71 0 3.69519052838329 10.7951905283833
0

0101000
+57 0 -99 0 *
Ve
1.50000001256074e-07
6.2 3.55 6.14878036686952
0 0

0101101
*
Ed
 1.5e-07 1 1 0
1  72 0 -0.275000000000001 6.825
0

0101000
+55 0 -57 0 *
Ed
 1.5e-07 1 1 0
1  73 0 -9.29519052838329 -2.19519052838329
0

0101000
+131 0 -55 0 *
Wi

0101100
-115 0 -102 0 -98 0 +56 0 +54 0 +53 0 -130 0 +120 0 *
Fa
0  1e-07 22 0

0101000
+52 0 *
Ve
1e-07
8 3.55 6.14878036686952
0 0

0101101
*
Ed
 1e-07 1 1 0
1  74 0 0 7.1
0

0101000
+50 16 -129 16 *
Ed
 1e-07 1 1 0
1  75 0 6.2 8
0

0101000
+55 0 -50 0 *
Wi

0101100
+53 0 -128 0 +49 15 +48 0 *
Fa
0  1e-07 23 0

0101000
+47 0 *
Ve
1e-07
8 -3.55 6.14878036686952
0 0

0101101
*
Ed
 1e-07 1 1 0
1  76 0 0 7.1
0

0101000
+45 16 -50 16 *
Ed
 1e-07 1 1 0
1  77 0 0 7.1
0

0101000
+95 16 -45 16 *
Wi

0101100
+94 0 +90 0 +111 0 +107 0 +126 0 -49 0 -44 0 -43 0 *
Fa
0  1e-07 24 0

0101000
-42 8 *
Ed
 1e-07 1 1 0
1  78 0 6.2 8
0

0101000
+57 0 -45 0 *
Wi

0101100
+56 0 -40 0 +43 15 +93 0 *
Fa
0  1e-07 25 0

0101000
+39 0 *
Wi

0101100
+54 0 -48 0 +44 15 +40 0 *
Fa
0  1e-07 26 0

0101000
+37 0 *
Ve
1.00001511593327e-07
-2 -2.50000000000023 4.33012701892213
0 0

0101101
*
Ed
 1e-07 1 1 0
1  79 0 0 2
0

0101000
+202 0 -35 0 *
Ve
1.00001283622656e-07
-2 2.50000000000024 4.33012701892213
0 0

0101101
*
Ed
 1.00000549793921e-07 1 1 0
1  80 0 0 5.00000000000007
0

0101000
+33 22 -35 22 *
Ed
 1e-07 1 1 0
1  81 0 0 2
0

0101000
+203 0 -33 0 *
Wi

0101000
+201 4 +34 0 -32 21 -31 0 *
Fa
0  1.00000549793921e-07 27 0

0101000
+30 0 *
Ve
1.00001283845222e-07
-2 5 6.46165646077484e-13
0 0

0101101
*
Ed
 1.00001283622656e-07 1 1 0
1  82 0 0 5.00000000000009
0

0101000
+28 22 -33 22 *
Ed
 1e-07 1 1 0
1  83 0 0 2
0

0101000
+200 0 -28 0 *
Wi

0101000
+199 4 +31 0 -27 21 -26 0 *
Fa
0  1.00001283622656e-07 28 0

0101000
+25 0 *
Ve
1.00001283622656e-07
-2 2.50000000000014 -4.33012701892218
0 0

0101101
*
Ed
 1.00001283622656e-07 1 1 0
1  84 0 0 5.00000000000009
0

0101000
+23 22 -28 22 *
Ed
 1e-07 1 1 0
1  85 0 0 2
0

0101000
+198 0 -23 0 *
Wi

0101000
+197 4 +26 0 -22 21 -21 0 *
Fa
0  1.00001283622656e-07 29 0

0101000
+20 0 *
Ve
1.00001511593327e-07
-2 -2.50000000000033 -4.33012701892207
0 0

0101101
*
Ed
 1.00001283622656e-07 1 1 0
1  86 0 0 5.00000000000007
0

0101000
+18 22 -23 22 *
Ed
 1e-07 1 1 0
1  87 0 0 2
0

0101000
+196 0 -18 0 *
Wi

0101000
+195 4 +21 0 -17 21 -16 0 *
Fa
0  1.00001283622656e-07 30 0

0101000
+15 0 *
Ve
1.00001512037722e-07
-2 -5 -7.49009344537525e-13
0 0

0101101
*
Ed
 1.00001511593327e-07 1 1 0
1  88 0 0 5.00000000000009
0

0101000
+13 22 -18 22 *
Ed
 1e-07 1 1 0
1  89 0 0 2
0

0101000
+194 0 -13 0 *
Wi

0101000
+193 4 +16 0 -12 21 -11 0 *
Fa
0  1.00001511593327e-07 31 0

0101000
+10 0 *
Ed
 1.00001511593327e-07 1 1 0
1  90 0 0 5.00000000000009
0

0101000
+35 22 -13 22 *
Wi

0101000
+192 4 +11 0 -8 21 -34 0 *
Fa
0  1.00001511593327e-07 32 0

0101000
+7 0 *
Wi

0101100
-83 18 -78 18 -68 18 -60 18 -63 18 -73 18 *
Wi

0101100
+32 21 +8 21 +12 21 +17 21 +22 21 +27 21 *
Fa
0  1e-07 33 0

0101000
+5 0 +4 0 *
Sh

0101000
+214 0 +172 0 +167 0 +145 0 +142 0 +139 0 +136 0 +134 0 +123 0 +118 0 
+108 0 +105 0 +100 0 +91 0 +88 0 +81 0 +76 0 +71 0 +66 0 +61 0 
+58 0 +51 0 -46 0 +41 14 -38 0 -36 0 +29 0 +24 0 +19 0 +14 0 
+9 0 +6 0 +3 0 *
So

1100000
+2 0 *

+1 1 ]]>
      </Part>
      <ElementMap new="1" count="1"><Element key="Dummy" value="Dummy"/></ElementMap>
      <ElementMap2 count="183">
<![CDATA[
1 PostfixCount 49
Edge
Face
Vertex
;:H-c2f,E
;:H-c2f,V
;:G10#1f4;FUS;:H-c2f:d,E
;:G11#1ee;FUS;:H-c2f:d,E
;:G12#1f1;FUS;:H-c2f:d,E
;:G7#1e7;FUS;:H-c2f:c,E
;:G8#1f7;FUS;:H-c2f:c,E
;:G9#1eb;FUS;:H-c2f:c,E
;:M;FUS;:H-c2f:7,F
;:H-c2f,F
;:M#285;FUS;:H-c2f:b,V
;:M#28a;FUS;:H-c2f:b,V
;:M#289;FUS;:H-c2f:b,V
;:M#288;FUS;:H-c2f:b,V
;:M#287;FUS;:H-c2f:b,V
;:M#286;FUS;:H-c2f:b,V
;:M#27d;FUS;:H-c2f:b,E
;:M#27b;FUS;:H-c2f:b,E
;:M#279;FUS;:H-c2f:b,E
;:M#277;FUS;:H-c2f:b,E
;:M#275;FUS;:H-c2f:b,E
;:M#273;FUS;:H-c2f:b,E
;:Hc2d,E
;:M;FUS;:Hc2d:7,F
;:G#20c;FUS;:Hc2d:b,V
;:M;FUS;:Hc2d:7,E
;:G#20d;FUS;:Hc2d:b,V
;:G#20e;FUS;:Hc2d:b,V
;:G#20f;FUS;:Hc2d:b,V
;:G#210;FUS;:Hc2d:b,V
;:G#211;FUS;:Hc2d:b,V
;:Hc2d,V
;:Hc2d,F
;:M#28b;RFI;:H-c2f:b,E
;:M#28d;RFI;:H-c2f:b,E
;:M#28f;RFI;:H-c2f:b,E
;:M#291;RFI;:H-c2f:b,E
;:M#293;RFI;:H-c2f:b,E
;:M#295;RFI;:H-c2f:b,E
;:M#297;RFI;:H-c2f:b,F
;:M#299;RFI;:H-c2f:b,F
;:M#29b;RFI;:H-c2f:b,F
;:M#29d;RFI;:H-c2f:b,F
;:M#29f;RFI;:H-c2f:b,F
;:M#2a1;RFI;:H-c2f:b,F
;:M#2a3;RFI;:H-c2f:b,F

MapCount 2

ElementMap 1 2 3

Edge

ChildCount 0

NameCount 91
0
$#236.1a 0
$#1e8.1d 0
$#17a.9.112.1e6.1e7 0
$#1e9.1d 0
$#238.1a 0
$#23a.1a 0
$#23b.1a 0
$#239.1a 0
$#237.1a 0
$#1d4.1a 0
$#1dc.1a 0
$#1e2.1a 0
$#1e5.1a 0
$#1df.1a 0
$#1d9.1a 0
$#23c.1a 0
$#23e.1a 0
$#240.1a 0
$#241.1a 0
$#242.1a 0
$#243.1a 0
$#245.1a 0
$#246.1a 0
$#1ec.1d 0
$#17a.b.114.1ea.1eb 0
$#15e.4 0
$#171.4 0
$#16d.4 0
$#170.4 0
$#16e.4 0
$#16f.4 0
$#17a.7.117.1ed.1ee 0
$#17a.8.118.1f0.1f1 0
$#17a.6.116.1f3.1f4 0
$#17a.a.113.1f6.1f7 0
$#1f5.1d 0
$#1ef.1d 0
$#1f2.1d 0
$#247.1a 0
$#248.1a 0
$#249.1a 0
$#24a.1a 0
$#24b.1a 0
$#250.1a 0
$#25a.1a 0
$#24e.1a 0
$#24f.1a 0
$#24c.1a 0
$#251.1a 0
$#252.1a 0
$#24d.1a 0
$#256.1a 0
$#25b.1a 0
$#255.1a 0
$#253.1a 0
$#257.1a 0
$#258.1a 0
$#254.1a 0
$#189.4 0
$#18a.4 0
$#1c5.4 0
$#18e.4 0
$#1ca.4 0
$#18b.4 0
$#1c6.4 0
$#18d.4 0
$#1c9.4 0
$#18c.4 0
$#1c7.4 0
$#1c8.4 0
$#25c.1a 0
$#25d.1a 0
$#25e.1a 0
$#25f.1a 0
$#260.1a 0
$#261.1a 0
$#262.1a 0
$#263.1a 0
$#28c.25 0
$#1d0.19.f5.1a9.273 0
$#28e.26 0
$#1cf.18.fa.1ae.275 0
$#290.27 0
$#1ce.17.f9.1ad.277 0
$#292.28 0
$#1cd.16.f8.1ac.279 0
$#294.29 0
$#1cc.15.f7.1ab.27b 0
$#296.2a 0
$#1cb.14.f6.1aa.27d 0

Face

ChildCount 0

NameCount 34
0
$#1e6.1b.112 0
$#264.24 0
$#1ea.1b.114 0
$#17a.c 0
$#1f6.1b.113 0
$#1ed.1b.117 0
$#1f0.1b.118 0
$#1f3.1b.116 0
$#265.24 0
$#26b.24 0
$#267.24 0
$#266.24 0
$#26f.24 0
$#269.24 0
$#268.24 0
$#17c.d 0
$#181.d 0
$#17d.d 0
$#180.d 0
$#17e.d 0
$#17f.d 0
$#26c.24 0
$#26d.24 0
$#26e.24 0
$#270.24 0
$#271.24 0
$#298.2b 0
$#29a.2c 0
$#29c.2d 0
$#29e.2e 0
$#2a0.2f 0
$#2a2.30 0
$#2a4.31 0

Vertex

ChildCount 0

NameCount 61
0
$#212.23 $#213.23 0
$#214.23 $#215.23 0
$#1e8.1c.15e.17a.20c 0
$#1e9.1e.15e.17a.20d 0
$#218.23 $#219.23 0
$#21c.23 $#21d.23 0
$#21a.23 $#21b.23 0
$#216.23 $#217.23 0
$#206.23 0
$#207.23 0
$#209.23 0
$#20b.23 0
$#20a.23 0
$#208.23 0
$#21e.23 0
$#21f.23 0
$#220.23 0
$#221.23 0
$#222.23 0
$#223.23 0
$#224.23 0
$#225.23 0
$#1ec.1f.15e.17a.20e 0
$#160.5 $#1b1.5 0
$#161.5 $#1b4.5 0
$#165.5 $#1bc.5 0
$#162.5 $#1b6.5 0
$#164.5 $#1ba.5 0
$#163.5 $#1b8.5 0
$#1ef.20.15e.17a.20f 0
$#1f2.21.15e.17a.210 0
$#1f5.22.15e.17a.211 0
$#226.23 0
$#227.23 0
$#228.23 0
$#229.23 0
$#22c.23 0
$#22b.23 0
$#22a.23 0
$#22d.23 0
$#22f.23 0
$#230.23 0
$#22e.23 0
$#231.23 0
$#1b3.5 0
$#1b5.5 0
$#1bd.5 0
$#1b7.5 0
$#1bb.5 0
$#1b9.5 0
$#232.23 0
$#233.23 0
$#234.23 0
$#235.23 0
$#1be.e.cb.19d.285 0
$#1c3.13.ca.19c.286 0
$#1c2.12.cf.1a1.287 0
$#1c1.11.ce.1a0.288 0
$#1c0.10.cd.19f.289 0
$#1bf.f.cc.19e.28a 0

EndMap

ElementMap 2 1 3

Edge

ChildCount 1
1 0 90 3119 1 ;:Hc2f,E 0

NameCount 0

Face

ChildCount 1
1 0 33 3119 1 ;:Hc2f,F 0

NameCount 0

Vertex

ChildCount 1
1 0 60 3119 1 ;:Hc2f,V 0

NameCount 0

EndMap
]]>
      </ElementMap2>
    </Property>
    <Property name="SingleSolid" type="App::PropertyBool">
      <Bool value="false"/>
    </Property>
    <Property name="Tip" type="App::PropertyLink">
      <Link value="Pad002"/>
    </Property>
    <Property name="TreeRank" type="App::PropertyInteger" status="2184">
      <Integer value="17"/>
    </Property>
    <Property name="ValidateShape" type="App::PropertyBool">
      <Bool value="false"/>
    </Property>
    <Property name="Visibility" type="App::PropertyBool" status="648">
      <Bool value="true"/>
    </Property>
    <Property name="_ExportChildren" type="App::PropertyLinkList" status="218104320">
      <LinkList count="4">
        <Link value="Pad"/>
        <Link value="Pad001"/>
        <Link value="Pocket"/>
        <Link value="Pad002"/>
      </LinkList>
    </Property>
    <Property name="_GroupVersion" type="App::PropertyInteger" status="218103808">
      <Integer value="1"/>
    </Property>
  </Properties>
</Object>
</Document>
