<?xml version='1.0' encoding='utf-8'?>
<!-- FreeCAD DocumentObject -->
<Document SchemaVersion="4" FileVersion="2">
<Object name="Pad">
  <Properties Count="46" TransientCount="2">
    <_Property name="_Body" type="App::PropertyLinkHidden" status="251658240"/>
    <_Property name="_ElementMapVersion" type="App::PropertyString" status="234881024"/>
    <Property name="AddSubShape" type="Part::PropertyPartShape">
      <Part HasherIndex="0" ElementMap="1.15.70200.4" brep="1">
<![CDATA[

CASCADE Topology V1, (c) Matra-Datavision
Locations 5
1
              1               0               0               0 
              0               1               0               0 
              0               0               1               0 
1
2.22044604925031e-16 -2.22044604925031e-16               1               0 
              1 2.22044604925031e-16 -2.22044604925031e-16               0 
-2.22044604925031e-16               1 2.22044604925031e-16               0 
2  1 1 2 1 0
1
              1               0               0              -2 
              0               1               0 4.44089209850063e-16 
              0               0               1 -5.55111512312578e-16 
2  1 1 2 1 4 1 0
Curve2ds 0
Curves 24
1 -1.625479323516814e-15 10.000000000000005 17.320508075688767 -1 2.2204460492503131e-16 -2.7755575615628914e-16 
1 -6.0663714220174405e-15 -9.9999999999999947 17.320508075688775 -1 2.2204460492503131e-16 -2.7755575615628914e-16 
1 10.000000000000002 17.320508075688771 0 -1 0 0 
1 -4.440892098500627e-15 -20 7.4389896134129798e-15 -1 2.2204460492503131e-16 -2.7755575615628914e-16 
1 -9.9999999999999982 17.320508075688771 0 -0.50000000000000022 -0.86602540378443849 0 
1 1.625479323516814e-15 -10.000000000000005 -17.320508075688767 -1 2.2204460492503131e-16 -2.7755575615628914e-16 
1 -20 2.4434813448203517e-15 0 0.49999999999999989 -0.86602540378443871 0 
1 6.0663714220174405e-15 9.9999999999999947 -17.320508075688775 -1 2.2204460492503131e-16 -2.7755575615628914e-16 
1 -10.000000000000002 -17.320508075688771 0 1 0 0 
1 4.440892098500627e-15 20 -7.68247172101974e-15 -1 2.2204460492503131e-16 -2.7755575615628914e-16 
1 9.9999999999999982 -17.320508075688771 0 0.50000000000000022 0.86602540378443849 0 
1 20 -2.930445574509533e-15 0 -0.49999999999999989 0.86602540378443871 0 
1 -4.063698308792238e-16 2.500000000000036 4.330127018922318 -1 2.2204460492503131e-16 -2.7755575615628914e-16 
1 -1.5165928555043956e-15 -2.5000000000000333 4.3301270189223198 -1 2.2204460492503131e-16 -2.7755575615628914e-16 
1 2.5000000000000351 4.3301270189223189 0 -1 0 0 
1 -1.1102230246251579e-15 -5 7.3243949829962339e-15 -1 2.2204460492503131e-16 -2.7755575615628914e-16 
1 -2.5000000000000342 4.3301270189223189 0 -0.49999999999998457 -0.86602540378444759 0 
1 4.0636983087922104e-16 -2.500000000000036 -4.3301270189223056 -1 2.2204460492503131e-16 -2.7755575615628914e-16 
1 -5 6.2110949788412781e-15 0 0.49999999999998435 -0.86602540378444759 0 
1 1.5165928555043931e-15 2.5000000000000338 -4.3301270189223073 -1 2.2204460492503131e-16 -2.7755575615628914e-16 
1 -2.5000000000000351 -4.3301270189223064 0 1 0 0 
1 1.1102230246251552e-15 5 4.985453425025903e-15 -1 2.2204460492503131e-16 -2.7755575615628914e-16 
1 2.5000000000000346 -4.3301270189223064 0 0.49999999999998446 0.86602540378444759 0 
1 5 5.9741039547837975e-15 0 -0.49999999999998435 0.86602540378444759 0 
Polygon3D 0
PolygonOnTriangulations 0
Surfaces 13
1 -1.625479323516814e-15 10.000000000000005 17.320508075688767 -2.7755575615628909e-16 2.2204460492503136e-16 1 -2.2204460492503131e-16 -1 2.2204460492503131e-16 1 -2.2204460492503126e-16 2.7755575615628914e-16 
1 -6.0663714220174405e-15 -9.9999999999999947 17.320508075688775 -3.31074146716501e-16 -0.86602540378443837 0.50000000000000044 8.1273966175840678e-17 -0.50000000000000044 -0.86602540378443837 1 -2.4608163850482578e-16 2.3592239273284586e-16 
1 -4.440892098500627e-15 -20 6.8843734433209779e-15 -5.3518390560211937e-17 -0.86602540378443882 -0.49999999999999972 3.0331857110087208e-16 0.49999999999999972 -0.86602540378443882 1 -1.9800757134523682e-16 2.3592239273284581e-16 
1 1.625479323516814e-15 -10.000000000000005 -17.320508075688767 2.7755575615628909e-16 -2.2204460492503136e-16 -1 2.2204460492503131e-16 1 -2.2204460492503131e-16 1 -2.2204460492503126e-16 2.7755575615628914e-16 
1 6.0663714220174405e-15 9.9999999999999947 -17.320508075688775 3.31074146716501e-16 0.86602540378443837 -0.50000000000000044 -8.1273966175840678e-17 0.50000000000000044 0.86602540378443837 1 -2.4608163850482578e-16 2.3592239273284586e-16 
1 4.440892098500627e-15 20 -7.3713376730101591e-15 5.3518390560211937e-17 0.86602540378443882 0.49999999999999972 -3.0331857110087208e-16 -0.49999999999999972 0.86602540378443882 1 -1.9800757134523682e-16 2.3592239273284581e-16 
1 -4.063698308792238e-16 2.500000000000036 4.330127018922318 -2.7755575615628909e-16 2.2204460492503136e-16 1 -2.2204460492503131e-16 -1 2.2204460492503131e-16 1 -2.2204460492503126e-16 2.7755575615628914e-16 
1 -1.5165928555043956e-15 -2.5000000000000333 4.3301270189223198 -3.3107414671649868e-16 -0.86602540378444748 0.49999999999998473 8.1273966175846126e-17 -0.49999999999998473 -0.86602540378444748 1 -2.4608163850482538e-16 2.3592239273284498e-16 
1 -1.1102230246251579e-15 -5 7.3213180034664347e-15 -5.3518390560218248e-17 -0.86602540378444781 -0.49999999999998423 3.0331857110087061e-16 0.49999999999998423 -0.86602540378444781 1 -1.9800757134523731e-16 2.3592239273284493e-16 
1 4.0636983087922104e-16 -2.500000000000036 -4.3301270189223056 2.7755575615628909e-16 -2.2204460492503136e-16 -1 2.2204460492503131e-16 1 -2.2204460492503131e-16 1 -2.2204460492503126e-16 2.7755575615628914e-16 
1 1.5165928555043931e-15 2.5000000000000338 -4.3301270189223073 3.3107414671649863e-16 0.86602540378444748 -0.49999999999998462 -8.1273966175846126e-17 0.49999999999998462 0.86602540378444748 1 -2.4608163850482533e-16 2.3592239273284488e-16 
1 1.1102230246251552e-15 5 4.863880930158641e-15 5.3518390560218248e-17 0.86602540378444781 0.49999999999998423 -3.0331857110087061e-16 -0.49999999999998423 0.86602540378444781 1 -1.9800757134523731e-16 2.3592239273284493e-16 
1 -1.7617893549935871e-31 2.9605947323337409e-17 1.6342482922482248e-15 1 -2.2204460492503123e-16 2.2204460492503111e-16 2.2204460492503123e-16 1 0 -2.2204460492503111e-16 4.9303806576313178e-32 1 
Triangulations 0

TShapes 65
Ve
1e-07
10 17.3205080756888 0
0 0

0101101
*
Ed
 1e-07 1 1 0
1  1 0 0 2
0

0101000
+65 3 -65 5 *
Ve
1e-07
-10 17.3205080756888 0
0 0

0101101
*
Ed
 1e-07 1 1 0
1  2 0 0 2
0

0101000
+63 3 -63 5 *
Ed
 1e-07 1 1 0
1  3 0 0 20
0

0101000
+65 0 -63 0 *
Wi

0101100
+64 0 -62 0 -61 3 +61 5 *
Fa
0  1e-07 1 0

0111000
+60 0 *
Ve
1.00000000554616e-07
-20 2.99809751491235e-15 0
0 0

0101101
*
Ed
 1.00000000554616e-07 1 1 0
1  4 0 0 2
0

0101000
+58 3 -58 5 *
Ed
 1e-07 1 1 0
1  5 0 0 20
0

0101000
+63 0 -58 0 *
Wi

0101100
+62 0 -57 0 -56 3 +56 5 *
Fa
0  1e-07 2 0

0111000
+55 0 *
Ve
1e-07
-10 -17.3205080756888 0
0 0

0101101
*
Ed
 1e-07 1 1 0
1  6 0 0 2
0

0101000
+53 3 -53 5 *
Ed
 1e-07 1 1 0
1  7 0 0 20
0

0101000
+58 0 -53 0 *
Wi

0101100
+57 0 -52 0 -51 3 +51 5 *
Fa
0  1e-07 3 0

0111000
+50 0 *
Ve
1e-07
10 -17.3205080756888 0
0 0

0101101
*
Ed
 1e-07 1 1 0
1  8 0 0 2
0

0101000
+48 3 -48 5 *
Ed
 1e-07 1 1 0
1  9 0 0 20
0

0101000
+53 0 -48 0 *
Wi

0101100
+52 0 -47 0 -46 3 +46 5 *
Fa
0  1e-07 4 0

0111000
+45 0 *
Ve
1.00000000311134e-07
20 -3.24157962251911e-15 0
0 0

0101101
*
Ed
 1.00000000311134e-07 1 1 0
1  10 0 0 2
0

0101000
+43 3 -43 5 *
Ed
 1e-07 1 1 0
1  11 0 0 20
0

0101000
+48 0 -43 0 *
Wi

0101100
+47 0 -42 0 -41 3 +41 5 *
Fa
0  1e-07 5 0

0111000
+40 0 *
Ed
 1e-07 1 1 0
1  12 0 0 20
0

0101000
+43 0 -65 0 *
Wi

0101100
+42 0 -64 0 -38 3 +38 5 *
Fa
0  1e-07 6 0

0111000
+37 0 *
Ve
1e-07
2.50000000000004 4.33012701892232 0
0 0

0101101
*
Ed
 1e-07 1 1 0
1  13 0 0 2
0

0101000
+35 3 -35 5 *
Ve
1e-07
-2.50000000000003 4.33012701892232 0
0 0

0101101
*
Ed
 1e-07 1 1 0
1  14 0 0 2
0

0101000
+33 3 -33 5 *
Ed
 1e-07 1 1 0
1  15 0 0 5.00000000000007
0

0101000
+35 0 -33 0 *
Wi

0101100
+34 0 -32 0 -31 3 +31 5 *
Fa
0  1e-07 7 0

0111000
+30 0 *
Ve
1.00000000003077e-07
-5 6.21417195837108e-15 0
0 0

0101101
*
Ed
 1.00000000003077e-07 1 1 0
1  16 0 0 2
0

0101000
+28 3 -28 5 *
Ed
 1e-07 1 1 0
1  17 0 0 5.00000000000009
0

0101000
+33 0 -28 0 *
Wi

0101100
+32 0 -27 0 -26 3 +26 5 *
Fa
0  1e-07 8 0

0111000
+25 0 *
Ve
1e-07
-2.50000000000004 -4.33012701892231 0
0 0

0101101
*
Ed
 1e-07 1 1 0
1  18 0 0 2
0

0101000
+23 3 -23 5 *
Ed
 1e-07 1 1 0
1  19 0 0 5.00000000000009
0

0101000
+28 0 -23 0 *
Wi

0101100
+27 0 -22 0 -21 3 +21 5 *
Fa
0  1e-07 9 0

0111000
+20 0 *
Ve
1.00000000222045e-07
2.50000000000003 -4.33012701892231 0
0 0

0101101
*
Ed
 1.00000000222045e-07 1 1 0
1  20 0 0 2
0

0101000
+18 3 -18 5 *
Ed
 1e-07 1 1 0
1  21 0 0 5.00000000000007
0

0101000
+23 0 -18 0 *
Wi

0101100
+22 0 -17 0 -16 3 +16 5 *
Fa
0  1e-07 10 0

0111000
+15 0 *
Ve
1.00000000121572e-07
5 6.09567644965106e-15 0
0 0

0101101
*
Ed
 1.00000000121572e-07 1 1 0
1  22 0 0 2
0

0101000
+13 3 -13 5 *
Ed
 1e-07 1 1 0
1  23 0 0 5.00000000000009
0

0101000
+18 0 -13 0 *
Wi

0101100
+17 0 -12 0 -11 3 +11 5 *
Fa
0  1e-07 11 0

0111000
+10 0 *
Ed
 1e-07 1 1 0
1  24 0 0 5.00000000000009
0

0101000
+13 0 -35 0 *
Wi

0101100
+12 0 -34 0 -8 3 +8 5 *
Fa
0  1e-07 12 0

0111000
+7 0 *
Wi

0101100
+61 0 +56 0 +51 0 +46 0 +41 0 +38 0 *
Wi

0101100
+31 0 +26 0 +21 0 +16 0 +11 0 +8 0 *
Fa
0  1e-07 13 0

0111000
+5 3 -4 3 *
Sh

0101100
+59 0 +54 0 +49 0 +44 0 +39 0 +36 0 -29 0 -24 0 -19 0 -14 0 
-9 0 -6 0 +3 0 -3 4 *
So

1100000
+2 0 *

+1 0 ]]>
      </Part>
      <ElementMap new="1" count="1"><Element key="Dummy" value="Dummy"/></ElementMap>
      <ElementMap2 count="80">
<![CDATA[
5 PostfixCount 13
Edge
Face
Vertex
;:G;XTR;:Hc27:7,E
;:G;XTR;:Hc27:7,F
;:G0;XTR;:Hc27:8,F
;:U;XTR;:Hc27:7,E
;FAC;:Hc27:4,F
;:U;XTR;:Hc27:7,V
;SKT;:Hc27,E
;SKT;:Hc27,V
;SKT;:H,E;:Hc27:5,E
;SKT;:H,V;:Hc27:5,V

MapCount 1

ElementMap 1 5 3

Edge

ChildCount 0

NameCount 37
0
$#4.4 0
$#5.4 0
;g1.c 0
$#20.7 0
$#6.4 0
;g2.c 0
$#21.7 0
$#7.4 0
;g3.c 0
$#22.7 0
$#8.4 0
;g4.c 0
$#23.7 0
$#9.4 0
;g5.c 0
$#24.7 0
;g6.c 0
$#25.7 0
$#b.4 0
$#c.4 0
;g8.a 0
$#26.7 0
$#d.4 0
;g9.a 0
$#27.7 0
$#e.4 0
;g10.a 0
$#28.7 0
$#f.4 0
;g11.a 0
$#29.7 0
$#10.4 0
;g12.a 0
$#2a.7 0
;g13.a 0
$#2b.7 0

Face

ChildCount 0

NameCount 15
0
$#2.5 0
$#11.5 0
$#12.5 0
$#13.5 0
$#14.5 0
$#15.5 0
$#17.5 0
$#18.5 0
$#19.5 0
$#1a.5 0
$#1b.5 0
$#1c.5 0
$#2.8 0
$#1e.6 0

Vertex

ChildCount 0

NameCount 25
0
;g1v1.d ;g6v2.d 0
$#2d.9 0
;g1v2.d ;g2v1.d 0
$#2e.9 0
;g2v2.d ;g3v1.d 0
$#2f.9 0
;g3v2.d ;g4v1.d 0
$#30.9 0
;g4v2.d ;g5v1.d 0
$#31.9 0
;g5v2.d ;g6v1.d 0
$#32.9 0
;g8v1.b 0
$#33.9 0
;g8v2.b 0
$#34.9 0
;g9v2.b 0
$#35.9 0
;g10v2.b 0
$#36.9 0
;g11v2.b 0
$#37.9 0
;g12v2.b 0
$#38.9 0

EndMap
]]>
      </ElementMap2>
    </Property>
    <Property name="AddSubType" type="App::PropertyEnumeration">
      <Integer value="0"/>
    </Property>
    <Property name="AllowMultiFace" type="App::PropertyBool">
      <Bool value="true"/>
    </Property>
    <Property name="AlongSketchNormal" type="App::PropertyBool" status="4">
      <Bool value="false"/>
    </Property>
    <Property name="AutoTaperInnerAngle" type="App::PropertyBool">
      <Bool value="true"/>
    </Property>
    <Property name="BaseFeature" type="App::PropertyLink" status="8">
      <Link value=""/>
    </Property>
    <Property name="CheckUpToFaceLimits" type="App::PropertyBool">
      <Bool value="true"/>
    </Property>
    <Property name="ClaimChildren" type="App::PropertyBool" status="134217728">
      <Bool value="false"/>
    </Property>
    <Property name="ColoredElements" type="App::PropertyLinkSubHidden" status="218103808">
      <LinkSub value="" count="0">
      </LinkSub>
    </Property>
    <Property name="Direction" type="App::PropertyVector" status="4">
      <PropertyVector valueX="1" valueY="-2.220446049250313e-16" valueZ="2.775557561562891e-16"/>
    </Property>
    <Property name="ExpressionEngine" type="App::PropertyExpressionEngine" status="67108864">
      <ExpressionEngine count="0"></ExpressionEngine>
    </Property>
    <Property name="Fit" type="App::PropertyDistance">
      <Float value="0"/>
    </Property>
    <Property name="FitJoin" type="App::PropertyEnumeration">
      <Integer value="0"/>
    </Property>
    <Property name="FixShape" type="App::PropertyEnumeration">
      <Integer value="1"/>
    </Property>
    <Property name="InnerFit" type="App::PropertyDistance">
      <Float value="0"/>
    </Property>
    <Property name="InnerFitJoin" type="App::PropertyEnumeration">
      <Integer value="0"/>
    </Property>
    <Property name="InvalidShape" type="App::PropertyBool" status="67108864">
      <Bool value="false"/>
    </Property>
    <Property name="Label" type="App::PropertyString" status="134217728">
      <String value="Pad"/>
    </Property>
    <Property name="Label2" type="App::PropertyString" status="128">
      <String value=""/>
    </Property>
    <Property name="Length" type="App::PropertyLength">
      <Float value="2"/>
    </Property>
    <Property name="Length2" type="App::PropertyLength">
      <Float value="100"/>
    </Property>
    <Property name="Linearize" type="App::PropertyBool">
      <Bool value="true"/>
    </Property>
    <Property name="Midplane" type="App::PropertyBool" status="4">
      <Bool value="false"/>
    </Property>
    <Property name="NewSolid" type="App::PropertyBool">
      <Bool value="false"/>
    </Property>
    <Property name="Offset" type="App::PropertyLength">
      <Float value="0"/>
    </Property>
    <Property name="Placement" type="App::PropertyPlacement" status="8388620">
      <PropertyPlacement Px="0" Py="0" Pz="0" Q0="0" Q1="0" Q2="0" Q3="1" A="0" Ox="0" Oy="0" Oz="1"/>
    </Property>
    <Property name="Profile" type="App::PropertyLinkSub">
      <LinkSub value="Sketch" count="1">
        <Sub value=""/>
      </LinkSub>
    </Property>
    <Property name="ReferenceAxis" type="App::PropertyLinkSub">
      <LinkSub value="" count="0">
      </LinkSub>
    </Property>
    <Property name="Refine" type="App::PropertyBool">
      <Bool value="false"/>
    </Property>
    <Property name="Reversed" type="App::PropertyBool">
      <Bool value="true"/>
    </Property>
    <Property name="Shape" type="Part::PropertyPartShape">
      <Part HasherIndex="0" ElementMap="1.15.70200.4" brep="1">
<![CDATA[

CASCADE Topology V1, (c) Matra-Datavision
Locations 5
1
              1               0               0               0 
              0               1               0               0 
              0               0               1               0 
1
2.22044604925031e-16 -2.22044604925031e-16               1               0 
              1 2.22044604925031e-16 -2.22044604925031e-16               0 
-2.22044604925031e-16               1 2.22044604925031e-16               0 
2  1 1 2 1 0
1
              1               0               0              -2 
              0               1               0 4.44089209850063e-16 
              0               0               1 -5.55111512312578e-16 
2  1 1 2 1 4 1 0
Curve2ds 0
Curves 24
1 -1.625479323516814e-15 10.000000000000005 17.320508075688767 -1 2.2204460492503131e-16 -2.7755575615628914e-16 
1 -6.0663714220174405e-15 -9.9999999999999947 17.320508075688775 -1 2.2204460492503131e-16 -2.7755575615628914e-16 
1 10.000000000000002 17.320508075688771 0 -1 0 0 
1 -4.440892098500627e-15 -20 7.4389896134129798e-15 -1 2.2204460492503131e-16 -2.7755575615628914e-16 
1 -9.9999999999999982 17.320508075688771 0 -0.50000000000000022 -0.86602540378443849 0 
1 1.625479323516814e-15 -10.000000000000005 -17.320508075688767 -1 2.2204460492503131e-16 -2.7755575615628914e-16 
1 -20 2.4434813448203517e-15 0 0.49999999999999989 -0.86602540378443871 0 
1 6.0663714220174405e-15 9.9999999999999947 -17.320508075688775 -1 2.2204460492503131e-16 -2.7755575615628914e-16 
1 -10.000000000000002 -17.320508075688771 0 1 0 0 
1 4.440892098500627e-15 20 -7.68247172101974e-15 -1 2.2204460492503131e-16 -2.7755575615628914e-16 
1 9.9999999999999982 -17.320508075688771 0 0.50000000000000022 0.86602540378443849 0 
1 20 -2.930445574509533e-15 0 -0.49999999999999989 0.86602540378443871 0 
1 -4.063698308792238e-16 2.500000000000036 4.330127018922318 -1 2.2204460492503131e-16 -2.7755575615628914e-16 
1 -1.5165928555043956e-15 -2.5000000000000333 4.3301270189223198 -1 2.2204460492503131e-16 -2.7755575615628914e-16 
1 2.5000000000000351 4.3301270189223189 0 -1 0 0 
1 -1.1102230246251579e-15 -5 7.3243949829962339e-15 -1 2.2204460492503131e-16 -2.7755575615628914e-16 
1 -2.5000000000000342 4.3301270189223189 0 -0.49999999999998457 -0.86602540378444759 0 
1 4.0636983087922104e-16 -2.500000000000036 -4.3301270189223056 -1 2.2204460492503131e-16 -2.7755575615628914e-16 
1 -5 6.2110949788412781e-15 0 0.49999999999998435 -0.86602540378444759 0 
1 1.5165928555043931e-15 2.5000000000000338 -4.3301270189223073 -1 2.2204460492503131e-16 -2.7755575615628914e-16 
1 -2.5000000000000351 -4.3301270189223064 0 1 0 0 
1 1.1102230246251552e-15 5 4.985453425025903e-15 -1 2.2204460492503131e-16 -2.7755575615628914e-16 
1 2.5000000000000346 -4.3301270189223064 0 0.49999999999998446 0.86602540378444759 0 
1 5 5.9741039547837975e-15 0 -0.49999999999998435 0.86602540378444759 0 
Polygon3D 0
PolygonOnTriangulations 0
Surfaces 13
1 -1.625479323516814e-15 10.000000000000005 17.320508075688767 -2.7755575615628909e-16 2.2204460492503136e-16 1 -2.2204460492503131e-16 -1 2.2204460492503131e-16 1 -2.2204460492503126e-16 2.7755575615628914e-16 
1 -6.0663714220174405e-15 -9.9999999999999947 17.320508075688775 -3.31074146716501e-16 -0.86602540378443837 0.50000000000000044 8.1273966175840678e-17 -0.50000000000000044 -0.86602540378443837 1 -2.4608163850482578e-16 2.3592239273284586e-16 
1 -4.440892098500627e-15 -20 6.8843734433209779e-15 -5.3518390560211937e-17 -0.86602540378443882 -0.49999999999999972 3.0331857110087208e-16 0.49999999999999972 -0.86602540378443882 1 -1.9800757134523682e-16 2.3592239273284581e-16 
1 1.625479323516814e-15 -10.000000000000005 -17.320508075688767 2.7755575615628909e-16 -2.2204460492503136e-16 -1 2.2204460492503131e-16 1 -2.2204460492503131e-16 1 -2.2204460492503126e-16 2.7755575615628914e-16 
1 6.0663714220174405e-15 9.9999999999999947 -17.320508075688775 3.31074146716501e-16 0.86602540378443837 -0.50000000000000044 -8.1273966175840678e-17 0.50000000000000044 0.86602540378443837 1 -2.4608163850482578e-16 2.3592239273284586e-16 
1 4.440892098500627e-15 20 -7.3713376730101591e-15 5.3518390560211937e-17 0.86602540378443882 0.49999999999999972 -3.0331857110087208e-16 -0.49999999999999972 0.86602540378443882 1 -1.9800757134523682e-16 2.3592239273284581e-16 
1 -4.063698308792238e-16 2.500000000000036 4.330127018922318 -2.7755575615628909e-16 2.2204460492503136e-16 1 -2.2204460492503131e-16 -1 2.2204460492503131e-16 1 -2.2204460492503126e-16 2.7755575615628914e-16 
1 -1.5165928555043956e-15 -2.5000000000000333 4.3301270189223198 -3.3107414671649868e-16 -0.86602540378444748 0.49999999999998473 8.1273966175846126e-17 -0.49999999999998473 -0.86602540378444748 1 -2.4608163850482538e-16 2.3592239273284498e-16 
1 -1.1102230246251579e-15 -5 7.3213180034664347e-15 -5.3518390560218248e-17 -0.86602540378444781 -0.49999999999998423 3.0331857110087061e-16 0.49999999999998423 -0.86602540378444781 1 -1.9800757134523731e-16 2.3592239273284493e-16 
1 4.0636983087922104e-16 -2.500000000000036 -4.3301270189223056 2.7755575615628909e-16 -2.2204460492503136e-16 -1 2.2204460492503131e-16 1 -2.2204460492503131e-16 1 -2.2204460492503126e-16 2.7755575615628914e-16 
1 1.5165928555043931e-15 2.5000000000000338 -4.3301270189223073 3.3107414671649863e-16 0.86602540378444748 -0.49999999999998462 -8.1273966175846126e-17 0.49999999999998462 0.86602540378444748 1 -2.4608163850482533e-16 2.3592239273284488e-16 
1 1.1102230246251552e-15 5 4.863880930158641e-15 5.3518390560218248e-17 0.86602540378444781 0.49999999999998423 -3.0331857110087061e-16 -0.49999999999998423 0.86602540378444781 1 -1.9800757134523731e-16 2.3592239273284493e-16 
1 -1.7617893549935871e-31 2.9605947323337409e-17 1.6342482922482248e-15 1 -2.2204460492503123e-16 2.2204460492503111e-16 2.2204460492503123e-16 1 0 -2.2204460492503111e-16 4.9303806576313178e-32 1 
Triangulations 0

TShapes 65
Ve
1e-07
10 17.3205080756888 0
0 0

0101101
*
Ed
 1e-07 1 1 0
1  1 0 0 2
0

0101000
+65 3 -65 5 *
Ve
1e-07
-10 17.3205080756888 0
0 0

0101101
*
Ed
 1e-07 1 1 0
1  2 0 0 2
0

0101000
+63 3 -63 5 *
Ed
 1e-07 1 1 0
1  3 0 0 20
0

0101000
+65 0 -63 0 *
Wi

0101100
+64 0 -62 0 -61 3 +61 5 *
Fa
0  1e-07 1 0

0111000
+60 0 *
Ve
1.00000000554616e-07
-20 2.99809751491235e-15 0
0 0

0101101
*
Ed
 1.00000000554616e-07 1 1 0
1  4 0 0 2
0

0101000
+58 3 -58 5 *
Ed
 1e-07 1 1 0
1  5 0 0 20
0

0101000
+63 0 -58 0 *
Wi

0101100
+62 0 -57 0 -56 3 +56 5 *
Fa
0  1e-07 2 0

0111000
+55 0 *
Ve
1e-07
-10 -17.3205080756888 0
0 0

0101101
*
Ed
 1e-07 1 1 0
1  6 0 0 2
0

0101000
+53 3 -53 5 *
Ed
 1e-07 1 1 0
1  7 0 0 20
0

0101000
+58 0 -53 0 *
Wi

0101100
+57 0 -52 0 -51 3 +51 5 *
Fa
0  1e-07 3 0

0111000
+50 0 *
Ve
1e-07
10 -17.3205080756888 0
0 0

0101101
*
Ed
 1e-07 1 1 0
1  8 0 0 2
0

0101000
+48 3 -48 5 *
Ed
 1e-07 1 1 0
1  9 0 0 20
0

0101000
+53 0 -48 0 *
Wi

0101100
+52 0 -47 0 -46 3 +46 5 *
Fa
0  1e-07 4 0

0111000
+45 0 *
Ve
1.00000000311134e-07
20 -3.24157962251911e-15 0
0 0

0101101
*
Ed
 1.00000000311134e-07 1 1 0
1  10 0 0 2
0

0101000
+43 3 -43 5 *
Ed
 1e-07 1 1 0
1  11 0 0 20
0

0101000
+48 0 -43 0 *
Wi

0101100
+47 0 -42 0 -41 3 +41 5 *
Fa
0  1e-07 5 0

0111000
+40 0 *
Ed
 1e-07 1 1 0
1  12 0 0 20
0

0101000
+43 0 -65 0 *
Wi

0101100
+42 0 -64 0 -38 3 +38 5 *
Fa
0  1e-07 6 0

0111000
+37 0 *
Ve
1e-07
2.50000000000004 4.33012701892232 0
0 0

0101101
*
Ed
 1e-07 1 1 0
1  13 0 0 2
0

0101000
+35 3 -35 5 *
Ve
1e-07
-2.50000000000003 4.33012701892232 0
0 0

0101101
*
Ed
 1e-07 1 1 0
1  14 0 0 2
0

0101000
+33 3 -33 5 *
Ed
 1e-07 1 1 0
1  15 0 0 5.00000000000007
0

0101000
+35 0 -33 0 *
Wi

0101100
+34 0 -32 0 -31 3 +31 5 *
Fa
0  1e-07 7 0

0111000
+30 0 *
Ve
1.00000000003077e-07
-5 6.21417195837108e-15 0
0 0

0101101
*
Ed
 1.00000000003077e-07 1 1 0
1  16 0 0 2
0

0101000
+28 3 -28 5 *
Ed
 1e-07 1 1 0
1  17 0 0 5.00000000000009
0

0101000
+33 0 -28 0 *
Wi

0101100
+32 0 -27 0 -26 3 +26 5 *
Fa
0  1e-07 8 0

0111000
+25 0 *
Ve
1e-07
-2.50000000000004 -4.33012701892231 0
0 0

0101101
*
Ed
 1e-07 1 1 0
1  18 0 0 2
0

0101000
+23 3 -23 5 *
Ed
 1e-07 1 1 0
1  19 0 0 5.00000000000009
0

0101000
+28 0 -23 0 *
Wi

0101100
+27 0 -22 0 -21 3 +21 5 *
Fa
0  1e-07 9 0

0111000
+20 0 *
Ve
1.00000000222045e-07
2.50000000000003 -4.33012701892231 0
0 0

0101101
*
Ed
 1.00000000222045e-07 1 1 0
1  20 0 0 2
0

0101000
+18 3 -18 5 *
Ed
 1e-07 1 1 0
1  21 0 0 5.00000000000007
0

0101000
+23 0 -18 0 *
Wi

0101100
+22 0 -17 0 -16 3 +16 5 *
Fa
0  1e-07 10 0

0111000
+15 0 *
Ve
1.00000000121572e-07
5 6.09567644965106e-15 0
0 0

0101101
*
Ed
 1.00000000121572e-07 1 1 0
1  22 0 0 2
0

0101000
+13 3 -13 5 *
Ed
 1e-07 1 1 0
1  23 0 0 5.00000000000009
0

0101000
+18 0 -13 0 *
Wi

0101100
+17 0 -12 0 -11 3 +11 5 *
Fa
0  1e-07 11 0

0111000
+10 0 *
Ed
 1e-07 1 1 0
1  24 0 0 5.00000000000009
0

0101000
+13 0 -35 0 *
Wi

0101100
+12 0 -34 0 -8 3 +8 5 *
Fa
0  1e-07 12 0

0111000
+7 0 *
Wi

0101100
+61 0 +56 0 +51 0 +46 0 +41 0 +38 0 *
Wi

0101100
+31 0 +26 0 +21 0 +16 0 +11 0 +8 0 *
Fa
0  1e-07 13 0

0111000
+5 3 -4 3 *
Sh

0101100
+59 0 +54 0 +49 0 +44 0 +39 0 +36 0 -29 0 -24 0 -19 0 -14 0 
-9 0 -6 0 +3 0 -3 4 *
So

1100000
+2 0 *

+1 0 ]]>
      </Part>
      <ElementMap new="1" count="1"><Element key="Dummy" value="Dummy"/></ElementMap>
      <ElementMap2 count="80">
<![CDATA[
5 PostfixCount 13
Edge
Face
Vertex
;:G;XTR;:Hc27:7,E
;:G;XTR;:Hc27:7,F
;:G0;XTR;:Hc27:8,F
;:U;XTR;:Hc27:7,E
;FAC;:Hc27:4,F
;:U;XTR;:Hc27:7,V
;SKT;:Hc27,E
;SKT;:Hc27,V
;SKT;:H,E;:Hc27:5,E
;SKT;:H,V;:Hc27:5,V

MapCount 1

ElementMap 1 5 3

Edge

ChildCount 0

NameCount 37
0
$#4.4 0
$#5.4 0
;g1.c 0
$#20.7 0
$#6.4 0
;g2.c 0
$#21.7 0
$#7.4 0
;g3.c 0
$#22.7 0
$#8.4 0
;g4.c 0
$#23.7 0
$#9.4 0
;g5.c 0
$#24.7 0
;g6.c 0
$#25.7 0
$#b.4 0
$#c.4 0
;g8.a 0
$#26.7 0
$#d.4 0
;g9.a 0
$#27.7 0
$#e.4 0
;g10.a 0
$#28.7 0
$#f.4 0
;g11.a 0
$#29.7 0
$#10.4 0
;g12.a 0
$#2a.7 0
;g13.a 0
$#2b.7 0

Face

ChildCount 0

NameCount 15
0
$#2.5 0
$#11.5 0
$#12.5 0
$#13.5 0
$#14.5 0
$#15.5 0
$#17.5 0
$#18.5 0
$#19.5 0
$#1a.5 0
$#1b.5 0
$#1c.5 0
$#2.8 0
$#1e.6 0

Vertex

ChildCount 0

NameCount 25
0
;g1v1.d ;g6v2.d 0
$#2d.9 0
;g1v2.d ;g2v1.d 0
$#2e.9 0
;g2v2.d ;g3v1.d 0
$#2f.9 0
;g3v2.d ;g4v1.d 0
$#30.9 0
;g4v2.d ;g5v1.d 0
$#31.9 0
;g5v2.d ;g6v1.d 0
$#32.9 0
;g8v1.b 0
$#33.9 0
;g8v2.b 0
$#34.9 0
;g9v2.b 0
$#35.9 0
;g10v2.b 0
$#36.9 0
;g11v2.b 0
$#37.9 0
;g12v2.b 0
$#38.9 0

EndMap
]]>
      </ElementMap2>
    </Property>
    <Property name="Suppress" type="App::PropertyBool">
      <Bool value="false"/>
    </Property>
    <Property name="SuppressedShape" type="Part::PropertyPartShape">
      <Part ElementMap="0.15.70200.4" brep="1">
<![CDATA[

CASCADE Topology V1, (c) Matra-Datavision
Locations 0
Curve2ds 0
Curves 0
Polygon3D 0
PolygonOnTriangulations 0
Surfaces 0
Triangulations 0

TShapes 0

*]]>
      </Part>
      <ElementMap/>
    </Property>
    <Property name="TaperAngle" type="App::PropertyAngle">
      <Float value="0"/>
    </Property>
    <Property name="TaperAngleRev" type="App::PropertyAngle">
      <Float value="0"/>
    </Property>
    <Property name="TaperInnerAngle" type="App::PropertyAngle">
      <Float value="0"/>
    </Property>
    <Property name="TaperInnerAngleRev" type="App::PropertyAngle">
      <Float value="0"/>
    </Property>
    <Property name="TreeRank" type="App::PropertyInteger" status="2184">
      <Integer value="19"/>
    </Property>
    <Property name="Type" type="App::PropertyEnumeration">
      <Integer value="0"/>
    </Property>
    <Property name="UpToFace" type="App::PropertyLinkSub">
      <LinkSub value="" count="0">
      </LinkSub>
    </Property>
    <Property name="UseCustomVector" type="App::PropertyBool">
      <Bool value="false"/>
    </Property>
    <Property name="UsePipeForDraft" type="App::PropertyBool">
      <Bool value="false"/>
    </Property>
    <Property name="ValidateShape" type="App::PropertyBool">
      <Bool value="false"/>
    </Property>
    <Property name="Visibility" type="App::PropertyBool" status="649">
      <Bool value="false"/>
    </Property>
    <Property name="_ProfileBasedVersion" type="App::PropertyInteger" status="67108864">
      <Integer value="1"/>
    </Property>
    <Property name="_Siblings" type="App::PropertyLinkList" status="218103808">
      <LinkList count="0">
      </LinkList>
    </Property>
  </Properties>
</Object>
</Document>
