<?xml version='1.0' encoding='utf-8'?>
<!-- FreeCAD DocumentObject -->
<Document SchemaVersion="4" FileVersion="2">
<Object name="Pad002">
  <Properties Count="46" TransientCount="2">
    <_Property name="_Body" type="App::PropertyLinkHidden" status="251658240"/>
    <_Property name="_ElementMapVersion" type="App::PropertyString" status="234881024"/>
    <Property name="AddSubShape" type="Part::PropertyPartShape">
      <Part HasherIndex="0" ElementMap="1.15.70200.4" brep="1">
<![CDATA[

CASCADE Topology V1, (c) Matra-Datavision
Locations 5
1
              1               0               0               0 
              0               1               0               0 
              0               0               1               0 
1
2.22044604925031e-16 -2.22044604925031e-16               1            -1.5 
              1 2.22044604925031e-16 -2.22044604925031e-16 3.33066907387547e-16 
-2.22044604925031e-16               1 2.22044604925031e-16 -3.33066907387547e-16 
2  1 1 2 1 0
1
              1               0               0            -0.5 
              0               1               0 1.11022302462516e-16 
              0               0               1 -1.38777878078145e-16 
2  1 1 2 1 4 1 0
Curve2ds 0
Curves 24
1 -1.500000000000006 -10.499999999999996 18.186533479473216 -1 2.2204460492503131e-16 -2.7755575615628914e-16 
1 -1.5000000000000042 -21 5.0832898811851474e-15 -1 2.2204460492503131e-16 -2.7755575615628914e-16 
1 -10.5 18.186533479473212 0 -0.5 -0.86602540378443871 0 
1 -1.4999999999999978 -10.500000000000004 -18.186533479473209 -1 2.2204460492503131e-16 -2.7755575615628914e-16 
1 -21 1.5068401686806536e-15 0 0.5 -0.86602540378443871 0 
1 -1.4999999999999931 10.499999999999996 -18.186533479473216 -1 2.2204460492503131e-16 -2.7755575615628914e-16 
1 -10.5 -18.186533479473212 0 1 0 0 
1 -1.4999999999999949 21 -4.9960036108132044e-15 -1 2.2204460492503131e-16 -2.7755575615628914e-16 
1 10.5 -18.186533479473212 0 0.5 0.86602540378443871 0 
1 -1.5000000000000013 10.500000000000004 18.186533479473209 -1 2.2204460492503131e-16 -2.7755575615628914e-16 
1 21 1.184224192002415e-25 0 -0.5 0.86602540378443871 0 
1 10.5 18.186533479473212 0 -1 0 0 
1 -1.5000000000000011 -2.5000000000004334 4.3301270189219432 -1 2.2204460492503131e-16 -2.7755575615628914e-16 
1 -1.5000000000000007 -5 -1.5046326978612346e-12 -1 2.2204460492503131e-16 -2.7755575615628914e-16 
1 -2.5000000000004348 4.3301270189219423 0 -0.49999999999982619 -0.86602540378453907 0 
1 -1.4999999999999991 -2.5000000000006222 -4.330127018921833 -1 2.2204460492503131e-16 -2.7755575615628914e-16 
1 -5 -1.5053572865711351e-12 0 0.50000000000006817 -0.86602540378439918 0 
1 -1.499999999999998 2.5000000000002465 -4.3301270189220515 -1 2.2204460492503131e-16 -2.7755575615628914e-16 
1 -2.5000000000006217 -4.3301270189218339 0 1 -4.334310688135858e-14 0 
1 -1.4999999999999984 5 1.2880244906911501e-12 -1 2.2204460492503131e-16 -2.7755575615628914e-16 
1 2.5000000000002474 -4.3301270189220507 0 0.49999999999986355 0.86602540378451742 0 
1 -1.5 2.5000000000004365 4.3301270189219414 -1 2.2204460492503131e-16 -2.7755575615628914e-16 
1 5 1.2893004958380099e-12 0 -0.50000000000006817 0.86602540378439929 0 
1 2.5000000000004348 4.3301270189219423 0 -1 0 0 
Polygon3D 0
PolygonOnTriangulations 0
Surfaces 13
1 -1.500000000000006 -10.499999999999996 18.186533479473216 -3.31074146716501e-16 -0.8660254037844386 0.50000000000000022 8.1273966175840752e-17 -0.50000000000000022 -0.8660254037844386 1 -2.4608163850482587e-16 2.3592239273284586e-16 
1 -1.5000000000000042 -21 5.8367099647187641e-15 -5.3518390560211913e-17 -0.86602540378443882 -0.49999999999999983 3.0331857110087204e-16 0.49999999999999983 -0.86602540378443882 1 -1.9800757134523674e-16 2.3592239273284572e-16 
1 -1.4999999999999978 -10.500000000000004 -18.186533479473209 2.7755575615628909e-16 -2.2204460492503136e-16 -1 2.2204460492503131e-16 1 -2.2204460492503131e-16 1 -2.2204460492503126e-16 2.7755575615628914e-16 
1 -1.4999999999999931 10.499999999999996 -18.186533479473216 3.31074146716501e-16 0.8660254037844386 -0.50000000000000022 -8.1273966175840752e-17 0.50000000000000022 0.8660254037844386 1 -2.4608163850482587e-16 2.3592239273284586e-16 
1 -1.4999999999999949 21 -4.9960036106947822e-15 5.3518390560211913e-17 0.86602540378443882 0.49999999999999983 -3.0331857110087204e-16 -0.49999999999999983 0.86602540378443882 1 -1.9800757134523674e-16 2.3592239273284572e-16 
1 -1.5000000000000013 10.500000000000004 18.186533479473209 -2.7755575615628909e-16 2.2204460492503136e-16 1 -2.2204460492503131e-16 -1 2.2204460492503131e-16 1 -2.2204460492503126e-16 2.7755575615628914e-16 
1 -1.5000000000000011 -2.5000000000004334 4.3301270189219432 -3.3107414671647506e-16 -0.86602540378453896 0.49999999999982636 8.1273966175901618e-17 -0.49999999999982636 -0.86602540378453896 1 -2.460816385048203e-16 2.359223927328362e-16 
1 -1.5000000000000007 -5 -1.5045801304538975e-12 -5.3518390560184229e-17 -0.86602540378439941 -0.50000000000006806 3.0331857110087849e-16 0.50000000000006806 -0.86602540378439941 1 -1.9800757134523462e-16 2.3592239273284956e-16 
1 -1.4999999999999991 -2.5000000000006222 -4.330127018921833 2.7755575615627947e-16 -4.3565151486283611e-14 -1 2.2204460492504092e-16 1 -4.3565151486283611e-14 1 -2.2204460492502884e-16 2.7755575615628914e-16 
1 -1.499999999999998 2.5000000000002469 -4.3301270189220515 3.3107414671648059e-16 0.86602540378451731 -0.49999999999986372 -8.1273966175888552e-17 0.49999999999986372 0.86602540378451731 1 -2.4608163850482144e-16 2.3592239273283827e-16 
1 -1.4999999999999984 5 1.2878572059059972e-12 5.3518390560184253e-17 0.86602540378439941 0.50000000000006795 -3.0331857110087845e-16 -0.50000000000006795 0.86602540378439941 1 -1.980075713452346e-16 2.3592239273284956e-16 
1 -1.5 2.5000000000004361 4.3301270189219414 -2.7755575615628909e-16 2.2204460492503136e-16 1 -2.2204460492503131e-16 -1 2.2204460492503131e-16 1 -2.2204460492503126e-16 2.7755575615628914e-16 
1 -1.5000000000000002 -2.1407377295336359e-15 -1.3664283380001931e-15 1 -2.2204460492503165e-16 2.2593684749028306e-16 -2.2593684749028306e-16 0 1 -2.2204460492503165e-16 -1 -5.0168058038987031e-32 
Triangulations 0

TShapes 65
Ve
1e-07
-10.5 18.1865334794732 0
0 0

0101101
*
Ed
 1e-07 1 1 0
1  1 0 0 0.5
0

0101000
+65 3 -65 5 *
Ve
1.0000000075342e-07
-21 7.53420085147037e-16 0
0 0

0101101
*
Ed
 1.0000000075342e-07 1 1 0
1  2 0 0 0.5
0

0101000
+63 3 -63 5 *
Ed
 1e-07 1 1 0
1  3 0 0 21
0

0101000
+65 0 -63 0 *
Wi

0101100
+64 0 -62 0 -61 3 +61 5 *
Fa
0  1e-07 1 0

0111000
+60 0 *
Ve
1e-07
-10.5 -18.1865334794732 0
0 0

0101101
*
Ed
 1e-07 1 1 0
1  4 0 0 0.5
0

0101000
+58 3 -58 5 *
Ed
 1e-07 1 1 0
1  5 0 0 21
0

0101000
+63 0 -58 0 *
Wi

0101100
+62 0 -57 0 -56 3 +56 5 *
Fa
0  1e-07 2 0

0111000
+55 0 *
Ve
1e-07
10.5 -18.1865334794732 0
0 0

0101101
*
Ed
 1e-07 1 1 0
1  6 0 0 0.5
0

0101000
+53 3 -53 5 *
Ed
 1e-07 1 1 0
1  7 0 0 21
0

0101000
+58 0 -53 0 *
Wi

0101100
+57 0 -52 0 -51 3 +51 5 *
Fa
0  1e-07 3 0

0111000
+50 0 *
Ve
1e-07
21 0 0
0 0

0101101
*
Ed
 1e-07 1 1 0
1  8 0 0 0.5
0

0101000
+48 3 -48 5 *
Ed
 1e-07 1 1 0
1  9 0 0 21
0

0101000
+53 0 -48 0 *
Wi

0101100
+52 0 -47 0 -46 3 +46 5 *
Fa
0  1e-07 4 0

0111000
+45 0 *
Ve
1e-07
10.5 18.1865334794732 0
0 0

0101101
*
Ed
 1e-07 1 1 0
1  10 0 0 0.5
0

0101000
+43 3 -43 5 *
Ed
 1e-07 1 1 0
1  11 0 0 21
0

0101000
+48 0 -43 0 *
Wi

0101100
+47 0 -42 0 -41 3 +41 5 *
Fa
0  1e-07 5 0

0111000
+40 0 *
Ed
 1e-07 1 1 0
1  12 0 0 21
0

0101000
+43 0 -65 0 *
Wi

0101100
+42 0 -64 0 -38 3 +38 5 *
Fa
0  1e-07 6 0

0111000
+37 0 *
Ve
1e-07
-2.50000000000043 4.33012701892194 0
0 0

0101101
*
Ed
 1e-07 1 1 0
1  13 0 0 0.5
0

0101000
+35 3 -35 5 *
Ve
1.00000000052567e-07
-5 -1.50540985397847e-12 0
0 0

0101101
*
Ed
 1.00000000052567e-07 1 1 0
1  14 0 0 0.5
0

0101000
+33 3 -33 5 *
Ed
 1e-07 1 1 0
1  15 0 0 5.00000000000087
0

0101000
+35 0 -33 0 *
Wi

0101100
+34 0 -32 0 -31 3 +31 5 *
Fa
0  1e-07 7 0

0101000
+30 0 *
Ve
1.00000000222045e-07
-2.50000000000062 -4.33012701892183 0
0 0

0101101
*
Ed
 1.00000000222045e-07 1 1 0
1  16 0 0 0.5
0

0101000
+28 3 -28 5 *
Ed
 1e-07 1 1 0
1  17 0 0 4.99999999999807
0

0101000
+33 0 -28 0 *
Wi

0101100
+32 0 -27 0 -26 3 +26 5 *
Fa
0  1e-07 8 0

0101000
+25 0 *
Ve
1.00000000222045e-07
2.50000000000025 -4.33012701892205 0
0 0

0101101
*
Ed
 1.00000000222045e-07 1 1 0
1  18 0 0 0.5
0

0101000
+23 3 -23 5 *
Ed
 1e-07 1 1 0
1  19 0 0 5.00000000000087
0

0101000
+28 0 -23 0 *
Wi

0101100
+27 0 -22 0 -21 3 +21 5 *
Fa
0  1e-07 9 0

0101000
+20 0 *
Ve
1.00000000167285e-07
5 1.28946778062316e-12 0
0 0

0101101
*
Ed
 1.00000000167285e-07 1 1 0
1  20 0 0 0.5
0

0101000
+18 3 -18 5 *
Ed
 1e-07 1 1 0
1  21 0 0 5.00000000000087
0

0101000
+23 0 -18 0 *
Wi

0101100
+22 0 -17 0 -16 3 +16 5 *
Fa
0  1e-07 10 0

0101000
+15 0 *
Ve
1.00000000222045e-07
2.50000000000044 4.33012701892194 0
0 0

0101101
*
Ed
 1.00000000222045e-07 1 1 0
1  22 0 0 0.5
0

0101000
+13 3 -13 5 *
Ed
 1e-07 1 1 0
1  23 0 0 4.99999999999845
0

0101000
+18 0 -13 0 *
Wi

0101100
+17 0 -12 0 -11 3 +11 5 *
Fa
0  1e-07 11 0

0101000
+10 0 *
Ed
 1e-07 1 1 0
1  24 0 0 5.00000000000087
0

0101000
+13 0 -35 0 *
Wi

0101100
+12 0 -34 0 -8 3 +8 5 *
Fa
0  1e-07 12 0

0101000
+7 0 *
Wi

0101100
+61 0 +56 0 +51 0 +46 0 +41 0 +38 0 *
Wi

0101100
+31 0 +26 0 +21 0 +16 0 +11 0 +8 0 *
Fa
0  1e-07 13 0

0101000
+5 3 -4 3 *
Sh

0101100
+59 0 +54 0 +49 0 +44 0 +39 0 +36 0 -29 0 -24 0 -19 0 -14 0 
-9 0 -6 0 +3 0 -3 4 *
So

1100000
+2 0 *

+1 0 ]]>
      </Part>
      <ElementMap new="1" count="1"><Element key="Dummy" value="Dummy"/></ElementMap>
      <ElementMap2 count="80">
<![CDATA[
14 PostfixCount 13
Edge
Face
Vertex
;:G;XTR;:Hc2e:7,F
;FAC;:Hc2e:4,F
;:G;XTR;:Hc2e:7,E
;:G0;XTR;:Hc2e:8,F
;:U;XTR;:Hc2e:7,E
;:U;XTR;:Hc2e:7,V
;SKT;:Hc2e,E
;SKT;:Hc2e,V
;SKT;:H,E;:Hc2e:5,E
;SKT;:H,V;:Hc2e:5,V

MapCount 1

ElementMap 1 14 3

Edge

ChildCount 0

NameCount 37
0
$#160.6 0
$#161.6 0
;g1.c 0
$#17c.8 0
$#162.6 0
;g2.c 0
$#17d.8 0
$#163.6 0
;g3.c 0
$#17e.8 0
$#164.6 0
;g4.c 0
$#17f.8 0
$#165.6 0
;g5.c 0
$#180.8 0
;g6.c 0
$#181.8 0
$#167.6 0
$#168.6 0
;g8.a 0
$#182.8 0
$#169.6 0
;g9.a 0
$#183.8 0
$#16a.6 0
;g10.a 0
$#184.8 0
$#16b.6 0
;g11.a 0
$#185.8 0
$#16c.6 0
;g12.a 0
$#186.8 0
;g13.a 0
$#187.8 0

Face

ChildCount 0

NameCount 15
0
$#15e.4 0
$#16d.4 0
$#16e.4 0
$#16f.4 0
$#170.4 0
$#171.4 0
$#173.4 0
$#174.4 0
$#175.4 0
$#176.4 0
$#177.4 0
$#178.4 0
$#15e.5 0
$#17a.7 0

Vertex

ChildCount 0

NameCount 25
0
;g1v1.d ;g6v2.d 0
$#189.9 0
;g1v2.d ;g2v1.d 0
$#18a.9 0
;g2v2.d ;g3v1.d 0
$#18b.9 0
;g3v2.d ;g4v1.d 0
$#18c.9 0
;g4v2.d ;g5v1.d 0
$#18d.9 0
;g5v2.d ;g6v1.d 0
$#18e.9 0
;g8v1.b 0
$#18f.9 0
;g8v2.b 0
$#190.9 0
;g9v2.b 0
$#191.9 0
;g10v2.b 0
$#192.9 0
;g11v2.b 0
$#193.9 0
;g12v2.b 0
$#194.9 0

EndMap
]]>
      </ElementMap2>
    </Property>
    <Property name="AddSubType" type="App::PropertyEnumeration">
      <Integer value="0"/>
    </Property>
    <Property name="AllowMultiFace" type="App::PropertyBool">
      <Bool value="true"/>
    </Property>
    <Property name="AlongSketchNormal" type="App::PropertyBool" status="4">
      <Bool value="false"/>
    </Property>
    <Property name="AutoTaperInnerAngle" type="App::PropertyBool">
      <Bool value="true"/>
    </Property>
    <Property name="BaseFeature" type="App::PropertyLink" status="8">
      <Link value="Pocket"/>
    </Property>
    <Property name="CheckUpToFaceLimits" type="App::PropertyBool">
      <Bool value="true"/>
    </Property>
    <Property name="ClaimChildren" type="App::PropertyBool" status="134217728">
      <Bool value="false"/>
    </Property>
    <Property name="ColoredElements" type="App::PropertyLinkSubHidden" status="218103808">
      <LinkSub value="" count="0">
      </LinkSub>
    </Property>
    <Property name="Direction" type="App::PropertyVector" status="4">
      <PropertyVector valueX="1" valueY="-2.220446049250313e-16" valueZ="2.775557561562891e-16"/>
    </Property>
    <Property name="ExpressionEngine" type="App::PropertyExpressionEngine" status="67108864">
      <ExpressionEngine count="0"></ExpressionEngine>
    </Property>
    <Property name="Fit" type="App::PropertyDistance">
      <Float value="0"/>
    </Property>
    <Property name="FitJoin" type="App::PropertyEnumeration">
      <Integer value="0"/>
    </Property>
    <Property name="FixShape" type="App::PropertyEnumeration">
      <Integer value="1"/>
    </Property>
    <Property name="InnerFit" type="App::PropertyDistance">
      <Float value="0"/>
    </Property>
    <Property name="InnerFitJoin" type="App::PropertyEnumeration">
      <Integer value="0"/>
    </Property>
    <Property name="InvalidShape" type="App::PropertyBool" status="67108864">
      <Bool value="false"/>
    </Property>
    <Property name="Label" type="App::PropertyString" status="134217728">
      <String value="Pad002"/>
    </Property>
    <Property name="Label2" type="App::PropertyString" status="128">
      <String value=""/>
    </Property>
    <Property name="Length" type="App::PropertyLength">
      <Float value="0.5"/>
    </Property>
    <Property name="Length2" type="App::PropertyLength">
      <Float value="100"/>
    </Property>
    <Property name="Linearize" type="App::PropertyBool">
      <Bool value="true"/>
    </Property>
    <Property name="Midplane" type="App::PropertyBool" status="4">
      <Bool value="false"/>
    </Property>
    <Property name="NewSolid" type="App::PropertyBool">
      <Bool value="false"/>
    </Property>
    <Property name="Offset" type="App::PropertyLength">
      <Float value="0"/>
    </Property>
    <Property name="Placement" type="App::PropertyPlacement" status="8388620">
      <PropertyPlacement Px="0" Py="0" Pz="0" Q0="0" Q1="0" Q2="0" Q3="1" A="0" Ox="0" Oy="0" Oz="1"/>
    </Property>
    <Property name="Profile" type="App::PropertyLinkSub">
      <LinkSub value="Sketch003" count="1">
        <Sub value=""/>
      </LinkSub>
    </Property>
    <Property name="ReferenceAxis" type="App::PropertyLinkSub">
      <LinkSub value="" count="0">
      </LinkSub>
    </Property>
    <Property name="Refine" type="App::PropertyBool">
      <Bool value="true"/>
    </Property>
    <Property name="Reversed" type="App::PropertyBool">
      <Bool value="true"/>
    </Property>
    <Property name="Shape" type="Part::PropertyPartShape">
      <Part HasherIndex="0" ElementMap="1.15.70200.4" brep="1">
<![CDATA[

CASCADE Topology V1, (c) Matra-Datavision
Locations 18
1
              1               0               0               0 
              0               1               0               0 
              0               0               1               0 
1
2.22044604925031e-16 -2.22044604925031e-16               1               0 
              1 2.22044604925031e-16 -2.22044604925031e-16               0 
-2.22044604925031e-16               1 2.22044604925031e-16               0 
2  1 1 2 1 0
2  2 -1 1 -1 0
1
              1               0               0               0 
              0               1               0               0 
              0               0               1               0 
1
2.22044604925031e-16 -2.22044604925031e-16               1               0 
              1 2.22044604925031e-16 -2.22044604925031e-16               0 
-2.22044604925031e-16               1 2.22044604925031e-16               0 
2  5 1 6 1 0
2  6 -1 5 -1 0
1
              1               0               0               0 
              0               1               0               0 
              0               0               1               0 
1
2.22044604925031e-16 -2.22044604925031e-16               1            -1.5 
              1 2.22044604925031e-16 -2.22044604925031e-16 3.33066907387547e-16 
-2.22044604925031e-16               1 2.22044604925031e-16 -3.33066907387547e-16 
2  9 1 10 1 0
1
              1               0               0               8 
              0               1               0 -1.77635683940025e-15 
              0               0               1 2.22044604925031e-15 
2  5 1 6 1 12 1 0
1
              1               0               0            -0.5 
              0               1               0 1.11022302462516e-16 
              0               0               1 -1.38777878078145e-16 
2  9 1 10 1 14 1 0
1
              1               0               0              -2 
              0               1               0 4.44089209850063e-16 
              0               0               1 -5.55111512312578e-16 
2  1 1 2 1 16 1 0
2  16 -1 2 -1 1 -1 0
Curve2ds 32
8 -14.999999999999998 5.0000000000000018
1 5.0000000000000018 -1.5000000000000004 -1 3.8210450096642759e-31 
8 -14.999999999999998 5.0000000000000018
1 17.320508075688771 -5.0000000000000053 -2.2204460492503136e-16 -1 
8 -15.000000000000002 4.9999999999999982
1 4.9999999999999982 -1.5000000000000002 -1 -3.3707809391988375e-18 
8 -15.000000000000002 4.9999999999999982
1 12.990381056766585 12.499999999999993 0.86602540378443837 -0.50000000000000044 
8 -15 5.0000000000000009
1 5.0000000000000009 -1.5000000000000002 -1 -3.3707809391992073e-18 
8 -15 5.0000000000000009
1 -4.3301270189221857 17.499999999999996 0.86602540378443882 0.49999999999999972 
8 -15 5
1 5 -1.5 -1 -3.8210450096642759e-31 
8 -15 5
1 -17.320508075688771 5.0000000000000036 2.2204460492503136e-16 1 
8 -15.000000000000004 4.9999999999999973
1 4.9999999999999973 -1.5000000000000002 -1 3.3707809391988375e-18 
8 -15.000000000000004 4.9999999999999973
1 -12.990381056766582 -12.499999999999995 -0.86602540378443837 0.50000000000000044 
8 -15 5
1 5 -1.5000000000000002 -1 3.3707809391992073e-18 
8 -15 5
1 4.3301270189221892 -17.500000000000007 -0.86602540378443882 -0.49999999999999972 
8 -6.1999999999999966 1.7263968032921169e-15
1 6.8999999999999932 -1.7263968032921169e-15 2.2204460492503126e-16 1 
8 -6.1999999999999966 1.7263968032921169e-15
1 3.9690473130349331e-15 -15.000000000000002 -1 -2.7755575615628909e-16 
8 -6.4499999999999975 -3.449999999999994
1 3.449999999999998 -6.1999999999999975 -1 2.2204460492503131e-16 
8 -6.4499999999999975 -3.449999999999994
1 -3.449999999999994 -15.000000000000002 -1 -2.2204460492503136e-16 
8 1.7336203039187797e-15 6.200000000000002
1 22.099999999999998 1.7336203039187802e-15 2.2204460492503126e-16 -1 
8 1.7336203039187797e-15 6.200000000000002
1 -1.413932480559528e-15 -6.3397459621556145 1 2.7755575615628909e-16 
8 -3.1000000000000014 3.0999999999999988
1 1.8999999999999992 -3.1000000000000028 -2.2204460492503126e-16 1 
8 -3.1000000000000014 3.0999999999999988
1 3.1000000000000014 -6.3397459621556109 1 -2.7755575615628909e-16 
8 -11.050000000000001 9.1499999999999986
1 11.049999999999999 -6.200000000000002 -1 -2.2204460492503131e-16 
8 -11.050000000000001 9.1499999999999986
1 11.050000000000001 -6.3397459621556109 1 2.2204460492503136e-16 
8 -3.1000000000000014 3.0999999999999988
1 2.9999999999999964 -3.1000000000000036 -2.2204460492503126e-16 -1 
8 -3.1000000000000014 3.0999999999999988
1 3.0999999999999988 -14.999999999999996 -1 2.7755575615628909e-16 
8 -11.599999999999996 -8.6000000000000014
1 -8.6000000000000014 -6.2000000000000002 -1 2.2204460492503131e-16 
8 -11.599999999999996 -8.6000000000000014
1 8.6000000000000032 -14.999999999999998 -1 -2.2204460492503136e-16 
8 3.6951905283832858 10.795190528383289
1 10.795190528383289 -6.2000000000000037 -1 8.1273966175840888e-17 
8 3.6951905283832858 10.795190528383289
1 11.802404735808363 -5.651090763726911 0.49999999999999983 -0.86602540378443882 
8 -0.27500000000000124 6.8250000000000011
1 6.8250000000000011 -6.2000000000000002 -1 -2.2204460492503131e-16 
8 -0.27500000000000124 6.8250000000000011
1 6.825000000000002 -8.85121963313048 1 2.2204460492503136e-16 
8 -9.2951905283832925 -2.1951905283832889
1 -2.1951905283832898 -6.2000000000000028 -1 -3.0331857110087204e-16 
8 -9.2951905283832925 -2.1951905283832889
1 7.6475952641916454 -6.9501288694035672 0.4999999999999995 0.86602540378443904 
Curves 72
1 10.000000000000002 17.320508075688771 0 -1 0 0 
1 -6.0663714220174405e-15 -9.9999999999999947 17.320508075688775 -1 2.2204460492503131e-16 -2.7755575615628914e-16 
1 -1.5000000000000031 5.0000000000000036 17.320508075688771 2.220446049250317e-16 1 -2.2204460492503128e-16 
1 -1.625479323516814e-15 10.000000000000005 17.320508075688767 -1 2.2204460492503131e-16 -2.7755575615628914e-16 
1 -9.9999999999999982 17.320508075688771 0 -0.50000000000000022 -0.86602540378443849 0 
1 -20 2.4434813448203517e-15 0 0.49999999999999989 -0.86602540378443871 0 
1 -10.000000000000002 -17.320508075688771 0 1 0 0 
1 9.9999999999999982 -17.320508075688771 0 0.50000000000000022 0.86602540378443849 0 
1 20 -2.930445574509533e-15 0 -0.49999999999999989 0.86602540378443871 0 
1 2.5000000000000351 4.3301270189223189 0 -1 0 0 
1 5 5.9741039547837975e-15 0 -0.49999999999998435 0.86602540378444759 0 
1 2.5000000000000346 -4.3301270189223064 0 0.49999999999998446 0.86602540378444759 0 
1 -2.5000000000000351 -4.3301270189223064 0 1 0 0 
1 -5 6.2110949788412781e-15 0 0.49999999999998435 -0.86602540378444759 0 
1 -2.5000000000000342 4.3301270189223189 0 -0.49999999999998457 -0.86602540378444759 0 
1 16.999999999999993 0 0 -1 0 0 
1 0 10.1 15 -0 -0 -1 
1 -12 8.6602540378443855 0 1 0 0 
1 12 8.6602540378443855 0 0.49999999999999944 -0.86602540378443882 0 
1 0 -10.1 15 -0 -0 -1 
1 -7.1000000000000023 -2.4857469346700735e-27 0 -1 0 0 
1 -16.999999999999993 -2.4857469346700735e-27 0 0.49999999999999944 0.86602540378443882 0 
1 -4.440892098500627e-15 -20 7.4389896134129798e-15 -1 2.2204460492503131e-16 -2.7755575615628914e-16 
1 -1.5000000000000058 -12.499999999999995 12.990381056766584 -8.464474711503954e-17 0.50000000000000044 0.86602540378443837 
1 -10.5 18.186533479473212 0 -0.5 -0.86602540378443871 0 
1 10.5 18.186533479473212 0 -1 0 0 
1 -21 1.5068401686806536e-15 0 0.5 -0.86602540378443871 0 
1 21 1.184224192002415e-25 0 -0.5 0.86602540378443871 0 
1 -10.5 -18.186533479473212 0 1 0 0 
1 10.5 -18.186533479473212 0 0.5 0.86602540378443871 0 
1 -1.5000000000000031 -17.5 -4.3301270189221874 -3.0668935204007129e-16 -0.49999999999999972 0.86602540378443882 
1 -1.4999999999999973 -5.0000000000000053 -17.320508075688771 -2.220446049250317e-16 -1 2.2204460492503128e-16 
1 -1.4999999999999947 12.499999999999993 -12.990381056766584 8.464474711503954e-17 -0.50000000000000044 -0.86602540378443837 
1 -1.4999999999999973 17.500000000000004 4.3301270189221874 3.0668935204007129e-16 0.49999999999999972 -0.86602540378443882 
1 4.440892098500627e-15 20 -7.68247172101974e-15 -1 2.2204460492503131e-16 -2.7755575615628914e-16 
1 1.625479323516814e-15 -10.000000000000005 -17.320508075688767 -1 2.2204460492503131e-16 -2.7755575615628914e-16 
1 6.0663714220174405e-15 9.9999999999999947 -17.320508075688775 -1 2.2204460492503131e-16 -2.7755575615628914e-16 
1 3.9690473130349331e-15 10.1 -2.0095036745715331e-15 -1 -0 -2.7755575615628909e-16 
1 6.2000000000000002 13.549999999999994 -1.0269562977782696e-15 0 1 -2.2204460492503136e-16 
1 1.5765166949677218e-15 7.0999999999999979 -1.5765166949677218e-15 1 -2.2204460492503131e-16 2.7755575615628914e-16 
1 3.7747582837255307e-15 16.999999999999993 -3.7747582837255307e-15 1 -2.2204460492503131e-16 2.7755575615628914e-16 
1 -1.413932480559528e-15 10.1 8.6602540378443855 1 0 2.7755575615628909e-16 
1 6.2000000000000002 10.1 15 -0 -0 -1 
1 3.0999999999999988 -10.1 8.6602540378443891 -1 0 -2.7755575615628909e-16 
1 6.2000000000000002 -0.95000000000000018 8.6602540378443891 0 -1 2.2204460492503136e-16 
1 7.4157257271681198e-16 12.000000000000002 8.660254037844382 1 -2.2204460492503131e-16 2.7755575615628914e-16 
1 -4.5874979454839394e-15 -11.999999999999998 8.6602540378443891 1 -2.2204460492503131e-16 2.7755575615628914e-16 
1 3.1000000000000014 -10.1 2.8976820942704155e-15 1 0 2.7755575615628909e-16 
1 6.2000000000000002 -10.1 15 -0 -0 -1 
1 6.2000000000000002 1.4999999999999969 1.648681191567115e-15 0 1 -2.2204460492503136e-16 
1 -3.7747582837255307e-15 -16.999999999999993 3.774758283723045e-15 1 -2.2204460492503131e-16 2.7755575615628914e-16 
1 -1.5765166949677228e-15 -7.1000000000000023 1.5765166949652371e-15 1 -2.2204460492503131e-16 2.7755575615628914e-16 
1 -1.500000000000006 -10.499999999999996 18.186533479473216 -1 2.2204460492503131e-16 -2.7755575615628914e-16 
1 -1.5000000000000042 -21 5.0832898811851474e-15 -1 2.2204460492503131e-16 -2.7755575615628914e-16 
1 -1.5000000000000013 10.500000000000004 18.186533479473209 -1 2.2204460492503131e-16 -2.7755575615628914e-16 
1 -1.4999999999999978 -10.500000000000004 -18.186533479473209 -1 2.2204460492503131e-16 -2.7755575615628914e-16 
1 -1.4999999999999949 21 -4.9960036108132044e-15 -1 2.2204460492503131e-16 -2.7755575615628914e-16 
1 -1.4999999999999931 10.499999999999996 -18.186533479473216 -1 2.2204460492503131e-16 -2.7755575615628914e-16 
1 6.2000000000000011 -1.7024047358083623 9.348909236273089 -0 -0.49999999999999983 -0.86602540378443882 
1 6.2000000000000002 3.2749999999999977 6.14878036686952 0 -1 2.2204460492503136e-16 
1 6.2000000000000011 2.4524047358083547 8.0498711305964328 0 -0.4999999999999995 0.86602540378443904 
1 3.5499999999999989 6.1487803668695182 0 0.49999999999999961 -0.86602540378443882 0 
1 -5.7704515984847033e-16 3.5500000000000003 6.1487803668695173 1 -2.2204460492503131e-16 2.7755575615628914e-16 
1 -3.5500000000000034 6.1487803668695182 0 1 0 0 
1 -7.1000000000000023 -2.4857469346700735e-27 0 0.49999999999999961 0.86602540378443882 0 
1 -2.1535618548161929e-15 -3.550000000000002 6.1487803668695191 1 -2.2204460492503131e-16 2.7755575615628914e-16 
1 -1.5165928555043956e-15 -2.5000000000000333 4.3301270189223198 -1 2.2204460492503131e-16 -2.7755575615628914e-16 
1 -4.063698308792238e-16 2.500000000000036 4.330127018922318 -1 2.2204460492503131e-16 -2.7755575615628914e-16 
1 1.1102230246251552e-15 5 4.985453425025903e-15 -1 2.2204460492503131e-16 -2.7755575615628914e-16 
1 1.5165928555043931e-15 2.5000000000000338 -4.3301270189223073 -1 2.2204460492503131e-16 -2.7755575615628914e-16 
1 4.0636983087922104e-16 -2.500000000000036 -4.3301270189223056 -1 2.2204460492503131e-16 -2.7755575615628914e-16 
1 -1.1102230246251579e-15 -5 7.3243949829962339e-15 -1 2.2204460492503131e-16 -2.7755575615628914e-16 
Polygon3D 0
PolygonOnTriangulations 0
Surfaces 33
1 -1.625479323516814e-15 10.000000000000005 17.320508075688767 -2.7755575615628909e-16 2.2204460492503136e-16 1 -2.2204460492503131e-16 -1 2.2204460492503131e-16 1 -2.2204460492503126e-16 2.7755575615628914e-16 
1 -1.5000000000000002 -2.1407377295336359e-15 -1.3664283380001931e-15 1 -2.2204460492503165e-16 2.2593684749028306e-16 -2.2593684749028306e-16 0 1 -2.2204460492503165e-16 -1 -5.0168058038987031e-32 
1 1.0518145402946824e-31 0 4.7369515717340012e-16 1 -2.2204460492503123e-16 2.2204460492503131e-16 -2.2204460492503131e-16 0 1 -2.2204460492503123e-16 -1 -4.9303806576313221e-32 
1 -6.0663714220174405e-15 -9.9999999999999947 17.320508075688775 -3.31074146716501e-16 -0.86602540378443837 0.50000000000000044 8.1273966175840678e-17 -0.50000000000000044 -0.86602540378443837 1 -2.4608163850482578e-16 2.3592239273284586e-16 
1 -4.440892098500627e-15 -20 6.8843734433209779e-15 -5.3518390560211937e-17 -0.86602540378443882 -0.49999999999999972 3.0331857110087208e-16 0.49999999999999972 -0.86602540378443882 1 -1.9800757134523682e-16 2.3592239273284581e-16 
1 1.625479323516814e-15 -10.000000000000005 -17.320508075688767 2.7755575615628909e-16 -2.2204460492503136e-16 -1 2.2204460492503131e-16 1 -2.2204460492503131e-16 1 -2.2204460492503126e-16 2.7755575615628914e-16 
1 6.0663714220174405e-15 9.9999999999999947 -17.320508075688775 3.31074146716501e-16 0.86602540378443837 -0.50000000000000044 -8.1273966175840678e-17 0.50000000000000044 0.86602540378443837 1 -2.4608163850482578e-16 2.3592239273284586e-16 
1 4.440892098500627e-15 20 -7.3713376730101591e-15 5.3518390560211937e-17 0.86602540378443882 0.49999999999999972 -3.0331857110087208e-16 -0.49999999999999972 0.86602540378443882 1 -1.9800757134523682e-16 2.3592239273284581e-16 
1 3.7747582837255307e-15 16.999999999999993 -3.7747582837255307e-15 2.7755575615628909e-16 -2.2204460492503136e-16 -1 -2.2204460492503131e-16 -1 2.2204460492503131e-16 -1 2.2204460492503126e-16 -2.7755575615628914e-16 
1 0 10.1 15 0 -1 0 1 0 0 -0 0 1 
1 6.2000000000000002 10.1 15 -1 0 0 0 -1 0 0 0 1 
1 -4.5874979454839394e-15 -11.999999999999998 8.6602540378443891 -2.7755575615628909e-16 2.2204460492503136e-16 1 2.2204460492503131e-16 1 -2.2204460492503131e-16 -1 2.2204460492503126e-16 -2.7755575615628914e-16 
1 6.2000000000000002 -10.1 15 0 1 -0 -1 0 0 0 0 1 
1 7.4157257271681198e-16 12.000000000000002 8.660254037844382 5.351839056021211e-17 0.86602540378443904 0.49999999999999933 3.0331857110087204e-16 0.49999999999999933 -0.86602540378443904 -1 1.9800757134523682e-16 -2.3592239273284576e-16 
1 -1.5765166949677228e-15 -7.1000000000000023 1.5765166949652371e-15 2.7755575615628909e-16 -2.2204460492503136e-16 -1 -2.2204460492503131e-16 -1 2.2204460492503131e-16 -1 2.2204460492503126e-16 -2.7755575615628914e-16 
1 -3.7747582837255307e-15 -16.999999999999993 3.774758283723045e-15 -3.310741467165009e-16 -0.86602540378443882 0.49999999999999967 -8.1273966175840925e-17 0.49999999999999967 0.86602540378443882 -1 2.4608163850482578e-16 -2.3592239273284581e-16 
1 -1.500000000000006 -10.499999999999996 18.186533479473216 -3.31074146716501e-16 -0.8660254037844386 0.50000000000000022 8.1273966175840752e-17 -0.50000000000000022 -0.8660254037844386 1 -2.4608163850482587e-16 2.3592239273284586e-16 
1 -1.5000000000000013 10.500000000000004 18.186533479473209 -2.7755575615628909e-16 2.2204460492503136e-16 1 -2.2204460492503131e-16 -1 2.2204460492503131e-16 1 -2.2204460492503126e-16 2.7755575615628914e-16 
1 -1.5000000000000042 -21 5.8367099647187641e-15 -5.3518390560211913e-17 -0.86602540378443882 -0.49999999999999983 3.0331857110087204e-16 0.49999999999999983 -0.86602540378443882 1 -1.9800757134523674e-16 2.3592239273284572e-16 
1 -1.4999999999999949 21 -4.9960036106947822e-15 5.3518390560211913e-17 0.86602540378443882 0.49999999999999983 -3.0331857110087204e-16 -0.49999999999999983 0.86602540378443882 1 -1.9800757134523674e-16 2.3592239273284572e-16 
1 -1.4999999999999978 -10.500000000000004 -18.186533479473209 2.7755575615628909e-16 -2.2204460492503136e-16 -1 2.2204460492503131e-16 1 -2.2204460492503131e-16 1 -2.2204460492503126e-16 2.7755575615628914e-16 
1 -1.4999999999999931 10.499999999999996 -18.186533479473216 3.31074146716501e-16 0.8660254037844386 -0.50000000000000022 -8.1273966175840752e-17 0.50000000000000022 0.8660254037844386 1 -2.4608163850482587e-16 2.3592239273284586e-16 
1 -1.5765166949677228e-15 -7.1000000000000023 1.5765166949652371e-15 -3.3107414671650095e-16 -0.86602540378443882 0.49999999999999983 -8.1273966175840912e-17 0.49999999999999983 0.86602540378443882 -1 2.4608163850482578e-16 -2.3592239273284581e-16 
1 -2.1535618548161929e-15 -3.550000000000002 6.1487803668695191 -2.7755575615628909e-16 2.2204460492503136e-16 1 2.2204460492503131e-16 1 -2.2204460492503131e-16 -1 2.2204460492503126e-16 -2.7755575615628914e-16 
1 -5.7704515984847033e-16 3.5500000000000003 6.1487803668695173 5.3518390560212061e-17 0.86602540378443904 0.4999999999999995 3.0331857110087208e-16 0.4999999999999995 -0.86602540378443904 -1 1.9800757134523679e-16 -2.3592239273284581e-16 
1 -9.9609919084794748e-16 2.5048510073799076e-16 4.4860319447268688 1 -2.2204460492503126e-16 2.2204460492503136e-16 -2.2204460492503136e-16 0 1 -2.2204460492503126e-16 -1 -4.9303806576313238e-32 
1 -1.0000000000000009 1.6336138790912855e-15 4.3301270189223189 3.9079850466805579e-16 -3.5527136788004513e-16 -1 -1 0 -3.9079850466805579e-16 1.3883951931889638e-31 1 -3.5527136788004513e-16 
1 -0.99999999999999967 3.7500000000000182 2.1650635094611608 8.8177091635028122e-17 -0.86602540378444781 -0.49999999999998429 0 0.49999999999998429 -0.86602540378444781 1 7.6363601387763478e-17 4.4088545817512662e-17 
1 -0.99999999999999856 3.7500000000000169 -2.1650635094611519 -2.4026354407545175e-16 -0.86602540378444759 0.49999999999998451 -1.2325951644078309e-32 -0.49999999999998451 -0.86602540378444759 1 -2.0807433277262553e-16 1.2013177203772215e-16 
1 -0.999999999999999 -1.1102230246251455e-15 -4.3301270189223073 -3.907985046680557e-16 3.5527136788004513e-16 1 1 0 3.907985046680557e-16 1.3883951931889634e-31 1 -3.5527136788004513e-16 
1 -1.0000000000000004 -3.7500000000000182 -2.1650635094611497 -9.9624478154238094e-17 0.8660254037844477 0.49999999999998435 6.1629758220391547e-33 -0.49999999999998435 0.8660254037844477 1 8.6277328920338939e-17 4.9812239077117481e-17 
1 -1.0000000000000013 -3.7500000000000164 2.1650635094611634 2.6520447364615887e-16 0.86602540378444748 -0.49999999999998479 0 0.49999999999998479 0.86602540378444748 1 -2.2967381137485661e-16 1.3260223682307539e-16 
1 -1.9999999999999993 -2.2556912246352386e-16 1.578983857244667e-15 -1 2.2380686369427758e-16 -2.2281948588254e-16 -2.2380686369427758e-16 -1 0 -2.2281948588254e-16 4.9868530305342637e-32 1 
Triangulations 0

TShapes 211
Ve
1e-07
10 17.3205080756888 0
0 0

0101101
*
Ve
1e-07
-10 17.3205080756888 0
0 0

0101101
*
Ed
 1e-07 1 1 0
1  1 0 0 20
0

0101000
+211 0 -210 0 *
Ve
1.50000001790181e-07
-1.50000000000001 -9.99999999999999 17.3205080756888
0 0

0101101
*
Ed
 1e-07 1 1 0
1  2 0 0 1.5
0

0101000
+210 3 -208 0 *
Ve
1.50000003972055e-07
-1.5 10 17.3205080756888
0 0

0101101
*
Ed
 1.5e-07 1 1 0
1  3 0 -15 5
2  1 1 0 -15 5
2  2 2 0 -15 5
0

0101000
+208 0 -206 0 *
Ed
 1e-07 1 1 0
1  4 0 0 1.5
0

0101000
+211 3 -206 0 *
Wi

0101100
-209 3 -207 0 -205 0 +204 0 *
Fa
0  1e-07 1 0

0101000
+203 0 *
Ve
1.00000000554616e-07
-20 2.99809751491235e-15 0
0 0

0101101
*
Ed
 1e-07 1 1 0
1  5 0 0 20
0

0101000
+210 0 -201 0 *
Ve
1e-07
-10 -17.3205080756888 0
0 0

0101101
*
Ed
 1e-07 1 1 0
1  6 0 0 20
0

0101000
+201 0 -199 0 *
Ve
1e-07
10 -17.3205080756888 0
0 0

0101101
*
Ed
 1e-07 1 1 0
1  7 0 0 20
0

0101000
+199 0 -197 0 *
Ve
1.00000000311134e-07
20 -3.24157962251911e-15 0
0 0

0101101
*
Ed
 1e-07 1 1 0
1  8 0 0 20
0

0101000
+197 0 -195 0 *
Ed
 1e-07 1 1 0
1  9 0 0 20
0

0101000
+195 0 -211 0 *
Wi

0101100
+209 3 +200 3 +198 3 +196 3 +194 3 +193 3 *
Ve
1.00001283622656e-07
-4.06369830879224e-16 2.50000000000004 4.33012701892232
0 0

0101101
*
Ve
1.00001511593327e-07
-1.5165928555044e-15 -2.50000000000003 4.33012701892232
0 0

0101101
*
Ed
 1.00000549793921e-07 1 1 0
1  10 0 0 5.00000000000007
0

0101000
+191 4 -190 4 *
Ve
1.00001283622656e-07
1.11022302462516e-15 5 4.9854534250259e-15
0 0

0101101
*
Ed
 1.00001283622656e-07 1 1 0
1  11 0 0 5.00000000000009
0

0101000
+188 4 -191 4 *
Ve
1.00001283622656e-07
1.51659285550439e-15 2.50000000000003 -4.33012701892231
0 0

0101101
*
Ed
 1.00001283622656e-07 1 1 0
1  12 0 0 5.00000000000009
0

0101000
+186 4 -188 4 *
Ve
1.00001511593327e-07
4.06369830879221e-16 -2.50000000000004 -4.33012701892231
0 0

0101101
*
Ed
 1.00001283622656e-07 1 1 0
1  13 0 0 5.00000000000007
0

0101000
+184 4 -186 4 *
Ve
1.00001511593327e-07
-1.11022302462516e-15 -5 7.32439498299623e-15
0 0

0101101
*
Ed
 1.00001511593327e-07 1 1 0
1  14 0 0 5.00000000000009
0

0101000
+182 4 -184 4 *
Ed
 1.00001511593327e-07 1 1 0
1  15 0 0 5.00000000000009
0

0101000
+190 4 -182 4 *
Wi

0101100
-189 3 -187 3 -185 3 -183 3 -181 3 -180 3 *
Ve
1e-07
3.77475828372553e-15 17 -3.77475828372553e-15
0 0

0101101
*
Ve
1.50000001121325e-07
1.12132525487141e-15 10.1 -2.00950367457153e-15
0 0

0101101
*
Ed
 1e-07 1 1 0
1  16 0 0 6.89999999999999
0

0101000
+178 8 -177 8 *
Ve
1.50000001783534e-07
1.59843911679626e-16 10.1 8.66025403784438
0 0

0101101
*
Ed
 1e-07 1 1 0
1  17 0 6.33974596215562 15
0

0101000
+175 0 -177 0 *
Ve
1e-07
7.41572572716812e-16 12 8.66025403784438
0 0

0101101
*
Ed
 1e-07 1 1 0
1  18 0 22.1 24
0

0101000
+175 8 -173 8 *
Ed
 1e-07 1 1 0
1  19 0 0 10
0

0101000
+173 8 -178 8 *
Wi

0101100
+176 7 -174 0 +172 7 +171 7 *
Ve
1e-07
-4.58749794548394e-15 -12 8.66025403784439
0 0

0101101
*
Ve
1.50000002082807e-07
-2.08280659806319e-15 -10.1 8.66025403784439
0 0

0101101
*
Ed
 1e-07 1 1 0
1  18 0 0 1.9
0

0101000
+169 8 -168 8 *
Ve
1.50000001121669e-07
-1.12132525487141e-15 -10.1 2.00950367457029e-15
0 0

0101101
*
Ed
 1e-07 1 1 0
1  20 0 6.33974596215561 15
0

0101000
+168 0 -166 0 *
Ve
1e-07
-3.77475828372553e-15 -17 3.77475828372304e-15
0 0

0101101
*
Ed
 1e-07 1 1 0
1  21 0 3 9.89999999999999
0

0101000
+166 8 -164 8 *
Ed
 1e-07 1 1 0
1  22 0 0 10
0

0101000
+164 8 -169 8 *
Wi

0101100
+167 7 +165 0 +163 7 +162 7 *
Fa
0  1e-07 3 0

0111000
+192 0 +179 0 +170 0 +161 0 *
Ve
1.50000003560608e-07
-1.5 -20 7.02265597917855e-15
0 0

0101101
*
Ed
 1.00000000554616e-07 1 1 0
1  23 0 0 1.5
0

0101000
+201 3 -159 0 *
Ed
 1.5e-07 1 1 0
1  24 0 -15 5
2  3 4 0 -15 5
2  4 2 0 -15 5
0

0101000
+159 0 -208 0 *
Wi

0101100
-200 3 -158 0 -157 0 +207 0 *
Fa
0  1e-07 4 0

0101000
+156 0 *
Ve
1e-07
-10.5 18.1865334794732 0
0 0

0101101
*
Ve
1.0000000075342e-07
-21 7.53420085147037e-16 0
0 0

0101101
*
Ed
 1e-07 1 1 0
1  25 0 0 21
0

0101000
+154 0 -153 0 *
Ve
1e-07
10.5 18.1865334794732 0
0 0

0101101
*
Ed
 1e-07 1 1 0
1  26 0 0 21
0

0101000
+151 0 -154 0 *
Ve
1e-07
-10.5 -18.1865334794732 0
0 0

0101101
*
Ed
 1e-07 1 1 0
1  27 0 0 21
0

0101000
+153 0 -149 0 *
Ve
1e-07
21 0 0
0 0

0101101
*
Ed
 1e-07 1 1 0
1  28 0 0 21
0

0101000
+147 0 -151 0 *
Ve
1e-07
10.5 -18.1865334794732 0
0 0

0101101
*
Ed
 1e-07 1 1 0
1  29 0 0 21
0

0101000
+149 0 -145 0 *
Ed
 1e-07 1 1 0
1  30 0 0 21
0

0101000
+145 0 -147 0 *
Wi

0101100
+152 11 +150 11 +148 11 +146 11 +144 11 +143 11 *
Ve
1.50000003972055e-07
-1.5 -10 -17.3205080756888
0 0

0101101
*
Ed
 1.5e-07 1 1 0
1  31 0 -15 5
2  5 5 0 -15 5
2  6 2 0 -15 5
0

0101000
+141 0 -159 0 *
Ve
1.50000003978256e-07
-1.49999999999999 9.99999999999999 -17.3205080756888
0 0

0101101
*
Ed
 1.5e-07 1 1 0
1  32 0 -15 5
2  7 6 0 -15 5
2  8 2 0 -15 5
0

0101000
+139 0 -141 0 *
Ve
1.5000000368898e-07
-1.5 20 -8.09880535525417e-15
0 0

0101101
*
Ed
 1.5e-07 1 1 0
1  33 0 -15 5
2  9 7 0 -15 5
2  10 2 0 -15 5
0

0101000
+137 0 -139 0 *
Ed
 1.5e-07 1 1 0
1  34 0 -15 5
2  11 8 0 -15 5
2  12 2 0 -15 5
0

0101000
+206 0 -137 0 *
Wi

0101100
+157 0 +140 0 +138 0 +136 0 +135 0 +205 0 *
Fa
0  1e-07 2 0

0101000
+142 0 +134 0 *
Ed
 1.00000000311134e-07 1 1 0
1  35 0 0 1.5
0

0101000
+195 3 -137 0 *
Wi

0101100
-193 3 -204 0 -135 0 +132 0 *
Fa
0  1e-07 8 0

0101000
+131 0 *
Ed
 1e-07 1 1 0
1  36 0 0 1.5
0

0101000
+199 3 -141 0 *
Wi

0101100
-198 3 -129 0 -140 0 +158 0 *
Fa
0  1e-07 5 0

0101000
+128 0 *
Ed
 1e-07 1 1 0
1  37 0 0 1.5
0

0101000
+197 3 -139 0 *
Wi

0101100
-196 3 -126 0 -138 0 +129 0 *
Fa
0  1e-07 6 0

0101000
+125 0 *
Wi

0101100
-194 3 -132 0 -136 0 +126 0 *
Fa
0  1e-07 7 0

0101000
+123 0 *
Ve
1.50000000288658e-07
6.2 10.1 0
0 0

0101101
*
Ed
 1.5e-07 1 1 0
1  38 0 -6.2 1.72639680329212e-15
2  13 9 0 -6.2 1.72639680329212e-15
2  14 10 0 -6.2 1.72639680329212e-15
0

0101000
+121 0 -177 0 *
Ve
1.50000002116104e-07
6.2 7.1 1.4432899320127e-16
0 0

0101101
*
Ed
 1.5e-07 1 1 0
1  39 0 -6.45 -3.44999999999999
2  15 9 0 -6.45 -3.44999999999999
2  16 11 0 -6.45 -3.44999999999999
0

0101000
+119 0 -121 0 *
Ve
1e-07
7.1 0 0
0 0

0101101
*
Ed
 1e-07 1 1 0
1  40 0 6.2 8
0

0101000
+119 0 -117 13 *
Ve
1e-07
17 0 0
0 0

0101101
*
Ed
 1e-07 1 1 0
1  16 0 0 9.9
0

0101000
+115 0 -117 0 *
Ed
 1e-07 1 1 0
1  41 0 0 8
0

0101000
+178 0 -115 13 *
Wi

0101100
-176 7 +120 0 +118 0 -116 0 +114 13 +113 0 *
Fa
0  1e-07 9 0

0111000
+112 0 *
Ve
1.50000002512148e-07
6.2 10.1 8.66025403784439
0 0

0101101
*
Ed
 1.5e-07 1 1 0
1  42 0 1.73362030391878e-15 6.2
2  17 12 0 1.73362030391878e-15 6.2
2  18 10 0 1.73362030391878e-15 6.2
0

0101000
+175 0 -110 0 *
Ed
 1e-07 1 1 0
1  43 0 6.33974596215561 15
0

0101000
+110 0 -121 0 *
Wi

0101100
-109 0 -108 0 -120 0 +174 0 *
Fa
0  1e-07 10 0

0111000
+107 0 *
Ve
1.50000001776357e-07
6.2 -10.1 8.66025403784439
0 0

0101101
*
Ed
 1.5e-07 1 1 0
1  44 0 -3.1 3.1
2  19 12 0 -3.1 3.1
