<?xml version='1.0' encoding='utf-8'?>
<!-- FreeCAD DocumentObject -->
<Document SchemaVersion="4" FileVersion="2">
<Object name="Pad001">
  <Properties Count="46" TransientCount="2">
    <_Property name="_Body" type="App::PropertyLinkHidden" status="251658240"/>
    <_Property name="_ElementMapVersion" type="App::PropertyString" status="234881024"/>
    <Property name="AddSubShape" type="Part::PropertyPartShape">
      <Part HasherIndex="0" ElementMap="1.15.70200.4" brep="1">
<![CDATA[

CASCADE Topology V1, (c) Matra-Datavision
Locations 5
1
              1               0               0               0 
              0               1               0               0 
              0               0               1               0 
1
2.22044604925031e-16 -2.22044604925031e-16               1               0 
              1 2.22044604925031e-16 -2.22044604925031e-16               0 
-2.22044604925031e-16               1 2.22044604925031e-16               0 
2  1 1 2 1 0
1
              1               0               0               8 
              0               1               0 -1.77635683940025e-15 
              0               0               1 2.22044604925031e-15 
2  1 1 2 1 4 1 0
Curve2ds 0
Curves 16
1 -1.5765166949677228e-15 -7.1000000000000023 1.5765166949652371e-15 1 -2.2204460492503131e-16 2.7755575615628914e-16 
1 -3.7747582837255307e-15 -16.999999999999993 3.774758283723045e-15 1 -2.2204460492503131e-16 2.7755575615628914e-16 
1 -7.1000000000000023 -2.4857469346700735e-27 0 -1 0 0 
1 -4.5874979454839394e-15 -11.999999999999998 8.6602540378443891 1 -2.2204460492503131e-16 2.7755575615628914e-16 
1 -16.999999999999993 -2.4857469346700735e-27 0 0.49999999999999944 0.86602540378443882 0 
1 7.4157257271681198e-16 12.000000000000002 8.660254037844382 1 -2.2204460492503131e-16 2.7755575615628914e-16 
1 -12 8.6602540378443855 0 1 0 0 
1 3.7747582837255307e-15 16.999999999999993 -3.7747582837255307e-15 1 -2.2204460492503131e-16 2.7755575615628914e-16 
1 12 8.6602540378443855 0 0.49999999999999944 -0.86602540378443882 0 
1 1.5765166949677218e-15 7.0999999999999979 -1.5765166949677218e-15 1 -2.2204460492503131e-16 2.7755575615628914e-16 
1 16.999999999999993 0 0 -1 0 0 
1 -5.7704515984847033e-16 3.5500000000000003 6.1487803668695173 1 -2.2204460492503131e-16 2.7755575615628914e-16 
1 3.5499999999999989 6.1487803668695182 0 0.49999999999999961 -0.86602540378443882 0 
1 -2.1535618548161929e-15 -3.550000000000002 6.1487803668695191 1 -2.2204460492503131e-16 2.7755575615628914e-16 
1 -3.5500000000000034 6.1487803668695182 0 1 0 0 
1 -7.1000000000000023 -2.4857469346700735e-27 0 0.49999999999999961 0.86602540378443882 0 
Polygon3D 0
PolygonOnTriangulations 0
Surfaces 9
1 -1.5765166949677228e-15 -7.1000000000000023 1.5765166949652371e-15 2.7755575615628909e-16 -2.2204460492503136e-16 -1 -2.2204460492503131e-16 -1 2.2204460492503131e-16 -1 2.2204460492503126e-16 -2.7755575615628914e-16 
1 -3.7747582837255307e-15 -16.999999999999993 3.774758283723045e-15 -3.310741467165009e-16 -0.86602540378443882 0.49999999999999967 -8.1273966175840925e-17 0.49999999999999967 0.86602540378443882 -1 2.4608163850482578e-16 -2.3592239273284581e-16 
1 -4.5874979454839394e-15 -11.999999999999998 8.6602540378443891 -2.7755575615628909e-16 2.2204460492503136e-16 1 2.2204460492503131e-16 1 -2.2204460492503131e-16 -1 2.2204460492503126e-16 -2.7755575615628914e-16 
1 7.4157257271681198e-16 12.000000000000002 8.660254037844382 5.351839056021211e-17 0.86602540378443904 0.49999999999999933 3.0331857110087204e-16 0.49999999999999933 -0.86602540378443904 -1 1.9800757134523682e-16 -2.3592239273284576e-16 
1 3.7747582837255307e-15 16.999999999999993 -3.7747582837255307e-15 2.7755575615628909e-16 -2.2204460492503136e-16 -1 -2.2204460492503131e-16 -1 2.2204460492503131e-16 -1 2.2204460492503126e-16 -2.7755575615628914e-16 
1 -5.7704515984847033e-16 3.5500000000000003 6.1487803668695173 5.3518390560212061e-17 0.86602540378443904 0.4999999999999995 3.0331857110087208e-16 0.4999999999999995 -0.86602540378443904 -1 1.9800757134523679e-16 -2.3592239273284581e-16 
1 -2.1535618548161929e-15 -3.550000000000002 6.1487803668695191 -2.7755575615628909e-16 2.2204460492503136e-16 1 2.2204460492503131e-16 1 -2.2204460492503131e-16 -1 2.2204460492503126e-16 -2.7755575615628914e-16 
1 -1.5765166949677228e-15 -7.1000000000000023 1.5765166949652371e-15 -3.3107414671650095e-16 -0.86602540378443882 0.49999999999999983 -8.1273966175840912e-17 0.49999999999999983 0.86602540378443882 -1 2.4608163850482578e-16 -2.3592239273284581e-16 
1 -9.9609919084794748e-16 2.5048510073799076e-16 4.4860319447268688 1 -2.2204460492503126e-16 2.2204460492503136e-16 -2.2204460492503136e-16 0 1 -2.2204460492503126e-16 -1 -4.9303806576313238e-32 
Triangulations 0

TShapes 44
Ve
1e-07
-7.1 -2.48574693467007e-27 0
0 0

0101101
*
Ed
 1e-07 1 1 0
1  1 0 0 8
0

0101000
+44 3 -44 5 *
Ve
1e-07
-17 -2.48574693467007e-27 0
0 0

0101101
*
Ed
 1e-07 1 1 0
1  2 0 0 8
0

0101000
+42 3 -42 5 *
Ed
 1e-07 1 1 0
1  3 0 0 9.89999999999999
0

0101000
+44 0 -42 0 *
Wi

0101100
+43 0 -41 0 -40 3 +40 5 *
Fa
0  1e-07 1 0

0101000
+39 0 *
Ve
1e-07
-12 8.66025403784439 0
0 0

0101101
*
Ed
 1e-07 1 1 0
1  4 0 0 8
0

0101000
+37 3 -37 5 *
Ed
 1e-07 1 1 0
1  5 0 0 10
0

0101000
+42 0 -37 0 *
Wi

0101100
+41 0 -36 0 -35 3 +35 5 *
Fa
0  1e-07 2 0

0101000
+34 0 *
Ve
1e-07
12 8.66025403784439 0
0 0

0101101
*
Ed
 1e-07 1 1 0
1  6 0 0 8
0

0101000
+32 3 -32 5 *
Ed
 1e-07 1 1 0
1  7 0 0 24
0

0101000
+37 0 -32 0 *
Wi

0101100
+36 0 -31 0 -30 3 +30 5 *
Fa
0  1e-07 3 0

0101000
+29 0 *
Ve
1e-07
17 0 0
0 0

0101101
*
Ed
 1e-07 1 1 0
1  8 0 0 8
0

0101000
+27 3 -27 5 *
Ed
 1e-07 1 1 0
1  9 0 0 10
0

0101000
+32 0 -27 0 *
Wi

0101100
+31 0 -26 0 -25 3 +25 5 *
Fa
0  1e-07 4 0

0101000
+24 0 *
Ve
1e-07
7.1 0 0
0 0

0101101
*
Ed
 1e-07 1 1 0
1  10 0 0 8
0

0101000
+22 3 -22 5 *
Ed
 1e-07 1 1 0
1  11 0 0 9.9
0

0101000
+27 0 -22 0 *
Wi

0101100
+26 0 -21 0 -20 3 +20 5 *
Fa
0  1e-07 5 0

0101000
+19 0 *
Ve
1e-07
3.55 6.14878036686952 0
0 0

0101101
*
Ed
 1e-07 1 1 0
1  12 0 0 8
0

0101000
+17 3 -17 5 *
Ed
 1e-07 1 1 0
1  13 0 0 7.1
0

0101000
+17 0 -22 0 *
Wi

0101100
+16 0 -21 0 -15 3 +15 5 *
Fa
0  1e-07 6 0

0101000
+14 0 *
Ve
1e-07
-3.55 6.14878036686952 0
0 0

0101101
*
Ed
 1e-07 1 1 0
1  14 0 0 8
0

0101000
+12 3 -12 5 *
Ed
 1e-07 1 1 0
1  15 0 0 7.1
0

0101000
+12 0 -17 0 *
Wi

0101100
+11 0 -16 0 -10 3 +10 5 *
Fa
0  1e-07 7 0

0101000
+9 0 *
Ed
 1e-07 1 1 0
1  16 0 0 7.1
0

0101000
+44 0 -12 0 *
Wi

0101100
+43 0 -11 0 -7 3 +7 5 *
Fa
0  1e-07 8 0

0101000
+6 0 *
Wi

0101100
+40 0 +35 0 +30 0 +25 0 +20 0 -15 0 -10 0 -7 0 *
Fa
0  1e-07 9 0

0111000
-4 3 *
Sh

0101100
-38 0 -33 0 -28 0 -23 0 -18 0 +13 0 +8 0 +5 0 +3 0 -3 4 
*
So

1100000
-2 0 *

+1 0 ]]>
      </Part>
      <ElementMap new="1" count="1"><Element key="Dummy" value="Dummy"/></ElementMap>
      <ElementMap2 count="58">
<![CDATA[
7 PostfixCount 11
Edge
Face
Vertex
;:G;XTR;:Hc29:7,F
;FAC;:Hc29:4,F
;:G;XTR;:Hc29:7,E
;:G0;XTR;:Hc29:8,F
;:U;XTR;:Hc29:7,E
;:U;XTR;:Hc29:7,V
;SKT;:Hc29,E
;SKT;:Hc29,V

MapCount 1

ElementMap 1 7 3

Edge

ChildCount 0

NameCount 25
0
$#3c.6 0
$#3d.6 0
;g3.a 0
$#4e.8 0
$#3e.6 0
;g4.a 0
$#4f.8 0
$#3f.6 0
;g1.a 0
$#50.8 0
$#40.6 0
;g2.a 0
$#51.8 0
$#41.6 0
;g9.a 0
$#52.8 0
$#42.6 0
;g8.a 0
$#53.8 0
$#43.6 0
;g7.a 0
$#54.8 0
;g6.a 0
$#55.8 0

Face

ChildCount 0

NameCount 11
0
$#44.4 0
$#45.4 0
$#3a.4 0
$#46.4 0
$#47.4 0
$#48.4 0
$#49.4 0
$#4a.4 0
$#3a.5 0
$#4c.7 0

Vertex

ChildCount 0

NameCount 17
0
;g6v1.b ;g3v1.b 0
$#57.9 0
;g4v1.b ;g3v2.b 0
$#58.9 0
;g1v1.b ;g4v2.b 0
$#59.9 0
;g1v2.b ;g2v1.b 0
$#5a.9 0
;g2v2.b ;g9v1.b 0
$#5b.9 0
;g9v2.b ;g8v2.b 0
$#5c.9 0
;g8v1.b ;g7v2.b 0
$#5d.9 0
;g7v1.b ;g6v2.b 0
$#5e.9 0

EndMap
]]>
      </ElementMap2>
    </Property>
    <Property name="AddSubType" type="App::PropertyEnumeration">
      <Integer value="0"/>
    </Property>
    <Property name="AllowMultiFace" type="App::PropertyBool">
      <Bool value="true"/>
    </Property>
    <Property name="AlongSketchNormal" type="App::PropertyBool" status="4">
      <Bool value="false"/>
    </Property>
    <Property name="AutoTaperInnerAngle" type="App::PropertyBool">
      <Bool value="true"/>
    </Property>
    <Property name="BaseFeature" type="App::PropertyLink" status="8">
      <Link value="Pad"/>
    </Property>
    <Property name="CheckUpToFaceLimits" type="App::PropertyBool">
      <Bool value="true"/>
    </Property>
    <Property name="ClaimChildren" type="App::PropertyBool" status="134217728">
      <Bool value="false"/>
    </Property>
    <Property name="ColoredElements" type="App::PropertyLinkSubHidden" status="218103808">
      <LinkSub value="" count="0">
      </LinkSub>
    </Property>
    <Property name="Direction" type="App::PropertyVector" status="4">
      <PropertyVector valueX="1" valueY="-2.220446049250313e-16" valueZ="2.775557561562891e-16"/>
    </Property>
    <Property name="ExpressionEngine" type="App::PropertyExpressionEngine" status="67108864">
      <ExpressionEngine count="0"></ExpressionEngine>
    </Property>
    <Property name="Fit" type="App::PropertyDistance">
      <Float value="0"/>
    </Property>
    <Property name="FitJoin" type="App::PropertyEnumeration">
      <Integer value="0"/>
    </Property>
    <Property name="FixShape" type="App::PropertyEnumeration">
      <Integer value="1"/>
    </Property>
    <Property name="InnerFit" type="App::PropertyDistance">
      <Float value="0"/>
    </Property>
    <Property name="InnerFitJoin" type="App::PropertyEnumeration">
      <Integer value="0"/>
    </Property>
    <Property name="InvalidShape" type="App::PropertyBool" status="67108864">
      <Bool value="false"/>
    </Property>
    <Property name="Label" type="App::PropertyString" status="134217728">
      <String value="Pad001"/>
    </Property>
    <Property name="Label2" type="App::PropertyString" status="128">
      <String value=""/>
    </Property>
    <Property name="Length" type="App::PropertyLength">
      <Float value="8"/>
    </Property>
    <Property name="Length2" type="App::PropertyLength">
      <Float value="100"/>
    </Property>
    <Property name="Linearize" type="App::PropertyBool">
      <Bool value="true"/>
    </Property>
    <Property name="Midplane" type="App::PropertyBool">
      <Bool value="false"/>
    </Property>
    <Property name="NewSolid" type="App::PropertyBool">
      <Bool value="false"/>
    </Property>
    <Property name="Offset" type="App::PropertyLength">
      <Float value="0"/>
    </Property>
    <Property name="Placement" type="App::PropertyPlacement" status="8388620">
      <PropertyPlacement Px="0" Py="0" Pz="0" Q0="0" Q1="0" Q2="0" Q3="1" A="0" Ox="0" Oy="0" Oz="1"/>
    </Property>
    <Property name="Profile" type="App::PropertyLinkSub">
      <LinkSub value="Sketch001" count="1">
        <Sub value=""/>
      </LinkSub>
    </Property>
    <Property name="ReferenceAxis" type="App::PropertyLinkSub">
      <LinkSub value="" count="0">
      </LinkSub>
    </Property>
    <Property name="Refine" type="App::PropertyBool">
      <Bool value="false"/>
    </Property>
    <Property name="Reversed" type="App::PropertyBool">
      <Bool value="false"/>
    </Property>
    <Property name="Shape" type="Part::PropertyPartShape">
      <Part HasherIndex="0" ElementMap="1.15.70200.4" brep="1">
<![CDATA[

CASCADE Topology V1, (c) Matra-Datavision
Locations 11
1
              1               0               0               0 
              0               1               0               0 
              0               0               1               0 
1
2.22044604925031e-16 -2.22044604925031e-16               1               0 
              1 2.22044604925031e-16 -2.22044604925031e-16               0 
-2.22044604925031e-16               1 2.22044604925031e-16               0 
2  1 1 2 1 0
1
              1               0               0              -2 
              0               1               0 4.44089209850063e-16 
              0               0               1 -5.55111512312578e-16 
2  1 1 2 1 4 1 0
1
              1               0               0               0 
              0               1               0               0 
              0               0               1               0 
1
2.22044604925031e-16 -2.22044604925031e-16               1               0 
              1 2.22044604925031e-16 -2.22044604925031e-16               0 
-2.22044604925031e-16               1 2.22044604925031e-16               0 
2  6 1 7 1 0
2  7 -1 6 -1 0
1
              1               0               0               8 
              0               1               0 -1.77635683940025e-15 
              0               0               1 2.22044604925031e-15 
2  6 1 7 1 10 1 0
Curve2ds 0
Curves 40
1 -1.625479323516814e-15 10.000000000000005 17.320508075688767 -1 2.2204460492503131e-16 -2.7755575615628914e-16 
1 -6.0663714220174405e-15 -9.9999999999999947 17.320508075688775 -1 2.2204460492503131e-16 -2.7755575615628914e-16 
1 10.000000000000002 17.320508075688771 0 -1 0 0 
1 4.440892098500627e-15 20 -7.68247172101974e-15 -1 2.2204460492503131e-16 -2.7755575615628914e-16 
1 20 -2.930445574509533e-15 0 -0.49999999999999989 0.86602540378443871 0 
1 -4.440892098500627e-15 -20 7.4389896134129798e-15 -1 2.2204460492503131e-16 -2.7755575615628914e-16 
1 -9.9999999999999982 17.320508075688771 0 -0.50000000000000022 -0.86602540378443849 0 
1 9.9999999999999982 -17.320508075688771 0 0.50000000000000022 0.86602540378443849 0 
1 -20 2.4434813448203517e-15 0 0.49999999999999989 -0.86602540378443871 0 
1 -10.000000000000002 -17.320508075688771 0 1 0 0 
1 2.5000000000000351 4.3301270189223189 0 -1 0 0 
1 5 5.9741039547837975e-15 0 -0.49999999999998435 0.86602540378444759 0 
1 -2.5000000000000342 4.3301270189223189 0 -0.49999999999998457 -0.86602540378444759 0 
1 2.5000000000000346 -4.3301270189223064 0 0.49999999999998446 0.86602540378444759 0 
1 -5 6.2110949788412781e-15 0 0.49999999999998435 -0.86602540378444759 0 
1 -2.5000000000000351 -4.3301270189223064 0 1 0 0 
1 -7.1000000000000023 -2.4857469346700735e-27 0 0.49999999999999961 0.86602540378443882 0 
1 -3.5500000000000034 6.1487803668695182 0 1 0 0 
1 3.5499999999999989 6.1487803668695182 0 0.49999999999999961 -0.86602540378443882 0 
1 16.999999999999993 0 0 -1 0 0 
1 12 8.6602540378443855 0 0.49999999999999944 -0.86602540378443882 0 
1 -12 8.6602540378443855 0 1 0 0 
1 -16.999999999999993 -2.4857469346700735e-27 0 0.49999999999999944 0.86602540378443882 0 
1 -7.1000000000000023 -2.4857469346700735e-27 0 -1 0 0 
1 6.0663714220174405e-15 9.9999999999999947 -17.320508075688775 -1 2.2204460492503131e-16 -2.7755575615628914e-16 
1 1.625479323516814e-15 -10.000000000000005 -17.320508075688767 -1 2.2204460492503131e-16 -2.7755575615628914e-16 
1 -4.063698308792238e-16 2.500000000000036 4.330127018922318 -1 2.2204460492503131e-16 -2.7755575615628914e-16 
1 -1.5165928555043956e-15 -2.5000000000000333 4.3301270189223198 -1 2.2204460492503131e-16 -2.7755575615628914e-16 
1 1.1102230246251552e-15 5 4.985453425025903e-15 -1 2.2204460492503131e-16 -2.7755575615628914e-16 
1 -1.1102230246251579e-15 -5 7.3243949829962339e-15 -1 2.2204460492503131e-16 -2.7755575615628914e-16 
1 1.5165928555043931e-15 2.5000000000000338 -4.3301270189223073 -1 2.2204460492503131e-16 -2.7755575615628914e-16 
1 4.0636983087922104e-16 -2.500000000000036 -4.3301270189223056 -1 2.2204460492503131e-16 -2.7755575615628914e-16 
1 -1.5765166949677228e-15 -7.1000000000000023 1.5765166949652371e-15 1 -2.2204460492503131e-16 2.7755575615628914e-16 
1 -2.1535618548161929e-15 -3.550000000000002 6.1487803668695191 1 -2.2204460492503131e-16 2.7755575615628914e-16 
1 -5.7704515984847033e-16 3.5500000000000003 6.1487803668695173 1 -2.2204460492503131e-16 2.7755575615628914e-16 
1 1.5765166949677218e-15 7.0999999999999979 -1.5765166949677218e-15 1 -2.2204460492503131e-16 2.7755575615628914e-16 
1 3.7747582837255307e-15 16.999999999999993 -3.7747582837255307e-15 1 -2.2204460492503131e-16 2.7755575615628914e-16 
1 7.4157257271681198e-16 12.000000000000002 8.660254037844382 1 -2.2204460492503131e-16 2.7755575615628914e-16 
1 -4.5874979454839394e-15 -11.999999999999998 8.6602540378443891 1 -2.2204460492503131e-16 2.7755575615628914e-16 
1 -3.7747582837255307e-15 -16.999999999999993 3.774758283723045e-15 1 -2.2204460492503131e-16 2.7755575615628914e-16 
Polygon3D 0
PolygonOnTriangulations 0
Surfaces 22
1 -1.625479323516814e-15 10.000000000000005 17.320508075688767 -2.7755575615628909e-16 2.2204460492503136e-16 1 -2.2204460492503131e-16 -1 2.2204460492503131e-16 1 -2.2204460492503126e-16 2.7755575615628914e-16 
1 4.440892098500627e-15 20 -7.3713376730101591e-15 5.3518390560211937e-17 0.86602540378443882 0.49999999999999972 -3.0331857110087208e-16 -0.49999999999999972 0.86602540378443882 1 -1.9800757134523682e-16 2.3592239273284581e-16 
1 -6.0663714220174405e-15 -9.9999999999999947 17.320508075688775 -3.31074146716501e-16 -0.86602540378443837 0.50000000000000044 8.1273966175840678e-17 -0.50000000000000044 -0.86602540378443837 1 -2.4608163850482578e-16 2.3592239273284586e-16 
1 -1.7617893549935871e-31 2.9605947323337409e-17 1.6342482922482248e-15 1 -2.2204460492503123e-16 2.2204460492503111e-16 2.2204460492503123e-16 1 0 -2.2204460492503111e-16 4.9303806576313178e-32 1 
1 6.0663714220174405e-15 9.9999999999999947 -17.320508075688775 3.31074146716501e-16 0.86602540378443837 -0.50000000000000044 -8.1273966175840678e-17 0.50000000000000044 0.86602540378443837 1 -2.4608163850482578e-16 2.3592239273284586e-16 
1 -4.440892098500627e-15 -20 6.8843734433209779e-15 -5.3518390560211937e-17 -0.86602540378443882 -0.49999999999999972 3.0331857110087208e-16 0.49999999999999972 -0.86602540378443882 1 -1.9800757134523682e-16 2.3592239273284581e-16 
1 1.625479323516814e-15 -10.000000000000005 -17.320508075688767 2.7755575615628909e-16 -2.2204460492503136e-16 -1 2.2204460492503131e-16 1 -2.2204460492503131e-16 1 -2.2204460492503126e-16 2.7755575615628914e-16 
1 -4.063698308792238e-16 2.500000000000036 4.330127018922318 -2.7755575615628909e-16 2.2204460492503136e-16 1 -2.2204460492503131e-16 -1 2.2204460492503131e-16 1 -2.2204460492503126e-16 2.7755575615628914e-16 
1 1.1102230246251552e-15 5 4.863880930158641e-15 5.3518390560218248e-17 0.86602540378444781 0.49999999999998423 -3.0331857110087061e-16 -0.49999999999998423 0.86602540378444781 1 -1.9800757134523731e-16 2.3592239273284493e-16 
1 -1.5165928555043956e-15 -2.5000000000000333 4.3301270189223198 -3.3107414671649868e-16 -0.86602540378444748 0.49999999999998473 8.1273966175846126e-17 -0.49999999999998473 -0.86602540378444748 1 -2.4608163850482538e-16 2.3592239273284498e-16 
1 1.5165928555043931e-15 2.5000000000000338 -4.3301270189223073 3.3107414671649863e-16 0.86602540378444748 -0.49999999999998462 -8.1273966175846126e-17 0.49999999999998462 0.86602540378444748 1 -2.4608163850482533e-16 2.3592239273284488e-16 
1 -1.1102230246251579e-15 -5 7.3213180034664347e-15 -5.3518390560218248e-17 -0.86602540378444781 -0.49999999999998423 3.0331857110087061e-16 0.49999999999998423 -0.86602540378444781 1 -1.9800757134523731e-16 2.3592239273284493e-16 
1 4.0636983087922104e-16 -2.500000000000036 -4.3301270189223056 2.7755575615628909e-16 -2.2204460492503136e-16 -1 2.2204460492503131e-16 1 -2.2204460492503131e-16 1 -2.2204460492503126e-16 2.7755575615628914e-16 
1 -1.5765166949677228e-15 -7.1000000000000023 1.5765166949652371e-15 -3.3107414671650095e-16 -0.86602540378443882 0.49999999999999983 -8.1273966175840912e-17 0.49999999999999983 0.86602540378443882 -1 2.4608163850482578e-16 -2.3592239273284581e-16 
1 -2.1535618548161929e-15 -3.550000000000002 6.1487803668695191 -2.7755575615628909e-16 2.2204460492503136e-16 1 2.2204460492503131e-16 1 -2.2204460492503131e-16 -1 2.2204460492503126e-16 -2.7755575615628914e-16 
1 -5.7704515984847033e-16 3.5500000000000003 6.1487803668695173 5.3518390560212061e-17 0.86602540378443904 0.4999999999999995 3.0331857110087208e-16 0.4999999999999995 -0.86602540378443904 -1 1.9800757134523679e-16 -2.3592239273284581e-16 
1 3.7747582837255307e-15 16.999999999999993 -3.7747582837255307e-15 2.7755575615628909e-16 -2.2204460492503136e-16 -1 -2.2204460492503131e-16 -1 2.2204460492503131e-16 -1 2.2204460492503126e-16 -2.7755575615628914e-16 
1 7.4157257271681198e-16 12.000000000000002 8.660254037844382 5.351839056021211e-17 0.86602540378443904 0.49999999999999933 3.0331857110087204e-16 0.49999999999999933 -0.86602540378443904 -1 1.9800757134523682e-16 -2.3592239273284576e-16 
1 -4.5874979454839394e-15 -11.999999999999998 8.6602540378443891 -2.7755575615628909e-16 2.2204460492503136e-16 1 2.2204460492503131e-16 1 -2.2204460492503131e-16 -1 2.2204460492503126e-16 -2.7755575615628914e-16 
1 -3.7747582837255307e-15 -16.999999999999993 3.774758283723045e-15 -3.310741467165009e-16 -0.86602540378443882 0.49999999999999967 -8.1273966175840925e-17 0.49999999999999967 0.86602540378443882 -1 2.4608163850482578e-16 -2.3592239273284581e-16 
1 -1.5765166949677228e-15 -7.1000000000000023 1.5765166949652371e-15 2.7755575615628909e-16 -2.2204460492503136e-16 -1 -2.2204460492503131e-16 -1 2.2204460492503131e-16 -1 2.2204460492503126e-16 -2.7755575615628914e-16 
1 -9.9609919084794748e-16 2.5048510073799076e-16 4.4860319447268688 1 -2.2204460492503126e-16 2.2204460492503136e-16 -2.2204460492503136e-16 0 1 -2.2204460492503126e-16 -1 -4.9303806576313238e-32 
Triangulations 0

TShapes 127
Ve
1e-07
10 17.3205080756888 0
0 0

0101101
*
Ed
 1e-07 1 1 0
1  1 0 0 2
0

0101000
+127 3 -127 5 *
Ve
1e-07
-10 17.3205080756888 0
0 0

0101101
*
Ed
 1e-07 1 1 0
1  2 0 0 2
0

0101000
+125 3 -125 5 *
Ed
 1e-07 1 1 0
1  3 0 0 20
0

0101000
+127 0 -125 0 *
Wi

0101100
+126 0 -124 0 -123 3 +123 5 *
Fa
0  1e-07 1 0

0111000
+122 0 *
Ve
1.00000000311134e-07
20 -3.24157962251911e-15 0
0 0

0101101
*
Ed
 1.00000000311134e-07 1 1 0
1  4 0 0 2
0

0101000
+120 3 -120 5 *
Ed
 1e-07 1 1 0
1  5 0 0 20
0

0101000
+120 0 -127 0 *
Wi

0101100
+119 0 -126 0 -118 3 +118 5 *
Fa
0  1e-07 2 0

0111000
+117 0 *
Ve
1.00000000554616e-07
-20 2.99809751491235e-15 0
0 0

0101101
*
Ed
 1.00000000554616e-07 1 1 0
1  6 0 0 2
0

0101000
+115 3 -115 5 *
Ed
 1e-07 1 1 0
1  7 0 0 20
0

0101000
+125 0 -115 0 *
Wi

0101100
+124 0 -114 0 -113 3 +113 5 *
Fa
0  1e-07 3 0

0111000
+112 0 *
Ve
1e-07
10 -17.3205080756888 0
0 0

0101101
*
Ed
 1e-07 1 1 0
1  8 0 0 20
0

0101000
+110 0 -120 0 *
Ve
1e-07
-10 -17.3205080756888 0
0 0

0101101
*
Ed
 1e-07 1 1 0
1  9 0 0 20
0

0101000
+115 0 -108 0 *
Ed
 1e-07 1 1 0
1  10 0 0 20
0

0101000
+108 0 -110 0 *
Wi

0101100
+123 3 +118 3 +113 3 +109 3 +107 3 +106 3 *
Ve
1e-07
2.50000000000004 4.33012701892232 0
0 0

0101101
*
Ve
1e-07
-2.50000000000003 4.33012701892232 0
0 0

0101101
*
Ed
 1e-07 1 1 0
1  11 0 0 5.00000000000007
0

0101000
+104 0 -103 0 *
Ve
1.00000000121572e-07
5 6.09567644965106e-15 0
0 0

0101101
*
Ed
 1e-07 1 1 0
1  12 0 0 5.00000000000009
0

0101000
+101 0 -104 0 *
Ve
1.00000000003077e-07
-5 6.21417195837108e-15 0
0 0

0101101
*
Ed
 1e-07 1 1 0
1  13 0 0 5.00000000000009
0

0101000
+103 0 -99 0 *
Ve
1.00000000222045e-07
2.50000000000003 -4.33012701892231 0
0 0

0101101
*
Ed
 1e-07 1 1 0
1  14 0 0 5.00000000000009
0

0101000
+97 0 -101 0 *
Ve
1e-07
-2.50000000000004 -4.33012701892231 0
0 0

0101101
*
Ed
 1e-07 1 1 0
1  15 0 0 5.00000000000009
0

0101000
+99 0 -95 0 *
Ed
 1e-07 1 1 0
1  16 0 0 5.00000000000007
0

0101000
+95 0 -97 0 *
Wi

0101100
-102 3 -100 3 -98 3 -96 3 -94 3 -93 3 *
Ve
1e-07
-1.57651669496772e-15 -7.1 1.57651669496524e-15
0 0

0101101
*
Ve
1e-07
-2.15356185481619e-15 -3.55 6.14878036686952
0 0

0101101
*
Ed
 1e-07 1 1 0
1  17 0 0 7.1
0

0101000
+91 9 -90 9 *
Ve
1e-07
-5.7704515984847e-16 3.55 6.14878036686952
0 0

0101101
*
Ed
 1e-07 1 1 0
1  18 0 0 7.1
0

0101000
+90 9 -88 9 *
Ve
1e-07
1.57651669496772e-15 7.1 -1.57651669496772e-15
0 0

0101101
*
Ed
 1e-07 1 1 0
1  19 0 0 7.1
0

0101000
+88 9 -86 9 *
Ve
1e-07
3.77475828372553e-15 17 -3.77475828372553e-15
0 0

0101101
*
Ed
 1e-07 1 1 0
1  20 0 0 9.9
0

0101000
+84 9 -86 9 *
Ve
1e-07
7.41572572716812e-16 12 8.66025403784438
0 0

0101101
*
Ed
 1e-07 1 1 0
1  21 0 0 10
0

0101000
+82 9 -84 9 *
Ve
1e-07
-4.58749794548394e-15 -12 8.66025403784439
0 0

0101101
*
Ed
 1e-07 1 1 0
1  22 0 0 24
0

0101000
+80 9 -82 9 *
Ve
1e-07
-3.77475828372553e-15 -17 3.77475828372304e-15
0 0

0101101
*
Ed
 1e-07 1 1 0
1  23 0 0 10
0

0101000
+78 9 -80 9 *
Ed
 1e-07 1 1 0
1  24 0 0 9.89999999999999
0

0101000
+91 9 -78 9 *
Wi

0101100
-89 8 -87 8 -85 8 +83 8 +81 8 +79 8 +77 8 +76 8 *
Fa
0  1e-07 4 0

0101000
+105 0 +92 0 +75 0 *
Wi

0101100
+123 0 +113 0 +107 0 +106 0 +109 0 +118 0 *
Wi

0101100
+102 0 +98 0 +94 0 +93 0 +96 0 +100 0 *
Fa
0  1e-07 4 0

0111000
+73 3 -72 3 *
Ed
 1e-07 1 1 0
1  25 0 0 2
0

0101000
+110 3 -110 5 *
Wi

0101100
+70 0 -119 0 -109 3 +109 5 *
Fa
0  1e-07 5 0

0111000
+69 0 *
Ed
 1e-07 1 1 0
1  26 0 0 2
0

0101000
+108 3 -108 5 *
Wi

0101100
+114 0 -67 0 -107 3 +107 5 *
Fa
0  1e-07 6 0

0111000
+66 0 *
Wi

0101100
+67 0 -70 0 -106 3 +106 5 *
Fa
0  1e-07 7 0

0111000
+64 0 *
Ed
 1e-07 1 1 0
1  27 0 0 2
0

0101000
+104 3 -104 5 *
Ed
 1e-07 1 1 0
1  28 0 0 2
0

0101000
+103 3 -103 5 *
Wi

0101100
+62 0 -61 0 -102 3 +102 5 *
Fa
0  1e-07 8 0

0111000
+60 0 *
Ed
 1.00000000121572e-07 1 1 0
1  29 0 0 2
0

0101000
+101 3 -101 5 *
Wi

0101100
+58 0 -62 0 -100 3 +100 5 *
Fa
0  1e-07 9 0

0111000
+57 0 *
Ed
 1.00000000003077e-07 1 1 0
1  30 0 0 2
0

0101000
+99 3 -99 5 *
Wi

0101100
+61 0 -55 0 -98 3 +98 5 *
Fa
0  1e-07 10 0

0111000
+54 0 *
Ed
 1.00000000222045e-07 1 1 0
1  31 0 0 2
0

0101000
+97 3 -97 5 *
Wi

0101100
+52 0 -58 0 -96 3 +96 5 *
Fa
0  1e-07 11 0

0111000
+51 0 *
Ed
 1e-07 1 1 0
1  32 0 0 2
0

0101000
+95 3 -95 5 *
Wi

0101100
+55 0 -49 0 -94 3 +94 5 *
Fa
0  1e-07 12 0

0111000
+48 0 *
Wi

0101100
+49 0 -52 0 -93 3 +93 5 *
Fa
0  1e-07 13 0

0111000
+46 0 *
Ve
1e-07
-7.1 -2.48574693467007e-27 0
0 0

0101101
*
Ed
 1e-07 1 1 0
1  33 0 0 8
0

0101000
+91 0 -44 11 *
Ve
1e-07
-3.55 6.14878036686952 0
0 0

0101101
*
Ed
 1e-07 1 1 0
1  34 0 0 8
0

0101000
+90 0 -42 11 *
Ed
 1e-07 1 1 0
1  17 0 0 7.1
0

0101000
+44 0 -42 0 *
Wi

0101100
+43 0 -41 0 -89 8 +40 11 *
Fa
0  1e-07 14 0

0101000
+39 0 *
Ve
1e-07
3.55 6.14878036686952 0
0 0

0101101
*
Ed
 1e-07 1 1 0
1  35 0 0 8
0

0101000
+88 0 -37 11 *
Ed
 1e-07 1 1 0
1  18 0 0 7.1
0

0101000
+42 0 -37 0 *
Wi

0101100
+41 0 -36 0 -87 8 +35 11 *
Fa
0  1e-07 15 0

0101000
+34 0 *
Ve
1e-07
7.1 0 0
0 0

0101101
*
Ed
 1e-07 1 1 0
1  36 0 0 8
0

0101000
+86 0 -32 11 *
Ed
 1e-07 1 1 0
1  19 0 0 7.1
0

0101000
+37 0 -32 0 *
Wi

0101100
+36 0 -31 0 -85 8 +30 11 *
Fa
0  1e-07 16 0

0101000
+29 0 *
Ve
1e-07
17 0 0
0 0

0101101
*
Ed
 1e-07 1 1 0
1  37 0 0 8
0

0101000
+84 0 -27 11 *
Ed
 1e-07 1 1 0
1  20 0 0 9.9
0

0101000
+27 0 -32 0 *
Wi

0101100
+26 0 -31 0 -83 8 +25 11 *
Fa
0  1e-07 17 0

0101000
+24 0 *
Ve
1e-07
12 8.66025403784439 0
0 0

0101101
*
Ed
 1e-07 1 1 0
1  38 0 0 8
0

0101000
+82 0 -22 11 *
Ed
 1e-07 1 1 0
1  21 0 0 10
0

0101000
+22 0 -27 0 *
Wi

0101100
+21 0 -26 0 -81 8 +20 11 *
Fa
0  1e-07 18 0

0111000
+19 0 *
Ve
1e-07
-12 8.66025403784439 0
0 0

0101101
*
Ed
 1e-07 1 1 0
1  39 0 0 8
0

0101000
+80 0 -17 11 *
Ed
 1e-07 1 1 0
1  22 0 0 24
0

0101000
+17 0 -22 0 *
Wi

0101100
+16 0 -21 0 -79 8 +15 11 *
Fa
0  1e-07 19 0

0101000
+14 0 *
Ve
1e-07
-17 -2.48574693467007e-27 0
0 0

0101101
*
Ed
 1e-07 1 1 0
1  40 0 0 8
0

0101000
+78 0 -12 11 *
Ed
 1e-07 1 1 0
1  23 0 0 10
0

0101000
+12 0 -17 0 *
Wi

0101100
+11 0 -16 0 -77 8 +10 11 *
Fa
0  1e-07 20 0

0111000
+9 0 *
Ed
 1e-07 1 1 0
1  24 0 0 9.89999999999999
0

0101000
+44 0 -12 0 *
Wi

0101100
+43 0 -11 0 -76 8 +7 11 *
Fa
0  1e-07 21 0

0101000
+6 0 *
Wi

0101100
+7 0 +10 0 +15 0 +20 0 +25 0 -30 0 -35 0 -40 0 *
Fa
0  1e-07 22 0

0111000
-4 8 *
Sh

0101100
+121 0 +116 0 +111 0 +74 0 -71 4 +68 0 +65 0 +63 0 -59 0 -56 0 
-53 0 -50 0 -47 0 -45 0 -38 0 -33 0 -28 0 +23 0 +18 0 +13 0 
+8 0 +5 0 +3 10 *
So

0100000
+2 0 *

+1 0 ]]>
      </Part>
      <ElementMap new="1" count="1"><Element key="Dummy" value="Dummy"/></ElementMap>
      <ElementMap2 count="129">
<![CDATA[
8 PostfixCount 13
Edge
Face
Vertex
;:Hc28,V
;:Hc28,E
;:M;FUS;:Hc28:7,F
;:Hc28,F
;:M;FUS;:H-c2a:7,E
;:M;FUS;:H-c2a:7,V
;:M;FUS;:H-c2a:7,F
;:H-c2a,V
;:H-c2a,E
;:H-c2a,F

MapCount 1

ElementMap 1 8 3

Edge

ChildCount 0

NameCount 61
0
$#2d.5 0
$#2e.5 0
$#2.5 0
$#73.5 0
$#32.5 0
$#15.5 0
$#78.5 0
$#2f.5 0
$#11.5 0
$#74.5 0
$#14.5 0
$#12.5 0
$#13.5 0
$#17.5 0
$#1c.5 0
$#18.5 0
$#1b.5 0
$#19.5 0
$#1a.5 0
$#4a.8 0
$#49.8 0
$#48.8 0
$#47.8 0
$#46.8 0
$#3a.8 0
$#45.8 0
$#44.8 0
$#75.5 0
$#76.5 0
$#77.5 0
$#79.5 0
$#7a.5 0
$#7b.5 0
$#7c.5 0
$#7d.5 0
$#7e.5 0
$#31.5 0
$#30.5 0
$#33.5 0
$#34.5 0
$#38.5 0
$#35.5 0
$#37.5 0
$#36.5 0
$#57.8 0
$#5e.8 0
$#92.c 0
$#5d.8 0
$#91.c 0
$#5c.8 0
$#90.c 0
$#5b.8 0
$#8f.c 0
$#5a.8 0
$#8e.c 0
$#59.8 0
$#8d.c 0
$#58.8 0
$#8c.c 0
$#8b.c 0

Face

ChildCount 0

NameCount 24
0
$#20.7 0
$#25.7 0
$#21.7 0
$#1e.6 0
$#80.7 0
$#24.7 0
$#22.7 0
$#23.7 0
$#26.7 0
$#2b.7 0
$#27.7 0
$#2a.7 0
$#28.7 0
$#29.7 0
$#55.a 0
$#54.a 0
$#53.a 0
$#52.a 0
$#51.a 0
$#50.a 0
$#4f.a 0
$#4e.a 0
$#94.d 0

Vertex

ChildCount 0

NameCount 41
0
$#4.4 $#5f.4 0
$#61.4 0
$#5.4 $#62.4 0
$#63.4 0
$#9.4 $#6a.4 0
$#6b.4 0
$#6.4 $#64.4 0
$#65.4 0
$#8.4 $#68.4 0
$#7.4 $#66.4 0
$#b.4 0
$#c.4 0
$#10.4 0
$#d.4 0
$#f.4 0
$#e.4 0
$#3c.9 0
$#43.9 0
$#42.9 0
$#41.9 0
$#40.9 0
$#3f.9 0
$#3e.9 0
$#3d.9 0
$#67.4 0
$#69.4 0
$#6c.4 0
$#6d.4 0
$#6e.4 0
$#6f.4 0
$#70.4 0
$#71.4 0
$#82.b 0
$#89.b 0
$#88.b 0
$#87.b 0
$#86.b 0
$#85.b 0
$#84.b 0
$#83.b 0

EndMap
]]>
      </ElementMap2>
    </Property>
    <Property name="Suppress" type="App::PropertyBool">
      <Bool value="false"/>
    </Property>
    <Property name="SuppressedShape" type="Part::PropertyPartShape">
      <Part ElementMap="0.15.70200.4" brep="1">
<![CDATA[

CASCADE Topology V1, (c) Matra-Datavision
Locations 0
Curve2ds 0
Curves 0
Polygon3D 0
PolygonOnTriangulations 0
Surfaces 0
Triangulations 0

TShapes 0

*]]>
      </Part>
      <ElementMap/>
    </Property>
    <Property name="TaperAngle" type="App::PropertyAngle">
      <Float value="0"/>
    </Property>
    <Property name="TaperAngleRev" type="App::PropertyAngle">
      <Float value="0"/>
    </Property>
    <Property name="TaperInnerAngle" type="App::PropertyAngle">
      <Float value="0"/>
    </Property>
    <Property name="TaperInnerAngleRev" type="App::PropertyAngle">
      <Float value="0"/>
    </Property>
    <Property name="TreeRank" type="App::PropertyInteger" status="2184">
      <Integer value="21"/>
    </Property>
    <Property name="Type" type="App::PropertyEnumeration">
      <Integer value="0"/>
    </Property>
    <Property name="UpToFace" type="App::PropertyLinkSub">
      <LinkSub value="" count="0">
      </LinkSub>
    </Property>
    <Property name="UseCustomVector" type="App::PropertyBool">
      <Bool value="false"/>
    </Property>
    <Property name="UsePipeForDraft" type="App::PropertyBool">
      <Bool value="false"/>
    </Property>
    <Property name="ValidateShape" type="App::PropertyBool">
      <Bool value="false"/>
    </Property>
    <Property name="Visibility" type="App::PropertyBool" status="648">
      <Bool value="false"/>
    </Property>
    <Property name="_ProfileBasedVersion" type="App::PropertyInteger" status="67108864">
      <Integer value="1"/>
    </Property>
    <Property name="_Siblings" type="App::PropertyLinkList" status="218103808">
      <LinkList count="0">
      </LinkList>
    </Property>
  </Properties>
</Object>
</Document>
