<?xml version='1.0' encoding='utf-8'?>
<!-- FreeCAD DocumentObject -->
<Document SchemaVersion="4" FileVersion="2">
<Object name="Body" Extensions="True">
  <Extensions Count="1">
    <Extension type="App::OriginGroupExtension" name="OriginGroupExtension">
    </Extension>
  </Extensions>
  <Properties Count="21" TransientCount="2">
    <_Property name="_ElementMapVersion" type="App::PropertyString" status="234881024"/>
    <_Property name="_GroupTouched" type="App::PropertyBool" status="100663425"/>
    <Property name="AutoGroupSolids" type="App::PropertyBool" status="134217728">
      <Bool value="false"/>
    </Property>
    <Property name="BaseFeature" type="App::PropertyLink">
      <Link value=""/>
    </Property>
    <Property name="ClaimAllChildren" type="App::PropertyBool" status="8">
      <Bool value="false"/>
    </Property>
    <Property name="ColoredElements" type="App::PropertyLinkSubHidden" status="218103808">
      <LinkSub value="" count="0">
      </LinkSub>
    </Property>
    <Property name="ExportMode" type="App::PropertyEnumeration" status="8">
      <Integer value="0"/>
    </Property>
    <Property name="ExpressionEngine" type="App::PropertyExpressionEngine" status="67108864">
      <ExpressionEngine count="0"></ExpressionEngine>
    </Property>
    <Property name="FixShape" type="App::PropertyEnumeration">
      <Integer value="0"/>
    </Property>
    <Property name="Group" type="App::PropertyLinkList">
      <LinkList count="10">
        <Link value="Sketch"/>
        <Link value="Sketch001"/>
        <Link value="Pad"/>
        <Link value="Sketch002"/>
        <Link value="Pad001"/>
        <Link value="Sketch003"/>
        <Link value="Sketch004"/>
        <Link value="Pad003"/>
        <Link value="Chamfer"/>
        <Link value="Pad002"/>
      </LinkList>
    </Property>
    <Property name="InvalidShape" type="App::PropertyBool" status="67108864">
      <Bool value="false"/>
    </Property>
    <Property name="Label" type="App::PropertyString" status="134217728">
      <String value="Body"/>
    </Property>
    <Property name="Label2" type="App::PropertyString" status="128">
      <String value=""/>
    </Property>
    <Property name="Origin" type="App::PropertyLink" status="67108864">
      <Link value="Origin001"/>
    </Property>
    <Property name="Placement" type="App::PropertyPlacement" status="8388608">
      <PropertyPlacement Px="0" Py="0" Pz="0" Q0="0" Q1="0" Q2="0" Q3="1" A="0" Ox="0" Oy="0" Oz="1"/>
    </Property>
    <Property name="Shape" type="Part::PropertyPartShape">
      <Part HasherIndex="0" ElementMap="1.15.70200.4" brep="1">
<![CDATA[

CASCADE Topology V1, (c) Matra-Datavision
Locations 36
1
              1               0               0               0 
              0               1               0               0 
              0               0               1               0 
1
              1               0               0               0 
              0               1               0               0 
              0               0               1               0 
1
              1               0               0               0 
              0               1               0               0 
              0               0               1               0 
2  2 1 3 1 0
2  2 -1 0
1
              1               0               0               0 
              0               1               0               0 
              0               0               1               0 
1
4.44089209850063e-16 -3.33066907387547e-16               1               0 
              1 3.33066907387547e-16 -4.44089209850063e-16               0 
-3.33066907387547e-16               1 3.33066907387547e-16               0 
1
              1               0               0             1.5 
              0               1               0 -4.9960036108132e-16 
              0               0               1 4.9960036108132e-16 
2  6 1 7 1 8 1 2 1 0
2  3 -1 2 -1 8 -1 7 -1 6 -1 0
2  3 -1 0
2  3 -1 2 -1 0
2  6 1 7 1 8 1 0
2  6 1 7 1 2 1 0
2  3 -1 2 -1 7 -1 6 -1 0
1
              1               0               0             2.5 
              0               1               0 -8.32667268468867e-16 
              0               0               1 9.71445146547012e-16 
2  16 1 2 1 3 1 0
1
              1               0               0               0 
              0               1               0               0 
              0               0               1               0 
1
2.22044604925031e-16 -3.33066907387547e-16               1               0 
              1 3.33066907387547e-16 -2.22044604925031e-16               0 
-3.33066907387547e-16               1 3.33066907387547e-16               0 
2  18 1 19 1 16 1 2 1 3 1 0
2  3 -1 2 -1 16 -1 19 -1 18 -1 0
2  18 1 19 1 2 1 3 1 0
2  3 -1 2 -1 19 -1 18 -1 0
2  6 1 7 1 0
2  18 1 19 1 0
2  18 1 19 1 16 1 0
1
              1               0               0            -1.2 
              0               1               0 3.99680288865056e-16 
              0               0               1 -4.66293670342566e-16 
1
              1               0               0             3.7 
              0               1               0 -1.23234755733392e-15 
              0               0               1 1.43773881688958e-15 
2  27 1 28 1 0
1
              1               0               0               0 
              0               1               0               0 
              0               0               1               0 
1
2.22044604925031e-16 -3.33066907387547e-16               1               0 
              1 3.33066907387547e-16 -2.22044604925031e-16               0 
-3.33066907387547e-16               1 3.33066907387547e-16               0 
2  30 1 31 1 27 1 28 1 0
2  28 -1 27 -1 31 -1 30 -1 0
2  30 1 31 1 27 1 0
2  27 -1 31 -1 30 -1 0
2  30 1 31 1 0
Curve2ds 0
Curves 242
1 19.570977032493161 5.976132267435518 -2.412309165298805e-31 0.93969262078591065 0.3420201433256625 -1.1582605804104474e-32 
8 -1.8667619023324826 -1.0323759005323596
1 0.18000000000000904 20.820768218138426 6.4310190580586433 -0.70710678118654657 0.66446302438867733 0.2418447626479707 
1 -3.1999999999999935 19.570977032493204 5.9761322674355126 1 -3.3306690738754681e-16 3.3306690738754681e-16 
1 6.8828428911389462e-15 20.134792604964705 6.1813443534309132 1 -3.3306690738754681e-16 3.3306690738754681e-16 
1 2.4999999999999987 10.791543898008831 2.7806799327528591 1.1391559140172388e-16 -0.93969262078591076 -0.34202014332566222 
1 -1.2014288487179792e-15 10.791543898008831 2.7806799327528595 1.1391559140172388e-16 -0.93969262078591076 -0.34202014332566222 
1 -3.1999999999999922 23.329747515636804 7.3442128407381713 1 -3.3306690738754681e-16 3.3306690738754681e-16 
1 1.5000000000000067 19.580373958701024 5.9795524688687669 -4.6486797030236217e-16 -0.34202014332566588 0.93969262078590943 
1 19.023744803172089 7.479640460692969 -2.3448575853318771e-31 0.3420201433256701 -0.93969262078590787 -4.2157237479329876e-33 
1 19.58756037564364 7.6848525466883766 -2.4143532201565046e-31 -0.9396926207859061 -0.34202014332567499 1.1582605804104418e-32 
1 0.91000000000000691 20.134792604964712 6.1813443534309096 -4.6486797030236217e-16 -0.34202014332566588 0.93969262078590943 
8 -3.2809754647055942 -2.446589462905481
1 -0.81999999999999962 21.213228609603277 8.2765473946417778 -0.70710678118654668 0.66446302438867577 0.24184476264797555 
1 2.4999999999999956 17.569471719224513 11.475222920559556 -3.129805151000613e-16 -0.34202014332566977 0.93969262078590798 
1 -3.1999999999999944 19.023744803172104 7.4796404606929627 1 -3.3306690738754681e-16 3.3306690738754681e-16 
1 20.134792604964709 6.1813443534309158 -2.4818048001234316e-31 -0.34202014332566621 0.93969262078590932 4.2157237479329397e-33 
1 6.1390541386551494e-15 19.587560375643605 7.6848525466883739 1 -3.3306690738754681e-16 3.3306690738754681e-16 
1 -40.720473982822533 19.568801144890831 -5.0191859323621855e-31 0.90630778703665049 -0.42261826174069839 1.1171105957665356e-32 
1 -40.720473982822533 19.568801144890831 -5.0191859323621855e-31 -0.42261826174070005 -0.90630778703664971 -5.2091722581202895e-33 
1 -21.28017195088638 10.50363943055285 -2.6229837044429663e-31 0.98480775301220813 -0.17364817766693039 1.2138692742341871e-32 
1 -22.493374262864101 6.6558532836694182 -2.7725224347621802e-31 -0.90630778703665005 0.42261826174069933 -1.117110595766535e-32 
1 -1.5840168906422214 7.030675877214243 -1.9524515597459265e-32 0.99619469809174555 0.087155742747658319 1.2279047676766024e-32 
1 -22.493374262864101 6.6558532836694182 -2.7725224347621802e-31 0.98480775301220813 -0.17364817766693016 1.2138692742341871e-32 
1 38.496283787050423 16.110122806503021 4.7450333243589846e-31 -0.93969262078590809 -0.34202014332566943 -1.1582605804104299e-32 
1 -7.5 4.0121168692665874 -9.2444637330587157e-32 0 -1 0 
1 38.496283787050423 16.110122806503021 4.7450333243589846e-31 0.34202014332566871 -0.93969262078590843 4.2157237479329178e-33 
1 -7.5 1.3 -9.2444637330587157e-32 1 0 1.2325951644078288e-32 
1 39.864364360353093 12.3513523233594 4.913662274276301e-31 -0.93969262078590809 -0.34202014332566977 -1.1582605804104299e-32 
1 7.5 3.8101450242500596 9.2444637330587157e-32 0 -1 0 
1 19.213106122531698 4.8349090246476809 2.3681981699887018e-31 -0.99619469809174555 -0.08715574274765861 -1.2279047676766024e-32 
1 2.4999999999999951 21.601858317028743 12.091549397233495 3.129805151000615e-16 0.34202014332566799 -0.93969262078590865 
1 2.4999999999999982 12.123696910259657 4.9682284126616043 -1.1391559140172617e-16 0.93969262078590843 0.3420201433256691 
1 2.4999999999999973 14.200343862534682 7.8992761843316277 3.3179948724928874e-16 0.087155742747658194 -0.99619469809174555 
1 2.4999999999999982 6.7103488525009993 4.6946883463697553 2.9028693698029303e-17 -0.99619469809174499 -0.087155742747664688 
1 2.4999999999999973 18.185122654901733 8.2478991553223153 3.317994872492886e-16 0.087155742747661857 -0.99619469809174521 
1 2.4999999999999982 8.5632890602882519 6.462911348811943 -2.9028693698027127e-17 0.99619469809174566 0.087155742747658152 
1 2.4999999999999982 -1.1994189810108542 5.608785069884898 2.9028693698026874e-17 -0.99619469809174566 -0.087155742747657403 
1 2.4999999999999973 -1.4100180218945972 7.3366023559415785 -3.3179948724928874e-16 -0.087155742747657861 0.99619469809174555 
1 2.4999999999999982 -1.059969792614619 4.0148735529381048 2.9028693698024656e-17 -0.99619469809174621 -0.087155742747650741 
1 2.4999999999999978 2.5747607704724342 7.6852253269322137 -3.3179948724928874e-16 -0.08715574274765793 0.99619469809174566 
1 2.4999999999999938 35.987447086628364 18.178817729742612 -3.1298051510006179e-16 -0.3420201433256661 0.93969262078590943 
1 2.4999999999999973 17.573914110817871 6.9519452439504512 1.1391559140172624e-16 -0.93969262078590821 -0.34202014332566932 
1 2.4999999999999947 32.502292718145149 16.05898305981124 3.1298051510006125e-16 0.34202014332567038 -0.93969262078590787 
1 2.4999999999999973 20.000531581710856 6.1324773373442563 -1.1391559140172792e-16 0.93969262078590632 0.34202014332567438 
1 2.4999999999999973 -5.6687693152920851 8.0517297428618022 -3.280068726670553e-16 0.17364817766693097 0.98480775301220802 
1 2.4999999999999982 -2.3192850461622618 4.0632723248366442 5.7836461509005705e-17 0.98480775301220913 -0.17364817766692409 
1 2.4999999999999973 -1.7295383032431757 7.3571370321940659 -3.2800687266705525e-16 0.17364817766693111 0.98480775301220791 
1 2.4999999999999982 -2.0414479618951891 5.6389647296561805 5.7836461509007924e-17 0.98480775301220802 -0.17364817766693075 
1 2.4999999999999973 -17.231457792367117 9.2782024013884037 3.2800687266705525e-16 -0.17364817766693172 -0.98480775301220791 
1 2.4999999999999973 -11.692563941414829 7.3407168707921002 -5.7836461509007825e-17 -0.98480775301220802 0.17364817766693044 
1 2.499999999999996 -21.170688804415995 9.9727951120561542 3.2800687266705525e-16 -0.17364817766693219 -0.9848077530122078 
1 2.4999999999999973 -11.970401025681944 5.7650244659725107 -5.7836461509009884e-17 -0.98480775301220702 0.17364817766693663 
1 2.4999999999999982 -15.37676212161205 6.1509362354391151 -1.4076015744347569e-16 -0.90630778703664994 0.42261826174069966 
1 2.4999999999999947 -23.894263399180751 14.835748878081862 -3.0186113176955506e-16 0.42261826174065725 0.90630778703666959 
1 2.4999999999999982 -16.052951340397087 4.7008437761804887 -1.4076015744347374e-16 -0.9063077870366526 0.42261826174069378 
1 2.4999999999999956 -20.269032251033678 13.145275831119431 -3.0186113176954851e-16 0.42261826174069966 0.90630778703664994 
1 2.4999999999999964 -22.445962860497893 9.4473586770165454 -1.4076015744347589e-16 -0.9063077870366496 0.42261826174070022 
1 2.499999999999992 -38.032664876952012 21.428593761237135 -3.0186113176954856e-16 0.42261826174069916 0.90630778703665005 
1 2.4999999999999969 -23.122152079283001 7.9972662177579172 -1.4076015744347564e-16 -0.90630778703664994 0.4226182617406995 
1 2.4999999999999938 -34.745528338197516 19.013074484645561 3.0186113176954294e-16 -0.42261826174073563 -0.90630778703663317 
1 -40.720473982822533 19.568801144890831 -5.0191859323621855e-31 0.90630778703665049 -0.42261826174069839 1.1171105957665356e-32 
1 -40.720473982822533 19.568801144890831 -5.0191859323621855e-31 -0.42261826174070005 -0.90630778703664971 -5.2091722581202895e-33 
1 -21.28017195088638 10.50363943055285 -2.6229837044429663e-31 0.98480775301220813 -0.17364817766693039 1.2138692742341871e-32 
1 -22.493374262864101 6.6558532836694182 -2.7725224347621802e-31 -0.90630778703665005 0.42261826174069933 -1.117110595766535e-32 
1 -1.5840168906422214 7.030675877214243 -1.9524515597459265e-32 0.99619469809174555 0.087155742747658319 1.2279047676766024e-32 
1 -22.493374262864101 6.6558532836694182 -2.7725224347621802e-31 0.98480775301220813 -0.17364817766693016 1.2138692742341871e-32 
1 38.496283787050423 16.110122806503021 4.7450333243589846e-31 -0.93969262078590809 -0.34202014332566943 -1.1582605804104299e-32 
1 -7.5 4.0121168692665874 -9.2444637330587157e-32 0 -1 0 
1 38.496283787050423 16.110122806503021 4.7450333243589846e-31 0.34202014332566871 -0.93969262078590843 4.2157237479329178e-33 
1 -7.5 1.3 -9.2444637330587157e-32 1 0 1.2325951644078288e-32 
1 39.864364360353093 12.3513523233594 4.913662274276301e-31 -0.93969262078590809 -0.34202014332566977 -1.1582605804104299e-32 
1 7.5 3.8101450242500596 9.2444637330587157e-32 0 -1 0 
1 19.213106122531698 4.8349090246476809 2.3681981699887018e-31 -0.99619469809174555 -0.08715574274765861 -1.2279047676766024e-32 
1 -1.2014288487179792e-15 10.791543898008831 2.7806799327528595 1.1391559140172388e-16 -0.93969262078591076 -0.34202014332566222 
1 -4.5188293733883014e-15 21.601858317028746 12.091549397233493 3.129805151000615e-16 0.34202014332566799 -0.93969262078590865 
1 -1.6738578657230416e-15 12.123696910259659 4.9682284126616043 -1.1391559140172617e-16 0.93969262078590843 0.3420201433256691 
1 -1.6738578657230416e-15 12.123696910259659 4.9682284126616043 -1.1391559140172617e-16 0.93969262078590843 0.3420201433256691 
1 -4.290998190584852e-15 17.569471719224516 11.475222920559556 -3.129805151000613e-16 -0.34202014332566977 0.93969262078590798 
1 -3.007314620830416e-15 14.200343862534682 7.8992761843316259 3.3179948724928874e-16 0.087155742747658194 -0.99619469809174555 
1 -1.9399724601887103e-15 6.7103488525010002 4.6946883463697553 2.9028693698029303e-17 -0.99619469809174499 -0.087155742747664688 
1 -1.9399724601887103e-15 6.7103488525010002 4.6946883463697553 2.9028693698029303e-17 -0.99619469809174499 -0.087155742747664688 
1 -3.0653720082264833e-15 18.185122654901733 8.2478991553223135 3.317994872492886e-16 0.087155742747661857 -0.99619469809174521 
1 -1.9833674450631304e-15 8.5632890602882519 6.4629113488119421 -2.9028693698027127e-17 0.99619469809174566 0.087155742747658152 
1 -1.9833674450631304e-15 8.5632890602882519 6.4629113488119421 -2.9028693698027127e-17 0.99619469809174566 0.087155742747658152 
1 -1.7613228401381002e-15 -1.199418981010854 5.6087850698848971 2.9028693698026874e-17 -0.99619469809174566 -0.087155742747657403 
1 -1.7613228401381002e-15 -1.199418981010854 5.6087850698848971 2.9028693698026874e-17 -0.99619469809174566 -0.087155742747657403 
1 -2.7808908099858056e-15 -1.4100180218945964 7.3366023559415776 -3.3179948724928874e-16 -0.087155742747657861 0.99619469809174555 
1 -1.7179278552636999e-15 -1.0599697926146185 4.0148735529381039 2.9028693698024656e-17 -0.99619469809174621 -0.087155742747650741 
1 -1.7179278552636999e-15 -1.0599697926146185 4.0148735529381039 2.9028693698024656e-17 -0.99619469809174621 -0.087155742747650741 
1 -2.3948589875317976e-15 2.5747607704724351 7.6852253269322119 -3.3179948724928874e-16 -0.08715574274765793 0.99619469809174566 
1 -6.073504801096843e-15 35.987447086628364 18.178817729742608 -3.1298051510006179e-16 -0.3420201433256661 0.93969262078590943 
1 -2.7840808903481956e-15 17.573914110817871 6.9519452439504512 1.1391559140172624e-16 -0.93969262078590821 -0.34202014332566932 
1 -2.7840808903481956e-15 17.573914110817871 6.9519452439504512 1.1391559140172624e-16 -0.93969262078590821 -0.34202014332566932 
1 -5.1795398035183171e-15 32.502292718145149 16.05898305981124 3.1298051510006125e-16 0.34202014332567038 -0.93969262078590787 
1 -2.5336964782681162e-15 20.000531581710856 6.1324773373442545 -1.1391559140172792e-16 0.93969262078590632 0.34202014332567438 
1 -2.5336964782681162e-15 20.000531581710856 6.1324773373442545 -1.1391559140172792e-16 0.93969262078590632 0.34202014332567438 
1 -2.6757281268391966e-15 -5.6687693152920851 8.0517297428618022 -3.280068726670553e-16 0.17364817766693097 0.98480775301220802 
1 -1.7253833705222991e-15 -2.3192850461622614 4.0632723248366442 5.7836461509005705e-17 0.98480775301220913 -0.17364817766692409 
1 -1.7253833705222991e-15 -2.3192850461622614 4.0632723248366442 5.7836461509005705e-17 0.98480775301220913 -0.17364817766692409 
1 -2.7820998087462097e-15 -1.7295383032431748 7.3571370321940641 -3.2800687266705525e-16 0.17364817766693111 0.98480775301220791 
1 -2.2098334735809753e-15 -2.0414479618951891 5.6389647296561796 5.7836461509007924e-17 0.98480775301220802 -0.17364817766693075 
1 -2.2098334735809753e-15 -2.0414479618951891 5.6389647296561796 5.7836461509007924e-17 0.98480775301220802 -0.17364817766693075 
1 -3.011179603591441e-15 -17.231457792367117 9.2782024013884037 3.2800687266705525e-16 -0.17364817766693172 -0.98480775301220791 
1 -2.8759672883560697e-15 -11.692563941414827 7.3407168707920984 -5.7836461509007825e-17 -0.98480775301220802 0.17364817766693044 
1 -2.8759672883560697e-15 -11.692563941414827 7.3407168707920984 -5.7836461509007825e-17 -0.98480775301220802 0.17364817766693044 
1 -3.7929863413845542e-15 -21.170688804415992 9.9727951120561524 3.2800687266705525e-16 -0.17364817766693219 -0.9848077530122078 
1 -2.3915171852973749e-15 -11.970401025681944 5.7650244659725089 -5.7836461509009884e-17 -0.98480775301220702 0.17364817766693663 
1 -2.3915171852973749e-15 -11.970401025681944 5.7650244659725089 -5.7836461509009884e-17 -0.98480775301220702 0.17364817766693663 
1 -1.9373104878115317e-15 -15.37676212161205 6.1509362354391151 -1.4076015744347569e-16 -0.90630778703664994 0.42261826174069966 
1 -1.9373104878115317e-15 -15.37676212161205 6.1509362354391151 -1.4076015744347569e-16 -0.90630778703664994 0.42261826174069966 
1 -5.2740233857868823e-15 -23.894263399180751 14.835748878081862 -3.0186113176955506e-16 0.42261826174065725 0.90630778703666959 
1 -1.9178661873209377e-15 -16.052951340397083 4.7008437761804878 -1.4076015744347374e-16 -0.9063077870366526 0.42261826174069378 
1 -1.9178661873209377e-15 -16.052951340397083 4.7008437761804878 -1.4076015744347374e-16 -0.9063077870366526 0.42261826174069378 
1 -4.3263692561249648e-15 -20.269032251033678 13.145275831119429 -3.0186113176954851e-16 0.42261826174069966 0.90630778703664994 
1 -3.4916227222867473e-15 -22.445962860497893 9.4473586770165454 -1.4076015744347589e-16 -0.9063077870366496 0.42261826174070022 
1 -3.4916227222867473e-15 -22.445962860497893 9.4473586770165454 -1.4076015744347589e-16 -0.9063077870366496 0.42261826174070022 
1 -7.482175638471274e-15 -38.032664876952012 21.428593761237131 -3.0186113176954856e-16 0.42261826174069916 0.90630778703665005 
1 -3.0280892119460812e-15 -23.122152079283001 7.9972662177579164 -1.4076015744347564e-16 -0.90630778703664994 0.4226182617406995 
1 -3.0280892119460812e-15 -23.122152079283001 7.9972662177579164 -1.4076015744347564e-16 -0.90630778703664994 0.4226182617406995 
1 -6.3124769038843788e-15 -34.745528338197516 19.013074484645557 3.0186113176954294e-16 -0.42261826174073563 -0.90630778703663317 
1 -3.1999999999999931 22.782515286315803 8.8477210339956507 1 -3.3306690738754681e-16 3.3306690738754681e-16 
1 -1.5559481636486521e-14 -40.720473982822526 19.568801144890845 1 -3.3306690738754696e-16 3.8857805861880479e-16 
1 -8.2235620750194315e-15 -21.280171950886377 10.503639430552857 1 -3.3306690738754696e-16 3.8857805861880479e-16 
1 -1.4727397529257597e-14 -42.410947029785326 15.943569996744245 1 -3.3306690738754696e-16 3.8857805861880479e-16 
1 -2.693407875945205e-15 -1.584016890642219 7.0306758772142439 1 -3.3306690738754696e-16 3.8857805861880479e-16 
1 -7.2113768708455483e-15 -22.493374262864098 6.6558532836694253 1 -3.3306690738754696e-16 3.8857805861880479e-16 
1 1.1500114134181008e-15 18.339877071192692 8.773790732167404 1 -3.3306690738754696e-16 3.8857805861880479e-16 
1 -3.001637894661764e-15 -7.4999999999999982 4.0121168692665901 1 -3.3306690738754696e-16 3.8857805861880479e-16 
1 3.1821433437819501e-15 38.49628378705043 16.110122806503007 1 -3.3306690738754696e-16 3.8857805861880479e-16 
1 -2.0983215165415457e-15 -7.5 1.3000000000000023 1 -3.3306690738754696e-16 3.8857805861880479e-16 
1 4.7378403145867935e-15 39.8643643603531 12.351352323359388 1 -3.3306690738754696e-16 3.8857805861880479e-16 
1 7.5 1.3 9.2444637330587157e-32 0 -1 0 
1 7.5 -2.4000000000000004 9.2444637330587157e-32 -1 2.9605947323337507e-17 -1.2325951644078288e-32 
1 -7.5 1.3 -9.2444637330587157e-32 0 -1 0 
1 2.6558183620207072e-15 19.213106122531698 4.8349090246476747 1 -3.3306690738754696e-16 3.8857805861880479e-16 
1 3.9630131701271757e-16 7.5000000000000009 3.810145024250057 1 -3.3306690738754696e-16 3.8857805861880479e-16 
1 1.2323475573339237e-15 7.5 1.2999999999999978 1 -3.3306690738754696e-16 3.8857805861880479e-16 
1 -3.1999999999999962 14.282235166191404 6.9632543003941949 1 -3.3306690738754681e-16 3.3306690738754681e-16 
1 -3.1999999999999957 14.421684354587603 5.369342783447375 1 -3.3306690738754681e-16 3.3306690738754681e-16 
1 6.0216241311061899e-15 17.808746328099602 5.6656723087894436 1 -3.3306690738754681e-16 3.3306690738754681e-16 
8 2.4465894629054641 3.2809754647056009
1 -0.82000000000001028 16.085329500400903 5.514892873835981 0.70710678118654835 0.70441602640275758 0.061628416716224155 
1 17.80874632809963 5.6656723087894498 -2.1950974608181552e-31 0.99619469809174532 0.08715574274766115 -1.2279047676766175e-32 
1 -3.199999999999994 18.406463146954703 5.7179657544380431 1 -3.3306690738754681e-16 3.3306690738754681e-16 
1 -3.1999999999999944 18.267013958558405 7.3118772713848328 1 -3.3306690738754681e-16 3.3306690738754681e-16 
1 18.4064631469547 5.7179657544380484 -2.268771746878755e-31 -0.08715574274766219 0.99619469809174521 1.0742774706114244e-33 
1 18.26701395855844 7.3118772713848399 -2.2515833073489724e-31 -0.99619469809174566 -0.087155742747656736 1.2279047676766179e-32 
8 1.0323759005323669 1.8667619023324813
1 0.1800000000000096 16.942075010096403 7.1959601335304475 0.70710678118654835 0.70441602640275802 0.061628416716219533 
1 5.4288170716182285e-15 17.669297139703403 7.2595838257362342 1 -3.3306690738754681e-16 3.3306690738754681e-16 
1 -1.258402124039768 5.6036247135307393 1.551100372971978e-32 0.99619469809174543 0.08715574274766015 -1.2279047676766176e-32 
8 -1.8667619023324753 -1.0323759005323485
1 0.18000000000000593 0.066536824422277319 5.7195418513851255 -0.70710678118654724 0.70441602640275913 0.061628416716218583 
1 -3.2000000000000024 -1.2584021240397671 5.6036247135307393 1 -3.3306690738754681e-16 3.3306690738754681e-16 
1 -2.1772023848539482e-15 -0.66068530518469015 5.6559181591793397 1 -3.3306690738754681e-16 3.3306690738754681e-16 
1 -3.2000000000000011 2.7263766683272626 5.9522476845213683 1 -3.3306690738754681e-16 3.3306690738754681e-16 
1 -3.200000000000002 -1.1189529356435175 4.0097131965839488 1 -3.3306690738754681e-16 3.3306690738754681e-16 
1 -1.1189529356435151 4.0097131965839479 1.3792159776741583e-32 -0.087155742747658194 0.99619469809174555 1.0742774706113752e-33 
1 -0.52123611678843895 4.0620066422325456 6.4247311706815212e-33 -0.99619469809174555 -0.087155742747658679 1.2279047676766178e-32 
8 -1.8667619023324711 -1.0323759005323452
1 0.18000000000000926 0.20598601281852791 4.1256303344383252 -0.70710678118654724 0.70441602640275958 0.061628416716213878 
1 -1.5843953253659628e-15 -0.52123611678843762 4.06200664223255 1 -3.3306690738754681e-16 3.3306690738754681e-16 
1 -3.2000000000000002 2.8658258567235224 4.3583361675745582 1 -3.3306690738754681e-16 3.3306690738754681e-16 
1 -3.1999999999999877 37.988952399897009 12.679727076618585 1 -3.3306690738754681e-16 3.3306690738754681e-16 
1 -3.1999999999999882 37.441720170575906 14.183235269876086 1 -3.3306690738754681e-16 3.3306690738754681e-16 
1 37.988952399896959 12.679727076618621 -4.6824999029032756e-31 -0.34202014332566644 0.93969262078590932 4.2157237479329424e-33 
1 1.1721462560651553e-14 36.877904598104308 13.978023183880687 1 -3.3306690738754681e-16 3.3306690738754681e-16 
8 2.4465894629054645 3.2809754647056
1 -0.82000000000000861 35.252236364144707 13.386328335927248 0.70710678118654891 0.66446302438867322 0.2418447626479755 
1 37.441720170575891 14.18323526987608 -4.6150483229363481e-31 -0.93969262078590643 -0.34202014332567449 1.1582605804104422e-32 
1 -3.1999999999999895 33.682949687432206 12.815154696573387 1 -3.3306690738754681e-16 3.3306690738754681e-16 
1 -3.1999999999999886 34.23018191675331 11.311646503315888 1 -3.3306690738754681e-16 3.3306690738754681e-16 
1 37.425136827425398 12.474514990623209 -4.6130042680786467e-31 0.93969262078590643 0.34202014332567449 -1.1582605804104422e-32 
8 1.0323759005323492 1.8667619023324762
1 0.1800000000000147 36.739161214251702 12.224840285995457 0.70710678118654891 0.66446302438867189 0.24184476264797908 
1 1.2465251313135362e-14 37.425136827425405 12.474514990623188 1 -3.3306690738754681e-16 3.3306690738754681e-16 
1 -3.2000000000000046 -6.2498363951777076 4.7563345767280909 1 -3.3306690738754681e-16 3.3306690738754681e-16 
1 -3.2000000000000051 -5.9719993109106175 6.3320269815476511 1 -3.3306690738754681e-16 3.3306690738754681e-16 
1 -2.3106053831288 4.0617418660603963 2.8480410220992926e-32 -0.98480775301221002 0.1736481776669197 1.2138692742342046e-32 
8 -1.8667619023324729 -1.0323759005323454
1 0.18000000000000671 -3.6203996946350512 4.2926939423573982 -0.70710678118654757 -0.69636424032001976 0.12278780396896823 
1 -3.2000000000000024 -2.3106053831287978 4.0617418660603901 1 -3.3306690738754681e-16 3.3306690738754681e-16 
1 -2.6760540958432898e-15 -2.9014900349361485 4.165930772660551 1 -3.3306690738754681e-16 3.3306690738754681e-16 
1 -3.2000000000000028 -2.0327682988617073 5.6374342708799201 1 -3.3306690738754681e-16 3.3306690738754681e-16 
1 -2.0327682988617108 5.6374342708799219 2.5055803755385041e-32 -0.17364817766693152 -0.98480775301220791 2.1403790410049399e-33 
1 -2.623652950669058 5.7416231774800766 3.2339019400790528e-32 0.98480775301221024 -0.17364817766691829 -1.2138692742342049e-32 
8 -1.8667619023324773 -1.0323759005323503
1 0.18000000000000305 -3.342562610367962 5.8683863471769406 -0.70710678118654757 -0.69636424032001887 0.12278780396897292 
1 -3.0774806408913603e-15 -2.623652950669058 5.741623177480081 1 -3.3306690738754681e-16 3.3306690738754681e-16 
1 -3.2000000000000108 -17.395769245852097 8.3463458424840233 1 -3.3306690738754681e-16 3.3306690738754681e-16 
1 -3.2000000000000104 -17.673606330119195 6.7706534376644649 1 -3.3306690738754681e-16 3.3306690738754681e-16 
1 -21.33500025790099 9.0409385531517561 2.6297418150528867e-31 0.98480775301220902 -0.17364817766692492 -1.2138692742342033e-32 
8 -1.8667619023324822 -1.0323759005323718
1 0.17999999999998872 -20.025205946394749 8.8099864768547391 -0.70710678118654724 0.69636424032001931 -0.12278780396897317 
1 -3.2000000000000126 -21.335000257900997 9.0409385531517561 1 -3.3306690738754681e-16 3.3306690738754681e-16 
1 -1.2188773475422202e-14 -20.744115606093697 8.9367496465516076 1 -3.3306690738754681e-16 3.3306690738754681e-16 
1 -3.2000000000000122 -21.612837342168095 7.4652461483322261 1 -3.3306690738754681e-16 3.3306690738754681e-16 
1 -21.33500025790099 9.0409385531517561 2.6297418150528867e-31 -0.1736481776669325 -0.98480775301220769 2.1403790410049519e-33 
1 -21.612837342168081 7.4652461483322297 2.6639878797089659e-31 0.98480775301220924 -0.17364817766692389 -1.2138692742342036e-32 
8 -1.8667619023324804 -1.0323759005323365
1 0.17999999999999305 -20.30304303066184 7.2342940720351994 -0.70710678118654724 0.69636424032001853 -0.12278780396897755 
1 -1.1787346930374091e-14 -21.021952690360695 7.3610572417320768 1 -3.3306690738754681e-16 3.3306690738754681e-16 
1 -1.3217740445091232e-14 -22.618014660039698 9.5275877487422669 1 -3.3306690738754681e-16 3.3306690738754681e-16 
8 2.4465894629054916 3.280975464705612
1 -0.82000000000003503 -24.185927131613141 10.25871734155368 0.70710678118654735 0.64085638205578876 -0.29883623873012 
1 -22.618014660039719 9.5275877487422562 2.7878855498470686e-31 0.90630778703665138 -0.42261826174069639 -1.1171105957665506e-32 
1 -3.2000000000000153 -25.699461135964395 10.964489838660707 1 -3.3306690738754681e-16 3.3306690738754681e-16 
1 -3.2000000000000131 -22.074229987817695 9.2740167916978447 1 -3.3306690738754681e-16 3.3306690738754681e-16 
1 -3.2000000000000153 -26.375650354749496 9.5143973794019772 1 -3.3306690738754681e-16 3.3306690738754681e-16 
1 -1.3035050970139363e-14 -23.294203878824796 8.0774952894836378 1 -3.3306690738754681e-16 3.3306690738754681e-16 
8 2.4465894629054685 3.2809754647055818
1 -0.82000000000001216 -24.862116350398253 8.8086248822950193 0.70710678118654735 0.64085638205579076 -0.29883623873011589 
1 -22.750419206602849 7.8239243324392067 2.8042056702310012e-31 -0.90630778703664683 0.42261826174070616 1.117110595766545e-32 
1 -3.2000000000000131 -22.750419206602796 7.8239243324392067 1 -3.3306690738754681e-16 3.3306690738754681e-16 
1 -22.074229987817731 9.2740167916978393 2.7208589141010757e-31 -0.42261826174070105 -0.90630778703664927 5.2091722581203669e-33 
1 -39.837862613736071 17.55733472181555 4.910395681803512e-31 0.90630778703664916 -0.42261826174070133 -1.1171105957665479e-32 
8 -1.8667619023324995 -1.0323759005323758
1 0.17999999999997562 -38.63247325697732 16.995252433700422 -0.70710678118654569 0.6408563820557901 -0.29883623873012133 
1 -3.2000000000000237 -39.837862613736092 17.557334721815515 1 -3.3306690738754681e-16 3.3306690738754681e-16 
1 -2.3213387108130785e-14 -39.29407794151409 17.303763764771116 1 -3.3306690738754681e-16 3.3306690738754681e-16 
1 -3.2000000000000215 -36.212631465589396 15.866861674852711 1 -3.3306690738754681e-16 3.3306690738754681e-16 
1 -3.2000000000000237 -40.51405183252119 16.107242262556912 1 -3.3306690738754681e-16 3.3306690738754681e-16 
1 -40.51405183252119 16.107242262556909 4.9937424379334375e-31 0.42261826174069889 0.90630778703665016 -5.2091722581203402e-33 
1 -40.51405183252119 16.107242262556909 4.9937424379334375e-31 0.90630778703663517 -0.42261826174073108 -1.1171105957665307e-32 
8 -1.8667619023324828 -1.0323759005323603
1 0.17999999999998995 -39.308662475762425 15.545159974441777 -0.70710678118654569 0.64085638205579032 -0.29883623873012077 
1 -2.3030697633178926e-14 -39.970267160299194 15.853671305512512 1 -3.3306690738754681e-16 3.3306690738754681e-16 
1 -3.2000000000000215 -36.888820684374593 14.41676921559411 1 -3.3306690738754681e-16 3.3306690738754681e-16 
1 -7.5 1.3 -9.2444637330587157e-32 1 0 1.2325951644078288e-32 
1 -1.1999999999999986 7.5 1.2999999999999972 1 -3.3306690738754701e-16 3.8857805861880479e-16 
1 -1.200000000000002 -7.5 1.300000000000002 1 -3.3306690738754701e-16 3.8857805861880479e-16 
1 17.669297139703371 7.2595838257362439 -2.1779090212883726e-31 0.087155742747662038 -0.99619469809174521 -1.0742774706114226e-33 
1 -0.66068530518469193 5.6559181591793379 8.1435751236597193e-33 0.087155742747658138 -0.99619469809174555 -1.0742774706113745e-33 
1 36.87790459810433 13.978023183880669 -4.5455526881117193e-31 0.34202014332566644 -0.93969262078590932 -4.2157237479329424e-33 
1 -2.623652950669058 5.7416231774800766 3.2339019400790528e-32 -0.17364817766693164 -0.98480775301220791 2.1403790410049413e-33 
1 -20.744115606093661 8.9367496465516005 2.556909658598834e-31 -0.17364817766693039 -0.98480775301220813 2.1403790410049259e-33 
1 -23.294203878824838 8.0774952894836307 2.8712323059769941e-31 0.42261826174070277 0.90630778703664849 -5.2091722581203881e-33 
1 -39.970267160299187 15.85367130551246 4.9267158021874428e-31 0.42261826174068484 0.90630778703665682 -5.2091722581201671e-33 
1 -1.2000000000000008 -7.5000000000000009 -2.3999999999999981 1 -3.3306690738754701e-16 3.8857805861880479e-16 
1 -7.5 1.3 -9.2444637330587157e-32 0 -1 0 
1 -1.1999999999999975 7.4999999999999991 -2.4000000000000035 1 -3.3306690738754701e-16 3.8857805861880479e-16 
1 7.5 1.3 9.2444637330587157e-32 0 -1 0 
1 7.5 -2.4000000000000004 9.2444637330587157e-32 -1 2.9605947323337507e-17 -1.2325951644078288e-32 
1 0.91000000000000558 17.669297139703374 7.2595838257362386 3.705044121799933e-16 0.087155742747661705 -0.99619469809174521 
1 1.5000000000000058 18.257052011577503 7.3110057139573588 3.705044121799933e-16 0.087155742747661705 -0.99619469809174521 
1 1.4999999999999978 -1.2484401770588205 5.6044962709582204 3.7050441217999167e-16 0.087155742747657805 -0.99619469809174555 
1 0.90999999999999803 -0.66068530518469037 5.6559181591793388 3.7050441217999167e-16 0.087155742747657805 -0.99619469809174555 
1 1.5000000000000124 37.432323244368021 14.179815068442799 4.6486797030236227e-16 0.3420201433256661 -0.93969262078590943 
1 0.91000000000001224 36.877904598104337 13.978023183880657 4.6486797030236227e-16 0.3420201433256661 -0.93969262078590943 
1 1.4999999999999971 -2.0426163763918534 5.6391707526565886 2.5089159065504444e-16 -0.17364817766693197 -0.9848077530122078 
1 0.90999999999999692 -2.6236529506690562 5.7416231774800783 2.5089159065504444e-16 -0.17364817766693197 -0.9848077530122078 
1 1.4999999999999878 -21.325152180370861 9.0392020713750973 2.5089159065504508e-16 -0.17364817766693072 -0.98480775301220802 
1 0.90999999999998804 -20.744115606093658 8.9367496465516076 2.5089159065504508e-16 -0.17364817766693072 -0.98480775301220802 
1 0.90999999999998737 -23.294203878824835 8.077495289483636 -1.1418092184491247e-16 0.42261826174070305 0.90630778703664838 
1 1.4999999999999876 -22.759482284473211 7.8281505150566213 -1.1418092184491247e-16 0.42261826174070305 0.90630778703664838 
1 1.4999999999999769 -40.504988754650817 16.103016079939479 -1.1418092184492319e-16 0.42261826174068512 0.90630778703665671 
1 0.90999999999997716 -39.970267160299187 15.853671305512474 -1.1418092184492319e-16 0.42261826174068512 0.90630778703665671 
Polygon3D 0
PolygonOnTriangulations 0
Surfaces 84
1 -3.1999999999999935 19.570977032493165 5.9761322674355108 -4.2689610650178592e-16 -0.34202014332566222 0.93969262078591076 3.0339176206502561e-16 0.93969262078591076 0.34202014332566222 -1 4.3110206755064735e-16 -2.9738502717665922e-16 
1 -3.5830673064365794e-15 -1.509141154423024 8.7456121848434201 1 -4.4408920985006257e-16 3.3306690738754716e-16 4.4408920985006257e-16 1 0 -3.3306690738754716e-16 1.4791141972893978e-31 1 
1 1.2050000000000067 19.857583281832866 6.0804484111498383 -0.70710678118654846 -0.66446302438867433 -0.24184476264797344 -6.3837823915946511e-16 -0.34202014332566605 0.93969262078590943 -0.70710678118654657 0.66446302438867644 0.24184476264797328 
1 -3.1999999999999944 19.023744803172093 7.4796404606929618 1.9906492369833481e-16 0.93969262078590798 0.34202014332566977 4.6486797030236345e-16 0.34202014332566977 -0.93969262078590798 -1 3.4605404968696257e-16 -3.6874878759843559e-16 
1 6.882842891138951e-15 20.134792604964712 6.1813443534309087 -1.9906492369833661e-16 -0.93969262078590943 -0.34202014332566588 -4.6486797030236217e-16 -0.34202014332566588 0.93969262078590943 -1 3.4605404968696228e-16 -3.687487875984352e-16 
1 -3.3447730585850923e-15 -1.4436676336916014 9.0799007110607306 1 0 3.3306690738754696e-16 -3.3306690738754696e-16 0 1 0 -1 0 
1 -3.3447730585850923e-15 -1.4436676336916014 9.0799007110607306 1 0 3.3306690738754696e-16 -3.3306690738754696e-16 0 1 0 -1 0 
1 -3.1999999999999922 23.32974751563685 7.3442128407381748 -1.9906492369833565e-16 -0.93969262078590865 -0.34202014332566799 -4.6486797030236286e-16 -0.34202014332566799 0.93969262078590865 -1 3.4605404968696247e-16 -3.6874878759843539e-16 
1 -3.1999999999999931 22.782515286315771 8.8477210339956542 4.2689610650178745e-16 0.3420201433256691 -0.93969262078590843 -3.0339176206502231e-16 -0.93969262078590832 -0.34202014332566905 -1 4.3110206755064691e-16 -2.9738502717665863e-16 
1 -3.5830673064365794e-15 -1.509141154423024 8.7456121848434201 1 -4.4408920985006257e-16 3.3306690738754716e-16 4.4408920985006257e-16 1 0 -3.3306690738754716e-16 1.4791141972893978e-31 1 
1 -1.5559481636486521e-14 -40.720473982822526 19.568801144890845 -2.1141116295433143e-16 0.42261826174069866 0.90630778703665038 3.4200091195650779e-16 0.90630778703665038 -0.42261826174069866 -1 2.2061187147947974e-16 -3.3613941417677787e-16 
1 -1.5559481636486521e-14 -40.720473982822526 19.568801144890845 4.6608131545360363e-16 0.9063077870366496 -0.42261826174070033 2.0802102680723122e-16 -0.42261826174070033 -0.9063077870366496 -1 3.3449964083309843e-16 -3.8550555182957427e-16 
1 -8.2235620750194315e-15 -21.280171950886377 10.503639430552857 -3.2483822326922329e-16 0.17364817766693072 0.98480775301220802 2.7650770995371137e-16 0.98480775301220802 -0.17364817766693072 -1 2.1589937102280163e-16 -3.6791826069455997e-16 
1 -7.2113768708455483e-15 -22.493374262864098 6.6558532836694253 2.1141116295433093e-16 -0.42261826174069961 -0.90630778703664994 -3.4200091195650794e-16 -0.90630778703664994 0.42261826174069961 -1 2.2061187147947974e-16 -3.3613941417677768e-16 
1 -2.693407875945205e-15 -1.584016890642219 7.0306758772142439 -4.1612809548886392e-16 -0.087155742747657985 0.99619469809174555 1.9217096446816531e-16 0.99619469809174555 0.087155742747657985 -1 2.2770764917086379e-16 -3.9779579931026508e-16 
1 -7.2113768708455483e-15 -22.493374262864098 6.6558532836694253 -3.2483822326922334e-16 0.1736481776669305 0.98480775301220802 2.7650770995371127e-16 0.98480775301220802 -0.1736481776669305 -1 2.1589937102280158e-16 -3.6791826069455992e-16 
1 3.1821433437819501e-15 38.49628378705043 16.110122806503007 4.7905952568513114e-16 0.3420201433256691 -0.93969262078590821 -9.4738085331647934e-17 -0.93969262078590821 -0.3420201433256691 -1 2.5287268732989089e-16 -4.1776636767998532e-16 
1 -3.001637894661764e-15 -7.4999999999999982 4.0121168692665901 3.3306690738754711e-16 1 -3.3306690738754696e-16 3.3306690738754691e-16 -3.3306690738754706e-16 -1 -1 3.3306690738754701e-16 -3.3306690738754701e-16 
1 3.1821433437819501e-15 38.49628378705043 16.110122806503007 1.8007899179804792e-16 0.93969262078590854 0.34202014332566838 3.8892424270121208e-16 0.34202014332566838 -0.93969262078590854 -1 3.0223882498268738e-16 -3.0387859832636653e-16 
1 1.8318679906315084e-16 -2.3748086088238639e-16 -0.54999999999999993 1 0 3.3306690738754696e-16 -3.3306690738754696e-16 0 1 0 -1 0 
