<?xml version='1.0' encoding='utf-8'?>
<!-- FreeCAD DocumentObject -->
<Document SchemaVersion="4" FileVersion="2">
<Object name="Pad">
  <Properties Count="47" TransientCount="2">
    <_Property name="_Body" type="App::PropertyLinkHidden" status="251658240"/>
    <_Property name="_ElementMapVersion" type="App::PropertyString" status="234881024"/>
    <Property name="AddSubShape" type="Part::PropertyPartShape">
      <Part HasherIndex="0" ElementMap="1.15.70200.4" brep="1">
<![CDATA[

CASCADE Topology V1, (c) Matra-Datavision
Locations 5
1
              1               0               0               0 
              0               1               0               0 
              0               0               1               0 
1
2.22044604925031e-16 -3.33066907387547e-16               1               0 
              1 3.33066907387547e-16 -2.22044604925031e-16               0 
-3.33066907387547e-16               1 3.33066907387547e-16               0 
2  1 1 2 1 0
1
              1               0               0             2.5 
              0               1               0 -8.32667268468867e-16 
              0               0               1 9.71445146547012e-16 
2  1 1 2 1 4 1 0
Curve2ds 0
Curves 26
1 -1.5559481636486521e-14 -40.720473982822526 19.568801144890845 1 -3.3306690738754696e-16 3.8857805861880479e-16 
1 -8.2235620750194315e-15 -21.280171950886377 10.503639430552857 1 -3.3306690738754696e-16 3.8857805861880479e-16 
1 -40.720473982822533 19.568801144890831 0 0.90630778703665049 -0.42261826174069839 0 
1 -1.4727397529257597e-14 -42.410947029785326 15.943569996744245 1 -3.3306690738754696e-16 3.8857805861880479e-16 
1 -40.720473982822533 19.568801144890831 0 -0.4226182617407 -0.9063077870366496 0 
1 -7.2113768708455483e-15 -22.493374262864098 6.6558532836694253 1 -3.3306690738754696e-16 3.8857805861880479e-16 
1 -22.493374262864101 6.6558532836694182 0 -0.90630778703664994 0.42261826174069927 0 
1 -3.001637894661764e-15 -7.4999999999999982 4.0121168692665901 1 -3.3306690738754696e-16 3.8857805861880479e-16 
1 -22.493374262864101 6.6558532836694182 0 0.98480775301220813 -0.17364817766693016 0 
1 -2.0983215165415457e-15 -7.5 1.3000000000000023 1 -3.3306690738754696e-16 3.8857805861880479e-16 
1 -7.5 4.0121168692665874 0 0 -1 0 
1 1.2323475573339237e-15 7.5 1.2999999999999978 1 -3.3306690738754696e-16 3.8857805861880479e-16 
1 -7.5 1.3 0 1 0 0 
1 3.9630131701271757e-16 7.5000000000000009 3.810145024250057 1 -3.3306690738754696e-16 3.8857805861880479e-16 
1 7.5 3.8101450242500596 0 0 -1 0 
1 2.6558183620207072e-15 19.213106122531698 4.8349090246476747 1 -3.3306690738754696e-16 3.8857805861880479e-16 
1 19.213106122531698 4.8349090246476809 0 -0.99619469809174555 -0.08715574274765861 0 
1 4.7378403145867935e-15 39.8643643603531 12.351352323359388 1 -3.3306690738754696e-16 3.8857805861880479e-16 
1 39.864364360353093 12.3513523233594 0 -0.93969262078590798 -0.34202014332566971 0 
1 3.1821433437819501e-15 38.49628378705043 16.110122806503007 1 -3.3306690738754696e-16 3.8857805861880479e-16 
1 38.496283787050423 16.110122806503021 0 0.34202014332566871 -0.93969262078590843 0 
1 1.1500114134181008e-15 18.339877071192692 8.773790732167404 1 -3.3306690738754696e-16 3.8857805861880479e-16 
1 38.496283787050423 16.110122806503021 0 -0.93969262078590809 -0.34202014332566943 0 
1 -2.693407875945205e-15 -1.584016890642219 7.0306758772142439 1 -3.3306690738754696e-16 3.8857805861880479e-16 
1 -1.5840168906422214 7.030675877214243 0 0.99619469809174555 0.087155742747658319 0 
1 -21.28017195088638 10.50363943055285 0 0.98480775301220813 -0.17364817766693039 0 
Polygon3D 0
PolygonOnTriangulations 0
Surfaces 14
1 -1.5559481636486521e-14 -40.720473982822526 19.568801144890845 -2.1141116295433143e-16 0.42261826174069866 0.90630778703665038 3.4200091195650779e-16 0.90630778703665038 -0.42261826174069866 -1 2.2061187147947974e-16 -3.3613941417677787e-16 
1 -1.5559481636486521e-14 -40.720473982822526 19.568801144890845 4.6608131545360363e-16 0.9063077870366496 -0.42261826174070033 2.0802102680723122e-16 -0.42261826174070033 -0.9063077870366496 -1 3.3449964083309843e-16 -3.8550555182957427e-16 
1 -7.2113768708455483e-15 -22.493374262864098 6.6558532836694253 2.1141116295433093e-16 -0.42261826174069961 -0.90630778703664994 -3.4200091195650794e-16 -0.90630778703664994 0.42261826174069961 -1 2.2061187147947974e-16 -3.3613941417677768e-16 
1 -7.2113768708455483e-15 -22.493374262864098 6.6558532836694253 -3.2483822326922334e-16 0.1736481776669305 0.98480775301220802 2.7650770995371127e-16 0.98480775301220802 -0.1736481776669305 -1 2.1589937102280158e-16 -3.6791826069455992e-16 
1 -3.001637894661764e-15 -7.4999999999999982 4.0121168692665901 3.3306690738754711e-16 1 -3.3306690738754696e-16 3.3306690738754691e-16 -3.3306690738754706e-16 -1 -1 3.3306690738754701e-16 -3.3306690738754701e-16 
1 -2.0983215165415457e-15 -7.5 1.3000000000000025 -3.8857805861880469e-16 3.3306690738754711e-16 1 2.2204460492503131e-16 1 -3.3306690738754701e-16 -1 2.2204460492503118e-16 -3.8857805861880479e-16 
1 3.9630131701271757e-16 7.5000000000000009 3.810145024250057 3.3306690738754711e-16 1 -3.3306690738754696e-16 3.3306690738754691e-16 -3.3306690738754706e-16 -1 -1 3.3306690738754701e-16 -3.3306690738754701e-16 
1 2.6558183620207072e-15 19.213106122531698 4.8349090246476747 4.1612809548886402e-16 0.087155742747658277 -0.99619469809174555 -1.9217096446816526e-16 -0.99619469809174555 -0.087155742747658277 -1 2.2770764917086389e-16 -3.9779579931026513e-16 
1 4.7378403145867935e-15 39.8643643603531 12.351352323359388 4.7905952568513124e-16 0.34202014332566943 -0.93969262078590821 -9.4738085331647835e-17 -0.93969262078590821 -0.34202014332566943 -1 2.5287268732989089e-16 -4.1776636767998532e-16 
1 3.1821433437819501e-15 38.49628378705043 16.110122806503007 1.8007899179804792e-16 0.93969262078590854 0.34202014332566838 3.8892424270121208e-16 0.34202014332566838 -0.93969262078590854 -1 3.0223882498268738e-16 -3.0387859832636653e-16 
1 3.1821433437819501e-15 38.49628378705043 16.110122806503007 4.7905952568513114e-16 0.3420201433256691 -0.93969262078590821 -9.4738085331647934e-17 -0.93969262078590821 -0.3420201433256691 -1 2.5287268732989089e-16 -4.1776636767998532e-16 
1 -2.693407875945205e-15 -1.584016890642219 7.0306758772142439 -4.1612809548886392e-16 -0.087155742747657985 0.99619469809174555 1.9217096446816531e-16 0.99619469809174555 0.087155742747657985 -1 2.2770764917086379e-16 -3.9779579931026508e-16 
1 -8.2235620750194315e-15 -21.280171950886377 10.503639430552857 -3.2483822326922329e-16 0.17364817766693072 0.98480775301220802 2.7650770995371137e-16 0.98480775301220802 -0.17364817766693072 -1 2.1589937102280163e-16 -3.6791826069455997e-16 
1 -3.3447730585850923e-15 -1.4436676336916014 9.0799007110607306 1 0 3.3306690738754696e-16 -3.3306690738754696e-16 0 1 0 -1 0 
Triangulations 0

TShapes 69
Ve
1e-07
-40.7204739828225 19.5688011448908 0
0 0

0101101
*
Ed
 1e-07 1 1 0
1  1 0 0 2.5
0

0101000
+69 3 -69 5 *
Ve
1e-07
-21.2801719508864 10.5036394305528 0
0 0

0101101
*
Ed
 1e-07 1 1 0
1  2 0 0 2.5
0

0101000
+67 3 -67 5 *
Ed
 1e-07 1 1 0
1  3 0 0 21.45
0

0101000
+69 0 -67 0 *
Wi

0101100
+68 0 -66 0 -65 3 +65 5 *
Fa
0  1e-07 1 0

0111000
+64 0 *
Ve
1e-07
-42.4109470297853 15.9435699967442 0
0 0

0101101
*
Ed
 1e-07 1 1 0
1  4 0 0 2.5
0

0101000
+62 3 -62 5 *
Ed
 1e-07 1 1 0
1  5 0 0 4
0

0101000
+69 0 -62 0 *
Wi

0101100
+68 0 -61 0 -60 3 +60 5 *
Fa
0  1e-07 2 0

0111000
+59 0 *
Ve
1e-07
-22.4933742628641 6.65585328366942 0
0 0

0101101
*
Ed
 1e-07 1 1 0
1  6 0 0 2.5
0

0101000
+57 3 -57 5 *
Ed
 1e-07 1 1 0
1  7 0 0 21.9766099903495
0

0101000
+57 0 -62 0 *
Wi

0101100
+56 0 -61 0 -55 3 +55 5 *
Fa
0  1e-07 3 0

0111000
+54 0 *
Ve
1e-07
-7.5 4.01211686926659 0
0 0

0101101
*
Ed
 1e-07 1 1 0
1  8 0 0 2.5
0

0101000
+52 3 -52 5 *
Ed
 1e-07 1 1 0
1  9 0 0 15.224671228475
0

0101000
+57 0 -52 0 *
Wi

0101100
+56 0 -51 0 -50 3 +50 5 *
Fa
0  1e-07 4 0

0111000
+49 0 *
Ve
1.00000000111022e-07
-7.5 1.3 0
0 0

0101101
*
Ed
 1.00000000111022e-07 1 1 0
1  10 0 0 2.5
0

0101000
+47 3 -47 5 *
Ed
 1e-07 1 1 0
1  11 0 0 2.71211686926659
0

0101000
+52 0 -47 0 *
Wi

0101100
+51 0 -46 0 -45 3 +45 5 *
Fa
0  1e-07 5 0

0111000
+44 0 *
Ve
1.00000000111022e-07
7.5 1.3 0
0 0

0101101
*
Ed
 1.00000000111022e-07 1 1 0
1  12 0 0 2.5
0

0101000
+42 3 -42 5 *
Ed
 1e-07 1 1 0
1  13 0 0 15
0

0101000
+47 0 -42 0 *
Wi

0101100
+46 0 -41 0 -40 3 +40 5 *
Fa
0  1e-07 6 0

0111000
+39 0 *
Ve
1e-07
7.5 3.81014502425006 0
0 0

0101101
*
Ed
 1e-07 1 1 0
1  14 0 0 2.5
0

0101000
+37 3 -37 5 *
Ed
 1e-07 1 1 0
1  15 0 0 2.51014502425006
0

0101000
+37 0 -42 0 *
Wi

0101100
+36 0 -41 0 -35 3 +35 5 *
Fa
0  1e-07 7 0

0111000
+34 0 *
Ve
1e-07
19.2131061225317 4.83490902464768 0
0 0

0101101
*
Ed
 1e-07 1 1 0
1  16 0 0 2.5
0

0101000
+32 3 -32 5 *
Ed
 1e-07 1 1 0
1  17 0 0 11.7578482850478
0

0101000
+32 0 -37 0 *
Wi

0101100
+31 0 -36 0 -30 3 +30 5 *
Fa
0  1e-07 8 0

0111000
+29 0 *
Ve
1e-07
39.8643643603531 12.3513523233594 0
0 0

0101101
*
Ed
 1e-07 1 1 0
1  18 0 0 2.5
0

0101000
+27 3 -27 5 *
Ed
 1e-07 1 1 0
1  19 0 0 21.9766099903496
0

0101000
+27 0 -32 0 *
Wi

0101100
+26 0 -31 0 -25 3 +25 5 *
Fa
0  1e-07 9 0

0111000
+24 0 *
Ve
1e-07
38.4962837870504 16.110122806503 0
0 0

0101101
*
Ed
 1e-07 1 1 0
1  20 0 0 2.5
0

0101000
+22 3 -22 5 *
Ed
 1e-07 1 1 0
1  21 0 0 3.99999999999999
0

0101000
+22 0 -27 0 *
Wi

0101100
+21 0 -26 0 -20 3 +20 5 *
Fa
0  1e-07 10 0

0111000
+19 0 *
Ve
1e-07
18.3398770711927 8.77379073216741 0
0 0

0101101
*
Ed
 1e-07 1 1 0
1  22 0 0 2.5
0

0101000
+17 3 -17 5 *
Ed
 1e-07 1 1 0
1  23 0 0 21.45
0

0101000
+22 0 -17 0 *
Wi

0101100
+21 0 -16 0 -15 3 +15 5 *
Fa
0  1e-07 11 0

0111000
+14 0 *
Ve
1e-07
-1.58401689064222 7.03067587721424 0
0 0

0101101
*
Ed
 1e-07 1 1 0
1  24 0 0 2.5
0

0101000
+12 3 -12 5 *
Ed
 1e-07 1 1 0
1  25 0 0 20
0

0101000
+12 0 -17 0 *
Wi

0101100
+11 0 -16 0 -10 3 +10 5 *
Fa
0  1e-07 12 0

0111000
+9 0 *
Ed
 1e-07 1 1 0
1  26 0 0 20
0

0101000
+67 0 -12 0 *
Wi

0101100
+66 0 -11 0 -7 3 +7 5 *
Fa
0  1e-07 13 0

0111000
+6 0 *
Wi

0101100
-65 0 +60 0 -55 0 +50 0 +45 0 +40 0 -35 0 -30 0 -25 0 -20 0 
+15 0 -10 0 -7 0 *
Fa
0  1e-07 14 0

0111000
+4 3 *
Sh

0101100
-63 0 +58 0 -53 0 +48 0 +43 0 +38 0 -33 0 -28 0 -23 0 -18 0 
+13 0 -8 0 -5 0 +3 0 -3 4 *
So

1100000
-2 0 *

+1 0 ]]>
      </Part>
      <ElementMap new="1" count="1"><Element key="Dummy" value="Dummy"/></ElementMap>
      <ElementMap2 count="93">
<![CDATA[
6 PostfixCount 11
Edge
Face
Vertex
;:G;XTR;:Heda:7,F
;FAC;:Heda:4,F
;:G;XTR;:Heda:7,E
;:G0;XTR;:Heda:8,F
;:U;XTR;:Heda:7,E
;:U;XTR;:Heda:7,V
;SKT;:Heda,E
;SKT;:Heda,V

MapCount 1

ElementMap 1 6 3

Edge

ChildCount 0

NameCount 40
0
$#cc3.6 0
$#cc4.6 0
;g66.a 0
$#cdd.8 0
$#cc5.6 0
;g57.a 0
$#cde.8 0
$#cc6.6 0
;g58.a 0
$#cdf.8 0
$#cc7.6 0
;g67.a 0
$#ce0.8 0
$#cc8.6 0
;g70.a 0
$#ce1.8 0
$#cc9.6 0
;g71.a 0
$#ce2.8 0
$#cca.6 0
;g72.a 0
$#ce3.8 0
$#ccb.6 0
;g69.a 0
$#ce4.8 0
$#ccc.6 0
;g61.a 0
$#ce5.8 0
$#ccd.6 0
;g62.a 0
$#ce6.8 0
$#cce.6 0
;g63.a 0
$#ce7.8 0
$#ccf.6 0
;g64.a 0
$#ce8.8 0
;g65.a 0
$#ce9.8 0

Face

ChildCount 0

NameCount 16
0
$#cd0.4 0
$#cc1.4 0
$#cd1.4 0
$#cd2.4 0
$#cd3.4 0
$#cd4.4 0
$#cd5.4 0
$#cd6.4 0
$#cd7.4 0
$#cd8.4 0
$#cd9.4 0
$#cda.4 0
$#cdb.4 0
$#cc1.5 0
$#cdc.7 0

Vertex

ChildCount 0

NameCount 27
0
;g57v1.b ;g66v1.b 0
$#cea.9 0
;g66v2.b ;g65v1.b 0
$#ceb.9 0
;g57v2.b ;g58v2.b 0
$#cec.9 0
;g58v1.b ;g67v1.b 0
$#ced.9 0
;g67v2.b ;g70v1.b 0
$#cee.9 0
;g70v2.b ;g71v1.b 0
$#cef.9 0
;g71v2.b ;g72v2.b 0
$#cf0.9 0
;g69v2.b ;g72v1.b 0
$#cf1.9 0
;g61v2.b ;g69v1.b 0
$#cf2.9 0
;g62v2.b ;g61v1.b 0
$#cf3.9 0
;g63v1.b ;g62v1.b 0
$#cf4.9 0
;g64v2.b ;g63v2.b 0
$#cf5.9 0
;g65v2.b ;g64v1.b 0
$#cf6.9 0

EndMap
]]>
      </ElementMap2>
    </Property>
    <Property name="AddSubType" type="App::PropertyEnumeration">
      <Integer value="0"/>
    </Property>
    <Property name="AllowMultiFace" type="App::PropertyBool">
      <Bool value="true"/>
    </Property>
    <Property name="AlongSketchNormal" type="App::PropertyBool">
      <Bool value="false"/>
    </Property>
    <Property name="AutoTaperInnerAngle" type="App::PropertyBool">
      <Bool value="true"/>
    </Property>
    <Property name="BaseFeature" type="App::PropertyLink" status="8">
      <Link value=""/>
    </Property>
    <Property name="CheckUpToFaceLimits" type="App::PropertyBool">
      <Bool value="true"/>
    </Property>
    <Property name="ClaimChildren" type="App::PropertyBool" status="134217728">
      <Bool value="false"/>
    </Property>
    <Property name="ColoredElements" type="App::PropertyLinkSubHidden" status="218103808">
      <LinkSub value="" count="0">
      </LinkSub>
    </Property>
    <Property name="Direction" type="App::PropertyVector" status="4">
      <PropertyVector valueX="1" valueY="-3.33066907387547e-16" valueZ="3.885780586188048e-16"/>
    </Property>
    <Property name="ExpressionEngine" type="App::PropertyExpressionEngine" status="67108864">
      <ExpressionEngine count="0"></ExpressionEngine>
    </Property>
    <Property name="Fit" type="App::PropertyDistance">
      <Float value="0"/>
    </Property>
    <Property name="FitJoin" type="App::PropertyEnumeration">
      <Integer value="0"/>
    </Property>
    <Property name="FixShape" type="App::PropertyEnumeration">
      <Integer value="0"/>
    </Property>
    <Property name="InnerFit" type="App::PropertyDistance">
      <Float value="0"/>
    </Property>
    <Property name="InnerFitJoin" type="App::PropertyEnumeration">
      <Integer value="0"/>
    </Property>
    <Property name="InvalidShape" type="App::PropertyBool" status="67108864">
      <Bool value="false"/>
    </Property>
    <Property name="Label" type="App::PropertyString" status="134217728">
      <String value="Pad"/>
    </Property>
    <Property name="Label2" type="App::PropertyString" status="128">
      <String value=""/>
    </Property>
    <Property name="Length" type="App::PropertyLength">
      <Float value="2.5"/>
    </Property>
    <Property name="Length2" type="App::PropertyLength" status="4">
      <Float value="10"/>
    </Property>
    <Property name="Linearize" type="App::PropertyBool">
      <Bool value="true"/>
    </Property>
    <Property name="Midplane" type="App::PropertyBool">
      <Bool value="false"/>
    </Property>
    <Property name="NewSolid" type="App::PropertyBool">
      <Bool value="false"/>
    </Property>
    <Property name="Offset" type="App::PropertyLength" status="4">
      <Float value="0"/>
    </Property>
    <Property name="Placement" type="App::PropertyPlacement" status="8388620">
      <PropertyPlacement Px="0" Py="0" Pz="0" Q0="0" Q1="0" Q2="0" Q3="1" A="0" Ox="0" Oy="0" Oz="1"/>
    </Property>
    <Property name="Profile" type="App::PropertyLinkSub">
      <LinkSub value="Sketch001" count="1">
        <Sub value=""/>
      </LinkSub>
    </Property>
    <Property name="ReferenceAxis" type="App::PropertyLinkSub">
      <LinkSub value="Sketch001" count="1">
        <Sub value="N_Axis"/>
      </LinkSub>
    </Property>
    <Property name="Refine" type="App::PropertyBool">
      <Bool value="false"/>
    </Property>
    <Property name="Reversed" type="App::PropertyBool">
      <Bool value="false"/>
    </Property>
    <Property name="Shape" type="Part::PropertyPartShape">
      <Part HasherIndex="0" ElementMap="1.15.70200.4" brep="1">
<![CDATA[

CASCADE Topology V1, (c) Matra-Datavision
Locations 5
1
              1               0               0               0 
              0               1               0               0 
              0               0               1               0 
1
2.22044604925031e-16 -3.33066907387547e-16               1               0 
              1 3.33066907387547e-16 -2.22044604925031e-16               0 
-3.33066907387547e-16               1 3.33066907387547e-16               0 
2  1 1 2 1 0
1
              1               0               0             2.5 
              0               1               0 -8.32667268468867e-16 
              0               0               1 9.71445146547012e-16 
2  1 1 2 1 4 1 0
Curve2ds 0
Curves 26
1 -1.5559481636486521e-14 -40.720473982822526 19.568801144890845 1 -3.3306690738754696e-16 3.8857805861880479e-16 
1 -8.2235620750194315e-15 -21.280171950886377 10.503639430552857 1 -3.3306690738754696e-16 3.8857805861880479e-16 
1 -40.720473982822533 19.568801144890831 0 0.90630778703665049 -0.42261826174069839 0 
1 -1.4727397529257597e-14 -42.410947029785326 15.943569996744245 1 -3.3306690738754696e-16 3.8857805861880479e-16 
1 -40.720473982822533 19.568801144890831 0 -0.4226182617407 -0.9063077870366496 0 
1 -7.2113768708455483e-15 -22.493374262864098 6.6558532836694253 1 -3.3306690738754696e-16 3.8857805861880479e-16 
1 -22.493374262864101 6.6558532836694182 0 -0.90630778703664994 0.42261826174069927 0 
1 -3.001637894661764e-15 -7.4999999999999982 4.0121168692665901 1 -3.3306690738754696e-16 3.8857805861880479e-16 
1 -22.493374262864101 6.6558532836694182 0 0.98480775301220813 -0.17364817766693016 0 
1 -2.0983215165415457e-15 -7.5 1.3000000000000023 1 -3.3306690738754696e-16 3.8857805861880479e-16 
1 -7.5 4.0121168692665874 0 0 -1 0 
1 1.2323475573339237e-15 7.5 1.2999999999999978 1 -3.3306690738754696e-16 3.8857805861880479e-16 
1 -7.5 1.3 0 1 0 0 
1 3.9630131701271757e-16 7.5000000000000009 3.810145024250057 1 -3.3306690738754696e-16 3.8857805861880479e-16 
1 7.5 3.8101450242500596 0 0 -1 0 
1 2.6558183620207072e-15 19.213106122531698 4.8349090246476747 1 -3.3306690738754696e-16 3.8857805861880479e-16 
1 19.213106122531698 4.8349090246476809 0 -0.99619469809174555 -0.08715574274765861 0 
1 4.7378403145867935e-15 39.8643643603531 12.351352323359388 1 -3.3306690738754696e-16 3.8857805861880479e-16 
1 39.864364360353093 12.3513523233594 0 -0.93969262078590798 -0.34202014332566971 0 
1 3.1821433437819501e-15 38.49628378705043 16.110122806503007 1 -3.3306690738754696e-16 3.8857805861880479e-16 
1 38.496283787050423 16.110122806503021 0 0.34202014332566871 -0.93969262078590843 0 
1 1.1500114134181008e-15 18.339877071192692 8.773790732167404 1 -3.3306690738754696e-16 3.8857805861880479e-16 
1 38.496283787050423 16.110122806503021 0 -0.93969262078590809 -0.34202014332566943 0 
1 -2.693407875945205e-15 -1.584016890642219 7.0306758772142439 1 -3.3306690738754696e-16 3.8857805861880479e-16 
1 -1.5840168906422214 7.030675877214243 0 0.99619469809174555 0.087155742747658319 0 
1 -21.28017195088638 10.50363943055285 0 0.98480775301220813 -0.17364817766693039 0 
Polygon3D 0
PolygonOnTriangulations 0
Surfaces 14
1 -1.5559481636486521e-14 -40.720473982822526 19.568801144890845 -2.1141116295433143e-16 0.42261826174069866 0.90630778703665038 3.4200091195650779e-16 0.90630778703665038 -0.42261826174069866 -1 2.2061187147947974e-16 -3.3613941417677787e-16 
1 -1.5559481636486521e-14 -40.720473982822526 19.568801144890845 4.6608131545360363e-16 0.9063077870366496 -0.42261826174070033 2.0802102680723122e-16 -0.42261826174070033 -0.9063077870366496 -1 3.3449964083309843e-16 -3.8550555182957427e-16 
1 -7.2113768708455483e-15 -22.493374262864098 6.6558532836694253 2.1141116295433093e-16 -0.42261826174069961 -0.90630778703664994 -3.4200091195650794e-16 -0.90630778703664994 0.42261826174069961 -1 2.2061187147947974e-16 -3.3613941417677768e-16 
1 -7.2113768708455483e-15 -22.493374262864098 6.6558532836694253 -3.2483822326922334e-16 0.1736481776669305 0.98480775301220802 2.7650770995371127e-16 0.98480775301220802 -0.1736481776669305 -1 2.1589937102280158e-16 -3.6791826069455992e-16 
1 -3.001637894661764e-15 -7.4999999999999982 4.0121168692665901 3.3306690738754711e-16 1 -3.3306690738754696e-16 3.3306690738754691e-16 -3.3306690738754706e-16 -1 -1 3.3306690738754701e-16 -3.3306690738754701e-16 
1 -2.0983215165415457e-15 -7.5 1.3000000000000025 -3.8857805861880469e-16 3.3306690738754711e-16 1 2.2204460492503131e-16 1 -3.3306690738754701e-16 -1 2.2204460492503118e-16 -3.8857805861880479e-16 
1 3.9630131701271757e-16 7.5000000000000009 3.810145024250057 3.3306690738754711e-16 1 -3.3306690738754696e-16 3.3306690738754691e-16 -3.3306690738754706e-16 -1 -1 3.3306690738754701e-16 -3.3306690738754701e-16 
1 2.6558183620207072e-15 19.213106122531698 4.8349090246476747 4.1612809548886402e-16 0.087155742747658277 -0.99619469809174555 -1.9217096446816526e-16 -0.99619469809174555 -0.087155742747658277 -1 2.2770764917086389e-16 -3.9779579931026513e-16 
1 4.7378403145867935e-15 39.8643643603531 12.351352323359388 4.7905952568513124e-16 0.34202014332566943 -0.93969262078590821 -9.4738085331647835e-17 -0.93969262078590821 -0.34202014332566943 -1 2.5287268732989089e-16 -4.1776636767998532e-16 
1 3.1821433437819501e-15 38.49628378705043 16.110122806503007 1.8007899179804792e-16 0.93969262078590854 0.34202014332566838 3.8892424270121208e-16 0.34202014332566838 -0.93969262078590854 -1 3.0223882498268738e-16 -3.0387859832636653e-16 
1 3.1821433437819501e-15 38.49628378705043 16.110122806503007 4.7905952568513114e-16 0.3420201433256691 -0.93969262078590821 -9.4738085331647934e-17 -0.93969262078590821 -0.3420201433256691 -1 2.5287268732989089e-16 -4.1776636767998532e-16 
1 -2.693407875945205e-15 -1.584016890642219 7.0306758772142439 -4.1612809548886392e-16 -0.087155742747657985 0.99619469809174555 1.9217096446816531e-16 0.99619469809174555 0.087155742747657985 -1 2.2770764917086379e-16 -3.9779579931026508e-16 
1 -8.2235620750194315e-15 -21.280171950886377 10.503639430552857 -3.2483822326922329e-16 0.17364817766693072 0.98480775301220802 2.7650770995371137e-16 0.98480775301220802 -0.17364817766693072 -1 2.1589937102280163e-16 -3.6791826069455997e-16 
1 -3.3447730585850923e-15 -1.4436676336916014 9.0799007110607306 1 0 3.3306690738754696e-16 -3.3306690738754696e-16 0 1 0 -1 0 
Triangulations 0

TShapes 69
Ve
1e-07
-40.7204739828225 19.5688011448908 0
0 0

0101101
*
Ed
 1e-07 1 1 0
1  1 0 0 2.5
0

0101000
+69 3 -69 5 *
Ve
1e-07
-21.2801719508864 10.5036394305528 0
0 0

0101101
*
Ed
 1e-07 1 1 0
1  2 0 0 2.5
0

0101000
+67 3 -67 5 *
Ed
 1e-07 1 1 0
1  3 0 0 21.45
0

0101000
+69 0 -67 0 *
Wi

0101100
+68 0 -66 0 -65 3 +65 5 *
Fa
0  1e-07 1 0

0111000
+64 0 *
Ve
1e-07
-42.4109470297853 15.9435699967442 0
0 0

0101101
*
Ed
 1e-07 1 1 0
1  4 0 0 2.5
0

0101000
+62 3 -62 5 *
Ed
 1e-07 1 1 0
1  5 0 0 4
0

0101000
+69 0 -62 0 *
Wi

0101100
+68 0 -61 0 -60 3 +60 5 *
Fa
0  1e-07 2 0

0111000
+59 0 *
Ve
1e-07
-22.4933742628641 6.65585328366942 0
0 0

0101101
*
Ed
 1e-07 1 1 0
1  6 0 0 2.5
0

0101000
+57 3 -57 5 *
Ed
 1e-07 1 1 0
1  7 0 0 21.9766099903495
0

0101000
+57 0 -62 0 *
Wi

0101100
+56 0 -61 0 -55 3 +55 5 *
Fa
0  1e-07 3 0

0111000
+54 0 *
Ve
1e-07
-7.5 4.01211686926659 0
0 0

0101101
*
Ed
 1e-07 1 1 0
1  8 0 0 2.5
0

0101000
+52 3 -52 5 *
Ed
 1e-07 1 1 0
1  9 0 0 15.224671228475
0

0101000
+57 0 -52 0 *
Wi

0101100
+56 0 -51 0 -50 3 +50 5 *
Fa
0  1e-07 4 0

0111000
+49 0 *
Ve
1.00000000111022e-07
-7.5 1.3 0
0 0

0101101
*
Ed
 1.00000000111022e-07 1 1 0
1  10 0 0 2.5
0

0101000
+47 3 -47 5 *
Ed
 1e-07 1 1 0
1  11 0 0 2.71211686926659
0

0101000
+52 0 -47 0 *
Wi

0101100
+51 0 -46 0 -45 3 +45 5 *
Fa
0  1e-07 5 0

0111000
+44 0 *
Ve
1.00000000111022e-07
7.5 1.3 0
0 0

0101101
*
Ed
 1.00000000111022e-07 1 1 0
1  12 0 0 2.5
0

0101000
+42 3 -42 5 *
Ed
 1e-07 1 1 0
1  13 0 0 15
0

0101000
+47 0 -42 0 *
Wi

0101100
+46 0 -41 0 -40 3 +40 5 *
Fa
0  1e-07 6 0

0111000
+39 0 *
Ve
1e-07
7.5 3.81014502425006 0
0 0

0101101
*
Ed
 1e-07 1 1 0
1  14 0 0 2.5
0

0101000
+37 3 -37 5 *
Ed
 1e-07 1 1 0
1  15 0 0 2.51014502425006
0

0101000
+37 0 -42 0 *
Wi

0101100
+36 0 -41 0 -35 3 +35 5 *
Fa
0  1e-07 7 0

0111000
+34 0 *
Ve
1e-07
19.2131061225317 4.83490902464768 0
0 0

0101101
*
Ed
 1e-07 1 1 0
1  16 0 0 2.5
0

0101000
+32 3 -32 5 *
Ed
 1e-07 1 1 0
1  17 0 0 11.7578482850478
0

0101000
+32 0 -37 0 *
Wi

0101100
+31 0 -36 0 -30 3 +30 5 *
Fa
0  1e-07 8 0

0111000
+29 0 *
Ve
1e-07
39.8643643603531 12.3513523233594 0
0 0

0101101
*
Ed
 1e-07 1 1 0
1  18 0 0 2.5
0

0101000
+27 3 -27 5 *
Ed
 1e-07 1 1 0
1  19 0 0 21.9766099903496
0

0101000
+27 0 -32 0 *
Wi

0101100
+26 0 -31 0 -25 3 +25 5 *
Fa
0  1e-07 9 0

0111000
+24 0 *
Ve
1e-07
38.4962837870504 16.110122806503 0
0 0

0101101
*
Ed
 1e-07 1 1 0
1  20 0 0 2.5
0

0101000
+22 3 -22 5 *
Ed
 1e-07 1 1 0
1  21 0 0 3.99999999999999
0

0101000
+22 0 -27 0 *
Wi

0101100
+21 0 -26 0 -20 3 +20 5 *
Fa
0  1e-07 10 0

0111000
+19 0 *
Ve
1e-07
18.3398770711927 8.77379073216741 0
0 0

0101101
*
Ed
 1e-07 1 1 0
1  22 0 0 2.5
0

0101000
+17 3 -17 5 *
Ed
 1e-07 1 1 0
1  23 0 0 21.45
0

0101000
+22 0 -17 0 *
Wi

0101100
+21 0 -16 0 -15 3 +15 5 *
Fa
0  1e-07 11 0

0111000
+14 0 *
Ve
1e-07
-1.58401689064222 7.03067587721424 0
0 0

0101101
*
Ed
 1e-07 1 1 0
1  24 0 0 2.5
0

0101000
+12 3 -12 5 *
Ed
 1e-07 1 1 0
1  25 0 0 20
0

0101000
+12 0 -17 0 *
Wi

0101100
+11 0 -16 0 -10 3 +10 5 *
Fa
0  1e-07 12 0

0111000
+9 0 *
Ed
 1e-07 1 1 0
1  26 0 0 20
0

0101000
+67 0 -12 0 *
Wi

0101100
+66 0 -11 0 -7 3 +7 5 *
Fa
0  1e-07 13 0

0111000
+6 0 *
Wi

0101100
-65 0 +60 0 -55 0 +50 0 +45 0 +40 0 -35 0 -30 0 -25 0 -20 0 
+15 0 -10 0 -7 0 *
Fa
0  1e-07 14 0

0111000
+4 3 *
Sh

0101100
-63 0 +58 0 -53 0 +48 0 +43 0 +38 0 -33 0 -28 0 -23 0 -18 0 
+13 0 -8 0 -5 0 +3 0 -3 4 *
So

1100000
-2 0 *

+1 0 ]]>
      </Part>
      <ElementMap new="1" count="1"><Element key="Dummy" value="Dummy"/></ElementMap>
      <ElementMap2 count="93">
<![CDATA[
6 PostfixCount 11
Edge
Face
Vertex
;:G;XTR;:Heda:7,F
;FAC;:Heda:4,F
;:G;XTR;:Heda:7,E
;:G0;XTR;:Heda:8,F
;:U;XTR;:Heda:7,E
;:U;XTR;:Heda:7,V
;SKT;:Heda,E
;SKT;:Heda,V

MapCount 1

ElementMap 1 6 3

Edge

ChildCount 0

NameCount 40
0
$#cc3.6 0
$#cc4.6 0
;g66.a 0
$#cdd.8 0
$#cc5.6 0
;g57.a 0
$#cde.8 0
$#cc6.6 0
;g58.a 0
$#cdf.8 0
$#cc7.6 0
;g67.a 0
$#ce0.8 0
$#cc8.6 0
;g70.a 0
$#ce1.8 0
$#cc9.6 0
;g71.a 0
$#ce2.8 0
$#cca.6 0
;g72.a 0
$#ce3.8 0
$#ccb.6 0
;g69.a 0
$#ce4.8 0
$#ccc.6 0
;g61.a 0
$#ce5.8 0
$#ccd.6 0
;g62.a 0
$#ce6.8 0
$#cce.6 0
;g63.a 0
$#ce7.8 0
$#ccf.6 0
;g64.a 0
$#ce8.8 0
;g65.a 0
$#ce9.8 0

Face

ChildCount 0

NameCount 16
0
$#cd0.4 0
$#cc1.4 0
$#cd1.4 0
$#cd2.4 0
$#cd3.4 0
$#cd4.4 0
$#cd5.4 0
$#cd6.4 0
$#cd7.4 0
$#cd8.4 0
$#cd9.4 0
$#cda.4 0
$#cdb.4 0
$#cc1.5 0
$#cdc.7 0

Vertex

ChildCount 0

NameCount 27
0
;g57v1.b ;g66v1.b 0
$#cea.9 0
;g66v2.b ;g65v1.b 0
$#ceb.9 0
;g57v2.b ;g58v2.b 0
$#cec.9 0
;g58v1.b ;g67v1.b 0
$#ced.9 0
;g67v2.b ;g70v1.b 0
$#cee.9 0
;g70v2.b ;g71v1.b 0
$#cef.9 0
;g71v2.b ;g72v2.b 0
$#cf0.9 0
;g69v2.b ;g72v1.b 0
$#cf1.9 0
;g61v2.b ;g69v1.b 0
$#cf2.9 0
;g62v2.b ;g61v1.b 0
$#cf3.9 0
;g63v1.b ;g62v1.b 0
$#cf4.9 0
;g64v2.b ;g63v2.b 0
$#cf5.9 0
;g65v2.b ;g64v1.b 0
$#cf6.9 0

EndMap
]]>
      </ElementMap2>
    </Property>
    <Property name="Suppress" type="App::PropertyBool">
      <Bool value="false"/>
    </Property>
    <Property name="SuppressedShape" type="Part::PropertyPartShape">
      <Part ElementMap="0.15.70200.4" brep="1">
<![CDATA[

CASCADE Topology V1, (c) Matra-Datavision
Locations 0
Curve2ds 0
Curves 0
Polygon3D 0
PolygonOnTriangulations 0
Surfaces 0
Triangulations 0

TShapes 0

*]]>
      </Part>
      <ElementMap/>
    </Property>
    <Property name="TaperAngle" type="App::PropertyAngle">
      <Float value="0"/>
    </Property>
    <Property name="TaperAngle2" type="App::PropertyAngle" status="4">
      <Float value="0"/>
    </Property>
    <Property name="TaperAngleRev" type="App::PropertyAngle" status="4">
      <Float value="0"/>
    </Property>
    <Property name="TaperInnerAngle" type="App::PropertyAngle">
      <Float value="0"/>
    </Property>
    <Property name="TaperInnerAngleRev" type="App::PropertyAngle">
      <Float value="0"/>
    </Property>
    <Property name="TreeRank" type="App::PropertyInteger" status="2184">
      <Integer value="15"/>
    </Property>
    <Property name="Type" type="App::PropertyEnumeration">
      <Integer value="0"/>
    </Property>
    <Property name="UpToFace" type="App::PropertyLinkSub" status="4">
      <LinkSub value="" count="0">
      </LinkSub>
    </Property>
    <Property name="UseCustomVector" type="App::PropertyBool">
      <Bool value="false"/>
    </Property>
    <Property name="UsePipeForDraft" type="App::PropertyBool">
      <Bool value="false"/>
    </Property>
    <Property name="ValidateShape" type="App::PropertyBool">
      <Bool value="true"/>
    </Property>
    <Property name="Visibility" type="App::PropertyBool" status="648">
      <Bool value="false"/>
    </Property>
    <Property name="_ProfileBasedVersion" type="App::PropertyInteger" status="67108864">
      <Integer value="1"/>
    </Property>
    <Property name="_Siblings" type="App::PropertyLinkList" status="218103808">
      <LinkList count="0">
      </LinkList>
    </Property>
  </Properties>
</Object>
</Document>
