<?xml version='1.0' encoding='utf-8'?>
<!-- FreeCAD DocumentObject -->
<Document SchemaVersion="4" FileVersion="2">
<Object name="Body001" Extensions="True">
  <Extensions Count="1">
    <Extension type="App::OriginGroupExtension" name="OriginGroupExtension">
    </Extension>
  </Extensions>
  <Properties Count="21" TransientCount="2">
    <_Property name="_ElementMapVersion" type="App::PropertyString" status="234881024"/>
    <_Property name="_GroupTouched" type="App::PropertyBool" status="100663424"/>
    <Property name="AutoGroupSolids" type="App::PropertyBool" status="134217728">
      <Bool value="false"/>
    </Property>
    <Property name="BaseFeature" type="App::PropertyLink">
      <Link value=""/>
    </Property>
    <Property name="ClaimAllChildren" type="App::PropertyBool" status="8">
      <Bool value="false"/>
    </Property>
    <Property name="ColoredElements" type="App::PropertyLinkSubHidden" status="218103808">
      <LinkSub value="" count="0">
      </LinkSub>
    </Property>
    <Property name="ExportMode" type="App::PropertyEnumeration" status="8">
      <Integer value="0"/>
    </Property>
    <Property name="ExpressionEngine" type="App::PropertyExpressionEngine" status="67108864">
      <ExpressionEngine count="0"></ExpressionEngine>
    </Property>
    <Property name="FixShape" type="App::PropertyEnumeration">
      <Integer value="0"/>
    </Property>
    <Property name="Group" type="App::PropertyLinkList">
      <LinkList count="3">
        <Link value="Sketch008"/>
        <Link value="Pad007"/>
        <Link value="PolarPattern"/>
      </LinkList>
    </Property>
    <Property name="InvalidShape" type="App::PropertyBool" status="67108864">
      <Bool value="false"/>
    </Property>
    <Property name="Label" type="App::PropertyString" status="134217728">
      <String value="cut"/>
    </Property>
    <Property name="Label2" type="App::PropertyString" status="128">
      <String value=""/>
    </Property>
    <Property name="Origin" type="App::PropertyLink" status="67108864">
      <Link value="Origin002"/>
    </Property>
    <Property name="Placement" type="App::PropertyPlacement" status="8388608">
      <PropertyPlacement Px="0" Py="0" Pz="0" Q0="1" Q1="-3.608224830031759e-16" Q2="-2.209400494351198e-32" Q3="6.123233995736766e-17" A="3.141592653589793" Ox="1" Oy="-3.608224830031759e-16" Oz="-2.209400494351198e-32"/>
    </Property>
    <Property name="Shape" type="Part::PropertyPartShape">
      <Part HasherIndex="0" ElementMap="1.15.70200.4" brep="1">
<![CDATA[

CASCADE Topology V1, (c) Matra-Datavision
Locations 50
1
              1 -7.21644966006352e-16 -8.83760197740479e-32               0 
-7.21644966006352e-16              -1 -1.22464679914735e-16               0 
              0 1.22464679914735e-16              -1               0 
1
              1               0               0               0 
              0               1               0               0 
              0               0               1               0 
1
              1               0               0               0 
              0               1               0               0 
              0               0               1               0 
2  3 -1 2 -1 0
1
              1               0               0               0 
              0               1               0               0 
              0               0               1               0 
1
              1               0               0               0 
              0 -4.44089209850063e-16              -1 -8.88178419700125e-15 
              0               1 -4.44089209850063e-16              20 
1
              1               0               0               0 
              0               1               0             -18 
              0               0               1 -7.99360577730113e-15 
2  5 1 6 1 7 1 0
2  3 -1 2 -1 7 -1 6 -1 5 -1 0
1
              1               0               0               0 
              0               1               0             -22 
              0               0               1 -9.76996261670138e-15 
2  5 1 6 1 7 1 10 1 0
2  3 -1 2 -1 10 -1 7 -1 6 -1 5 -1 0
2  5 1 6 1 0
2  7 1 10 1 0
1
              1               0               0               0 
              0               1               0               0 
              0               0               1               0 
1
0.707106781186548 -0.707106781186547 3.33066907387547e-16               0 
0.707106781186547 0.707106781186548 -1.37960830217586e-16               0 
-1.37960830217586e-16 3.33066907387547e-16               1               0 
2  15 1 16 1 0
2  3 -1 16 -1 15 -1 0
2  3 -1 16 -1 15 -1 7 -1 6 -1 5 -1 0
2  3 -1 16 -1 15 -1 10 -1 7 -1 6 -1 5 -1 0
1
1.11022302462516e-16              -1 6.66133814775094e-16               0 
              1 1.11022302462516e-16 -4.93038065763132e-32               0 
-4.93038065763132e-32 6.66133814775094e-16               1               0 
2  15 1 21 1 0
2  3 -1 21 -1 15 -1 0
2  3 -1 21 -1 15 -1 7 -1 6 -1 5 -1 0
2  3 -1 21 -1 15 -1 10 -1 7 -1 6 -1 5 -1 0
1
-0.707106781186547 -0.707106781186548 8.04094644992679e-16               0 
0.707106781186548 -0.707106781186547 3.33066907387547e-16               0 
3.33066907387547e-16 8.04094644992679e-16               1               0 
2  15 1 26 1 0
2  3 -1 26 -1 15 -1 0
2  3 -1 26 -1 15 -1 7 -1 6 -1 5 -1 0
2  3 -1 26 -1 15 -1 10 -1 7 -1 6 -1 5 -1 0
1
             -1 -1.22464679914735e-16 6.66133814775094e-16               0 
1.22464679914736e-16              -1 6.66133814775094e-16               0 
6.66133814775094e-16 6.66133814775094e-16               1               0 
2  15 1 31 1 0
2  3 -1 31 -1 15 -1 0
2  3 -1 31 -1 15 -1 7 -1 6 -1 5 -1 0
2  3 -1 31 -1 15 -1 10 -1 7 -1 6 -1 5 -1 0
1
-0.707106781186548 0.707106781186547 3.33066907387547e-16               0 
-0.707106781186547 -0.707106781186548 8.04094644992679e-16               0 
8.04094644992679e-16 3.33066907387547e-16               1               0 
2  15 1 36 1 0
2  3 -1 36 -1 15 -1 0
2  3 -1 36 -1 15 -1 7 -1 6 -1 5 -1 0
2  3 -1 36 -1 15 -1 10 -1 7 -1 6 -1 5 -1 0
1
-2.22044604925031e-16               1 4.93038065763132e-32               0 
             -1 -2.22044604925031e-16 6.66133814775094e-16               0 
6.66133814775094e-16 4.93038065763132e-32               1               0 
2  15 1 41 1 0
2  3 -1 41 -1 15 -1 0
2  3 -1 41 -1 15 -1 7 -1 6 -1 5 -1 0
2  3 -1 41 -1 15 -1 10 -1 7 -1 6 -1 5 -1 0
1
0.707106781186547 0.707106781186548 -1.37960830217585e-16               0 
-0.707106781186548 0.707106781186547 3.33066907387547e-16               0 
3.33066907387547e-16 -1.37960830217585e-16               1               0 
2  15 1 46 1 0
2  3 -1 46 -1 15 -1 0
2  3 -1 46 -1 15 -1 7 -1 6 -1 5 -1 0
2  3 -1 46 -1 15 -1 10 -1 7 -1 6 -1 5 -1 0
Curve2ds 0
Curves 72
1 -2.3094010767555435 -18.000000000000007 19.999999999999993 0 -1 -4.4408920985006262e-16 
1 5.4279727304060578e-12 -18.000000000000007 15.999999999999993 0 -1 -4.4408920985006262e-16 
1 -2.3094010767555435 0 0 0.50000000000040079 -0.86602540378420723 0 
1 -2.3094010767555435 0 0 0.50000000000040079 -0.86602540378420723 0 
1 2.3094010767555435 -18.000000000000007 19.999999999999993 0 -1 -4.4408920985006262e-16 
1 5.4282871380246503e-12 -4 0 0.49999999999863803 0.86602540378522497 0 
1 5.4282871380246503e-12 -4 0 0.49999999999863803 0.86602540378522497 0 
1 2.3094010767555435 0 0 -1 0 0 
1 2.3094010767555435 0 0 -1 0 0 
1 -2.3094010767555435 -18.000000000000007 19.999999999999993 4.5950187061189639e-32 -1 -4.4408920985006262e-16 
1 5.4279727304060578e-12 -18.000000000000007 15.999999999999993 4.5950187061189639e-32 -1 -4.4408920985006262e-16 
1 -2.3094010767555435 2.2772452799096968e-31 -2.4760729344453662e-31 0.50000000000040079 -0.86602540378420723 5.3608551571430872e-32 
1 -2.3094010767555435 2.2772452799096968e-31 -2.4760729344453662e-31 0.50000000000040079 -0.86602540378420723 5.3608551571430872e-32 
1 2.3094010767555435 -18.000000000000007 19.999999999999993 4.5950187061189639e-32 -1 -4.4408920985006262e-16 
1 5.4282871380246503e-12 -4 5.8200522196619222e-43 0.49999999999863803 0.86602540378522497 5.3608551571241883e-32 
1 5.4282871380246503e-12 -4 5.8200522196619222e-43 0.49999999999863803 0.86602540378522497 5.3608551571241883e-32 
1 2.3094010767555435 -2.2772452799096968e-31 2.4760729344453662e-31 -1 9.8607613152626476e-32 -1.072171031427758e-31 
1 2.3094010767555435 -2.2772452799096968e-31 2.4760729344453662e-31 -1 9.8607613152626476e-32 -1.072171031427758e-31 
1 -2.3094010767555435 -18.000000000000007 19.999999999999993 4.3790577010150533e-47 -1 -4.4408920985006262e-16 
1 5.4279727304060578e-12 -18.000000000000007 15.999999999999993 4.3790577010150533e-47 -1 -4.4408920985006262e-16 
1 -2.3094010767555435 5.6931131997742518e-32 -1.264125071237352e-46 0.50000000000040079 -0.86602540378420723 2.736911063136601e-47 
1 -2.3094010767555435 5.6931131997742518e-32 -1.264125071237352e-46 0.50000000000040079 -0.86602540378420723 2.736911063136601e-47 
1 2.3094010767555435 -18.000000000000007 19.999999999999993 4.3790577010150533e-47 -1 -4.4408920985006262e-16 
1 5.4282871380246503e-12 -4 2.971347824385975e-58 0.49999999999863803 0.86602540378522497 2.7369110631269524e-47 
1 5.4282871380246503e-12 -4 2.971347824385975e-58 0.49999999999863803 0.86602540378522497 2.7369110631269524e-47 
1 2.3094010767555435 -5.6931131997742518e-32 1.264125071237352e-46 -1 2.4651903288156663e-32 -5.4738221262688147e-47 
1 2.3094010767555435 -5.6931131997742518e-32 1.264125071237352e-46 -1 2.4651903288156663e-32 -5.4738221262688147e-47 
1 -2.3094010767555435 -18.000000000000007 19.999999999999993 -2.6781731665459892e-31 -1 -4.4408920985006262e-16 
1 5.4279727304060578e-12 -18.000000000000007 15.999999999999993 -2.6781731665459892e-31 -1 -4.4408920985006262e-16 
1 -2.3094010767555435 0 9.6008439144236548e-31 0.50000000000040079 -0.86602540378420723 -2.078643681919359e-31 
1 -2.3094010767555435 0 9.6008439144236548e-31 0.50000000000040079 -0.86602540378420723 -2.078643681919359e-31 
1 2.3094010767555435 -18.000000000000007 19.999999999999993 -2.6781731665459892e-31 -1 -4.4408920985006262e-16 
1 5.4282871380246503e-12 -4 -2.2566949526180027e-42 0.49999999999863803 0.86602540378522497 -2.078643681912031e-31 
1 5.4282871380246503e-12 -4 -2.2566949526180027e-42 0.49999999999863803 0.86602540378522497 -2.078643681912031e-31 
1 2.3094010767555435 0 -9.6008439144236548e-31 -1 0 4.1572873638353855e-31 
1 2.3094010767555435 0 -9.6008439144236548e-31 -1 0 4.1572873638353855e-31 
1 -2.3094010767555435 -18.000000000000007 19.999999999999993 3.0653403907105373e-46 -1 -4.4408920985006252e-16 
1 5.4279727304060578e-12 -18.000000000000007 15.999999999999993 3.0653403907105373e-46 -1 -4.4408920985006252e-16 
1 -2.3094010767555435 0 -1.4158200797858348e-45 0.50000000000040079 -0.86602540378420723 3.0653403907129947e-46 
1 -2.3094010767555435 0 -1.4158200797858348e-45 0.50000000000040079 -0.86602540378420723 3.0653403907129947e-46 
1 2.3094010767555435 -18.000000000000007 19.999999999999993 3.0653403907105373e-46 -1 -4.4408920985006252e-16 
1 5.4282871380246503e-12 -4 3.3279095633122932e-57 0.49999999999863803 0.86602540378522497 3.0653403907021876e-46 
1 5.4282871380246503e-12 -4 3.3279095633122932e-57 0.49999999999863803 0.86602540378522497 3.0653403907021876e-46 
1 2.3094010767555435 0 1.4158200797858348e-45 -1 0 -6.1306807814210747e-46 
1 2.3094010767555435 0 1.4158200797858348e-45 -1 0 -6.1306807814210747e-46 
1 -2.3094010767555435 -18.000000000000007 19.999999999999993 -2.6781731665459905e-31 -1 -4.4408920985006257e-16 
1 5.4279727304060578e-12 -18.000000000000007 15.999999999999993 -2.6781731665459905e-31 -1 -4.4408920985006257e-16 
1 -2.3094010767555435 0 1.4431610653971269e-30 0.50000000000040079 -0.86602540378420723 -2.2705683810058246e-31 
1 -2.3094010767555435 0 1.4431610653971269e-30 0.50000000000040079 -0.86602540378420723 -2.2705683810058246e-31 
1 2.3094010767555435 -18.000000000000007 19.999999999999993 -2.6781731665459905e-31 -1 -4.4408920985006257e-16 
1 5.4282871380246503e-12 -4 3.9443045260711371e-31 0.49999999999863803 0.86602540378522497 -3.9785023409298186e-31 
1 5.4282871380246503e-12 -4 3.9443045260711371e-31 0.49999999999863803 0.86602540378522497 -3.9785023409298186e-31 
1 2.3094010767555435 0 -1.4431610653971269e-30 -1 0 6.2490707219406458e-31 
1 2.3094010767555435 0 -1.4431610653971269e-30 -1 0 6.2490707219406458e-31 
1 -2.3094010767555435 -18.000000000000007 19.999999999999993 -3.284293275761289e-47 -1 -4.4408920985006257e-16 
1 5.4279727304060578e-12 -18.000000000000007 15.999999999999993 -3.284293275761289e-47 -1 -4.4408920985006257e-16 
1 -2.3094010767555435 0 -2.0226001139797638e-46 0.50000000000040079 -0.86602540378420723 -8.5396697996700203e-32 
1 -2.3094010767555435 0 -2.0226001139797638e-46 0.50000000000040079 -0.86602540378420723 -8.5396697996700203e-32 
1 2.3094010767555435 -18.000000000000007 19.999999999999993 -3.284293275761289e-47 -1 -4.4408920985006257e-16 
1 5.4282871380246503e-12 -4 -3.944304526105059e-31 0.49999999999863803 0.86602540378522497 8.5396697996800648e-32 
1 5.4282871380246503e-12 -4 -3.944304526105059e-31 0.49999999999863803 0.86602540378522497 8.5396697996800648e-32 
1 2.3094010767555435 0 2.0226001139797638e-46 -1 0 -8.7581154020301067e-47 
1 2.3094010767555435 0 2.0226001139797638e-46 -1 0 -8.7581154020301067e-47 
1 -2.3094010767555435 -18.000000000000007 19.999999999999993 4.5950187061189623e-32 -1 -4.4408920985006262e-16 
1 5.4279727304060578e-12 -18.000000000000007 15.999999999999993 4.5950187061189623e-32 -1 -4.4408920985006262e-16 
1 -2.3094010767555435 0 2.3546938051022454e-31 0.50000000000040079 -0.86602540378420723 -8.282267335565784e-33 
1 -2.3094010767555435 0 2.3546938051022454e-31 0.50000000000040079 -0.86602540378420723 -8.282267335565784e-33 
1 2.3094010767555435 -18.000000000000007 19.999999999999993 4.5950187061189623e-32 -1 -4.4408920985006262e-16 
1 5.4282871380246503e-12 -4 1.9721522630469948e-31 0.49999999999863803 0.86602540378522497 -9.3678965332136476e-32 
1 5.4282871380246503e-12 -4 1.9721522630469948e-31 0.49999999999863803 0.86602540378522497 -9.3678965332136476e-32 
1 2.3094010767555435 0 -2.3546938051022454e-31 -1 0 1.0196123266775008e-31 
1 2.3094010767555435 0 -2.3546938051022454e-31 -1 0 1.0196123266775008e-31 
Polygon3D 0
PolygonOnTriangulations 0
Surfaces 40
1 -2.3094010767555435 -18.000000000000007 19.999999999999993 0.86602540378420723 -2.2204460492520929e-16 0.50000000000040079 0.50000000000040079 3.8459253727661001e-16 -0.86602540378420723 0 1 4.4408920985006262e-16 
1 5.4282871380246503e-12 -18.000000000000007 15.999999999999993 -0.86602540378522497 -2.2204460492442647e-16 0.49999999999863803 0.49999999999863803 -3.8459253727706198e-16 0.86602540378522497 0 1 4.4408920985006262e-16 
1 2.3094010767555435 -18.000000000000007 19.999999999999993 0 4.4408920985006262e-16 -1 -1 0 0 0 1 4.4408920985006262e-16 
1 1.3569706690255376e-12 -8.2896652505343118e-15 18.666666666666238 0 1 4.4408920985006262e-16 0 -4.4408920985006262e-16 1 1 0 0 
1 1.3569706690255376e-12 -8.2896652505343118e-15 18.666666666666238 0 1 4.4408920985006262e-16 0 -4.4408920985006262e-16 1 1 0 0 
1 -2.3094010767555435 -18.000000000000007 19.999999999999993 0.86602540378420723 -2.2204460492520934e-16 0.50000000000040079 0.50000000000040079 3.8459253727661001e-16 -0.86602540378420723 -4.5950187061189639e-32 1 4.4408920985006262e-16 
1 5.4282871380246503e-12 -18.000000000000007 15.999999999999993 -0.86602540378522497 -2.2204460492442642e-16 0.49999999999863803 0.49999999999863803 -3.8459253727706198e-16 0.86602540378522497 -4.5950187061189639e-32 1 4.4408920985006262e-16 
1 2.3094010767555435 -18.000000000000007 19.999999999999993 4.9303806576313216e-32 4.4408920985006262e-16 -1 -1 4.5950187061189617e-32 4.9303806576313238e-32 -4.5950187061189639e-32 1 4.4408920985006262e-16 
1 1.3569706690255376e-12 -8.2896652505343118e-15 18.666666666666238 -4.5950187061189639e-32 1 4.4408920985006262e-16 -4.9303806576313216e-32 -4.4408920985006262e-16 1 1 -4.5950187061189617e-32 -4.9303806576313238e-32 
1 1.3569706690255376e-12 -8.2896652505343118e-15 18.666666666666238 -4.5950187061189639e-32 1 4.4408920985006262e-16 -4.9303806576313216e-32 -4.4408920985006262e-16 1 1 -4.5950187061189617e-32 -4.9303806576313238e-32 
1 -2.3094010767555435 -18.000000000000007 19.999999999999993 0.86602540378420723 -2.2204460492520929e-16 0.50000000000040079 0.50000000000040079 3.8459253727661001e-16 -0.86602540378420723 -4.3790577010150533e-47 1 4.4408920985006262e-16 
1 5.4282871380246503e-12 -18.000000000000007 15.999999999999993 -0.86602540378522497 -2.2204460492442647e-16 0.49999999999863803 0.49999999999863803 -3.8459253727706198e-16 0.86602540378522497 -4.3790577010150533e-47 1 4.4408920985006262e-16 
1 2.3094010767555435 -18.000000000000007 19.999999999999993 2.4651903288156663e-32 4.4408920985006262e-16 -1 -1 3.2842932757612881e-47 2.4651903288156663e-32 -4.3790577010150533e-47 1 4.4408920985006262e-16 
1 1.3569706690255376e-12 -8.2896652505343118e-15 18.666666666666238 -4.3790577010150533e-47 1 4.4408920985006262e-16 -2.4651903288156663e-32 -4.4408920985006262e-16 1 1 -3.2842932757612881e-47 -2.4651903288156663e-32 
1 1.3569706690255376e-12 -8.2896652505343118e-15 18.666666666666238 -4.3790577010150533e-47 1 4.4408920985006262e-16 -2.4651903288156663e-32 -4.4408920985006262e-16 1 1 -3.2842932757612881e-47 -2.4651903288156663e-32 
1 -2.3094010767555435 -18.000000000000007 19.999999999999993 0.86602540378420723 -2.2204460492520905e-16 0.50000000000040079 0.50000000000040079 3.8459253727661016e-16 -0.86602540378420723 2.6781731665459892e-31 1 4.4408920985006262e-16 
1 5.4282871380246503e-12 -18.000000000000007 15.999999999999993 -0.86602540378522497 -2.220446049244267e-16 0.49999999999863803 0.49999999999863803 -3.8459253727706183e-16 0.86602540378522497 2.6781731665459892e-31 1 4.4408920985006262e-16 
1 2.3094010767555435 -18.000000000000007 19.999999999999993 4.9303806576313358e-32 4.4408920985006262e-16 -1 -1 -2.6781731665459896e-31 4.9303806576313238e-32 2.6781731665459892e-31 1 4.4408920985006262e-16 
1 1.3569706690255376e-12 -8.2896652505343118e-15 18.666666666666238 2.6781731665459892e-31 1 4.4408920985006262e-16 -4.9303806576313358e-32 -4.4408920985006262e-16 1 1 2.6781731665459896e-31 -4.9303806576313238e-32 
1 1.3569706690255376e-12 -8.2896652505343118e-15 18.666666666666238 2.6781731665459892e-31 1 4.4408920985006262e-16 -4.9303806576313358e-32 -4.4408920985006262e-16 1 1 2.6781731665459896e-31 -4.9303806576313238e-32 
1 -2.3094010767555435 -18.000000000000007 19.999999999999993 0.86602540378420723 -2.2204460492520934e-16 0.50000000000040079 0.50000000000040079 3.8459253727661011e-16 -0.86602540378420723 -3.0653403907105373e-46 1 4.4408920985006252e-16 
1 5.4282871380246503e-12 -18.000000000000007 15.999999999999993 -0.86602540378522497 -2.2204460492442652e-16 0.49999999999863803 0.49999999999863803 -3.8459253727706208e-16 0.86602540378522497 -3.0653403907105373e-46 1 4.4408920985006252e-16 
1 2.3094010767555435 -18.000000000000007 19.999999999999993 -9.8607613152626476e-32 4.4408920985006271e-16 -1 -1 3.5032461608120427e-46 -9.8607613152626476e-32 -3.0653403907105373e-46 1 4.4408920985006252e-16 
1 1.3569706690255376e-12 -8.2896652505343134e-15 18.666666666666238 -3.0653403907105373e-46 1 4.4408920985006252e-16 9.8607613152626476e-32 -4.4408920985006271e-16 1 1 -3.5032461608120427e-46 9.8607613152626476e-32 
1 1.3569706690255376e-12 -8.2896652505343134e-15 18.666666666666238 -3.0653403907105373e-46 1 4.4408920985006252e-16 9.8607613152626476e-32 -4.4408920985006271e-16 1 1 -3.5032461608120427e-46 9.8607613152626476e-32 
1 -2.3094010767555435 -18.000000000000007 19.999999999999993 0.86602540378420723 -2.220446049252091e-16 0.50000000000040079 0.50000000000040079 3.8459253727661021e-16 -0.86602540378420723 2.6781731665459905e-31 1 4.4408920985006257e-16 
1 5.4282871380246503e-12 -18.000000000000007 15.999999999999993 -0.86602540378522497 -2.2204460492442672e-16 0.49999999999863803 0.49999999999863803 -3.8459253727706188e-16 0.86602540378522497 2.6781731665459905e-31 1 4.4408920985006257e-16 
1 2.3094010767555435 -18.000000000000007 19.999999999999993 9.8607613152626585e-32 4.4408920985006262e-16 -1 -1 -2.6781731665459909e-31 9.8607613152626476e-32 2.6781731665459905e-31 1 4.4408920985006257e-16 
1 1.3569706690255376e-12 -8.2896652505343134e-15 18.666666666666238 2.6781731665459905e-31 1 4.4408920985006257e-16 -9.8607613152626585e-32 -4.4408920985006262e-16 1 1 2.6781731665459909e-31 -9.8607613152626476e-32 
1 1.3569706690255376e-12 -8.2896652505343134e-15 18.666666666666238 2.6781731665459905e-31 1 4.4408920985006257e-16 -9.8607613152626585e-32 -4.4408920985006262e-16 1 1 2.6781731665459909e-31 -9.8607613152626476e-32 
1 -2.3094010767555435 -18.000000000000007 19.999999999999993 0.86602540378420723 -2.2204460492520934e-16 0.50000000000040079 0.50000000000040079 3.8459253727661006e-16 -0.86602540378420723 3.284293275761289e-47 1 4.4408920985006257e-16 
1 5.4282871380246503e-12 -18.000000000000007 15.999999999999993 -0.86602540378522497 -2.220446049244265e-16 0.49999999999863803 0.49999999999863803 -3.8459253727706203e-16 0.86602540378522497 3.284293275761289e-47 1 4.4408920985006257e-16 
1 2.3094010767555435 -18.000000000000007 19.999999999999993 1.4585192057487047e-62 4.4408920985006262e-16 -1 -1 -3.284293275761289e-47 0 3.284293275761289e-47 1 4.4408920985006257e-16 
1 1.3569706690255376e-12 -8.2896652505343134e-15 18.666666666666238 3.284293275761289e-47 1 4.4408920985006257e-16 -1.4585192057487047e-62 -4.4408920985006262e-16 1 1 3.284293275761289e-47 0 
1 1.3569706690255376e-12 -8.2896652505343134e-15 18.666666666666238 3.284293275761289e-47 1 4.4408920985006257e-16 -1.4585192057487047e-62 -4.4408920985006262e-16 1 1 3.284293275761289e-47 0 
1 -2.3094010767555435 -18.000000000000007 19.999999999999993 0.86602540378420723 -2.2204460492520929e-16 0.50000000000040079 0.50000000000040079 3.8459253727660996e-16 -0.86602540378420723 -4.5950187061189623e-32 1 4.4408920985006262e-16 
1 5.4282871380246503e-12 -18.000000000000007 15.999999999999993 -0.86602540378522497 -2.220446049244264e-16 0.49999999999863803 0.49999999999863803 -3.8459253727706193e-16 0.86602540378522497 -4.5950187061189623e-32 1 4.4408920985006262e-16 
1 2.3094010767555435 -18.000000000000007 19.999999999999993 -2.040598226446627e-47 4.4408920985006257e-16 -1 -1 4.5950187061189623e-32 0 -4.5950187061189623e-32 1 4.4408920985006262e-16 
1 1.3569706690255376e-12 -8.2896652505343102e-15 18.666666666666238 -4.5950187061189623e-32 1 4.4408920985006262e-16 2.040598226446627e-47 -4.4408920985006257e-16 1 1 -4.5950187061189623e-32 0 
1 1.3569706690255376e-12 -8.2896652505343102e-15 18.666666666666238 -4.5950187061189623e-32 1 4.4408920985006262e-16 2.040598226446627e-47 -4.4408920985006257e-16 1 1 -4.5950187061189623e-32 0 
Triangulations 0

TShapes 217
Ve
1e-07
-2.30940107675554 -18 20
0 0

0101101
*
Ve
1e-07
-2.30940107675554 -40 20
0 0

0101101
*
Ed
 1e-07 1 1 0
1  1 0 0 22
0

0101000
+217 4 -216 4 *
Ve
1.00000000314408e-07
5.42797273040606e-12 -18 16
0 0

0101101
*
Ve
1.00000000314408e-07
5.42797273040606e-12 -40 16
0 0

0101101
*
Ed
 1.00000000314408e-07 1 1 0
1  2 0 0 22
0

0101000
+214 4 -213 4 *
Ed
 1e-07 1 1 0
1  3 0 0 4.61880215351824
0

0101000
+217 9 -214 9 *
Ed
 1e-07 1 1 0
1  4 0 0 4.61880215351824
0

0101000
+216 12 -213 12 *
Wi

0101100
+215 0 -212 0 -211 8 +210 11 *
Fa
0  1e-07 1 0

0111000
+209 0 *
Ve
1e-07
2.30940107675554 -18 20
0 0

0101101
*
Ve
1e-07
2.30940107675554 -40 20
0 0

0101101
*
Ed
 1e-07 1 1 0
1  5 0 0 22
0

0101000
+207 4 -206 4 *
Ed
 1e-07 1 1 0
1  6 0 0 4.61880215351281
0

0101000
+214 9 -207 9 *
Ed
 1e-07 1 1 0
1  7 0 0 4.61880215351281
0

0101000
+213 12 -206 12 *
Wi

0101100
+212 0 -205 0 -204 8 +203 11 *
Fa
0  1e-07 2 0

0111000
+202 0 *
Ed
 1e-07 1 1 0
1  8 0 0 4.61880215351109
0

0101000
+207 9 -217 9 *
Ed
 1e-07 1 1 0
1  9 0 0 4.61880215351109
0

0101000
+206 12 -216 12 *
Wi

0101100
+205 0 -215 0 -200 8 +199 11 *
Fa
0  1e-07 3 0

0111000
+198 0 *
Wi

0101100
+211 0 +204 0 +200 0 *
Fa
0  1e-07 4 0

0111000
-196 13 *
Wi

0101100
+210 0 +203 0 +199 0 *
Fa
0  1e-07 5 0

0111000
-194 13 *
Sh

0101100
-208 0 -201 0 -197 0 +195 7 -193 14 *
So

0100000
+192 0 *
Ve
1e-07
11.0949288995045 -14.3609152232112 20
0 0

0101101
*
Ve
1e-07
26.6512780856086 -29.9172644093153 20
0 0

0101101
*
Ed
 1e-07 1 1 0
1  10 0 0 22
0

0101000
+190 18 -189 18 *
Ve
1.00000000314408e-07
12.7279220613617 -12.727922061354 16
0 0

0101101
*
Ve
1.00000000314408e-07
28.2842712474657 -28.2842712474581 16
0 0

0101101
*
Ed
 1.00000000314408e-07 1 1 0
1  11 0 0 22
0

0101000
+187 18 -186 18 *
Ed
 1e-07 1 1 0
1  12 0 0 4.61880215351824
0

0101000
+190 19 -187 19 *
Ed
 1e-07 1 1 0
1  13 0 0 4.61880215351824
0

0101000
+189 20 -186 20 *
Wi

0101100
+188 0 -185 0 -184 8 +183 11 *
Fa
0  1e-07 6 0

0111000
+182 0 *
Ve
1e-07
14.3609152232112 -11.0949288995045 20
0 0

0101101
*
Ve
1e-07
29.9172644093153 -26.6512780856086 20
0 0

0101101
*
Ed
 1e-07 1 1 0
1  14 0 0 22
0

0101000
+180 18 -179 18 *
Ed
 1e-07 1 1 0
1  15 0 0 4.61880215351281
0

0101000
+187 19 -180 19 *
Ed
 1e-07 1 1 0
1  16 0 0 4.61880215351281
0

0101000
+186 20 -179 20 *
Wi

0101100
+185 0 -178 0 -177 8 +176 11 *
Fa
0  1e-07 7 0

0111000
+175 0 *
Ed
 1e-07 1 1 0
1  17 0 0 4.61880215351109
0

0101000
+180 19 -190 19 *
Ed
 1e-07 1 1 0
1  18 0 0 4.61880215351109
0

0101000
+179 20 -189 20 *
Wi

0101100
+178 0 -188 0 -173 8 +172 11 *
Fa
0  1e-07 8 0

0111000
+171 0 *
Wi

0101100
+184 0 +177 0 +173 0 *
Fa
0  1e-07 9 0

0111000
-169 13 *
Wi

0101100
+183 0 +176 0 +172 0 *
Fa
0  1e-07 10 0

0111000
-167 13 *
Sh

0101100
-181 0 -174 0 -170 0 +168 7 -166 14 *
So

0100000
+165 0 *
Ve
1e-07
18 -2.30940107675555 20
0 0

0101101
*
Ve
1e-07
40 -2.30940107675555 20
0 0

0101101
*
Ed
 1e-07 1 1 0
1  19 0 0 22
0

0101000
+163 23 -162 23 *
Ve
1.00000000314408e-07
18 5.42597432896173e-12 16
0 0

0101101
*
Ve
1.00000000314408e-07
40 5.42353183830756e-12 16
0 0

0101101
*
Ed
 1.00000000314408e-07 1 1 0
1  20 0 0 22
0

0101000
+160 23 -159 23 *
Ed
 1e-07 1 1 0
1  21 0 0 4.61880215351824
0

0101000
+163 24 -160 24 *
Ed
 1e-07 1 1 0
1  22 0 0 4.61880215351824
0

0101000
+162 25 -159 25 *
Wi

0101100
+161 0 -158 0 -157 8 +156 11 *
Fa
0  1e-07 11 0

0111000
+155 0 *
Ve
1e-07
18 2.30940107675554 20
0 0

0101101
*
Ve
1e-07
40 2.30940107675554 20
0 0

0101101
*
Ed
 1e-07 1 1 0
1  23 0 0 22
0

0101000
+153 23 -152 23 *
Ed
 1e-07 1 1 0
1  24 0 0 4.61880215351281
0

0101000
+160 24 -153 24 *
Ed
 1e-07 1 1 0
1  25 0 0 4.61880215351281
0

0101000
+159 25 -152 25 *
Wi

0101100
+158 0 -151 0 -150 8 +149 11 *
Fa
0  1e-07 12 0

0111000
+148 0 *
Ed
 1e-07 1 1 0
1  26 0 0 4.61880215351109
0

0101000
+153 24 -163 24 *
Ed
 1e-07 1 1 0
1  27 0 0 4.61880215351109
0

0101000
+152 25 -162 25 *
Wi

0101100
+151 0 -161 0 -146 8 +145 11 *
Fa
0  1e-07 13 0

0111000
+144 0 *
Wi

0101100
+157 0 +150 0 +146 0 *
Fa
0  1e-07 14 0

0111000
-142 13 *
Wi

0101100
+156 0 +149 0 +145 0 *
Fa
0  1e-07 15 0

0111000
-140 13 *
Sh

0101100
-154 0 -147 0 -143 0 +141 7 -139 14 *
So

0100000
+138 0 *
Ve
1e-07
14.3609152232112 11.0949288995045 20
0 0

0101101
*
Ve
1e-07
29.9172644093153 26.6512780856086 20
0 0

0101101
*
Ed
 1e-07 1 1 0
1  28 0 0 22
0

0101000
+136 28 -135 28 *
Ve
1.00000000314408e-07
12.727922061354 12.7279220613617 16
0 0

0101101
*
Ve
1.00000000314408e-07
28.2842712474581 28.2842712474657 16
0 0

0101101
*
Ed
 1.00000000314408e-07 1 1 0
1  29 0 0 22
0

0101000
+133 28 -132 28 *
Ed
 1e-07 1 1 0
1  30 0 0 4.61880215351824
0

0101000
+136 29 -133 29 *
Ed
 1e-07 1 1 0
1  31 0 0 4.61880215351824
0

0101000
+135 30 -132 30 *
Wi

0101100
+134 0 -131 0 -130 8 +129 11 *
Fa
0  1e-07 16 0

0111000
+128 0 *
Ve
1e-07
11.0949288995045 14.3609152232112 20
0 0

0101101
*
Ve
1e-07
26.6512780856086 29.9172644093153 20
0 0

0101101
*
Ed
 1e-07 1 1 0
1  32 0 0 22
0

0101000
+126 28 -125 28 *
Ed
 1e-07 1 1 0
1  33 0 0 4.61880215351281
0

0101000
+133 29 -126 29 *
Ed
 1e-07 1 1 0
1  34 0 0 4.61880215351281
0

0101000
+132 30 -125 30 *
Wi

0101100
+131 0 -124 0 -123 8 +122 11 *
Fa
0  1e-07 17 0

0111000
+121 0 *
Ed
 1e-07 1 1 0
1  35 0 0 4.61880215351109
0

0101000
+126 29 -136 29 *
Ed
 1e-07 1 1 0
1  36 0 0 4.61880215351109
0

0101000
+125 30 -135 30 *
Wi

0101100
+124 0 -134 0 -119 8 +118 11 *
Fa
0  1e-07 18 0

0111000
+117 0 *
Wi

0101100
+130 0 +123 0 +119 0 *
Fa
0  1e-07 19 0

0111000
-115 13 *
Wi

0101100
+129 0 +122 0 +118 0 *
Fa
0  1e-07 20 0

0111000
-113 13 *
Sh

0101100
-127 0 -120 0 -116 0 +114 7 -112 14 *
So

0100000
+111 0 *
Ve
1e-07
2.30940107675556 18 20
0 0

0101101
*
Ve
1e-07
2.30940107675556 40 20
0 0

0101101
*
Ed
 1e-07 1 1 0
1  37 0 0 22
0

0101000
+109 33 -108 33 *
Ve
1.00000000314408e-07
-5.41511022513119e-12 18 16
0 0

0101101
*
Ve
1.00000000314408e-07
-5.41241600217307e-12 40 16
0 0

0101101
*
Ed
 1.00000000314408e-07 1 1 0
1  38 0 0 22
0

0101000
+106 33 -105 33 *
Ed
 1e-07 1 1 0
1  39 0 0 4.61880215351824
0

0101000
+109 34 -106 34 *
Ed
 1e-07 1 1 0
1  40 0 0 4.61880215351824
0

0101000
+108 35 -105 35 *
Wi

0101100
+107 0 -104 0 -103 8 +102 11 *
Fa
0  1e-07 21 0

0111000
+101 0 *
Ve
1e-07
-2.30940107675553 18 20
0 0

0101101
*
Ve
1e-07
-2.30940107675553 40 20
0 0

0101101
*
Ed
 1e-07 1 1 0
1  41 0 0 22
0

0101000
+99 33 -98 33 *
Ed
 1e-07 1 1 0
1  42 0 0 4.61880215351281
0

0101000
+106 34 -99 34 *
Ed
 1e-07 1 1 0
1  43 0 0 4.61880215351281
0

0101000
+105 35 -98 35 *
Wi

0101100
+104 0 -97 0 -96 8 +95 11 *
Fa
0  1e-07 22 0

0111000
+94 0 *
Ed
 1e-07 1 1 0
1  44 0 0 4.61880215351109
0

0101000
+99 34 -109 34 *
Ed
 1e-07 1 1 0
1  45 0 0 4.61880215351109
0

0101000
+98 35 -108 35 *
Wi

0101100
+97 0 -107 0 -92 8 +91 11 *
Fa
0  1e-07 23 0

0111000
+90 0 *
Wi

0101100
+103 0 +96 0 +92 0 *
Fa
0  1e-07 24 0

0111000
-88 13 *
Wi

0101100
+102 0 +95 0 +91 0 *
Fa
0  1e-07 25 0

0111000
-86 13 *
Sh

0101100
-100 0 -93 0 -89 0 +87 7 -85 14 *
So

0100000
+84 0 *
Ve
1e-07
-11.0949288995045 14.3609152232112 20
0 0

0101101
*
Ve
1e-07
-26.6512780856085 29.9172644093153 20
0 0

0101101
*
Ed
 1e-07 1 1 0
1  46 0 0 22
0

0101000
+82 38 -81 38 *
Ve
1.00000000314408e-07
-12.7279220613617 12.727922061354 16
0 0

0101101
*
Ve
1.00000000314408e-07
-28.2842712474657 28.2842712474581 16
0 0

0101101
*
Ed
 1.00000000314408e-07 1 1 0
1  47 0 0 22
0

0101000
+79 38 -78 38 *
Ed
 1e-07 1 1 0
1  48 0 0 4.61880215351824
0

0101000
+82 39 -79 39 *
Ed
 1e-07 1 1 0
1  49 0 0 4.61880215351824
0

0101000
+81 40 -78 40 *
Wi

0101100
+80 0 -77 0 -76 8 +75 11 *
Fa
0  1e-07 26 0

0111000
+74 0 *
Ve
1e-07
-14.3609152232112 11.0949288995045 20
0 0

0101101
*
Ve
1e-07
-29.9172644093153 26.6512780856086 20
0 0

0101101
*
Ed
 1e-07 1 1 0
1  50 0 0 22
0

0101000
+72 38 -71 38 *
Ed
 1e-07 1 1 0
1  51 0 0 4.61880215351281
0

0101000
+79 39 -72 39 *
Ed
 1e-07 1 1 0
1  52 0 0 4.61880215351281
0

0101000
+78 40 -71 40 *
Wi

0101100
+77 0 -70 0 -69 8 +68 11 *
Fa
0  1e-07 27 0

0111000
+67 0 *
Ed
 1e-07 1 1 0
1  53 0 0 4.61880215351109
0

0101000
+72 39 -82 39 *
Ed
 1e-07 1 1 0
1  54 0 0 4.61880215351109
0

0101000
+71 40 -81 40 *
Wi

0101100
+70 0 -80 0 -65 8 +64 11 *
Fa
0  1e-07 28 0

0111000
+63 0 *
Wi

0101100
+76 0 +69 0 +65 0 *
Fa
0  1e-07 29 0

0111000
-61 13 *
Wi

0101100
+75 0 +68 0 +64 0 *
Fa
0  1e-07 30 0

0111000
-59 13 *
Sh

0101100
-73 0 -66 0 -62 0 +60 7 -58 14 *
So

0100000
+57 0 *
Ve
1e-07
-18 2.30940107675556 20
0 0

0101101
*
Ve
1e-07
-40 2.30940107675557 20
0 0

0101101
*
Ed
 1e-07 1 1 0
1  55 0 0 22
0

0101000
+55 43 -54 43 *
Ve
1.00000000314408e-07
-18 -5.41331778648101e-12 16
0 0

0101101
*
Ve
1.00000000314408e-07
-40 -5.40843280517266e-12 16
0 0

0101101
*
Ed
 1.00000000314408e-07 1 1 0
1  56 0 0 22
0

0101000
+52 43 -51 43 *
Ed
 1e-07 1 1 0
1  57 0 0 4.61880215351824
0

0101000
+55 44 -52 44 *
Ed
 1e-07 1 1 0
1  58 0 0 4.61880215351824
0

0101000
+54 45 -51 45 *
Wi

0101100
+53 0 -50 0 -49 8 +48 11 *
Fa
0  1e-07 31 0

0111000
+47 0 *
Ve
1e-07
-18 -2.30940107675553 20
0 0

0101101
*
Ve
1e-07
-40 -2.30940107675552 20
0 0

0101101
*
Ed
 1e-07 1 1 0
1  59 0 0 22
0

0101000
+45 43 -44 43 *
Ed
 1e-07 1 1 0
1  60 0 0 4.61880215351281
0

0101000
+52 44 -45 44 *
Ed
 1e-07 1 1 0
1  61 0 0 4.61880215351281
0

0101000
+51 45 -44 45 *
Wi

0101100
+50 0 -43 0 -42 8 +41 11 *
Fa
0  1e-07 32 0

0111000
+40 0 *
Ed
 1e-07 1 1 0
1  62 0 0 4.61880215351109
0

0101000
+45 44 -55 44 *
Ed
 1e-07 1 1 0
1  63 0 0 4.61880215351109
0

0101000
+44 45 -54 45 *
Wi

0101100
+43 0 -53 0 -38 8 +37 11 *
Fa
0  1e-07 33 0

0111000
+36 0 *
Wi

0101100
+49 0 +42 0 +38 0 *
Fa
0  1e-07 34 0

0111000
-34 13 *
Wi

0101100
+48 0 +41 0 +37 0 *
Fa
0  1e-07 35 0

0111000
-32 13 *
Sh

0101100
-46 0 -39 0 -35 0 +33 7 -31 14 *
So

0100000
+30 0 *
Ve
1e-07
-14.3609152232112 -11.0949288995045 20
0 0

0101101
*
Ve
1e-07
-29.9172644093153 -26.6512780856085 20
0 0

0101101
*
Ed
 1e-07 1 1 0
1  64 0 0 22
0

0101000
+28 48 -27 48 *
Ve
1.00000000314408e-07
-12.727922061354 -12.7279220613617 16
0 0

0101101
*
Ve
1.00000000314408e-07
-28.2842712474581 -28.2842712474657 16
0 0

0101101
*
Ed
 1.00000000314408e-07 1 1 0
1  65 0 0 22
0

0101000
+25 48 -24 48 *
Ed
 1e-07 1 1 0
1  66 0 0 4.61880215351824
0

0101000
+28 49 -25 49 *
Ed
 1e-07 1 1 0
1  67 0 0 4.61880215351824
0

0101000
+27 50 -24 50 *
Wi

0101100
+26 0 -23 0 -22 8 +21 11 *
Fa
0  1e-07 36 0

0111000
+20 0 *
Ve
1e-07
-11.0949288995045 -14.3609152232112 20
0 0

0101101
*
Ve
1e-07
-26.6512780856086 -29.9172644093153 20
0 0

0101101
*
Ed
 1e-07 1 1 0
1  68 0 0 22
0

0101000
+18 48 -17 48 *
Ed
 1e-07 1 1 0
1  69 0 0 4.61880215351281
0

0101000
+25 49 -18 49 *
Ed
 1e-07 1 1 0
1  70 0 0 4.61880215351281
0

0101000
+24 50 -17 50 *
Wi

0101100
+23 0 -16 0 -15 8 +14 11 *
Fa
0  1e-07 37 0

0111000
+13 0 *
Ed
 1e-07 1 1 0
1  71 0 0 4.61880215351109
0

0101000
+18 49 -28 49 *
Ed
 1e-07 1 1 0
1  72 0 0 4.61880215351109
0

0101000
+17 50 -27 50 *
Wi

0101100
+16 0 -26 0 -11 8 +10 11 *
Fa
0  1e-07 38 0

0111000
+9 0 *
Wi

0101100
+22 0 +15 0 +11 0 *
Fa
0  1e-07 39 0

0111000
-7 13 *
Wi

0101100
+21 0 +14 0 +10 0 *
Fa
0  1e-07 40 0

0111000
-5 13 *
Sh

0101100
-19 0 -12 0 -8 0 +6 7 -4 14 *
So

0100000
+3 0 *
Co

0100000
+191 2 +164 17 +137 22 +110 27 +83 32 +56 37 +29 42 +2 47 *

+1 1 ]]>
      </Part>
      <ElementMap new="1" count="1"><Element key="Dummy" value="Dummy"/></ElementMap>
      <ElementMap2 count="160">
<![CDATA[
5 PostfixCount 11
Edge
Face
Vertex
;:G;XTR;:Hab8:7,F
;FAC;:Hab8:4,F
;:G;XTR;:Hab8:7,E
;:G0;XTR;:Hab8:8,F
;:U;XTR;:Hab8:7,E
;:U;XTR;:Hab8:7,V
;SKT;:Hab8,E
;SKT;:Hab8,V

MapCount 2

ElementMap 1 6 3

Edge

ChildCount 0

NameCount 10
0
$#4328.6 0
$#4329.6 0
;g1.a 0
$#4330.8 0
$#432a.6 0
;g2.a 0
$#4331.8 0
;g3.a 0
$#4332.8 0

Face

ChildCount 0

NameCount 6
0
$#4326.4 0
$#432b.4 0
$#432c.4 0
$#4326.5 0
$#432e.7 0

Vertex

ChildCount 0

NameCount 7
0
;g1v1.b 0
$#4334.9 0
;g1v2.b 0
$#4335.9 0
;g2v2.b 0
$#4336.9 0

EndMap

ElementMap 2 5 3

Edge

ChildCount 8
1 0 9 2746 1 ;:Hab9,E;:Hab9:8,E;:Haba:12,E 0
1 9 9 2746 1 ;I1;:H-ab9:3,E;:H-ab9:e,E;:Hab9:19,E;:Haba:24,E 0
1 18 9 2746 1 ;I2;:H-ab9:3,E;:H-ab9:e,E;:Hab9:19,E;:Haba:24,E 0
1 27 9 2746 1 ;I3;:H-ab9:3,E;:H-ab9:e,E;:Hab9:19,E;:Haba:24,E 0
1 36 9 2746 1 ;I4;:H-ab9:3,E;:H-ab9:e,E;:Hab9:19,E;:Haba:24,E 0
1 45 9 2746 1 ;I5;:H-ab9:3,E;:H-ab9:e,E;:Hab9:19,E;:Haba:24,E 0
1 54 9 2746 1 ;I6;:H-ab9:3,E;:H-ab9:e,E;:Hab9:19,E;:Haba:24,E 0
1 63 9 2746 1 ;I7;:H-ab9:3,E;:H-ab9:e,E;:Hab9:19,E;:Haba:24,E 0

NameCount 0

Face

ChildCount 8
1 0 5 2746 1 ;:Hab9,F;:Hab9:8,F;:Haba:12,F 0
1 5 5 2746 1 ;I1;:H-ab9:3,F;:H-ab9:e,F;:Hab9:19,F;:Haba:24,F 0
1 10 5 2746 1 ;I2;:H-ab9:3,F;:H-ab9:e,F;:Hab9:19,F;:Haba:24,F 0
1 15 5 2746 1 ;I3;:H-ab9:3,F;:H-ab9:e,F;:Hab9:19,F;:Haba:24,F 0
1 20 5 2746 1 ;I4;:H-ab9:3,F;:H-ab9:e,F;:Hab9:19,F;:Haba:24,F 0
1 25 5 2746 1 ;I5;:H-ab9:3,F;:H-ab9:e,F;:Hab9:19,F;:Haba:24,F 0
1 30 5 2746 1 ;I6;:H-ab9:3,F;:H-ab9:e,F;:Hab9:19,F;:Haba:24,F 0
1 35 5 2746 1 ;I7;:H-ab9:3,F;:H-ab9:e,F;:Hab9:19,F;:Haba:24,F 0

NameCount 0

Vertex

ChildCount 8
1 0 6 2746 1 ;:Hab9,V;:Hab9:8,V;:Haba:12,V 0
1 6 6 2746 1 ;I1;:H-ab9:3,V;:H-ab9:e,V;:Hab9:19,V;:Haba:24,V 0
1 12 6 2746 1 ;I2;:H-ab9:3,V;:H-ab9:e,V;:Hab9:19,V;:Haba:24,V 0
1 18 6 2746 1 ;I3;:H-ab9:3,V;:H-ab9:e,V;:Hab9:19,V;:Haba:24,V 0
1 24 6 2746 1 ;I4;:H-ab9:3,V;:H-ab9:e,V;:Hab9:19,V;:Haba:24,V 0
1 30 6 2746 1 ;I5;:H-ab9:3,V;:H-ab9:e,V;:Hab9:19,V;:Haba:24,V 0
1 36 6 2746 1 ;I6;:H-ab9:3,V;:H-ab9:e,V;:Hab9:19,V;:Haba:24,V 0
1 42 6 2746 1 ;I7;:H-ab9:3,V;:H-ab9:e,V;:Hab9:19,V;:Haba:24,V 0

NameCount 0

EndMap
]]>
      </ElementMap2>
    </Property>
    <Property name="SingleSolid" type="App::PropertyBool">
      <Bool value="false"/>
    </Property>
    <Property name="Tip" type="App::PropertyLink">
      <Link value="PolarPattern"/>
    </Property>
    <Property name="TreeRank" type="App::PropertyInteger" status="2184">
      <Integer value="31"/>
    </Property>
    <Property name="ValidateShape" type="App::PropertyBool">
      <Bool value="false"/>
    </Property>
    <Property name="Visibility" type="App::PropertyBool" status="648">
      <Bool value="false"/>
    </Property>
    <Property name="_ExportChildren" type="App::PropertyLinkList" status="218104320">
      <LinkList count="2">
        <Link value="Pad007"/>
        <Link value="PolarPattern"/>
      </LinkList>
    </Property>
    <Property name="_GroupVersion" type="App::PropertyInteger" status="218103808">
      <Integer value="1"/>
    </Property>
  </Properties>
</Object>
</Document>
