<?xml version='1.0' encoding='utf-8'?>
<!-- FreeCAD DocumentObject -->
<Document SchemaVersion="4" FileVersion="2">
<Object name="Boolean001" Extensions="True">
  <Extensions Count="1">
    <Extension type="App::GeoFeatureGroupExtension" name="GeoFeatureGroupExtension">
    </Extension>
  </Extensions>
  <Properties Count="24" TransientCount="3">
    <_Property name="_Body" type="App::PropertyLinkHidden" status="251658240"/>
    <_Property name="_ElementMapVersion" type="App::PropertyString" status="234881024"/>
    <_Property name="_GroupTouched" type="App::PropertyBool" status="100663296"/>
    <Property name="BaseFeature" type="App::PropertyLink" status="8">
      <Link value="Cylinder"/>
    </Property>
    <Property name="ClaimAllChildren" type="App::PropertyBool" status="8">
      <Bool value="false"/>
    </Property>
    <Property name="ColoredElements" type="App::PropertyLinkSubHidden" status="218103808">
      <LinkSub value="" count="0">
      </LinkSub>
    </Property>
    <Property name="ExportMode" type="App::PropertyEnumeration" status="8">
      <Integer value="0"/>
    </Property>
    <Property name="ExpressionEngine" type="App::PropertyExpressionEngine" status="67108864">
      <ExpressionEngine count="0"></ExpressionEngine>
    </Property>
    <Property name="FixShape" type="App::PropertyEnumeration">
      <Integer value="0"/>
    </Property>
    <Property name="Group" type="App::PropertyLinkList">
      <LinkList count="1">
        <Link value="Reference003"/>
      </LinkList>
    </Property>
    <Property name="Group_EnableExport" type="App::PropertyBool" group="Group" attr="0" ro="0" hide="0" doc="" status="2097152">
      <Bool value="false"/>
    </Property>
    <Property name="InvalidShape" type="App::PropertyBool" status="67108864">
      <Bool value="false"/>
    </Property>
    <Property name="Label" type="App::PropertyString" status="134217728">
      <String value="Boolean001"/>
    </Property>
    <Property name="Label2" type="App::PropertyString" status="128">
      <String value=""/>
    </Property>
    <Property name="NewSolid" type="App::PropertyBool">
      <Bool value="false"/>
    </Property>
    <Property name="Placement" type="App::PropertyPlacement" status="8388616">
      <PropertyPlacement Px="0" Py="0" Pz="0" Q0="0" Q1="0" Q2="0" Q3="1" A="0" Ox="0" Oy="0" Oz="1"/>
    </Property>
    <Property name="Refine" type="App::PropertyBool">
      <Bool value="false"/>
    </Property>
    <Property name="Shape" type="Part::PropertyPartShape">
      <Part HasherIndex="0" ElementMap="1.15.70200.4" brep="1">
<![CDATA[

CASCADE Topology V1, (c) Matra-Datavision
Locations 77
1
              1               0               0               0 
              0               1               0               0 
              0               0               1               0 
1
             -1               0 1.22464679914735e-16               0 
              0               1               0               0 
-1.22464679914735e-16               0              -1              20 
1
             -1               0 1.22464679914735e-16               0 
              0               1               0               0 
-1.22464679914735e-16               0              -1              20 
2  2 -1 3 1 0
1
              1               0               0               0 
              0               1               0               0 
              0               0               1               0 
1
              1               0               0               0 
              0               1               0               0 
              0               0               1               0 
2  5 1 6 1 2 -1 3 1 0
2  6 -1 5 -1 0
1
              1               0               0               0 
              0               1               0               0 
              0               0               1              20 
2  9 -1 6 -1 5 -1 0
2  5 1 6 1 0
2  3 -1 2 1 0
1
              1               0               0               0 
              0               1               0               0 
              0               0               1               0 
1
1.11022302462516e-16              -1 6.66133814775094e-16               0 
              1 1.11022302462516e-16 -4.93038065763132e-32               0 
-4.93038065763132e-32 6.66133814775094e-16               1               0 
1
              1               0               0               0 
              0               1               0               0 
              0               0               1               0 
1
              1 -7.21644966006352e-16 -8.83760197740479e-32               0 
-7.21644966006352e-16              -1 -1.22464679914735e-16               0 
              0 1.22464679914735e-16              -1               0 
1
              1               0               0               0 
              0              -1 1.22464679914735e-16               0 
              0 -1.22464679914735e-16              -1               0 
1
              1               0               0               0 
              0               1               0               0 
              0               0               1               0 
1
              1               0               0               0 
              0               1               0               0 
              0               0               1               0 
2  13 1 14 1 15 1 16 1 17 1 18 1 19 1 0
2  5 1 6 1 9 1 2 -1 3 1 0
2  3 -1 2 1 9 -1 6 -1 5 -1 0
1
0.707106781186548 -0.707106781186547 3.33066907387547e-16               0 
0.707106781186547 0.707106781186548 -1.37960830217586e-16               0 
-1.37960830217586e-16 3.33066907387547e-16               1               0 
2  13 1 23 1 15 1 16 1 17 1 18 1 19 1 0
1
              1               0               0               0 
              0               1               0               0 
              0               0               1               0 
2  25 1 15 1 16 1 17 1 18 1 19 1 0
1
0.707106781186547 0.707106781186548 -1.37960830217585e-16               0 
-0.707106781186548 0.707106781186547 3.33066907387547e-16               0 
3.33066907387547e-16 -1.37960830217585e-16               1               0 
2  13 1 27 1 15 1 16 1 17 1 18 1 19 1 0
1
-2.22044604925031e-16               1 4.93038065763132e-32               0 
             -1 -2.22044604925031e-16 6.66133814775094e-16               0 
6.66133814775094e-16 4.93038065763132e-32               1               0 
2  13 1 29 1 15 1 16 1 17 1 18 1 19 1 0
1
-0.707106781186548 0.707106781186547 3.33066907387547e-16               0 
-0.707106781186547 -0.707106781186548 8.04094644992679e-16               0 
8.04094644992679e-16 3.33066907387547e-16               1               0 
2  13 1 31 1 15 1 16 1 17 1 18 1 19 1 0
1
             -1 -1.22464679914735e-16 6.66133814775094e-16               0 
1.22464679914736e-16              -1 6.66133814775094e-16               0 
6.66133814775094e-16 6.66133814775094e-16               1               0 
2  13 1 33 1 15 1 16 1 17 1 18 1 19 1 0
1
-0.707106781186547 -0.707106781186548 8.04094644992679e-16               0 
0.707106781186548 -0.707106781186547 3.33066907387547e-16               0 
3.33066907387547e-16 8.04094644992679e-16               1               0 
2  13 1 35 1 15 1 16 1 17 1 18 1 19 1 0
1
              1               0               0               0 
              0               1               0               0 
              0               0               1               0 
1
              1               0               0               0 
              0 -4.44089209850063e-16              -1 -8.88178419700125e-15 
              0               1 -4.44089209850063e-16              20 
1
              1               0               0               0 
              0               1               0             -18 
              0               0               1 -7.99360577730113e-15 
2  37 1 38 1 39 1 13 1 14 1 15 1 16 1 17 1 18 1 19 1 0
2  19 -1 18 -1 17 -1 16 -1 15 -1 14 -1 13 -1 39 -1 38 -1 37 -1 0
1
              1               0               0               0 
              0               1               0               0 
              0               0               1             0.9 
2  42 1 3 1 0
2  19 -1 18 -1 17 -1 16 -1 15 -1 14 -1 13 -1 0
2  9 1 2 -1 3 1 0
2  19 -1 18 -1 17 -1 16 -1 15 -1 23 -1 13 -1 0
2  42 -1 0
2  3 -1 0
2  37 1 38 1 39 1 13 1 23 1 15 1 16 1 17 1 18 1 19 1 0
2  19 -1 18 -1 17 -1 16 -1 15 -1 23 -1 13 -1 39 -1 38 -1 37 -1 0
2  19 -1 18 -1 17 -1 16 -1 15 -1 25 -1 0
2  37 1 38 1 39 1 25 1 15 1 16 1 17 1 18 1 19 1 0
2  19 -1 18 -1 17 -1 16 -1 15 -1 25 -1 39 -1 38 -1 37 -1 0
2  19 -1 18 -1 17 -1 16 -1 15 -1 27 -1 13 -1 0
2  37 1 38 1 39 1 13 1 27 1 15 1 16 1 17 1 18 1 19 1 0
2  19 -1 18 -1 17 -1 16 -1 15 -1 27 -1 13 -1 39 -1 38 -1 37 -1 0
2  19 -1 18 -1 17 -1 16 -1 15 -1 29 -1 13 -1 0
2  37 1 38 1 39 1 13 1 29 1 15 1 16 1 17 1 18 1 19 1 0
2  19 -1 18 -1 17 -1 16 -1 15 -1 29 -1 13 -1 39 -1 38 -1 37 -1 0
2  19 -1 18 -1 17 -1 16 -1 15 -1 31 -1 13 -1 0
2  37 1 38 1 39 1 13 1 31 1 15 1 16 1 17 1 18 1 19 1 0
2  19 -1 18 -1 17 -1 16 -1 15 -1 31 -1 13 -1 39 -1 38 -1 37 -1 0
2  19 -1 18 -1 17 -1 16 -1 15 -1 33 -1 13 -1 0
2  37 1 38 1 39 1 13 1 33 1 15 1 16 1 17 1 18 1 19 1 0
2  19 -1 18 -1 17 -1 16 -1 15 -1 33 -1 13 -1 39 -1 38 -1 37 -1 0
2  19 -1 18 -1 17 -1 16 -1 15 -1 35 -1 13 -1 0
2  37 1 38 1 39 1 13 1 35 1 15 1 16 1 17 1 18 1 19 1 0
2  19 -1 18 -1 17 -1 16 -1 15 -1 35 -1 13 -1 39 -1 38 -1 37 -1 0
2  2 -1 0
2  39 1 13 1 14 1 15 1 16 1 17 1 18 1 19 1 0
2  39 1 13 1 35 1 15 1 16 1 17 1 18 1 19 1 0
2  39 1 13 1 33 1 15 1 16 1 17 1 18 1 19 1 0
2  39 1 13 1 31 1 15 1 16 1 17 1 18 1 19 1 0
2  39 1 13 1 29 1 15 1 16 1 17 1 18 1 19 1 0
2  39 1 13 1 27 1 15 1 16 1 17 1 18 1 19 1 0
2  39 1 25 1 15 1 16 1 17 1 18 1 19 1 0
2  39 1 13 1 23 1 15 1 16 1 17 1 18 1 19 1 0
Curve2ds 125
1 0 0 1 0 
1 0 -20 1 0 
1 0 0 0 -1 
1 6.2831853071795862 0 0 -1 
7 0 0  5 6 2  6.1975472831413958 -20.000000600000025  6.2146748879490339 -19.201957136129682  6.2318024927566853 -18.402446897833784  6.2489300975643118 -17.601957613923616  6.2660577023719481 -16.800978806955886  6.2831853071795862 -16.000000000009408 
 4.6267509563464992 6 4.7123889803846897 6
3 4.6188021535073869 18.000000000000018 1 -1.2819751242560514e-15 1.2819751242560514e-15 1 53.999999999956714 27
7 0 0  5 6 2  5.4892337021645163 -15.599999999999987  5.5080719952956789 -16.480947555796948  5.5269102884268548 -17.362072552270973  5.5457485815580085 -18.242723672965383  5.5645868746891667 -19.122249339814207  5.5834251678203293 -20.0000006 
 1.5622428851772738 6 1.656434350833087 6
3 -1.0867112385830823e-11 18.000000000000014 -1 -7.8405924269737389e-16 7.8405924269737389e-16 -1 54.000000000147082 27
7 0 0  5 6 2  5.4121491197439484 -20.000000599999986  5.4309874128751998 -19.1222493398142  5.4498257060064645 -18.242723672965354  5.4686639991377035 -17.362072552270945  5.4875022922689523 -16.480947555796934  5.5063405854002037 -15.59999999999998 
 4.6267509563465001 6 4.7209424220027554 6
3 4.6188021535073807 18.000000000000011 1 -1.0061038476216144e-15 1.0061038476216144e-15 1 53.999999999956714 27
7 0 0  5 6 2  4.7038355387670681 -15.599999999999987  4.7226738318982306 -16.480947555796948  4.7415121250294021 -17.362072552271002  4.7603504181605558 -18.242723672965298  4.7791887112917184 -19.122249339814211  4.798027004422881 -20.000000600000003 
 1.5622428851772736 6 1.6564343508330868 6
3 -1.0855967583160335e-11 18.000000000000007 -1 -5.1279004970181806e-16 5.1279004970181806e-16 -1 54.000000000147089 27
7 0 0  5 6 2  4.6267509563464992 -20.000000600000025  4.6455892494777506 -19.122249339814228  4.6644275426090047 -18.242723672965269  4.683265835740265 -17.362072552270917  4.702104128871504 -16.480947555796938  4.7209424220027554 -15.599999999999977 
 4.6267509563464992 6 4.7209424220027554 6
3 4.618802153507386 18.000000000000007 1 -5.1279004970242075e-16 5.1279004970242075e-16 1 53.999999999956714 27
7 0 0  5 6 2  3.9184373753696189 -15.599999999999993  3.9372756685007815 -16.480947555796952  3.9561139616319423 -17.36207255227103  3.9749522547631173 -18.242723672965298  3.9937905478942692 -19.122249339814211  4.0126288410254318 -20.000000600000003 
 1.5622428851772736 6 1.6564343508330865 6
3 -1.0848762394048884e-11 18.000000000000007 -1 -3.4838168042821943e-16 3.4838168042821943e-16 -1 54.000000000147125 27
7 0 0  5 6 2  3.841352792949051 -20.000000600000007  3.8601910860803019 -19.122249339814221  3.8790293792115662 -18.242723672965354  3.8978676723427981 -17.362072552270945  3.9167059654740557 -16.480947555796956  3.9355442586053067 -15.600000000000005 
 4.6267509563464992 6 4.7209424220027545 6
3 4.6188021535074011 18.000000000000004 1 -3.2062610481227892e-16 3.2062610481227892e-16 1 53.999999999956664 27
7 0 0  5 6 2  3.1330392119721706 -15.599999999999984  3.1518775051033332 -16.480947555796945  3.1707157982344967 -17.362072552271002  3.1895540913656646 -18.242723672965298  3.2083923844968205 -19.122249339814203  3.2272306776279831 -20.000000599999996 
 1.5622428851772732 6 1.6564343508330861 6
3 -1.0835254811151066e-11 18.000000000000007 -1 -5.1279004970181806e-16 5.1279004970181806e-16 -1 54.000000000147153 27
7 0 0  5 6 2  3.0559546295516027 -20.000000600000003  3.0747929226828536 -19.122249339814218  3.0936312158141064 -18.242723672965326  3.1124695089453525 -17.362072552270973  3.131307802076607 -16.480947555796956  3.1501460952078579 -15.600000000000003 
 4.6267509563464992 6 4.7209424220027545 6
3 4.6188021535074055 18.000000000000007 1 -5.1279004970242104e-16 5.1279004970242104e-16 1 53.999999999956643 27
7 0 0  5 6 2  2.3476410485747223 -15.599999999999973  2.3664793417058849 -16.480947555796938  2.3853176348370546 -17.362072552270973  2.4041559279682119 -18.242723672965354  2.4229942210993727 -19.1222493398142  2.4418325142305353 -20.000000599999996 
 1.5622428851772729 6 1.6564343508330861 6
3 -1.0836281214507196e-11 18.000000000000014 -1 -8.3957039392863231e-16 8.3957039392863231e-16 -1 54.000000000147168 27
7 0 0  5 6 2  2.270556466154154 -20.000000600000032  2.2893947592854054 -19.122249339814239  2.3082330524166537 -18.242723672965383  2.3270713455479104 -17.36207255227103  2.3459096386791587 -16.480947555796952  2.3647479318104101 -15.599999999999994 
 4.6267509563464984 6 4.7209424220027545 6
3 4.6188021535074153 18.000000000000011 1 -8.9508154515909851e-16 8.9508154515909851e-16 1 53.999999999956628 27
7 0 0  5 6 2  1.5622428851772743 -15.599999999999975  1.5810811783084369 -16.480947555796938  1.5999194714396019 -17.36207255227103  1.6187577645707627 -18.242723672965269  1.6375960577019248 -19.122249339814203  1.6564343508330874 -20.000000599999996 
 1.5622428851772729 6 1.6564343508330861 6
3 -1.0834870218613788e-11 18.000000000000018 -1 -1.2819751242545445e-15 1.2819751242545445e-15 -1 54.000000000147153 27
7 0 0  5 6 2  1.4851583027567059 -20.0000006  1.5039965958879571 -19.122249339814207  1.5228348890192116 -18.242723672965269  1.5416731821504612 -17.36207255227086  1.5605114752817109 -16.48094755579692  1.579349768412962 -15.599999999999959 
 4.6267509563464992 6 4.7209424220027554 6
3 4.6188021535074064 18.000000000000018 1 -1.281975124256052e-15 1.281975124256052e-15 1 53.999999999956643 27
7 0 0  5 6 2  0.77684472177982589 -15.599999999999959  0.79568301491098858 -16.480947555796927  0.81452130804215273 -17.362072552270973  0.83335960117331354 -18.242723672965241  0.85219789430447679 -19.122249339814203  0.87103618743563949 -20.0000006 
 1.5622428851772729 6 1.6564343508330865 6
3 -1.0853092836140028e-11 18.000000000000021 -1 -1.3862702586603019e-15 1.3862702586603019e-15 -1 54.000000000147125 27
7 0 0  5 6 2  0.69976013935925752 -20.000000600000018  0.7185984324905087 -19.122249339814225  0.73743672562176243 -18.242723672965241  0.75627501875301384 -17.362072552270917  0.77511331188426269 -16.480947555796934  0.79395160501551387 -15.599999999999973 
 4.6267509563464992 6 4.7209424220027554 6
3 4.6188021535073931 18.000000000000021 1 -1.4695369855059178e-15 1.4695369855059178e-15 1 53.999999999956678 27
7 0 0  5 6 2  0 -15.999999999990532  0.017127604807638308 -16.800978806940783  0.034255209615275728 -17.601957613912361  0.051382814422914758 -18.402446897826252  0.068510419230553093 -19.201957136125895  0.085638024038191402 -20.0000006 
 1.5707963267948952 6 1.6564343508330868 6
3 -1.0857121360772166e-11 18.000000000000018 -1 -1.2819751242545447e-15 1.2819751242545447e-15 -1 54.000000000147089 27
1 0 0 1 0 
1 0 -20 1 0 
8 9.0000000000000089 16.399999999999988
1 -9.0000000000000107 -1.7897858344843263 -1 -1.0106991449977272e-16 
8 9.0000000000000089 16.399999999999988
1 1.0392304845415927 9.0000000000000089 -1.4233851560860766e-15 -1 
7 0 0  5 6 2  6.2126628425617048 -19.100000600000026  6.2267673354852811 -18.481028660877435  6.2408718284088565 -17.861285841819694  6.2549763213324496 -17.241028676631544  6.2690808142560099 -16.620514338317943  6.2831853071795862 -16.000000000009408 
 4.6418665157668082 6 4.7123889803846897 6
3 4.6188021535073869 18.000000000000018 1 -1.2819751242560514e-15 1.2819751242560514e-15 1 50.799999999959276 25.399999999999999
2 0 0 1 0 -0 1 26.399999999999999
1 0 0 1 0 
1 0 -0.90000000000000002 1 0 
7 0 0  5 6 2  5.488694888284666 -15.599999999999982  5.5046178323077557 -16.30048648528129  5.5205407763308401 -17.001099740644776  5.5364637203539573 -17.701469763023994  5.5523866643770274 -18.40122641563466  5.5683096084001171 -19.100000600000005 
 1.5617040712974239 6 1.6413187914128744 6
3 -1.0867112385830823e-11 18.000000000000014 -1 -7.8405924269737389e-16 7.8405924269737389e-16 -1 50.800000000138361 25.399999999999999
8 -25.131238649789793 -9.0000000000000071
1 -7.6295307311161586 -5.0983913302417019 0.70710678118654835 0.7071067811865468 
8 -25.131238649789793 -9.0000000000000071
1 3.5795716689724388 9.0000000000000089 -9.3541683841065679e-16 1 
8 9.0000000000000071 25.131238649792287
1 -5.0983913302434463 -7.6295307311144205 -0.70710678118654757 -0.70710678118654746 
8 9.0000000000000071 25.131238649792287
1 1.0392304845415938 9.0000000000000071 -1.0186835652574554e-15 -1 
7 0 0  5 6 2  5.4272646791642574 -19.100000599999991  5.4431876231874226 -18.401226415634646  5.4591105672106011 -17.701469763023994  5.4750335112337538 -17.001099740644719  5.4909564552569163 -16.300486485281272  5.5068793992800815 -15.599999999999971 
 4.6418665157668091 6 4.7214812358826332 6
3 4.6188021535073807 18.000000000000011 1 -1.0061038476216144e-15 1.0061038476216144e-15 1 50.799999999959276 25.399999999999999
7 0 0  5 6 2  4.7032967248872177 -15.599999999999993  4.7192196689103074 -16.300486485281301  4.7351426129333944 -17.001099740644776  4.7510655569564975 -17.701469763023965  4.7669885009795783 -18.401226415634657  4.782911445002668 -19.100000599999998 
 1.5617040712974239 6 1.641318791412874 6
3 -1.0855967583160335e-11 18.000000000000007 -1 -5.1279004970181806e-16 5.1279004970181806e-16 -1 50.800000000138375 25.399999999999999
8 -16.399999999999995 -9.0000000000000018
1 -1.7897858344867772 -9.0000000000000036 9.7803999085656254e-16 1 
8 -16.399999999999995 -9.0000000000000018
1 3.5795716689724353 9.0000000000000036 -5.1279004970181826e-16 1 
8 9.0000000000000036 16.399999999999995
1 1.7897858344843212 -9.0000000000000036 -4.6524994115493578e-16 -1 
8 9.0000000000000036 16.399999999999995
1 1.0392304845415989 9.0000000000000036 -5.1279004970242085e-16 -1 
7 0 0  5 6 2  4.6418665157668082 -19.100000600000026  4.6577894597899734 -18.401226415634682  4.6737124038131412 -17.701469763024022  4.6896353478363082 -17.001099740644747  4.7055582918594672 -16.300486485281308  4.7214812358826324 -15.600000000000005 
 4.6418665157668082 6 4.7214812358826324 6
3 4.618802153507386 18.000000000000007 1 -5.1279004970242075e-16 5.1279004970242075e-16 1 50.799999999959276 25.399999999999999
7 0 0  5 6 2  3.9178985614897694 -15.599999999999998  3.9338215055128596 -16.300486485281304  3.9497444495359559 -17.001099740644747  3.9656673935590518 -17.701469763024022  3.9815903375821291 -18.401226415634664  3.9975132816052192 -19.100000600000005 
 1.5617040712974239 6 1.641318791412874 6
3 -1.0848762394048884e-11 18.000000000000007 -1 -3.4838168042821943e-16 3.4838168042821943e-16 -1 50.800000000138404 25.399999999999999
8 -25.131238649789829 -9.0000000000000018
1 5.0983913302417108 -7.6295307311161471 -0.70710678118654713 0.70710678118654802 
8 -25.131238649789829 -9.0000000000000018
1 3.5795716689724335 9.0000000000000036 -2.3031733744575768e-16 1 
8 9.0000000000000018 25.131238649792294
1 7.6295307311144249 -5.0983913302434356 0.70710678118654702 -0.70710678118654802 
8 9.0000000000000018 25.131238649792294
1 1.0392304845415969 9.0000000000000018 -1.4705061059895909e-16 -1 
7 0 0  5 6 2  3.8564683523693599 -19.100000600000008  3.8723912963925247 -18.401226415634664  3.8883142404157027 -17.701469763024022  3.9042371844388555 -17.001099740644747  3.9201601284620193 -16.300486485281294  3.9360830724851841 -15.599999999999993 
 4.6418665157668082 6 4.7214812358826324 6
3 4.6188021535074011 18.000000000000004 1 -3.2062610481227892e-16 3.2062610481227892e-16 1 50.799999999959233 25.399999999999999
7 0 0  5 6 2  3.1325003980923207 -15.599999999999991  3.1484233421154109 -16.300486485281297  3.1643462861384961 -17.001099740644747  3.1802692301616062 -17.701469763024022  3.1961921741846804 -18.401226415634657  3.2121151182077705 -19.100000599999998 
 1.5617040712974235 6 1.6413187914128735 6
3 -1.0835254811151066e-11 18.000000000000007 -1 -5.1279004970181806e-16 5.1279004970181806e-16 -1 50.800000000138432 25.399999999999999
8 -16.399999999999995 -9
1 9.0000000000000036 -1.7897858344867617 -1 6.8529037001679423e-16 
8 -16.399999999999995 -9
1 3.5795716689724335 9.0000000000000036 -3.7138001787195909e-16 1 
8 9.0000000000000036 16.399999999999995
1 9.0000000000000036 1.7897858344843349 1 -3.1391035214497378e-16 
8 9.0000000000000036 16.399999999999995
1 1.0392304845415998 9.0000000000000036 -3.7138001787239582e-16 -1 
7 0 0  5 6 2  3.0710701889719116 -19.100000600000008  3.0869931329950764 -18.401226415634664  3.10291607701825 -17.701469763023994  3.1188390210414028 -17.001099740644776  3.1347619650645711 -16.300486485281294  3.1506849090877358 -15.599999999999993 
 4.6418665157668082 6 4.7214812358826324 6
3 4.6188021535074055 18.000000000000007 1 -5.1279004970242104e-16 5.1279004970242104e-16 1 50.799999999959212 25.399999999999999
7 0 0  5 6 2  2.3471022346948724 -15.59999999999998  2.3630251787179626 -16.30048648528129  2.378948122741054 -17.001099740644747  2.39487106676415 -17.701469763024022  2.4107940107872325 -18.401226415634657  2.4267169548103227 -19.100000600000001 
 1.5617040712974233 6 1.6413187914128735 6
3 -1.0836281214507196e-11 18.000000000000014 -1 -8.3957039392863231e-16 8.3957039392863231e-16 -1 50.800000000138446 25.399999999999999
8 -25.131238649789822 -9.0000000000000089
1 7.6295307311161444 5.0983913302417179 -0.70710678118654813 -0.70710678118654691 
8 -25.131238649789822 -9.0000000000000089
1 3.5795716689724362 9.0000000000000107 -7.2991769852707802e-16 1 
8 9.0000000000000071 25.131238649792273
1 5.0983913302434321 7.6295307311144347 0.70710678118654779 0.70710678118654735 
8 9.0000000000000071 25.131238649792273
1 1.0392304845415938 9.0000000000000071 -8.1318442537405272e-16 -1 
7 0 0  5 6 2  2.2856720255744625 -19.100000600000037  2.3015949695976277 -18.401226415634685  2.3175179136207937 -17.701469763024164  2.3334408576439643 -17.001099740644747  2.3493638016671223 -16.30048648528129  2.3652867456902875 -15.599999999999982 
 4.6418665157668073 6 4.7214812358826324 6
3 4.6188021535074153 18.000000000000011 1 -8.9508154515909851e-16 8.9508154515909851e-16 1 50.799999999959198 25.399999999999999
7 0 0  5 6 2  1.5617040712974244 -15.599999999999971  1.5776270153205145 -16.300486485281283  1.5935499593436049 -17.001099740644776  1.6094729033667008 -17.701469763023994  1.6253958473897847 -18.401226415634653  1.6413187914128748 -19.100000599999998 
 1.5617040712974231 6 1.6413187914128735 6
3 -1.0834870218613788e-11 18.000000000000018 -1 -1.2819751242545445e-15 1.2819751242545445e-15 -1 50.800000000138432 25.399999999999999
8 -16.399999999999991 -9.0000000000000124
1 1.7897858344867663 9.0000000000000053 -1.2401678482171426e-15 -1 
8 -16.399999999999991 -9.0000000000000124
1 3.5795716689724411 9.0000000000000142 -1.2819751242545445e-15 1 
8 9.0000000000000089 16.399999999999988
1 -1.7897858344843405 9.0000000000000107 -4.180727603692367e-17 1 
8 9.0000000000000089 16.399999999999988
1 1.0392304845415894 9.0000000000000089 -1.2819751242560524e-15 -1 
7 0 0  5 6 2  1.5002738621770149 -19.100000600000005  1.5161968062001796 -18.40122641563466  1.5321197502233446 -17.701469763023994  1.5480426942465115 -17.001099740644776  1.5639656382696743 -16.30048648528129  1.579888582292839 -15.599999999999989 
 4.6418665157668082 6 4.7214812358826324 6
3 4.6188021535074064 18.000000000000018 1 -1.281975124256052e-15 1.281975124256052e-15 1 50.799999999959212 25.399999999999999
7 0 0  5 6 2  0.77630590789997633 -15.599999999999966  0.79222885192306647 -16.300486485281279  0.80815179594615394 -17.001099740644719  0.82407473996925162 -17.701469763024022  0.83999768399233676 -18.401226415634653  0.8559206280154269 -19.100000600000001 
 1.5617040712974233 6 1.641318791412874 6
3 -1.0853092836140028e-11 18.000000000000021 -1 -1.3862702586603019e-15 1.3862702586603019e-15 -1 50.800000000138404 25.399999999999999
8 -25.131238649789797 -9.0000000000000124
1 -5.0983913302417081 7.6295307311161569 0.70710678118654657 -0.70710678118654846 
8 -25.131238649789797 -9.0000000000000124
1 3.5795716689724442 9.0000000000000142 -1.4905283507232349e-15 1 
8 9.0000000000000107 25.131238649792259
1 -7.6295307311144303 5.0983913302434427 -0.70710678118654768 0.70710678118654735 
8 9.0000000000000107 25.131238649792259
1 1.0392304845415916 9.0000000000000107 -1.6293062288012915e-15 -1 
7 0 0  5 6 2  0.71487569877956658 -19.100000600000019  0.73079864280273155 -18.401226415634667  0.74672158682589718 -17.701469763024022  0.76264453084906414 -17.001099740644605  0.77856747487222677 -16.300486485281272  0.79449041889539174 -15.599999999999964 
 4.6418665157668082 6 4.7214812358826332 6
3 4.6188021535073931 18.000000000000021 1 -1.4695369855059178e-15 1.4695369855059178e-15 1 50.79999999995924 25.399999999999999
7 0 0  5 6 2  0 -15.999999999990536  0.01410449292359579 -16.620514338302844  0.028208985847191059 -17.241028676620346  0.04231347877078806 -17.861285841812133  0.056417971694383021 -18.481028660873655  0.070522464617978814 -19.100000600000005 
 1.5707963267948952 6 1.6413187914128742 6
3 -1.0857121360772166e-11 18.000000000000018 -1 -1.2819751242545447e-15 1.2819751242545447e-15 -1 50.800000000138375 25.399999999999999
8 -16.399999999999991 -9.0000000000000124
1 -9.0000000000000053 1.7897858344867803 1 -1.3223152415840994e-15 
8 -16.399999999999991 -9.0000000000000124
1 3.5795716689724428 9.0000000000000142 -1.423385156084404e-15 1 
1 0 0 0 -1 
1 6.2831853071795862 0 0 -1 
1 6.2831853071795862 -19.100000000000001 -1 0 
2 1.1021821192326179e-16 0 -1 0 -0 -1 25.399999999999999
8 -2.3094010767562221 2.3094010767548658
1 -18.000000000000021 6.8947654245655784e-13 6.106226635438361e-16 1 
8 -2.3094010767562221 2.3094010767548658
1 0.43333333333378832 -6.7848533451276879e-13 -7.47797090395791e-32 1 
8 -2.3094010767562261 2.3094010767548618
1 -12.727922061357384 12.727922061358358 0.70710678118654802 0.70710678118654702 
8 -2.3094010767562261 2.3094010767548618
1 0.43333333333378476 -6.7436739125734837e-13 -4.1966251301109636e-16 1 
8 -2.3094010767562287 2.3094010767548592
1 6.8313497384446027e-13 18.000000000000021 1 -5.99180286091617e-16 
8 -2.3094010767562287 2.3094010767548592
1 0.43333333333378476 -6.7200800268044519e-13 -7.8859849468982868e-16 1 
8 -2.3094010767562292 2.3094010767548587
1 12.727922061358349 12.727922061357386 0.70710678118654713 -0.70710678118654802 
8 -2.3094010767562292 2.3094010767548587
1 0.43333333333377766 -6.7165113130382532e-13 -8.906902506162284e-16 1 
8 -2.3094010767562287 2.3094010767548592
1 18.000000000000007 -6.8126089207433178e-13 -4.9960036108132074e-16 -1 
8 -2.3094010767562287 2.3094010767548592
1 0.433333333333767 -6.7197942758846523e-13 -6.6613381477509363e-16 1 
8 -2.3094010767562261 2.3094010767548618
1 12.727922061357376 -12.727922061358345 -0.70710678118654791 -0.70710678118654713 
8 -2.3094010767562261 2.3094010767548618
1 0.43333333333377055 -6.7436739125734837e-13 -2.4647130176399751e-16 1 
8 -2.3094010767562221 2.3094010767548658
1 -6.9139330078093992e-13 -18.000000000000007 -1 7.2164496600635165e-16 
8 -2.3094010767562221 2.3094010767548658
1 0.43333333333377055 -6.7845675942078873e-13 1.2246467991473522e-16 1 
8 -2.3094010767562225 2.3094010767548654
1 -12.727922061358356 -12.727922061357376 -0.70710678118654702 0.70710678118654802 
8 -2.3094010767562225 2.3094010767548654
1 0.43333333333377766 -6.7833972517781855e-13 2.2455643584113457e-16 1 
Curves 110
2 0 0 0 0 0 1 1 0 0 0 1 0 27
1 27 0 0 0 0 1 
3 0 0 16.0000000000094 2.6296773557684237e-17 0.86602540378420723 0.50000000000040079 1.518244929236385e-17 0.50000000000040079 -0.86602540378420723 -1 3.0364898584703363e-17 3.0814879110195774e-33 53.999999999956714 27
3 0 0 15.999999999990589 -0.61237243569634991 -0.61237243569635114 0.4999999999986382 -0.35355339059231045 -0.35355339059231111 -0.86602540378522486 0.70710678118654824 -0.7071067811865468 -2.7755575615628914e-17 54.000000000147082 27
3 0 0 16.000000000009404 0.61237243569563093 0.61237243569563105 0.50000000000040068 0.35355339059355706 0.35355339059355712 -0.86602540378420734 -0.70710678118654757 0.70710678118654746 -2.7755575615628914e-17 53.999999999956714 27
3 0 0 15.9999999999906 -0.86602540378522497 -8.4700747799965216e-16 0.49999999999863803 -0.49999999999863803 -4.8901999542694908e-16 -0.86602540378522497 9.7803999085656234e-16 -1 -4.9303806576313238e-32 54.000000000147089 27
3 0 0 16.0000000000094 0.86602540378420723 4.0291826814928199e-16 0.50000000000040079 0.50000000000040079 2.3262497057765441e-16 -0.86602540378420723 -4.6524994115493588e-16 1 0 53.999999999956714 27
3 0 0 15.999999999990605 -0.61237243569635114 0.61237243569635025 0.49999999999863776 -0.35355339059231078 0.35355339059231028 -0.86602540378522519 -0.70710678118654702 -0.70710678118654802 0 54.000000000147125 27
3 0 0 16.000000000009386 0.61237243569563105 -0.61237243569563049 0.50000000000040123 0.35355339059355761 -0.35355339059355728 -0.866025403784207 0.70710678118654724 0.70710678118654791 -2.7755575615628914e-17 53.999999999956664 27
3 0 0 15.999999999990617 -6.5471120936112149e-16 0.8660254037852253 0.49999999999863748 -3.7799769296473551e-16 0.49999999999863748 -0.8660254037852253 -1 -7.5599538593153113e-16 0 54.000000000147153 27
3 0 0 16.000000000009386 2.1062199951097669e-16 -0.866025403784207 0.50000000000040146 1.2160266811504981e-16 -0.50000000000040146 -0.866025403784207 1 2.4320533622990432e-16 2.4651903288156613e-32 53.999999999956643 27
3 0 0 15.999999999990617 0.61237243569635036 0.61237243569635147 0.49999999999863737 0.35355339059230989 0.35355339059231056 -0.86602540378522541 -0.70710678118654824 0.70710678118654691 -2.7755575615628914e-17 54.000000000147168 27
3 0 0 16.000000000009376 -0.61237243569563038 -0.61237243569563082 0.50000000000040168 -0.35355339059355761 -0.35355339059355778 -0.86602540378420678 0.70710678118654779 -0.70710678118654735 -2.7755575615628914e-17 53.999999999956628 27
3 0 0 15.999999999990617 0.8660254037852253 1.0740168615137052e-15 0.49999999999863748 0.49999999999863748 6.2008392410688165e-16 -0.8660254037852253 -1.2401678482171428e-15 1 0 54.000000000147153 27
3 0 0 16.000000000009383 -0.866025403784207 3.620616311099462e-17 0.50000000000040146 -0.50000000000040146 2.090363801847862e-17 -0.866025403784207 -4.180727603692367e-17 -1 -3.0814879110195767e-33 53.999999999956643 27
3 0 0 15.999999999990601 0.61237243569635147 -0.61237243569634991 0.49999999999863781 0.353553390592311 -0.35355339059231006 -0.86602540378522519 0.70710678118654668 0.70710678118654846 2.7755575615628914e-17 54.000000000147125 27
3 0 0 16.000000000009397 -0.61237243569563071 0.61237243569563082 0.50000000000040123 -0.35355339059355745 0.3535533905935575 -0.86602540378420712 -0.70710678118654757 -0.70710678118654746 0 53.999999999956678 27
3 0 0 15.999999999990598 1.083926251067026e-15 -0.86602540378522497 0.49999999999863803 6.2580511283297651e-16 -0.49999999999863803 -0.86602540378522497 1 1.2516102256693623e-15 0 54.000000000147089 27
2 0 0 0 0 0 1 1 0 0 0 1 0 25.399999999999999
1 -2.3094010767555435 5.6931131997742518e-32 -1.264125071237352e-46 0.50000000000040079 -0.86602540378420723 2.736911063136601e-47 
1 9.0000000000000107 -1.7897858344843263 19.100000000000001 1 -1.0106991449977272e-16 1.2246467991473532e-16 
3 0 0 16.0000000000094 2.6296773557684237e-17 0.86602540378420723 0.50000000000040079 1.518244929236385e-17 0.50000000000040079 -0.86602540378420723 -1 3.0364898584703363e-17 3.0814879110195774e-33 50.799999999959276 25.399999999999999
1 5.4279727304060578e-12 -18.000000000000007 15.999999999999993 4.3790577010150533e-47 -1 -4.4408920985006262e-16 
1 -2.3094010767555435 -18.000000000000007 19.999999999999993 4.3790577010150533e-47 -1 -4.4408920985006262e-16 
1 2.3094010767555435 -18.000000000000007 19.999999999999993 4.5950187061189639e-32 -1 -4.4408920985006262e-16 
2 0 0 0 0 0 1 1 0 -0 -0 1 0 26.399999999999999
3 0 0 15.999999999990589 -0.61237243569634991 -0.61237243569635114 0.4999999999986382 -0.35355339059231045 -0.35355339059231111 -0.86602540378522486 0.70710678118654824 -0.7071067811865468 -2.7755575615628914e-17 50.800000000138361 25.399999999999999
1 7.6295307311161586 -5.0983913302417019 19.100000000000001 -0.70710678118654835 0.7071067811865468 -8.6595605623549427e-17 
1 5.4282871380246503e-12 -4 5.8200522196619222e-43 0.49999999999863803 0.86602540378522497 5.3608551571241883e-32 
1 5.4279727304060578e-12 -18.000000000000007 15.999999999999993 4.5950187061189639e-32 -1 -4.4408920985006262e-16 
1 -2.3094010767555435 2.2772452799096968e-31 -2.4760729344453662e-31 0.50000000000040079 -0.86602540378420723 5.3608551571430872e-32 
1 5.0983913302434463 -7.6295307311144205 19.100000000000001 0.70710678118654757 -0.70710678118654746 8.6595605623549329e-17 
3 0 0 16.000000000009404 0.61237243569563093 0.61237243569563105 0.50000000000040068 0.35355339059355706 0.35355339059355712 -0.86602540378420734 -0.70710678118654757 0.70710678118654746 -2.7755575615628914e-17 50.799999999959276 25.399999999999999
1 -2.3094010767555435 -18.000000000000007 19.999999999999993 4.5950187061189639e-32 -1 -4.4408920985006262e-16 
1 2.3094010767555435 -18.000000000000007 19.999999999999993 0 -1 -4.4408920985006262e-16 
3 0 0 15.9999999999906 -0.86602540378522497 -8.4700747799965216e-16 0.49999999999863803 -0.49999999999863803 -4.8901999542694908e-16 -0.86602540378522497 9.7803999085656234e-16 -1 -4.9303806576313238e-32 50.800000000138375 25.399999999999999
1 1.7897858344867772 -9.0000000000000036 19.100000000000001 -9.7803999085656254e-16 1 -1.1977535442405958e-31 
1 5.4282871380246503e-12 -4 0 0.49999999999863803 0.86602540378522497 0 
1 5.4279727304060578e-12 -18.000000000000007 15.999999999999993 0 -1 -4.4408920985006262e-16 
1 -2.3094010767555435 0 0 0.50000000000040079 -0.86602540378420723 0 
1 -1.7897858344843212 -9.0000000000000036 19.100000000000001 4.6524994115493578e-16 -1 5.697668512388866e-32 
3 0 0 16.0000000000094 0.86602540378420723 4.0291826814928199e-16 0.50000000000040079 0.50000000000040079 2.3262497057765441e-16 -0.86602540378420723 -4.6524994115493588e-16 1 0 50.799999999959276 25.399999999999999
1 -2.3094010767555435 -18.000000000000007 19.999999999999993 0 -1 -4.4408920985006262e-16 
1 2.3094010767555435 -18.000000000000007 19.999999999999993 4.5950187061189623e-32 -1 -4.4408920985006262e-16 
3 0 0 15.999999999990605 -0.61237243569635114 0.61237243569635025 0.49999999999863776 -0.35355339059231078 0.35355339059231028 -0.86602540378522519 -0.70710678118654702 -0.70710678118654802 0 50.800000000138404 25.399999999999999
1 -5.0983913302417108 -7.6295307311161471 19.100000000000001 0.70710678118654702 0.70710678118654791 8.6595605623549267e-17 
1 5.4282871380246503e-12 -4 1.9721522630469948e-31 0.49999999999863803 0.86602540378522497 -9.3678965332136476e-32 
1 5.4279727304060578e-12 -18.000000000000007 15.999999999999993 4.5950187061189623e-32 -1 -4.4408920985006262e-16 
1 -2.3094010767555435 0 2.3546938051022454e-31 0.50000000000040079 -0.86602540378420723 -8.282267335565784e-33 
1 -7.6295307311144249 -5.0983913302434356 19.100000000000001 -0.70710678118654702 -0.70710678118654802 -8.6595605623549279e-17 
3 0 0 16.000000000009386 0.61237243569563105 -0.61237243569563049 0.50000000000040123 0.35355339059355761 -0.35355339059355728 -0.866025403784207 0.70710678118654724 0.70710678118654791 -2.7755575615628914e-17 50.799999999959233 25.399999999999999
1 -2.3094010767555435 -18.000000000000007 19.999999999999993 4.5950187061189623e-32 -1 -4.4408920985006262e-16 
1 2.3094010767555435 -18.000000000000007 19.999999999999993 -3.284293275761289e-47 -1 -4.4408920985006257e-16 
3 0 0 15.999999999990617 -6.5471120936112149e-16 0.8660254037852253 0.49999999999863748 -3.7799769296473551e-16 0.49999999999863748 -0.8660254037852253 -1 -7.5599538593153113e-16 0 50.800000000138432 25.399999999999999
1 -9.0000000000000036 -1.7897858344867617 19.100000000000001 1 6.8529037001679423e-16 1.2246467991473532e-16 
1 5.4282871380246503e-12 -4 -3.944304526105059e-31 0.49999999999863803 0.86602540378522497 8.5396697996800648e-32 
1 5.4279727304060578e-12 -18.000000000000007 15.999999999999993 -3.284293275761289e-47 -1 -4.4408920985006257e-16 
1 -2.3094010767555435 0 -2.0226001139797638e-46 0.50000000000040079 -0.86602540378420723 -8.5396697996700203e-32 
1 -9.0000000000000036 1.7897858344843349 19.100000000000001 -1 -3.1391035214497378e-16 -1.2246467991473532e-16 
3 0 0 16.000000000009386 2.1062199951097669e-16 -0.866025403784207 0.50000000000040146 1.2160266811504981e-16 -0.50000000000040146 -0.866025403784207 1 2.4320533622990432e-16 2.4651903288156613e-32 50.799999999959212 25.399999999999999
1 -2.3094010767555435 -18.000000000000007 19.999999999999993 -3.284293275761289e-47 -1 -4.4408920985006257e-16 
1 2.3094010767555435 -18.000000000000007 19.999999999999993 -2.6781731665459905e-31 -1 -4.4408920985006257e-16 
3 0 0 15.999999999990617 0.61237243569635036 0.61237243569635147 0.49999999999863737 0.35355339059230989 0.35355339059231056 -0.86602540378522541 -0.70710678118654824 0.70710678118654691 -2.7755575615628914e-17 50.800000000138446 25.399999999999999
1 -7.6295307311161444 5.0983913302417179 19.100000000000001 0.70710678118654813 -0.70710678118654691 8.6595605623549403e-17 
1 5.4282871380246503e-12 -4 3.9443045260711371e-31 0.49999999999863803 0.86602540378522497 -3.9785023409298186e-31 
1 5.4279727304060578e-12 -18.000000000000007 15.999999999999993 -2.6781731665459905e-31 -1 -4.4408920985006257e-16 
1 -2.3094010767555435 0 1.4431610653971269e-30 0.50000000000040079 -0.86602540378420723 -2.2705683810058246e-31 
1 -5.0983913302434321 7.6295307311144347 19.100000000000001 -0.70710678118654779 0.70710678118654735 -8.6595605623549366e-17 
3 0 0 16.000000000009376 -0.61237243569563038 -0.61237243569563082 0.50000000000040168 -0.35355339059355761 -0.35355339059355778 -0.86602540378420678 0.70710678118654779 -0.70710678118654735 -2.7755575615628914e-17 50.799999999959198 25.399999999999999
1 -2.3094010767555435 -18.000000000000007 19.999999999999993 -2.6781731665459905e-31 -1 -4.4408920985006257e-16 
1 2.3094010767555435 -18.000000000000007 19.999999999999993 3.0653403907105373e-46 -1 -4.4408920985006252e-16 
