<?xml version='1.0' encoding='utf-8'?>
<!-- FreeCAD DocumentObject -->
<Document SchemaVersion="4" FileVersion="2">
<Object name="PolarPattern">
  <Properties Count="30" TransientCount="2">
    <_Property name="_Body" type="App::PropertyLinkHidden" status="251658240"/>
    <_Property name="_ElementMapVersion" type="App::PropertyString" status="234881024"/>
    <Property name="AddSubShape" type="Part::PropertyPartShape">
      <Part HasherIndex="0" ElementMap="1.15.70200.4" brep="1">
<![CDATA[

CASCADE Topology V1, (c) Matra-Datavision
Locations 23
1
              1               0               0               0 
              0               1               0               0 
              0               0               1               0 
1
0.707106781186548 -0.707106781186547 3.33066907387547e-16               0 
0.707106781186547 0.707106781186548 -1.37960830217586e-16               0 
-1.37960830217586e-16 3.33066907387547e-16               1               0 
2  1 1 2 1 0
1
              1               0               0               0 
              0               1               0               0 
              0               0               1               0 
1
              1               0               0               0 
              0 -4.44089209850063e-16              -1 -8.88178419700125e-15 
              0               1 -4.44089209850063e-16              20 
1
              1               0               0               0 
              0               1               0             -18 
              0               0               1 -7.99360577730113e-15 
2  4 1 5 1 6 1 0
1
              1               0               0               0 
              0               1               0             -22 
              0               0               1 -9.76996261670138e-15 
2  4 1 5 1 6 1 8 1 0
2  4 1 5 1 0
2  6 1 8 1 0
1
1.11022302462516e-16              -1 6.66133814775094e-16               0 
              1 1.11022302462516e-16 -4.93038065763132e-32               0 
-4.93038065763132e-32 6.66133814775094e-16               1               0 
2  1 1 12 1 0
1
-0.707106781186547 -0.707106781186548 8.04094644992679e-16               0 
0.707106781186548 -0.707106781186547 3.33066907387547e-16               0 
3.33066907387547e-16 8.04094644992679e-16               1               0 
2  1 1 14 1 0
1
             -1 -1.22464679914735e-16 6.66133814775094e-16               0 
1.22464679914736e-16              -1 6.66133814775094e-16               0 
6.66133814775094e-16 6.66133814775094e-16               1               0 
2  1 1 16 1 0
1
-0.707106781186548 0.707106781186547 3.33066907387547e-16               0 
-0.707106781186547 -0.707106781186548 8.04094644992679e-16               0 
8.04094644992679e-16 3.33066907387547e-16               1               0 
2  1 1 18 1 0
1
-2.22044604925031e-16               1 4.93038065763132e-32               0 
             -1 -2.22044604925031e-16 6.66133814775094e-16               0 
6.66133814775094e-16 4.93038065763132e-32               1               0 
2  1 1 20 1 0
1
0.707106781186547 0.707106781186548 -1.37960830217585e-16               0 
-0.707106781186548 0.707106781186547 3.33066907387547e-16               0 
3.33066907387547e-16 -1.37960830217585e-16               1               0 
2  1 1 22 1 0
Curve2ds 0
Curves 6
1 -2.3094010767555435 -18.000000000000007 19.999999999999993 0 -1 -4.4408920985006262e-16 
1 5.4279727304060578e-12 -18.000000000000007 15.999999999999993 0 -1 -4.4408920985006262e-16 
1 -2.3094010767555435 0 0 0.50000000000040079 -0.86602540378420723 0 
1 2.3094010767555435 -18.000000000000007 19.999999999999993 0 -1 -4.4408920985006262e-16 
1 5.4282871380246503e-12 -4 0 0.49999999999863798 0.86602540378522486 0 
1 2.3094010767555435 0 0 -1 0 0 
Polygon3D 0
PolygonOnTriangulations 0
Surfaces 4
1 -2.3094010767555435 -18.000000000000007 19.999999999999993 0.86602540378420723 -2.2204460492520929e-16 0.50000000000040079 0.50000000000040079 3.8459253727661001e-16 -0.86602540378420723 0 1 4.4408920985006262e-16 
1 5.4282871380246503e-12 -18.000000000000007 15.999999999999993 -0.86602540378522497 -2.2204460492442647e-16 0.49999999999863803 0.49999999999863803 -3.8459253727706198e-16 0.86602540378522497 0 1 4.4408920985006262e-16 
1 2.3094010767555435 -18.000000000000007 19.999999999999993 -0 4.4408920985006262e-16 -1 -1 -0 0 0 1 4.4408920985006262e-16 
1 1.3569706690255376e-12 -8.2896652505343118e-15 18.666666666666238 0 1 4.4408920985006262e-16 0 -4.4408920985006262e-16 1 1 0 -0 
Triangulations 0

TShapes 22
Ve
1e-07
-2.30940107675554 0 0
0 0

0101101
*
Ed
 1e-07 1 1 0
1  1 0 0 22
0

0101000
+22 7 -22 9 *
Ve
1.00000000314408e-07
5.42797273040606e-12 -4 0
0 0

0101101
*
Ed
 1.00000000314408e-07 1 1 0
1  2 0 0 22
0

0101000
+20 7 -20 9 *
Ed
 1e-07 1 1 0
1  3 0 0 4.61880215351824
0

0101000
+22 0 -20 0 *
Wi

0101100
+21 0 -19 0 -18 7 +18 9 *
Fa
0  1e-07 1 0

0111000
+17 0 *
Ve
1e-07
2.30940107675554 0 0
0 0

0101101
*
Ed
 1e-07 1 1 0
1  4 0 0 22
0

0101000
+15 7 -15 9 *
Ed
 1e-07 1 1 0
1  5 0 0 4.61880215351281
0

0101000
+20 0 -15 0 *
Wi

0101100
+19 0 -14 0 -13 7 +13 9 *
Fa
0  1e-07 2 0

0111000
+12 0 *
Ed
 1e-07 1 1 0
1  6 0 0 4.61880215351109
0

0101000
+15 0 -22 0 *
Wi

0101100
+14 0 -21 0 -10 7 +10 9 *
Fa
0  1e-07 3 0

0111000
+9 0 *
Wi

0101100
+18 0 +13 0 +10 0 *
Fa
0  1e-07 4 0

0111000
-7 10 *
Sh

0101100
-16 0 -11 0 -8 0 +6 6 -6 11 *
So

0100000
+5 0 *
Co

0100000
+4 3 +4 13 +4 15 +4 17 +4 19 +4 21 +4 23 *
Co

0100000
+3 0 *
Co

1100000
+2 0 *

+1 0 ]]>
      </Part>
      <ElementMap new="1" count="1"><Element key="Dummy" value="Dummy"/></ElementMap>
      <ElementMap2 count="140">
<![CDATA[
19 PostfixCount 11
Edge
Face
Vertex
;:G;XTR;:Hab8:7,F
;FAC;:Hab8:4,F
;:G;XTR;:Hab8:7,E
;:G0;XTR;:Hab8:8,F
;:U;XTR;:Hab8:7,E
;:U;XTR;:Hab8:7,V
;SKT;:Hab8,E
;SKT;:Hab8,V

MapCount 2

ElementMap 1 6 3

Edge

ChildCount 0

NameCount 10
0
$#4328.6 0
$#4329.6 0
;g1.a 0
$#4330.8 0
$#432a.6 0
;g2.a 0
$#4331.8 0
;g3.a 0
$#4332.8 0

Face

ChildCount 0

NameCount 6
0
$#4326.4 0
$#432b.4 0
$#432c.4 0
$#4326.5 0
$#432e.7 0

Vertex

ChildCount 0

NameCount 7
0
;g1v1.b 0
$#4334.9 0
;g1v2.b 0
$#4335.9 0
;g2v2.b 0
$#4336.9 0

EndMap

ElementMap 2 19 3

Edge

ChildCount 7
1 0 9 0 1 ;:R#43b9;:H:8,E 0.17337
1 9 9 0 1 ;:R#43bc;:H:8,E 0.17340
1 18 9 0 1 ;:R#43bf;:H:8,E 0.17343
1 27 9 0 1 ;:R#43c2;:H:8,E 0.17346
1 36 9 0 1 ;:R#44ce;:H:8,E 0.17614
1 45 9 0 1 ;:R#44cf;:H:8,E 0.17615
1 54 9 0 1 ;:R#44d0;:H:8,E 0.17616

NameCount 0

Face

ChildCount 7
1 0 5 0 1 ;:R#43ba;:H:8,F 0.17338
1 5 5 0 1 ;:R#43bd;:H:8,F 0.17341
1 10 5 0 1 ;:R#43c0;:H:8,F 0.17344
1 15 5 0 1 ;:R#43c3;:H:8,F 0.17347
1 20 5 0 1 ;:R#44d1;:H:8,F 0.17617
1 25 5 0 1 ;:R#44d2;:H:8,F 0.17618
1 30 5 0 1 ;:R#44d3;:H:8,F 0.17619

NameCount 0

Vertex

ChildCount 7
1 0 6 0 1 ;:R#43bb;:H:8,V 0.17339
1 6 6 0 1 ;:R#43be;:H:8,V 0.17342
1 12 6 0 1 ;:R#43c1;:H:8,V 0.17345
1 18 6 0 1 ;:R#43c4;:H:8,V 0.17348
1 24 6 0 1 ;:R#44d4;:H:8,V 0.17620
1 30 6 0 1 ;:R#44d5;:H:8,V 0.17621
1 36 6 0 1 ;:R#44d6;:H:8,V 0.17622

NameCount 0

EndMap
]]>
      </ElementMap2>
    </Property>
    <Property name="AddSubType" type="App::PropertyEnumeration" status="12">
      <Integer value="0"/>
    </Property>
    <Property name="Angle" type="App::PropertyAngle">
      <Float value="360"/>
    </Property>
    <Property name="Axis" type="App::PropertyLinkSub">
      <LinkSub value="Z_Axis001" count="1">
        <Sub value=""/>
      </LinkSub>
    </Property>
    <Property name="BaseFeature" type="App::PropertyLink" status="8">
      <Link value="Pad007"/>
    </Property>
    <Property name="ColoredElements" type="App::PropertyLinkSubHidden" status="218103808">
      <LinkSub value="" count="0">
      </LinkSub>
    </Property>
    <Property name="CopyShape" type="App::PropertyBool">
      <Bool value="false"/>
    </Property>
    <Property name="ExpressionEngine" type="App::PropertyExpressionEngine" status="67108864">
      <ExpressionEngine count="0"></ExpressionEngine>
    </Property>
    <Property name="FixShape" type="App::PropertyEnumeration">
      <Integer value="0"/>
    </Property>
    <Property name="InvalidShape" type="App::PropertyBool" status="67108864">
      <Bool value="false"/>
    </Property>
    <Property name="Label" type="App::PropertyString" status="134217728">
      <String value="PolarPattern"/>
    </Property>
    <Property name="Label2" type="App::PropertyString" status="128">
      <String value=""/>
    </Property>
    <Property name="NewSolid" type="App::PropertyBool">
      <Bool value="false"/>
    </Property>
    <Property name="Occurrences" type="App::PropertyIntegerConstraint">
      <Integer value="8"/>
    </Property>
    <Property name="OriginalSubs" type="App::PropertyLinkSubList">
      <LinkSubList count="1">
        <Link obj="Pad007" sub=""/>
      </LinkSubList>
    </Property>
    <Property name="Originals" type="App::PropertyLinkList" status="8">
      <LinkList count="1">
        <Link value="Pad007"/>
      </LinkList>
    </Property>
    <Property name="ParallelTransform" type="App::PropertyBool">
      <Bool value="true"/>
    </Property>
    <Property name="Placement" type="App::PropertyPlacement" status="8388620">
      <PropertyPlacement Px="0" Py="0" Pz="0" Q0="0" Q1="0" Q2="0" Q3="1" A="0" Ox="0" Oy="0" Oz="1"/>
    </Property>
    <Property name="Refine" type="App::PropertyBool">
      <Bool value="false"/>
    </Property>
    <Property name="Reversed" type="App::PropertyBool">
      <Bool value="false"/>
    </Property>
    <Property name="Shape" type="Part::PropertyPartShape">
      <Part HasherIndex="0" ElementMap="1.15.70200.4" brep="1">
<![CDATA[

CASCADE Topology V1, (c) Matra-Datavision
Locations 25
1
              1               0               0               0 
              0               1               0               0 
              0               0               1               0 
1
              1               0               0               0 
              0               1               0               0 
              0               0               1               0 
1
              1               0               0               0 
              0               1               0               0 
              0               0               1               0 
1
              1               0               0               0 
              0 -4.44089209850063e-16              -1 -8.88178419700125e-15 
              0               1 -4.44089209850063e-16              20 
1
              1               0               0               0 
              0               1               0             -18 
              0               0               1 -7.99360577730113e-15 
2  3 1 4 1 5 1 0
1
              1               0               0               0 
              0               1               0             -22 
              0               0               1 -9.76996261670138e-15 
2  3 1 4 1 5 1 7 1 0
2  3 1 4 1 0
2  5 1 7 1 0
1
              1               0               0               0 
              0               1               0               0 
              0               0               1               0 
1
0.707106781186548 -0.707106781186547 3.33066907387547e-16               0 
0.707106781186547 0.707106781186548 -1.37960830217586e-16               0 
-1.37960830217586e-16 3.33066907387547e-16               1               0 
2  11 1 12 1 0
1
1.11022302462516e-16              -1 6.66133814775094e-16               0 
              1 1.11022302462516e-16 -4.93038065763132e-32               0 
-4.93038065763132e-32 6.66133814775094e-16               1               0 
2  11 1 14 1 0
1
-0.707106781186547 -0.707106781186548 8.04094644992679e-16               0 
0.707106781186548 -0.707106781186547 3.33066907387547e-16               0 
3.33066907387547e-16 8.04094644992679e-16               1               0 
2  11 1 16 1 0
1
             -1 -1.22464679914735e-16 6.66133814775094e-16               0 
1.22464679914736e-16              -1 6.66133814775094e-16               0 
6.66133814775094e-16 6.66133814775094e-16               1               0 
2  11 1 18 1 0
1
-0.707106781186548 0.707106781186547 3.33066907387547e-16               0 
-0.707106781186547 -0.707106781186548 8.04094644992679e-16               0 
8.04094644992679e-16 3.33066907387547e-16               1               0 
2  11 1 20 1 0
1
-2.22044604925031e-16               1 4.93038065763132e-32               0 
             -1 -2.22044604925031e-16 6.66133814775094e-16               0 
6.66133814775094e-16 4.93038065763132e-32               1               0 
2  11 1 22 1 0
1
0.707106781186547 0.707106781186548 -1.37960830217585e-16               0 
-0.707106781186548 0.707106781186547 3.33066907387547e-16               0 
3.33066907387547e-16 -1.37960830217585e-16               1               0 
2  11 1 24 1 0
Curve2ds 0
Curves 6
1 -2.3094010767555435 -18.000000000000007 19.999999999999993 0 -1 -4.4408920985006262e-16 
1 5.4279727304060578e-12 -18.000000000000007 15.999999999999993 0 -1 -4.4408920985006262e-16 
1 -2.3094010767555435 0 0 0.50000000000040079 -0.86602540378420723 0 
1 2.3094010767555435 -18.000000000000007 19.999999999999993 0 -1 -4.4408920985006262e-16 
1 5.4282871380246503e-12 -4 0 0.49999999999863798 0.86602540378522486 0 
1 2.3094010767555435 0 0 -1 0 0 
Polygon3D 0
PolygonOnTriangulations 0
Surfaces 4
1 -2.3094010767555435 -18.000000000000007 19.999999999999993 0.86602540378420723 -2.2204460492520929e-16 0.50000000000040079 0.50000000000040079 3.8459253727661001e-16 -0.86602540378420723 0 1 4.4408920985006262e-16 
1 5.4282871380246503e-12 -18.000000000000007 15.999999999999993 -0.86602540378522497 -2.2204460492442647e-16 0.49999999999863803 0.49999999999863803 -3.8459253727706198e-16 0.86602540378522497 0 1 4.4408920985006262e-16 
1 2.3094010767555435 -18.000000000000007 19.999999999999993 -0 4.4408920985006262e-16 -1 -1 -0 0 0 1 4.4408920985006262e-16 
1 1.3569706690255376e-12 -8.2896652505343118e-15 18.666666666666238 0 1 4.4408920985006262e-16 0 -4.4408920985006262e-16 1 1 0 -0 
Triangulations 0

TShapes 20
Ve
1e-07
-2.30940107675554 0 0
0 0

0101101
*
Ed
 1e-07 1 1 0
1  1 0 0 22
0

0101000
+20 6 -20 8 *
Ve
1.00000000314408e-07
5.42797273040606e-12 -4 0
0 0

0101101
*
Ed
 1.00000000314408e-07 1 1 0
1  2 0 0 22
0

0101000
+18 6 -18 8 *
Ed
 1e-07 1 1 0
1  3 0 0 4.61880215351824
0

0101000
+20 0 -18 0 *
Wi

0101100
+19 0 -17 0 -16 6 +16 8 *
Fa
0  1e-07 1 0

0111000
+15 0 *
Ve
1e-07
2.30940107675554 0 0
0 0

0101101
*
Ed
 1e-07 1 1 0
1  4 0 0 22
0

0101000
+13 6 -13 8 *
Ed
 1e-07 1 1 0
1  5 0 0 4.61880215351281
0

0101000
+18 0 -13 0 *
Wi

0101100
+17 0 -12 0 -11 6 +11 8 *
Fa
0  1e-07 2 0

0111000
+10 0 *
Ed
 1e-07 1 1 0
1  6 0 0 4.61880215351109
0

0101000
+13 0 -20 0 *
Wi

0101100
+12 0 -19 0 -8 6 +8 8 *
Fa
0  1e-07 3 0

0111000
+7 0 *
Wi

0101100
+16 0 +11 0 +8 0 *
Fa
0  1e-07 4 0

0111000
-5 9 *
Sh

0101100
-14 0 -9 0 -6 0 +4 5 -4 10 *
So

0100000
+3 0 *
Co

1100000
+2 2 +2 13 +2 15 +2 17 +2 19 +2 21 +2 23 +2 25 *

+1 1 ]]>
      </Part>
      <ElementMap new="1" count="1"><Element key="Dummy" value="Dummy"/></ElementMap>
      <ElementMap2 count="160">
<![CDATA[
20 PostfixCount 11
Edge
Face
Vertex
;:G;XTR;:Hab8:7,F
;FAC;:Hab8:4,F
;:G;XTR;:Hab8:7,E
;:G0;XTR;:Hab8:8,F
;:U;XTR;:Hab8:7,E
;:U;XTR;:Hab8:7,V
;SKT;:Hab8,E
;SKT;:Hab8,V

MapCount 2

ElementMap 1 6 3

Edge

ChildCount 0

NameCount 10
0
$#4328.6 0
$#4329.6 0
;g1.a 0
$#4330.8 0
$#432a.6 0
;g2.a 0
$#4331.8 0
;g3.a 0
$#4332.8 0

Face

ChildCount 0

NameCount 6
0
$#4326.4 0
$#432b.4 0
$#432c.4 0
$#4326.5 0
$#432e.7 0

Vertex

ChildCount 0

NameCount 7
0
;g1v1.b 0
$#4334.9 0
;g1v2.b 0
$#4335.9 0
;g2v2.b 0
$#4336.9 0

EndMap

ElementMap 2 20 3

Edge

ChildCount 8
1 0 9 2745 1 ;:Hab9,E;:Hab9:8,E 0
1 9 9 2745 1 ;I1;:H-ab9:3,E;:H-ab9:e,E;:Hab9:19,E 0
1 18 9 2745 1 ;I2;:H-ab9:3,E;:H-ab9:e,E;:Hab9:19,E 0
1 27 9 2745 1 ;I3;:H-ab9:3,E;:H-ab9:e,E;:Hab9:19,E 0
1 36 9 2745 1 ;I4;:H-ab9:3,E;:H-ab9:e,E;:Hab9:19,E 0
1 45 9 2745 1 ;I5;:H-ab9:3,E;:H-ab9:e,E;:Hab9:19,E 0
1 54 9 2745 1 ;I6;:H-ab9:3,E;:H-ab9:e,E;:Hab9:19,E 0
1 63 9 2745 1 ;I7;:H-ab9:3,E;:H-ab9:e,E;:Hab9:19,E 0

NameCount 0

Face

ChildCount 8
1 0 5 2745 1 ;:Hab9,F;:Hab9:8,F 0
1 5 5 2745 1 ;I1;:H-ab9:3,F;:H-ab9:e,F;:Hab9:19,F 0
1 10 5 2745 1 ;I2;:H-ab9:3,F;:H-ab9:e,F;:Hab9:19,F 0
1 15 5 2745 1 ;I3;:H-ab9:3,F;:H-ab9:e,F;:Hab9:19,F 0
1 20 5 2745 1 ;I4;:H-ab9:3,F;:H-ab9:e,F;:Hab9:19,F 0
1 25 5 2745 1 ;I5;:H-ab9:3,F;:H-ab9:e,F;:Hab9:19,F 0
1 30 5 2745 1 ;I6;:H-ab9:3,F;:H-ab9:e,F;:Hab9:19,F 0
1 35 5 2745 1 ;I7;:H-ab9:3,F;:H-ab9:e,F;:Hab9:19,F 0

NameCount 0

Vertex

ChildCount 8
1 0 6 2745 1 ;:Hab9,V;:Hab9:8,V 0
1 6 6 2745 1 ;I1;:H-ab9:3,V;:H-ab9:e,V;:Hab9:19,V 0
1 12 6 2745 1 ;I2;:H-ab9:3,V;:H-ab9:e,V;:Hab9:19,V 0
1 18 6 2745 1 ;I3;:H-ab9:3,V;:H-ab9:e,V;:Hab9:19,V 0
1 24 6 2745 1 ;I4;:H-ab9:3,V;:H-ab9:e,V;:Hab9:19,V 0
1 30 6 2745 1 ;I5;:H-ab9:3,V;:H-ab9:e,V;:Hab9:19,V 0
1 36 6 2745 1 ;I6;:H-ab9:3,V;:H-ab9:e,V;:Hab9:19,V 0
1 42 6 2745 1 ;I7;:H-ab9:3,V;:H-ab9:e,V;:Hab9:19,V 0

NameCount 0

EndMap
]]>
      </ElementMap2>
    </Property>
    <Property name="SubTransform" type="App::PropertyBool">
      <Bool value="true"/>
    </Property>
    <Property name="Suppress" type="App::PropertyBool">
      <Bool value="false"/>
    </Property>
    <Property name="SuppressedShape" type="Part::PropertyPartShape">
      <Part ElementMap="0.15.70200.4" brep="1">
<![CDATA[

CASCADE Topology V1, (c) Matra-Datavision
Locations 0
Curve2ds 0
Curves 0
Polygon3D 0
PolygonOnTriangulations 0
Surfaces 0
Triangulations 0

TShapes 0

*]]>
      </Part>
      <ElementMap/>
    </Property>
    <Property name="TransformOffset" type="App::PropertyPlacement">
      <PropertyPlacement Px="0" Py="0" Pz="0" Q0="0" Q1="0" Q2="0" Q3="1" A="0" Ox="0" Oy="0" Oz="1"/>
    </Property>
    <Property name="TreeRank" type="App::PropertyInteger" status="2184">
      <Integer value="56"/>
    </Property>
    <Property name="ValidateShape" type="App::PropertyBool">
      <Bool value="true"/>
    </Property>
    <Property name="Visibility" type="App::PropertyBool" status="649">
      <Bool value="true"/>
    </Property>
    <Property name="_Siblings" type="App::PropertyLinkList" status="218103808">
      <LinkList count="0">
      </LinkList>
    </Property>
    <Property name="_Version" type="App::PropertyInteger" status="67108864">
      <Integer value="3"/>
    </Property>
  </Properties>
</Object>
</Document>
