<?xml version='1.0' encoding='utf-8'?>
<!-- FreeCAD DocumentObject -->
<Document SchemaVersion="4" FileVersion="2">
<Object name="Reference003">
  <Properties Count="35" TransientCount="1">
    <_Property name="_ElementMapVersion" type="App::PropertyString" status="234881024"/>
    <Property name="BindCopyOnChange" type="App::PropertyEnumeration">
      <Integer value="0"/>
    </Property>
    <Property name="BindMode" type="App::PropertyEnumeration">
      <Integer value="0"/>
    </Property>
    <Property name="Cache_Body001" type="App::PropertyMatrix" group="Cache" attr="0" ro="0" hide="1" doc="" status="69206016">
      <PropertyMatrix a11="1" a12="0" a13="0" a14="0" a21="0" a22="-1" a23="1.224646799147353e-16" a24="0" a31="0" a32="-1.224646799147353e-16" a33="-1" a34="0" a41="0" a42="0" a43="0" a44="1"/>
    </Property>
    <Property name="ClaimChildren" type="App::PropertyBool" status="134217728">
      <Bool value="false"/>
    </Property>
    <Property name="ColoredElements" type="App::PropertyLinkSubHidden" status="218103808">
      <LinkSub value="" count="0">
      </LinkSub>
    </Property>
    <Property name="Context" type="App::PropertyXLink" status="67108864">
      <XLink file="" stamp="" name="Part" sub="Body.Boolean001.Reference003."/>
    </Property>
    <Property name="EdgeTolerance" type="App::PropertyPrecision">
      <Float value="1e-06"/>
    </Property>
    <Property name="ExpressionEngine" type="App::PropertyExpressionEngine" status="67108864">
      <ExpressionEngine count="0"></ExpressionEngine>
    </Property>
    <Property name="FaceMaker" type="App::PropertyString">
      <String value=""/>
    </Property>
    <Property name="FillStyle" type="App::PropertyEnumeration">
      <Integer value="0"/>
    </Property>
    <Property name="FixShape" type="App::PropertyEnumeration">
      <Integer value="0"/>
    </Property>
    <Property name="Fuse" type="App::PropertyBool">
      <Bool value="true"/>
    </Property>
    <Property name="InvalidShape" type="App::PropertyBool" status="67108864">
      <Bool value="false"/>
    </Property>
    <Property name="Label" type="App::PropertyString" status="134217728">
      <String value="Reference003(cut)"/>
    </Property>
    <Property name="Label2" type="App::PropertyString" status="128">
      <String value=""/>
    </Property>
    <Property name="MakeFace" type="App::PropertyBool">
      <Bool value="true"/>
    </Property>
    <Property name="MergeEdges" type="App::PropertyBool">
      <Bool value="true"/>
    </Property>
    <Property name="Offset" type="App::PropertyFloat">
      <Float value="0"/>
    </Property>
    <Property name="OffsetFill" type="App::PropertyBool">
      <Bool value="false"/>
    </Property>
    <Property name="OffsetIntersection" type="App::PropertyBool">
      <Bool value="false"/>
    </Property>
    <Property name="OffsetJoinType" type="App::PropertyEnumeration">
      <Integer value="0"/>
    </Property>
    <Property name="OffsetOpenResult" type="App::PropertyBool">
      <Bool value="false"/>
    </Property>
    <Property name="Outline" type="App::PropertyBool">
      <Bool value="false"/>
    </Property>
    <Property name="PartialLoad" type="App::PropertyBool" status="1024">
      <Bool value="false"/>
    </Property>
    <Property name="Placement" type="App::PropertyPlacement" status="8388608">
      <PropertyPlacement Px="0" Py="0" Pz="0" Q0="0" Q1="0" Q2="0" Q3="1" A="0" Ox="0" Oy="0" Oz="1"/>
    </Property>
    <Property name="Refine" type="App::PropertyBool">
      <Bool value="false"/>
    </Property>
    <Property name="Relative" type="App::PropertyBool">
      <Bool value="true"/>
    </Property>
    <Property name="Shape" type="Part::PropertyPartShape">
      <Part HasherIndex="0" ElementMap="1.15.70200.4" brep="1">
<![CDATA[

CASCADE Topology V1, (c) Matra-Datavision
Locations 54
1
              1               0               0               0 
              0               1               0               0 
              0               0               1               0 
1
              1               0               0               0 
              0               1               0               0 
              0               0               1               0 
1
              1               0               0               0 
              0               1               0               0 
              0               0               1               0 
1
              1 -7.21644966006352e-16 -8.83760197740479e-32               0 
-7.21644966006352e-16              -1 -1.22464679914735e-16               0 
              0 1.22464679914735e-16              -1               0 
1
              1               0               0               0 
              0              -1 1.22464679914735e-16               0 
              0 -1.22464679914735e-16              -1               0 
2  2 1 3 1 4 1 5 1 0
1
              1               0               0               0 
              0               1               0               0 
              0               0               1               0 
2  7 -1 2 -1 0
1
              1               0               0               0 
              0               1               0               0 
              0               0               1               0 
1
              1               0               0               0 
              0 -4.44089209850063e-16              -1 -8.88178419700125e-15 
              0               1 -4.44089209850063e-16              20 
1
              1               0               0               0 
              0               1               0             -18 
              0               0               1 -7.99360577730113e-15 
2  9 1 10 1 11 1 0
2  7 -1 2 -1 11 -1 10 -1 9 -1 0
1
              1               0               0               0 
              0               1               0             -22 
              0               0               1 -9.76996261670138e-15 
2  9 1 10 1 11 1 14 1 0
2  7 -1 2 -1 14 -1 11 -1 10 -1 9 -1 0
2  9 1 10 1 0
2  11 1 14 1 0
1
              1               0               0               0 
              0               1               0               0 
              0               0               1               0 
1
0.707106781186548 -0.707106781186547 3.33066907387547e-16               0 
0.707106781186547 0.707106781186548 -1.37960830217586e-16               0 
-1.37960830217586e-16 3.33066907387547e-16               1               0 
2  19 1 20 1 3 1 4 1 5 1 0
2  7 -1 20 -1 19 -1 0
2  7 -1 20 -1 19 -1 11 -1 10 -1 9 -1 0
2  7 -1 20 -1 19 -1 14 -1 11 -1 10 -1 9 -1 0
1
1.11022302462516e-16              -1 6.66133814775094e-16               0 
              1 1.11022302462516e-16 -4.93038065763132e-32               0 
-4.93038065763132e-32 6.66133814775094e-16               1               0 
2  19 1 25 1 3 1 4 1 5 1 0
2  7 -1 25 -1 19 -1 0
2  7 -1 25 -1 19 -1 11 -1 10 -1 9 -1 0
2  7 -1 25 -1 19 -1 14 -1 11 -1 10 -1 9 -1 0
1
-0.707106781186547 -0.707106781186548 8.04094644992679e-16               0 
0.707106781186548 -0.707106781186547 3.33066907387547e-16               0 
3.33066907387547e-16 8.04094644992679e-16               1               0 
2  19 1 30 1 3 1 4 1 5 1 0
2  7 -1 30 -1 19 -1 0
2  7 -1 30 -1 19 -1 11 -1 10 -1 9 -1 0
2  7 -1 30 -1 19 -1 14 -1 11 -1 10 -1 9 -1 0
1
             -1 -1.22464679914735e-16 6.66133814775094e-16               0 
1.22464679914736e-16              -1 6.66133814775094e-16               0 
6.66133814775094e-16 6.66133814775094e-16               1               0 
2  19 1 35 1 3 1 4 1 5 1 0
2  7 -1 35 -1 19 -1 0
2  7 -1 35 -1 19 -1 11 -1 10 -1 9 -1 0
2  7 -1 35 -1 19 -1 14 -1 11 -1 10 -1 9 -1 0
1
-0.707106781186548 0.707106781186547 3.33066907387547e-16               0 
-0.707106781186547 -0.707106781186548 8.04094644992679e-16               0 
8.04094644992679e-16 3.33066907387547e-16               1               0 
2  19 1 40 1 3 1 4 1 5 1 0
2  7 -1 40 -1 19 -1 0
2  7 -1 40 -1 19 -1 11 -1 10 -1 9 -1 0
2  7 -1 40 -1 19 -1 14 -1 11 -1 10 -1 9 -1 0
1
-2.22044604925031e-16               1 4.93038065763132e-32               0 
             -1 -2.22044604925031e-16 6.66133814775094e-16               0 
6.66133814775094e-16 4.93038065763132e-32               1               0 
2  19 1 45 1 3 1 4 1 5 1 0
2  7 -1 45 -1 19 -1 0
2  7 -1 45 -1 19 -1 11 -1 10 -1 9 -1 0
2  7 -1 45 -1 19 -1 14 -1 11 -1 10 -1 9 -1 0
1
0.707106781186547 0.707106781186548 -1.37960830217585e-16               0 
-0.707106781186548 0.707106781186547 3.33066907387547e-16               0 
3.33066907387547e-16 -1.37960830217585e-16               1               0 
2  19 1 50 1 3 1 4 1 5 1 0
2  7 -1 50 -1 19 -1 0
2  7 -1 50 -1 19 -1 11 -1 10 -1 9 -1 0
2  7 -1 50 -1 19 -1 14 -1 11 -1 10 -1 9 -1 0
Curve2ds 0
Curves 72
1 -2.3094010767555435 -18.000000000000007 19.999999999999993 0 -1 -4.4408920985006262e-16 
1 5.4279727304060578e-12 -18.000000000000007 15.999999999999993 0 -1 -4.4408920985006262e-16 
1 -2.3094010767555435 0 0 0.50000000000040079 -0.86602540378420723 0 
1 -2.3094010767555435 0 0 0.50000000000040079 -0.86602540378420723 0 
1 2.3094010767555435 -18.000000000000007 19.999999999999993 0 -1 -4.4408920985006262e-16 
1 5.4282871380246503e-12 -4 0 0.49999999999863803 0.86602540378522497 0 
1 5.4282871380246503e-12 -4 0 0.49999999999863803 0.86602540378522497 0 
1 2.3094010767555435 0 0 -1 0 0 
1 2.3094010767555435 0 0 -1 0 0 
1 -2.3094010767555435 -18.000000000000007 19.999999999999993 4.5950187061189639e-32 -1 -4.4408920985006262e-16 
1 5.4279727304060578e-12 -18.000000000000007 15.999999999999993 4.5950187061189639e-32 -1 -4.4408920985006262e-16 
1 -2.3094010767555435 2.2772452799096968e-31 -2.4760729344453662e-31 0.50000000000040079 -0.86602540378420723 5.3608551571430872e-32 
1 -2.3094010767555435 2.2772452799096968e-31 -2.4760729344453662e-31 0.50000000000040079 -0.86602540378420723 5.3608551571430872e-32 
1 2.3094010767555435 -18.000000000000007 19.999999999999993 4.5950187061189639e-32 -1 -4.4408920985006262e-16 
1 5.4282871380246503e-12 -4 5.8200522196619222e-43 0.49999999999863803 0.86602540378522497 5.3608551571241883e-32 
1 5.4282871380246503e-12 -4 5.8200522196619222e-43 0.49999999999863803 0.86602540378522497 5.3608551571241883e-32 
1 2.3094010767555435 -2.2772452799096968e-31 2.4760729344453662e-31 -1 9.8607613152626476e-32 -1.072171031427758e-31 
1 2.3094010767555435 -2.2772452799096968e-31 2.4760729344453662e-31 -1 9.8607613152626476e-32 -1.072171031427758e-31 
1 -2.3094010767555435 -18.000000000000007 19.999999999999993 4.3790577010150533e-47 -1 -4.4408920985006262e-16 
1 5.4279727304060578e-12 -18.000000000000007 15.999999999999993 4.3790577010150533e-47 -1 -4.4408920985006262e-16 
1 -2.3094010767555435 5.6931131997742518e-32 -1.264125071237352e-46 0.50000000000040079 -0.86602540378420723 2.736911063136601e-47 
1 -2.3094010767555435 5.6931131997742518e-32 -1.264125071237352e-46 0.50000000000040079 -0.86602540378420723 2.736911063136601e-47 
1 2.3094010767555435 -18.000000000000007 19.999999999999993 4.3790577010150533e-47 -1 -4.4408920985006262e-16 
1 5.4282871380246503e-12 -4 2.971347824385975e-58 0.49999999999863803 0.86602540378522497 2.7369110631269524e-47 
1 5.4282871380246503e-12 -4 2.971347824385975e-58 0.49999999999863803 0.86602540378522497 2.7369110631269524e-47 
1 2.3094010767555435 -5.6931131997742518e-32 1.264125071237352e-46 -1 2.4651903288156663e-32 -5.4738221262688147e-47 
1 2.3094010767555435 -5.6931131997742518e-32 1.264125071237352e-46 -1 2.4651903288156663e-32 -5.4738221262688147e-47 
1 -2.3094010767555435 -18.000000000000007 19.999999999999993 -2.6781731665459892e-31 -1 -4.4408920985006262e-16 
1 5.4279727304060578e-12 -18.000000000000007 15.999999999999993 -2.6781731665459892e-31 -1 -4.4408920985006262e-16 
1 -2.3094010767555435 0 9.6008439144236548e-31 0.50000000000040079 -0.86602540378420723 -2.078643681919359e-31 
1 -2.3094010767555435 0 9.6008439144236548e-31 0.50000000000040079 -0.86602540378420723 -2.078643681919359e-31 
1 2.3094010767555435 -18.000000000000007 19.999999999999993 -2.6781731665459892e-31 -1 -4.4408920985006262e-16 
1 5.4282871380246503e-12 -4 -2.2566949526180027e-42 0.49999999999863803 0.86602540378522497 -2.078643681912031e-31 
1 5.4282871380246503e-12 -4 -2.2566949526180027e-42 0.49999999999863803 0.86602540378522497 -2.078643681912031e-31 
1 2.3094010767555435 0 -9.6008439144236548e-31 -1 0 4.1572873638353855e-31 
1 2.3094010767555435 0 -9.6008439144236548e-31 -1 0 4.1572873638353855e-31 
1 -2.3094010767555435 -18.000000000000007 19.999999999999993 3.0653403907105373e-46 -1 -4.4408920985006252e-16 
1 5.4279727304060578e-12 -18.000000000000007 15.999999999999993 3.0653403907105373e-46 -1 -4.4408920985006252e-16 
1 -2.3094010767555435 0 -1.4158200797858348e-45 0.50000000000040079 -0.86602540378420723 3.0653403907129947e-46 
1 -2.3094010767555435 0 -1.4158200797858348e-45 0.50000000000040079 -0.86602540378420723 3.0653403907129947e-46 
1 2.3094010767555435 -18.000000000000007 19.999999999999993 3.0653403907105373e-46 -1 -4.4408920985006252e-16 
1 5.4282871380246503e-12 -4 3.3279095633122932e-57 0.49999999999863803 0.86602540378522497 3.0653403907021876e-46 
1 5.4282871380246503e-12 -4 3.3279095633122932e-57 0.49999999999863803 0.86602540378522497 3.0653403907021876e-46 
1 2.3094010767555435 0 1.4158200797858348e-45 -1 0 -6.1306807814210747e-46 
1 2.3094010767555435 0 1.4158200797858348e-45 -1 0 -6.1306807814210747e-46 
1 -2.3094010767555435 -18.000000000000007 19.999999999999993 -2.6781731665459905e-31 -1 -4.4408920985006257e-16 
1 5.4279727304060578e-12 -18.000000000000007 15.999999999999993 -2.6781731665459905e-31 -1 -4.4408920985006257e-16 
1 -2.3094010767555435 0 1.4431610653971269e-30 0.50000000000040079 -0.86602540378420723 -2.2705683810058246e-31 
1 -2.3094010767555435 0 1.4431610653971269e-30 0.50000000000040079 -0.86602540378420723 -2.2705683810058246e-31 
1 2.3094010767555435 -18.000000000000007 19.999999999999993 -2.6781731665459905e-31 -1 -4.4408920985006257e-16 
1 5.4282871380246503e-12 -4 3.9443045260711371e-31 0.49999999999863803 0.86602540378522497 -3.9785023409298186e-31 
1 5.4282871380246503e-12 -4 3.9443045260711371e-31 0.49999999999863803 0.86602540378522497 -3.9785023409298186e-31 
1 2.3094010767555435 0 -1.4431610653971269e-30 -1 0 6.2490707219406458e-31 
1 2.3094010767555435 0 -1.4431610653971269e-30 -1 0 6.2490707219406458e-31 
1 -2.3094010767555435 -18.000000000000007 19.999999999999993 -3.284293275761289e-47 -1 -4.4408920985006257e-16 
1 5.4279727304060578e-12 -18.000000000000007 15.999999999999993 -3.284293275761289e-47 -1 -4.4408920985006257e-16 
1 -2.3094010767555435 0 -2.0226001139797638e-46 0.50000000000040079 -0.86602540378420723 -8.5396697996700203e-32 
1 -2.3094010767555435 0 -2.0226001139797638e-46 0.50000000000040079 -0.86602540378420723 -8.5396697996700203e-32 
1 2.3094010767555435 -18.000000000000007 19.999999999999993 -3.284293275761289e-47 -1 -4.4408920985006257e-16 
1 5.4282871380246503e-12 -4 -3.944304526105059e-31 0.49999999999863803 0.86602540378522497 8.5396697996800648e-32 
1 5.4282871380246503e-12 -4 -3.944304526105059e-31 0.49999999999863803 0.86602540378522497 8.5396697996800648e-32 
1 2.3094010767555435 0 2.0226001139797638e-46 -1 0 -8.7581154020301067e-47 
1 2.3094010767555435 0 2.0226001139797638e-46 -1 0 -8.7581154020301067e-47 
1 -2.3094010767555435 -18.000000000000007 19.999999999999993 4.5950187061189623e-32 -1 -4.4408920985006262e-16 
1 5.4279727304060578e-12 -18.000000000000007 15.999999999999993 4.5950187061189623e-32 -1 -4.4408920985006262e-16 
1 -2.3094010767555435 0 2.3546938051022454e-31 0.50000000000040079 -0.86602540378420723 -8.282267335565784e-33 
1 -2.3094010767555435 0 2.3546938051022454e-31 0.50000000000040079 -0.86602540378420723 -8.282267335565784e-33 
1 2.3094010767555435 -18.000000000000007 19.999999999999993 4.5950187061189623e-32 -1 -4.4408920985006262e-16 
1 5.4282871380246503e-12 -4 1.9721522630469948e-31 0.49999999999863803 0.86602540378522497 -9.3678965332136476e-32 
1 5.4282871380246503e-12 -4 1.9721522630469948e-31 0.49999999999863803 0.86602540378522497 -9.3678965332136476e-32 
1 2.3094010767555435 0 -2.3546938051022454e-31 -1 0 1.0196123266775008e-31 
1 2.3094010767555435 0 -2.3546938051022454e-31 -1 0 1.0196123266775008e-31 
Polygon3D 0
PolygonOnTriangulations 0
Surfaces 40
1 -2.3094010767555435 -18.000000000000007 19.999999999999993 0.86602540378420723 -2.2204460492520929e-16 0.50000000000040079 0.50000000000040079 3.8459253727661001e-16 -0.86602540378420723 0 1 4.4408920985006262e-16 
1 5.4282871380246503e-12 -18.000000000000007 15.999999999999993 -0.86602540378522497 -2.2204460492442647e-16 0.49999999999863803 0.49999999999863803 -3.8459253727706198e-16 0.86602540378522497 0 1 4.4408920985006262e-16 
1 2.3094010767555435 -18.000000000000007 19.999999999999993 0 4.4408920985006262e-16 -1 -1 0 0 0 1 4.4408920985006262e-16 
1 1.3569706690255376e-12 -8.2896652505343118e-15 18.666666666666238 0 1 4.4408920985006262e-16 0 -4.4408920985006262e-16 1 1 0 0 
1 1.3569706690255376e-12 -8.2896652505343118e-15 18.666666666666238 0 1 4.4408920985006262e-16 0 -4.4408920985006262e-16 1 1 0 0 
1 -2.3094010767555435 -18.000000000000007 19.999999999999993 0.86602540378420723 -2.2204460492520934e-16 0.50000000000040079 0.50000000000040079 3.8459253727661001e-16 -0.86602540378420723 -4.5950187061189639e-32 1 4.4408920985006262e-16 
1 5.4282871380246503e-12 -18.000000000000007 15.999999999999993 -0.86602540378522497 -2.2204460492442642e-16 0.49999999999863803 0.49999999999863803 -3.8459253727706198e-16 0.86602540378522497 -4.5950187061189639e-32 1 4.4408920985006262e-16 
1 2.3094010767555435 -18.000000000000007 19.999999999999993 4.9303806576313216e-32 4.4408920985006262e-16 -1 -1 4.5950187061189617e-32 4.9303806576313238e-32 -4.5950187061189639e-32 1 4.4408920985006262e-16 
1 1.3569706690255376e-12 -8.2896652505343118e-15 18.666666666666238 -4.5950187061189639e-32 1 4.4408920985006262e-16 -4.9303806576313216e-32 -4.4408920985006262e-16 1 1 -4.5950187061189617e-32 -4.9303806576313238e-32 
1 1.3569706690255376e-12 -8.2896652505343118e-15 18.666666666666238 -4.5950187061189639e-32 1 4.4408920985006262e-16 -4.9303806576313216e-32 -4.4408920985006262e-16 1 1 -4.5950187061189617e-32 -4.9303806576313238e-32 
1 -2.3094010767555435 -18.000000000000007 19.999999999999993 0.86602540378420723 -2.2204460492520929e-16 0.50000000000040079 0.50000000000040079 3.8459253727661001e-16 -0.86602540378420723 -4.3790577010150533e-47 1 4.4408920985006262e-16 
1 5.4282871380246503e-12 -18.000000000000007 15.999999999999993 -0.86602540378522497 -2.2204460492442647e-16 0.49999999999863803 0.49999999999863803 -3.8459253727706198e-16 0.86602540378522497 -4.3790577010150533e-47 1 4.4408920985006262e-16 
1 2.3094010767555435 -18.000000000000007 19.999999999999993 2.4651903288156663e-32 4.4408920985006262e-16 -1 -1 3.2842932757612881e-47 2.4651903288156663e-32 -4.3790577010150533e-47 1 4.4408920985006262e-16 
1 1.3569706690255376e-12 -8.2896652505343118e-15 18.666666666666238 -4.3790577010150533e-47 1 4.4408920985006262e-16 -2.4651903288156663e-32 -4.4408920985006262e-16 1 1 -3.2842932757612881e-47 -2.4651903288156663e-32 
1 1.3569706690255376e-12 -8.2896652505343118e-15 18.666666666666238 -4.3790577010150533e-47 1 4.4408920985006262e-16 -2.4651903288156663e-32 -4.4408920985006262e-16 1 1 -3.2842932757612881e-47 -2.4651903288156663e-32 
1 -2.3094010767555435 -18.000000000000007 19.999999999999993 0.86602540378420723 -2.2204460492520905e-16 0.50000000000040079 0.50000000000040079 3.8459253727661016e-16 -0.86602540378420723 2.6781731665459892e-31 1 4.4408920985006262e-16 
1 5.4282871380246503e-12 -18.000000000000007 15.999999999999993 -0.86602540378522497 -2.220446049244267e-16 0.49999999999863803 0.49999999999863803 -3.8459253727706183e-16 0.86602540378522497 2.6781731665459892e-31 1 4.4408920985006262e-16 
1 2.3094010767555435 -18.000000000000007 19.999999999999993 4.9303806576313358e-32 4.4408920985006262e-16 -1 -1 -2.6781731665459896e-31 4.9303806576313238e-32 2.6781731665459892e-31 1 4.4408920985006262e-16 
1 1.3569706690255376e-12 -8.2896652505343118e-15 18.666666666666238 2.6781731665459892e-31 1 4.4408920985006262e-16 -4.9303806576313358e-32 -4.4408920985006262e-16 1 1 2.6781731665459896e-31 -4.9303806576313238e-32 
1 1.3569706690255376e-12 -8.2896652505343118e-15 18.666666666666238 2.6781731665459892e-31 1 4.4408920985006262e-16 -4.9303806576313358e-32 -4.4408920985006262e-16 1 1 2.6781731665459896e-31 -4.9303806576313238e-32 
1 -2.3094010767555435 -18.000000000000007 19.999999999999993 0.86602540378420723 -2.2204460492520934e-16 0.50000000000040079 0.50000000000040079 3.8459253727661011e-16 -0.86602540378420723 -3.0653403907105373e-46 1 4.4408920985006252e-16 
1 5.4282871380246503e-12 -18.000000000000007 15.999999999999993 -0.86602540378522497 -2.2204460492442652e-16 0.49999999999863803 0.49999999999863803 -3.8459253727706208e-16 0.86602540378522497 -3.0653403907105373e-46 1 4.4408920985006252e-16 
1 2.3094010767555435 -18.000000000000007 19.999999999999993 -9.8607613152626476e-32 4.4408920985006271e-16 -1 -1 3.5032461608120427e-46 -9.8607613152626476e-32 -3.0653403907105373e-46 1 4.4408920985006252e-16 
1 1.3569706690255376e-12 -8.2896652505343134e-15 18.666666666666238 -3.0653403907105373e-46 1 4.4408920985006252e-16 9.8607613152626476e-32 -4.4408920985006271e-16 1 1 -3.5032461608120427e-46 9.8607613152626476e-32 
1 1.3569706690255376e-12 -8.2896652505343134e-15 18.666666666666238 -3.0653403907105373e-46 1 4.4408920985006252e-16 9.8607613152626476e-32 -4.4408920985006271e-16 1 1 -3.5032461608120427e-46 9.8607613152626476e-32 
1 -2.3094010767555435 -18.000000000000007 19.999999999999993 0.86602540378420723 -2.220446049252091e-16 0.50000000000040079 0.50000000000040079 3.8459253727661021e-16 -0.86602540378420723 2.6781731665459905e-31 1 4.4408920985006257e-16 
1 5.4282871380246503e-12 -18.000000000000007 15.999999999999993 -0.86602540378522497 -2.2204460492442672e-16 0.49999999999863803 0.49999999999863803 -3.8459253727706188e-16 0.86602540378522497 2.6781731665459905e-31 1 4.4408920985006257e-16 
1 2.3094010767555435 -18.000000000000007 19.999999999999993 9.8607613152626585e-32 4.4408920985006262e-16 -1 -1 -2.6781731665459909e-31 9.8607613152626476e-32 2.6781731665459905e-31 1 4.4408920985006257e-16 
1 1.3569706690255376e-12 -8.2896652505343134e-15 18.666666666666238 2.6781731665459905e-31 1 4.4408920985006257e-16 -9.8607613152626585e-32 -4.4408920985006262e-16 1 1 2.6781731665459909e-31 -9.8607613152626476e-32 
1 1.3569706690255376e-12 -8.2896652505343134e-15 18.666666666666238 2.6781731665459905e-31 1 4.4408920985006257e-16 -9.8607613152626585e-32 -4.4408920985006262e-16 1 1 2.6781731665459909e-31 -9.8607613152626476e-32 
1 -2.3094010767555435 -18.000000000000007 19.999999999999993 0.86602540378420723 -2.2204460492520934e-16 0.50000000000040079 0.50000000000040079 3.8459253727661006e-16 -0.86602540378420723 3.284293275761289e-47 1 4.4408920985006257e-16 
1 5.4282871380246503e-12 -18.000000000000007 15.999999999999993 -0.86602540378522497 -2.220446049244265e-16 0.49999999999863803 0.49999999999863803 -3.8459253727706203e-16 0.86602540378522497 3.284293275761289e-47 1 4.4408920985006257e-16 
1 2.3094010767555435 -18.000000000000007 19.999999999999993 1.4585192057487047e-62 4.4408920985006262e-16 -1 -1 -3.284293275761289e-47 0 3.284293275761289e-47 1 4.4408920985006257e-16 
1 1.3569706690255376e-12 -8.2896652505343134e-15 18.666666666666238 3.284293275761289e-47 1 4.4408920985006257e-16 -1.4585192057487047e-62 -4.4408920985006262e-16 1 1 3.284293275761289e-47 0 
1 1.3569706690255376e-12 -8.2896652505343134e-15 18.666666666666238 3.284293275761289e-47 1 4.4408920985006257e-16 -1.4585192057487047e-62 -4.4408920985006262e-16 1 1 3.284293275761289e-47 0 
1 -2.3094010767555435 -18.000000000000007 19.999999999999993 0.86602540378420723 -2.2204460492520929e-16 0.50000000000040079 0.50000000000040079 3.8459253727660996e-16 -0.86602540378420723 -4.5950187061189623e-32 1 4.4408920985006262e-16 
1 5.4282871380246503e-12 -18.000000000000007 15.999999999999993 -0.86602540378522497 -2.220446049244264e-16 0.49999999999863803 0.49999999999863803 -3.8459253727706193e-16 0.86602540378522497 -4.5950187061189623e-32 1 4.4408920985006262e-16 
1 2.3094010767555435 -18.000000000000007 19.999999999999993 -2.040598226446627e-47 4.4408920985006257e-16 -1 -1 4.5950187061189623e-32 0 -4.5950187061189623e-32 1 4.4408920985006262e-16 
1 1.3569706690255376e-12 -8.2896652505343102e-15 18.666666666666238 -4.5950187061189623e-32 1 4.4408920985006262e-16 2.040598226446627e-47 -4.4408920985006257e-16 1 1 -4.5950187061189623e-32 0 
1 1.3569706690255376e-12 -8.2896652505343102e-15 18.666666666666238 -4.5950187061189623e-32 1 4.4408920985006262e-16 2.040598226446627e-47 -4.4408920985006257e-16 1 1 -4.5950187061189623e-32 0 
Triangulations 0

TShapes 217
Ve
1e-07
-2.30940107675554 -18 20
0 0

0101101
*
Ve
1e-07
-2.30940107675554 -40 20
0 0

0101101
*
Ed
 1e-07 1 1 0
1  1 0 0 22
0

0101000
+217 8 -216 8 *
Ve
1.00000000314408e-07
5.42797273040606e-12 -18 16
0 0

0101101
*
Ve
1.00000000314408e-07
5.42797273040606e-12 -40 16
0 0

0101101
*
Ed
 1.00000000314408e-07 1 1 0
1  2 0 0 22
0

0101000
+214 8 -213 8 *
Ed
 1e-07 1 1 0
1  3 0 0 4.61880215351824
0

0101000
+217 13 -214 13 *
Ed
 1e-07 1 1 0
1  4 0 0 4.61880215351824
0

0101000
+216 16 -213 16 *
Wi

0101100
+215 0 -212 0 -211 12 +210 15 *
Fa
0  1e-07 1 0

0111000
+209 0 *
Ve
1e-07
2.30940107675554 -18 20
0 0

0101101
*
Ve
1e-07
2.30940107675554 -40 20
0 0

0101101
*
Ed
 1e-07 1 1 0
1  5 0 0 22
0

0101000
+207 8 -206 8 *
Ed
 1e-07 1 1 0
1  6 0 0 4.61880215351281
0

0101000
+214 13 -207 13 *
Ed
 1e-07 1 1 0
1  7 0 0 4.61880215351281
0

0101000
+213 16 -206 16 *
Wi

0101100
+212 0 -205 0 -204 12 +203 15 *
Fa
0  1e-07 2 0

0111000
+202 0 *
Ed
 1e-07 1 1 0
1  8 0 0 4.61880215351109
0

0101000
+207 13 -217 13 *
Ed
 1e-07 1 1 0
1  9 0 0 4.61880215351109
0

0101000
+206 16 -216 16 *
Wi

0101100
+205 0 -215 0 -200 12 +199 15 *
Fa
0  1e-07 3 0

0111000
+198 0 *
Wi

0101100
+211 0 +204 0 +200 0 *
Fa
0  1e-07 4 0

0111000
-196 17 *
Wi

0101100
+210 0 +203 0 +199 0 *
Fa
0  1e-07 5 0

0111000
-194 17 *
Sh

0101100
-208 0 -201 0 -197 0 +195 11 -193 18 *
So

0100000
+192 0 *
Ve
1e-07
11.0949288995045 -14.3609152232112 20
0 0

0101101
*
Ve
1e-07
26.6512780856086 -29.9172644093153 20
0 0

0101101
*
Ed
 1e-07 1 1 0
1  10 0 0 22
0

0101000
+190 22 -189 22 *
Ve
1.00000000314408e-07
12.7279220613617 -12.727922061354 16
0 0

0101101
*
Ve
1.00000000314408e-07
28.2842712474657 -28.2842712474581 16
0 0

0101101
*
Ed
 1.00000000314408e-07 1 1 0
1  11 0 0 22
0

0101000
+187 22 -186 22 *
Ed
 1e-07 1 1 0
1  12 0 0 4.61880215351824
0

0101000
+190 23 -187 23 *
Ed
 1e-07 1 1 0
1  13 0 0 4.61880215351824
0

0101000
+189 24 -186 24 *
Wi

0101100
+188 0 -185 0 -184 12 +183 15 *
Fa
0  1e-07 6 0

0111000
+182 0 *
Ve
1e-07
14.3609152232112 -11.0949288995045 20
0 0

0101101
*
Ve
1e-07
29.9172644093153 -26.6512780856086 20
0 0

0101101
*
Ed
 1e-07 1 1 0
1  14 0 0 22
0

0101000
+180 22 -179 22 *
Ed
 1e-07 1 1 0
1  15 0 0 4.61880215351281
0

0101000
+187 23 -180 23 *
Ed
 1e-07 1 1 0
1  16 0 0 4.61880215351281
0

0101000
+186 24 -179 24 *
Wi

0101100
+185 0 -178 0 -177 12 +176 15 *
Fa
0  1e-07 7 0

0111000
+175 0 *
Ed
 1e-07 1 1 0
1  17 0 0 4.61880215351109
0

0101000
+180 23 -190 23 *
Ed
 1e-07 1 1 0
1  18 0 0 4.61880215351109
0

0101000
+179 24 -189 24 *
Wi

0101100
+178 0 -188 0 -173 12 +172 15 *
Fa
0  1e-07 8 0

0111000
+171 0 *
Wi

0101100
+184 0 +177 0 +173 0 *
Fa
0  1e-07 9 0

0111000
-169 17 *
Wi

0101100
+183 0 +176 0 +172 0 *
Fa
0  1e-07 10 0

0111000
-167 17 *
Sh

0101100
-181 0 -174 0 -170 0 +168 11 -166 18 *
So

0100000
+165 0 *
Ve
1e-07
18 -2.30940107675555 20
0 0

0101101
*
Ve
1e-07
40 -2.30940107675555 20
0 0

0101101
*
Ed
 1e-07 1 1 0
1  19 0 0 22
0

0101000
+163 27 -162 27 *
Ve
1.00000000314408e-07
18 5.42597432896173e-12 16
0 0

0101101
*
Ve
1.00000000314408e-07
40 5.42353183830756e-12 16
0 0

0101101
*
Ed
 1.00000000314408e-07 1 1 0
1  20 0 0 22
0

0101000
+160 27 -159 27 *
Ed
 1e-07 1 1 0
1  21 0 0 4.61880215351824
0

0101000
+163 28 -160 28 *
Ed
 1e-07 1 1 0
1  22 0 0 4.61880215351824
0

0101000
+162 29 -159 29 *
Wi

0101100
+161 0 -158 0 -157 12 +156 15 *
Fa
0  1e-07 11 0

0111000
+155 0 *
Ve
1e-07
18 2.30940107675554 20
0 0

0101101
*
Ve
1e-07
40 2.30940107675554 20
0 0

0101101
*
Ed
 1e-07 1 1 0
1  23 0 0 22
0

0101000
+153 27 -152 27 *
Ed
 1e-07 1 1 0
1  24 0 0 4.61880215351281
0

0101000
+160 28 -153 28 *
Ed
 1e-07 1 1 0
1  25 0 0 4.61880215351281
0

0101000
+159 29 -152 29 *
Wi

0101100
+158 0 -151 0 -150 12 +149 15 *
Fa
0  1e-07 12 0

0111000
+148 0 *
Ed
 1e-07 1 1 0
1  26 0 0 4.61880215351109
0

0101000
+153 28 -163 28 *
Ed
 1e-07 1 1 0
1  27 0 0 4.61880215351109
0

0101000
+152 29 -162 29 *
Wi

0101100
+151 0 -161 0 -146 12 +145 15 *
Fa
0  1e-07 13 0

0111000
+144 0 *
Wi

0101100
+157 0 +150 0 +146 0 *
Fa
0  1e-07 14 0

0111000
-142 17 *
Wi

0101100
+156 0 +149 0 +145 0 *
Fa
0  1e-07 15 0

0111000
-140 17 *
Sh

0101100
-154 0 -147 0 -143 0 +141 11 -139 18 *
So

0100000
+138 0 *
Ve
1e-07
14.3609152232112 11.0949288995045 20
0 0

0101101
*
Ve
1e-07
29.9172644093153 26.6512780856086 20
0 0

0101101
*
Ed
 1e-07 1 1 0
1  28 0 0 22
0

0101000
+136 32 -135 32 *
Ve
1.00000000314408e-07
12.727922061354 12.7279220613617 16
0 0

0101101
*
Ve
1.00000000314408e-07
28.2842712474581 28.2842712474657 16
0 0

0101101
*
Ed
 1.00000000314408e-07 1 1 0
1  29 0 0 22
0

0101000
+133 32 -132 32 *
Ed
 1e-07 1 1 0
1  30 0 0 4.61880215351824
0

0101000
+136 33 -133 33 *
Ed
 1e-07 1 1 0
1  31 0 0 4.61880215351824
0

0101000
+135 34 -132 34 *
Wi

0101100
+134 0 -131 0 -130 12 +129 15 *
Fa
0  1e-07 16 0

0111000
+128 0 *
Ve
1e-07
11.0949288995045 14.3609152232112 20
0 0

0101101
*
Ve
1e-07
26.6512780856086 29.9172644093153 20
0 0

0101101
*
Ed
 1e-07 1 1 0
1  32 0 0 22
0

0101000
+126 32 -125 32 *
Ed
 1e-07 1 1 0
1  33 0 0 4.61880215351281
0

0101000
+133 33 -126 33 *
Ed
 1e-07 1 1 0
1  34 0 0 4.61880215351281
0

0101000
+132 34 -125 34 *
Wi

0101100
+131 0 -124 0 -123 12 +122 15 *
Fa
0  1e-07 17 0

0111000
+121 0 *
Ed
 1e-07 1 1 0
1  35 0 0 4.61880215351109
0

0101000
+126 33 -136 33 *
Ed
 1e-07 1 1 0
1  36 0 0 4.61880215351109
0

0101000
+125 34 -135 34 *
Wi

0101100
+124 0 -134 0 -119 12 +118 15 *
Fa
0  1e-07 18 0

0111000
+117 0 *
Wi

0101100
+130 0 +123 0 +119 0 *
Fa
0  1e-07 19 0

0111000
-115 17 *
Wi

0101100
+129 0 +122 0 +118 0 *
Fa
0  1e-07 20 0

0111000
-113 17 *
Sh

0101100
-127 0 -120 0 -116 0 +114 11 -112 18 *
So

0100000
+111 0 *
Ve
1e-07
2.30940107675556 18 20
0 0

0101101
*
Ve
1e-07
2.30940107675556 40 20
0 0

0101101
*
Ed
 1e-07 1 1 0
1  37 0 0 22
0

0101000
+109 37 -108 37 *
Ve
1.00000000314408e-07
-5.41511022513119e-12 18 16
0 0

0101101
*
Ve
1.00000000314408e-07
-5.41241600217307e-12 40 16
0 0

0101101
*
Ed
 1.00000000314408e-07 1 1 0
1  38 0 0 22
0

0101000
+106 37 -105 37 *
Ed
 1e-07 1 1 0
1  39 0 0 4.61880215351824
0

0101000
+109 38 -106 38 *
Ed
 1e-07 1 1 0
1  40 0 0 4.61880215351824
0

0101000
+108 39 -105 39 *
Wi

0101100
+107 0 -104 0 -103 12 +102 15 *
Fa
0  1e-07 21 0

0111000
+101 0 *
Ve
1e-07
-2.30940107675553 18 20
0 0

0101101
*
Ve
1e-07
-2.30940107675553 40 20
0 0

0101101
*
Ed
 1e-07 1 1 0
1  41 0 0 22
0

0101000
+99 37 -98 37 *
Ed
 1e-07 1 1 0
1  42 0 0 4.61880215351281
0

0101000
+106 38 -99 38 *
Ed
 1e-07 1 1 0
1  43 0 0 4.61880215351281
0

0101000
+105 39 -98 39 *
Wi

0101100
+104 0 -97 0 -96 12 +95 15 *
Fa
0  1e-07 22 0

0111000
+94 0 *
Ed
 1e-07 1 1 0
1  44 0 0 4.61880215351109
0

0101000
+99 38 -109 38 *
Ed
 1e-07 1 1 0
1  45 0 0 4.61880215351109
0

0101000
+98 39 -108 39 *
Wi

0101100
+97 0 -107 0 -92 12 +91 15 *
Fa
0  1e-07 23 0

0111000
+90 0 *
Wi

0101100
+103 0 +96 0 +92 0 *
Fa
0  1e-07 24 0

0111000
-88 17 *
Wi

0101100
+102 0 +95 0 +91 0 *
Fa
0  1e-07 25 0

0111000
-86 17 *
Sh

0101100
-100 0 -93 0 -89 0 +87 11 -85 18 *
So

0100000
+84 0 *
Ve
1e-07
-11.0949288995045 14.3609152232112 20
0 0

0101101
*
Ve
1e-07
-26.6512780856085 29.9172644093153 20
0 0

0101101
*
Ed
 1e-07 1 1 0
1  46 0 0 22
0

0101000
+82 42 -81 42 *
Ve
1.00000000314408e-07
-12.7279220613617 12.727922061354 16
0 0

0101101
*
Ve
1.00000000314408e-07
-28.2842712474657 28.2842712474581 16
0 0

0101101
*
Ed
 1.00000000314408e-07 1 1 0
1  47 0 0 22
0

0101000
+79 42 -78 42 *
Ed
 1e-07 1 1 0
1  48 0 0 4.61880215351824
0

0101000
+82 43 -79 43 *
Ed
 1e-07 1 1 0
1  49 0 0 4.61880215351824
0

0101000
+81 44 -78 44 *
Wi

0101100
+80 0 -77 0 -76 12 +75 15 *
Fa
0  1e-07 26 0

0111000
+74 0 *
Ve
1e-07
-14.3609152232112 11.0949288995045 20
0 0

0101101
*
Ve
1e-07
-29.9172644093153 26.6512780856086 20
0 0

0101101
*
Ed
 1e-07 1 1 0
1  50 0 0 22
0

0101000
+72 42 -71 42 *
Ed
 1e-07 1 1 0
1  51 0 0 4.61880215351281
0

0101000
+79 43 -72 43 *
Ed
 1e-07 1 1 0
1  52 0 0 4.61880215351281
0

0101000
+78 44 -71 44 *
Wi

0101100
+77 0 -70 0 -69 12 +68 15 *
Fa
0  1e-07 27 0

0111000
+67 0 *
Ed
 1e-07 1 1 0
1  53 0 0 4.61880215351109
0

0101000
+72 43 -82 43 *
Ed
 1e-07 1 1 0
1  54 0 0 4.61880215351109
0

0101000
+71 44 -81 44 *
Wi

0101100
+70 0 -80 0 -65 12 +64 15 *
Fa
0  1e-07 28 0

0111000
+63 0 *
Wi

0101100
+76 0 +69 0 +65 0 *
Fa
0  1e-07 29 0

0111000
-61 17 *
Wi

0101100
+75 0 +68 0 +64 0 *
Fa
0  1e-07 30 0

0111000
-59 17 *
Sh

0101100
-73 0 -66 0 -62 0 +60 11 -58 18 *
So

0100000
+57 0 *
Ve
1e-07
-18 2.30940107675556 20
0 0

0101101
*
Ve
1e-07
-40 2.30940107675557 20
0 0

0101101
*
Ed
 1e-07 1 1 0
1  55 0 0 22
0

0101000
+55 47 -54 47 *
Ve
1.00000000314408e-07
-18 -5.41331778648101e-12 16
0 0

0101101
*
Ve
1.00000000314408e-07
-40 -5.40843280517266e-12 16
0 0

0101101
*
Ed
 1.00000000314408e-07 1 1 0
1  56 0 0 22
0

0101000
+52 47 -51 47 *
Ed
 1e-07 1 1 0
1  57 0 0 4.61880215351824
0

0101000
+55 48 -52 48 *
Ed
 1e-07 1 1 0
1  58 0 0 4.61880215351824
0

0101000
+54 49 -51 49 *
Wi

0101100
+53 0 -50 0 -49 12 +48 15 *
Fa
0  1e-07 31 0

0111000
+47 0 *
Ve
1e-07
-18 -2.30940107675553 20
0 0

0101101
*
Ve
1e-07
-40 -2.30940107675552 20
0 0

0101101
*
Ed
 1e-07 1 1 0
1  59 0 0 22
0

0101000
+45 47 -44 47 *
Ed
 1e-07 1 1 0
1  60 0 0 4.61880215351281
0

0101000
+52 48 -45 48 *
Ed
 1e-07 1 1 0
1  61 0 0 4.61880215351281
0

0101000
+51 49 -44 49 *
Wi

0101100
+50 0 -43 0 -42 12 +41 15 *
Fa
0  1e-07 32 0

0111000
+40 0 *
Ed
 1e-07 1 1 0
1  62 0 0 4.61880215351109
0

0101000
+45 48 -55 48 *
Ed
 1e-07 1 1 0
1  63 0 0 4.61880215351109
0

0101000
+44 49 -54 49 *
Wi

0101100
+43 0 -53 0 -38 12 +37 15 *
Fa
0  1e-07 33 0

0111000
+36 0 *
Wi

0101100
+49 0 +42 0 +38 0 *
Fa
0  1e-07 34 0

0111000
-34 17 *
Wi

0101100
+48 0 +41 0 +37 0 *
Fa
0  1e-07 35 0

0111000
-32 17 *
Sh

0101100
-46 0 -39 0 -35 0 +33 11 -31 18 *
So

0100000
+30 0 *
Ve
1e-07
-14.3609152232112 -11.0949288995045 20
0 0

0101101
*
Ve
1e-07
-29.9172644093153 -26.6512780856085 20
0 0

0101101
*
Ed
 1e-07 1 1 0
1  64 0 0 22
0

0101000
+28 52 -27 52 *
Ve
1.00000000314408e-07
-12.727922061354 -12.7279220613617 16
0 0

0101101
*
Ve
1.00000000314408e-07
-28.2842712474581 -28.2842712474657 16
0 0

0101101
*
Ed
 1.00000000314408e-07 1 1 0
1  65 0 0 22
0

0101000
+25 52 -24 52 *
Ed
 1e-07 1 1 0
1  66 0 0 4.61880215351824
0

0101000
+28 53 -25 53 *
Ed
 1e-07 1 1 0
1  67 0 0 4.61880215351824
0

0101000
+27 54 -24 54 *
Wi

0101100
+26 0 -23 0 -22 12 +21 15 *
Fa
0  1e-07 36 0

0111000
+20 0 *
Ve
1e-07
-11.0949288995045 -14.3609152232112 20
0 0

0101101
*
Ve
1e-07
-26.6512780856086 -29.9172644093153 20
0 0

0101101
*
Ed
 1e-07 1 1 0
1  68 0 0 22
0

0101000
+18 52 -17 52 *
Ed
 1e-07 1 1 0
1  69 0 0 4.61880215351281
0

0101000
+25 53 -18 53 *
Ed
 1e-07 1 1 0
1  70 0 0 4.61880215351281
0

0101000
+24 54 -17 54 *
Wi

0101100
+23 0 -16 0 -15 12 +14 15 *
Fa
0  1e-07 37 0

0111000
+13 0 *
Ed
 1e-07 1 1 0
1  71 0 0 4.61880215351109
0

0101000
+18 53 -28 53 *
Ed
 1e-07 1 1 0
1  72 0 0 4.61880215351109
0

0101000
+17 54 -27 54 *
Wi

0101100
+16 0 -26 0 -11 12 +10 15 *
Fa
0  1e-07 38 0

0111000
+9 0 *
Wi

0101100
+22 0 +15 0 +11 0 *
Fa
0  1e-07 39 0

0111000
-7 17 *
Wi

0101100
+21 0 +14 0 +10 0 *
Fa
0  1e-07 40 0

0111000
-5 17 *
Sh

0101100
-19 0 -12 0 -8 0 +6 11 -4 18 *
So

0100000
+3 0 *
Co

1100000
+191 6 +164 21 +137 26 +110 31 +83 36 +56 41 +29 46 +2 51 *

+1 1 ]]>
      </Part>
      <ElementMap new="1" count="1"><Element key="Dummy" value="Dummy"/></ElementMap>
      <ElementMap2 count="160">
<![CDATA[
8 PostfixCount 67
Edge
Face
Vertex
;:G;XTR;:Hab8:7,F;:Hab9,F;:Hab9:8,F;:Haba:12,F;:Ha8c:1d,F
;FAC;:Hab8:4,F;:Hab9,F;:Hab9:8,F;:Haba:12,F;:Ha8c:1d,F
;:G;XTR;:Hab8:7,E;:Hab9,E;:Hab9:8,E;:Haba:12,E;:Ha8c:1d,E
;:G0;XTR;:Hab8:8,F;:Hab9,F;:Hab9:8,F;:Haba:12,F;:Ha8c:1d,F
;:U;XTR;:Hab8:7,E;:Hab9,E;:Hab9:8,E;:Haba:12,E;:Ha8c:1d,E
;:U;XTR;:Hab8:7,V;:Hab9,V;:Hab9:8,V;:Haba:12,V;:Ha8c:1d,V
;SKT;:Hab8,E;:Hab9,E;:Hab9:8,E;:Haba:12,E;:Ha8c:1d,E
;SKT;:Hab8,V;:Hab9,V;:Hab9:8,V;:Haba:12,V;:Ha8c:1d,V
;:G;XTR;:Hab8:7,F;I1;:H-ab9:3,F;:H-ab9:e,F;:Hab9:19,F;:Haba:24,F;:Ha8c:2f,F
;:G;XTR;:Hab8:7,F;I2;:H-ab9:3,F;:H-ab9:e,F;:Hab9:19,F;:Haba:24,F;:Ha8c:2f,F
;:G;XTR;:Hab8:7,F;I3;:H-ab9:3,F;:H-ab9:e,F;:Hab9:19,F;:Haba:24,F;:Ha8c:2f,F
;:G;XTR;:Hab8:7,F;I4;:H-ab9:3,F;:H-ab9:e,F;:Hab9:19,F;:Haba:24,F;:Ha8c:2f,F
;:G;XTR;:Hab8:7,F;I5;:H-ab9:3,F;:H-ab9:e,F;:Hab9:19,F;:Haba:24,F;:Ha8c:2f,F
;:G;XTR;:Hab8:7,F;I6;:H-ab9:3,F;:H-ab9:e,F;:Hab9:19,F;:Haba:24,F;:Ha8c:2f,F
;:G;XTR;:Hab8:7,F;I7;:H-ab9:3,F;:H-ab9:e,F;:Hab9:19,F;:Haba:24,F;:Ha8c:2f,F
;FAC;:Hab8:4,F;I1;:H-ab9:3,F;:H-ab9:e,F;:Hab9:19,F;:Haba:24,F;:Ha8c:2f,F
;FAC;:Hab8:4,F;I2;:H-ab9:3,F;:H-ab9:e,F;:Hab9:19,F;:Haba:24,F;:Ha8c:2f,F
;FAC;:Hab8:4,F;I3;:H-ab9:3,F;:H-ab9:e,F;:Hab9:19,F;:Haba:24,F;:Ha8c:2f,F
;FAC;:Hab8:4,F;I4;:H-ab9:3,F;:H-ab9:e,F;:Hab9:19,F;:Haba:24,F;:Ha8c:2f,F
;FAC;:Hab8:4,F;I5;:H-ab9:3,F;:H-ab9:e,F;:Hab9:19,F;:Haba:24,F;:Ha8c:2f,F
;FAC;:Hab8:4,F;I6;:H-ab9:3,F;:H-ab9:e,F;:Hab9:19,F;:Haba:24,F;:Ha8c:2f,F
;FAC;:Hab8:4,F;I7;:H-ab9:3,F;:H-ab9:e,F;:Hab9:19,F;:Haba:24,F;:Ha8c:2f,F
;:G;XTR;:Hab8:7,E;I1;:H-ab9:3,E;:H-ab9:e,E;:Hab9:19,E;:Haba:24,E;:Ha8c:2f,E
;:G;XTR;:Hab8:7,E;I2;:H-ab9:3,E;:H-ab9:e,E;:Hab9:19,E;:Haba:24,E;:Ha8c:2f,E
;:G;XTR;:Hab8:7,E;I3;:H-ab9:3,E;:H-ab9:e,E;:Hab9:19,E;:Haba:24,E;:Ha8c:2f,E
;:G;XTR;:Hab8:7,E;I4;:H-ab9:3,E;:H-ab9:e,E;:Hab9:19,E;:Haba:24,E;:Ha8c:2f,E
;:G;XTR;:Hab8:7,E;I5;:H-ab9:3,E;:H-ab9:e,E;:Hab9:19,E;:Haba:24,E;:Ha8c:2f,E
;:G;XTR;:Hab8:7,E;I6;:H-ab9:3,E;:H-ab9:e,E;:Hab9:19,E;:Haba:24,E;:Ha8c:2f,E
;:G;XTR;:Hab8:7,E;I7;:H-ab9:3,E;:H-ab9:e,E;:Hab9:19,E;:Haba:24,E;:Ha8c:2f,E
;:G0;XTR;:Hab8:8,F;I1;:H-ab9:3,F;:H-ab9:e,F;:Hab9:19,F;:Haba:24,F;:Ha8c:2f,F
;:G0;XTR;:Hab8:8,F;I2;:H-ab9:3,F;:H-ab9:e,F;:Hab9:19,F;:Haba:24,F;:Ha8c:2f,F
;:G0;XTR;:Hab8:8,F;I3;:H-ab9:3,F;:H-ab9:e,F;:Hab9:19,F;:Haba:24,F;:Ha8c:2f,F
;:G0;XTR;:Hab8:8,F;I4;:H-ab9:3,F;:H-ab9:e,F;:Hab9:19,F;:Haba:24,F;:Ha8c:2f,F
;:G0;XTR;:Hab8:8,F;I5;:H-ab9:3,F;:H-ab9:e,F;:Hab9:19,F;:Haba:24,F;:Ha8c:2f,F
;:G0;XTR;:Hab8:8,F;I6;:H-ab9:3,F;:H-ab9:e,F;:Hab9:19,F;:Haba:24,F;:Ha8c:2f,F
;:G0;XTR;:Hab8:8,F;I7;:H-ab9:3,F;:H-ab9:e,F;:Hab9:19,F;:Haba:24,F;:Ha8c:2f,F
;:U;XTR;:Hab8:7,E;I1;:H-ab9:3,E;:H-ab9:e,E;:Hab9:19,E;:Haba:24,E;:Ha8c:2f,E
;:U;XTR;:Hab8:7,E;I2;:H-ab9:3,E;:H-ab9:e,E;:Hab9:19,E;:Haba:24,E;:Ha8c:2f,E
;:U;XTR;:Hab8:7,E;I3;:H-ab9:3,E;:H-ab9:e,E;:Hab9:19,E;:Haba:24,E;:Ha8c:2f,E
;:U;XTR;:Hab8:7,E;I4;:H-ab9:3,E;:H-ab9:e,E;:Hab9:19,E;:Haba:24,E;:Ha8c:2f,E
;:U;XTR;:Hab8:7,E;I5;:H-ab9:3,E;:H-ab9:e,E;:Hab9:19,E;:Haba:24,E;:Ha8c:2f,E
;:U;XTR;:Hab8:7,E;I6;:H-ab9:3,E;:H-ab9:e,E;:Hab9:19,E;:Haba:24,E;:Ha8c:2f,E
;:U;XTR;:Hab8:7,E;I7;:H-ab9:3,E;:H-ab9:e,E;:Hab9:19,E;:Haba:24,E;:Ha8c:2f,E
;:U;XTR;:Hab8:7,V;I1;:H-ab9:3,V;:H-ab9:e,V;:Hab9:19,V;:Haba:24,V;:Ha8c:2f,V
;:U;XTR;:Hab8:7,V;I2;:H-ab9:3,V;:H-ab9:e,V;:Hab9:19,V;:Haba:24,V;:Ha8c:2f,V
;:U;XTR;:Hab8:7,V;I3;:H-ab9:3,V;:H-ab9:e,V;:Hab9:19,V;:Haba:24,V;:Ha8c:2f,V
;:U;XTR;:Hab8:7,V;I4;:H-ab9:3,V;:H-ab9:e,V;:Hab9:19,V;:Haba:24,V;:Ha8c:2f,V
;:U;XTR;:Hab8:7,V;I5;:H-ab9:3,V;:H-ab9:e,V;:Hab9:19,V;:Haba:24,V;:Ha8c:2f,V
